TRIP
DATE 2023-07-31
DECLINATION 0.0
DATA
0		293.21	82.71	4.095	>
0		278.39	-84.12	4.772	>
0		23.13	4.53	2.523	>
0		7.72	1.04	4.945	>
0		357.96	6.26	6.019	>
0		338.47	3.83	5.412	>
0		313.24	-0.04	3.662	>
0		312.77	-9.06	2.049	>
0		255.27	-15.23	1.535	>
0		250.94	6.89	1.694	>
0		202.57	-3.29	0.937	>
0		315.87	-54.42	0.890	>
0		3.92	55.65	5.647	>
0		4.15	55.68	5.567	>
0		4.39	55.72	5.590	>
0		3.36	57.13	5.737	>
0		3.78	57.03	5.752	>
0		3.83	56.99	5.767	>
0	1	3.66	57.05	5.752	>
1		172.22	82.80	1.029	>
1		161.71	-3.32	0.407	>
1		56.37	23.94	2.160	>
1		34.28	23.65	2.987	>
1		14.74	18.26	4.446	>
1		349.85	26.37	6.154	>
1		333.33	32.92	4.159	>
1		334.20	40.25	2.104	>
1		10.15	22.73	2.317	>
1		4.48	20.98	3.396	>
1		356.51	19.37	2.909	>
1		359.49	69.13	0.348	>
1		359.36	69.27	0.349	>
1		359.34	69.28	0.348	>
1	2	359.07	69.26	14.863	>
2		359.35	69.24	0.348	>
2		359.32	69.18	0.348	>
2		278.40	0.60	2.501	>
2		278.53	0.54	2.505	>
2		278.49	0.58	2.503	>
2		184.76	77.70	0.808	>
2		256.81	-19.65	2.191	>
2		189.53	-19.28	0.245	>
2		254.63	-17.73	2.179	>
2		189.37	-23.42	1.258	>
2		295.14	9.02	0.905	>
2		278.01	-0.03	2.500	>
2		277.94	0.14	2.511	>
2		277.99	0.14	2.489	>
2	3	277.98	0.08	2.500	>
3		89.71	11.94	1.397	>
3		356.68	16.85	1.768	>
3		339.11	13.13	1.947	>
3		272.63	9.12	2.940	>
3		247.14	7.20	2.668	>
3		218.72	3.85	1.661	>
3		136.86	6.95	2.439	>
3		117.94	-1.52	2.597	>
3		345.24	81.84	15.028	>
3		345.06	81.88	15.000	>
3		344.68	81.91	14.977	>
3	4	344.99	81.88	15.002	>
4		164.87	-3.65	3.863	>
4		175.14	-4.36	5.259	>
4		188.82	-6.30	4.924	>
4		201.37	-7.12	5.962	>
4		228.37	-7.69	5.444	>
4		240.10	-8.45	0.382	>
4		281.04	-6.61	1.359	>
4		321.70	-6.99	1.580	>
4		263.72	81.95	11.084	>
4		267.43	83.06	11.246	>
4		267.18	82.95	11.245	>
4		266.78	82.92	11.219	>
4	5	267.13	82.98	11.237	>
5		215.01	79.22	10.863	>
5		214.45	79.13	10.855	>
5		214.36	79.00	10.920	>
5	6	214.61	79.12	10.879	>
6		235.59	-1.02	2.009	>
6		207.52	-2.15	3.467	>
6		187.93	-4.55	0.372	>
6		163.42	-3.72	3.558	>
6		127.81	-7.01	2.761	>
6		97.23	-2.15	1.810	>
6		68.25	-0.46	1.233	>
6		197.85	73.21	8.346	>
6		198.01	73.07	8.824	>
6		197.62	73.13	8.321	>
6		198.46	72.99	8.715	>
6		198.31	72.84	8.663	>
6		197.38	72.56	8.240	>
6		197.91	73.17	9.338	>
6		198.05	73.15	8.753	>
6		198.25	73.18	9.501	>
6		198.55	73.22	8.773	>
6		198.41	73.21	8.746	>
6		198.00	73.16	8.742	>
6	7	198.32	73.20	8.754	>
7		93.83	8.59	0.481	>
7		161.39	-4.49	2.865	>
7		175.42	-12.28	4.122	>
7		187.28	-15.28	3.853	>
7		212.59	-8.01	1.762	>
7		224.98	10.32	1.370	>
7		283.92	3.92	0.445	>
7		4.21	7.38	0.469	>
7		13.85	20.96	2.207	>
7		43.18	18.47	1.723	>
7		92.98	17.01	0.394	>
7		188.54	77.94	5.563	>
7		188.12	78.09	5.567	>
7		188.89	77.98	5.551	>
7	8	188.52	78.00	5.560	>
8		343.27	-5.23	0.983	>
8		1.60	-10.95	2.919	>
8		9.02	-13.36	2.735	>
8		72.43	10.21	0.261	>
8		203.66	3.71	0.479	>
8		184.12	-2.55	2.618	>
8		179.95	-11.74	4.716	>
8		170.02	-6.60	4.861	>
8		162.36	-9.84	3.119	>
8		186.24	-0.61	2.110	>
8		155.40	-4.23	2.891	>
8		142.06	-3.68	0.639	>
8		171.91	-7.63	5.053	>
8		171.93	-7.55	5.055	>
8		172.03	-7.58	5.052	>
8		353.41	63.45	1.402	>
8		202.93	80.37	3.505	>
8		173.28	72.54	3.843	>
8		172.38	-7.72	1.798	>
8		172.23	-7.70	1.799	>
8		172.32	-7.81	1.797	>
8		172.45	-7.80	5.045	>
8		172.28	-7.67	5.052	>
8		172.29	-7.77	0.841	>
8		172.57	-7.70	5.062	>
8		172.48	-7.71	5.062	>
8		172.28	-7.71	5.052	>
8	9	172.44	-7.71	5.059	>
9		359.15	81.73	6.632	>
9		50.43	-78.14	1.503	>
9		119.28	-9.67	1.467	>
9		79.87	-8.87	1.630	>
9		7.10	-8.13	1.026	>
9		296.34	-0.79	1.161	>
9		57.60	-11.52	0.952	>
9		83.05	71.91	4.748	>
9		83.19	71.82	4.769	>
9		83.37	71.78	4.753	>
9	10	83.20	71.84	4.757	>
10		82.98	71.85	4.618	>
10		264.91	66.00	2.749	>
10		241.14	-81.52	5.806	>
10		202.19	5.27	2.495	>
10		183.61	-2.40	1.876	>
10		151.19	13.65	0.952	>
10		188.39	57.73	3.390	>
10		188.27	57.76	3.372	>
10		188.05	57.77	3.335	>
10		188.39	57.76	3.393	>
10		188.01	57.62	3.337	>
10		188.09	57.79	3.351	>
10		188.17	57.65	3.377	>
10	11	188.09	57.68	3.355	>
11		247.84	67.74	1.389	>
11		330.17	-3.79	1.708	>
11		282.94	-1.91	0.497	>
11		216.16	5.75	1.395	>
11		212.18	3.87	2.148	>
11		202.91	2.70	1.752	>
11		210.45	7.48	2.839	>
11		210.39	7.46	2.846	>
11		210.22	7.51	2.852	>
11	12	210.36	7.48	2.846	>
12		84.42	-7.20	0.553	>
12		312.32	-80.88	1.026	>
12		80.58	-1.25	0.538	>
12		92.63	-4.82	1.197	>
12		110.62	3.37	3.892	>
12		133.98	2.16	3.696	>
12		163.97	2.51	2.871	>
12		184.09	6.86	2.241	>
12		142.26	30.72	3.868	>
12		168.01	35.46	0.269	>
12		155.05	23.47	4.820	>
12		120.23	29.77	5.081	>
12		109.73	30.06	5.496	>
12		116.18	68.74	13.045	>
12		115.97	68.66	13.070	>
12		116.00	68.64	13.025	>
12	13	116.05	68.68	13.047	>
13		268.36	3.24	0.923	>
13		276.16	6.19	2.001	>
13		300.39	1.06	0.864	>
13		67.21	-3.45	0.669	>
13		340.67	15.73	0.459	>
13		286.74	75.56	3.666	>
13		286.72	75.47	3.666	>
13		287.28	75.45	3.662	>
13	14	286.92	75.49	3.665	>
14		285.46	75.64	3.653	>

PLAN
STATIONS
0.000	0.000	0
0.200	3.122	1
0.114	8.385	2
-2.362	8.732	3
-2.910	10.779	4
-4.282	10.710	5
-5.449	9.020	6
-6.244	6.618	7
-6.415	5.474	8
-5.756	0.505	9
-4.284	0.681	10
-4.536	-1.095	11
-5.962	-3.530	12
-1.701	-5.613	13
-2.579	-5.346	14
SHOTS
0.000	0.000	-0.478	0.205
0.000	0.000	-0.483	0.071
0.000	0.000	0.988	2.313
0.000	0.000	0.664	4.899
0.000	0.000	-0.213	5.979
0.000	0.000	-1.981	5.023
0.000	0.000	-2.668	2.509
0.000	0.000	-1.485	1.374
0.000	0.000	-1.432	-0.377
0.000	0.000	-1.590	-0.549
0.000	0.000	-0.359	-0.864
0.000	0.000	-0.361	0.372
0.000	0.000	0.218	3.179
0.000	0.000	0.227	3.130
0.000	0.000	0.241	3.139
0.000	0.000	0.200	3.122
0.200	3.122	0.217	2.994
0.200	3.122	0.327	2.736
0.200	3.122	1.843	4.215
0.200	3.122	1.741	5.383
0.200	3.122	1.274	7.205
0.200	3.122	-0.772	8.549
0.200	3.122	-1.368	6.242
0.200	3.122	-0.499	4.568
0.200	3.122	0.576	5.226
0.200	3.122	0.447	6.283
0.200	3.122	0.032	5.861
0.200	3.122	0.114	8.385
0.114	8.385	0.113	8.508
0.114	8.385	0.113	8.508
0.114	8.385	0.100	8.213
0.114	8.385	-1.895	7.914
0.114	8.385	0.076	8.157
0.114	8.385	-1.887	7.835
0.114	8.385	-0.074	7.246
0.114	8.385	-0.695	8.764
0.114	8.385	-2.362	8.732
-2.362	8.732	-0.995	8.739
-2.362	8.732	-2.460	10.421
-2.362	8.732	-3.038	10.503
-2.362	8.732	-5.261	8.865
-2.362	8.732	-4.801	7.703
-2.362	8.732	-3.398	7.439
-2.362	8.732	-0.706	6.965
-2.362	8.732	-0.068	7.515
-2.362	8.732	-2.910	10.779
-2.910	10.779	-1.904	7.058
-2.910	10.779	-2.467	5.554
-2.910	10.779	-3.661	5.943
-2.910	10.779	-5.066	5.270
-2.910	10.779	-6.943	7.195
-2.910	10.779	-3.238	10.591
-2.910	10.779	-4.235	11.038
-2.910	10.779	-3.882	12.010
-2.910	10.779	-4.453	10.609
-2.910	10.779	-4.282	10.710
-4.282	10.710	-5.449	9.020
-5.449	9.020	-7.106	7.884
-5.449	9.020	-7.049	5.947
-5.449	9.020	-5.500	8.652
-5.449	9.020	-4.435	5.617
-5.449	9.020	-3.284	7.340
-5.449	9.020	-3.654	8.792
-5.449	9.020	-4.303	9.476
-5.449	9.020	-6.188	6.724
-5.449	9.020	-6.243	6.576
-5.449	9.020	-6.180	6.717
-5.449	9.020	-6.256	6.601
-5.449	9.020	-6.252	6.593
-5.449	9.020	-6.186	6.663
-5.449	9.020	-6.280	6.448
-5.449	9.020	-6.235	6.607
-5.449	9.020	-6.310	6.409
-5.449	9.020	-6.244	6.618
-6.244	6.618	-5.769	6.586
-6.244	6.618	-5.332	3.911
-6.244	6.618	-5.923	2.603
-6.244	6.618	-6.715	2.931
-6.244	6.618	-7.184	5.147
-6.244	6.618	-7.197	5.664
-6.244	6.618	-6.675	6.724
-6.244	6.618	-6.210	7.082
-6.244	6.618	-5.750	8.619
-6.244	6.618	-5.126	7.809
-6.244	6.618	-5.868	6.598
-6.244	6.618	-6.415	5.474
-6.415	5.474	-6.697	6.412
-6.415	5.474	-6.335	8.339
-6.415	5.474	-5.998	8.103
-6.415	5.474	-6.170	5.552
-6.415	5.474	-6.607	5.037
-6.415	5.474	-6.603	2.866
-6.415	5.474	-6.411	0.857
-6.415	5.474	-5.578	0.719
-6.415	5.474	-5.484	2.546
-6.415	5.474	-6.644	3.377
-6.415	5.474	-5.215	2.853
-6.415	5.474	-6.023	4.972
-6.415	5.474	-6.487	6.097
-6.415	5.474	-6.644	4.934
-6.415	5.474	-6.280	4.329
-6.415	5.474	-5.759	0.519
-6.415	5.474	-5.743	0.513
-6.415	5.474	-6.303	4.649
-6.415	5.474	-5.756	0.505
-5.756	0.505	-5.770	1.459
-5.756	0.505	-5.518	0.702
-5.756	0.505	-4.494	-0.202
-5.756	0.505	-4.170	0.788
-5.756	0.505	-5.630	1.513
-5.756	0.505	-6.796	1.020
-5.756	0.505	-4.968	1.005
-5.756	0.505	-4.284	0.681
-4.284	0.681	-2.856	0.856
-4.284	0.681	-5.397	0.581
-4.284	0.681	-5.034	0.267
-4.284	0.681	-5.222	-1.620
-4.284	0.681	-4.402	-1.190
-4.284	0.681	-3.838	-0.130
-4.284	0.681	-4.548	-1.110
-4.284	0.681	-4.542	-1.100
-4.284	0.681	-4.533	-1.080
-4.284	0.681	-4.548	-1.110
-4.284	0.681	-4.536	-1.095
-4.536	-1.095	-5.023	-1.294
-4.536	-1.095	-5.384	0.383
-4.536	-1.095	-5.020	-0.984
-4.536	-1.095	-5.355	-2.216
-4.536	-1.095	-5.678	-2.909
-4.536	-1.095	-5.217	-2.707
-4.536	-1.095	-5.962	-3.530
-5.962	-3.530	-5.416	-3.476
-5.962	-3.530	-6.082	-3.420
-5.962	-3.530	-5.431	-3.442
-5.962	-3.530	-4.770	-3.584
-5.962	-3.530	-2.325	-4.898
-5.962	-3.530	-3.304	-6.094
-5.962	-3.530	-5.170	-6.286
-5.962	-3.530	-6.121	-5.749
-5.962	-3.530	-3.926	-6.159
-5.962	-3.530	-5.916	-3.744
-5.962	-3.530	-4.097	-7.539
-5.962	-3.530	-2.151	-5.750
-5.962	-3.530	-1.484	-5.136
-5.962	-3.530	-1.701	-5.613
-1.701	-5.613	-2.622	-5.639
-1.701	-5.613	-3.679	-5.399
-1.701	-5.613	-2.446	-5.176
-1.701	-5.613	-1.085	-5.354
-1.701	-5.613	-1.847	-5.196
-1.701	-5.613	-2.579	-5.346
-2.579	-5.346	-3.453	-5.104
POLYLINE BLACK
4.794	-11.581
4.836	-11.602
4.877	-11.626
4.920	-11.645
5.022	-11.690
5.164	-11.560
5.223	-11.523
POLYLINE BLACK
2.211	4.277
2.146	4.335
POLYLINE BLACK
2.028	4.023
1.955	4.088
1.881	4.153
1.808	4.220
1.568	4.442
1.332	4.670
1.089	4.890
1.036	4.938
0.930	4.978
0.856	4.972
0.765	4.965
0.657	4.855
0.627	4.775
0.314	3.942
0.528	4.485
0.345	3.767
0.311	3.635
0.261	3.508
0.223	3.376
0.205	3.312
0.214	3.237
0.248	3.180
0.259	3.161
0.285	3.126
0.305	3.113
0.452	3.016
0.517	3.005
0.726	2.958
0.824	2.937
0.983	2.945
1.076	2.958
1.128	2.965
1.242	2.993
1.291	3.027
1.581	3.229
1.598	3.301
1.854	3.630
1.893	3.681
1.926	3.735
1.965	3.786
1.982	3.808
2.050	3.861
2.060	3.908
2.066	3.937
2.053	3.987
2.052	4.008
2.051	4.028
2.054	4.047
2.055	4.067
POLYLINE BLACK
1.993	3.999
2.074	4.031
2.141	4.046
2.207	4.099
2.346	4.211
2.421	4.393
2.430	4.570
2.439	4.727
2.453	4.887
2.423	5.041
2.347	5.416
2.115	6.502
1.813	6.992
1.464	7.558
1.112	7.819
0.561	8.231
0.244	8.469
-0.206	8.776
-0.618	8.862
-0.670	8.873
-0.717	8.821
-0.767	8.801
POLYLINE BLACK
1.268	7.071
1.238	6.869
1.217	6.664
1.177	6.464
1.108	6.114
1.023	5.769
0.942	5.422
0.939	5.408
0.917	5.381
0.907	5.372
0.836	5.303
0.713	5.305
0.653	5.385
0.548	5.525
0.438	5.661
0.340	5.806
0.228	5.972
0.237	6.104
0.340	6.270
0.498	6.522
0.863	6.853
1.017	6.991
1.090	7.056
1.314	7.235
1.260	7.153
1.244	7.128
0.844	6.639
0.639	6.510
0.585	6.476
0.250	6.385
0.269	6.213
0.272	6.194
0.273	6.174
0.280	6.157
0.357	5.970
0.433	5.783
0.520	5.602
0.559	5.521
0.768	5.230
0.901	5.327
0.917	5.339
0.937	5.363
0.944	5.382
1.047	5.649
1.030	5.599
1.081	5.799
POLYLINE GREEN
-1.625	2.976
-1.656	2.952
POLYLINE GREEN
-0.506	3.576
-0.615	3.630
-0.804	3.702
-0.910	3.801
-1.123	4.003
-1.223	4.203
-1.421	4.450
-1.506	4.555
-1.606	4.648
-1.695	4.751
-1.755	4.821
-1.802	4.903
-1.867	4.969
-1.935	5.039
-2.011	5.101
-2.093	5.155
-2.186	5.217
-2.287	5.264
-2.387	5.314
-2.409	5.325
-2.432	5.333
-2.455	5.337
-2.729	5.380
-2.687	5.367
-2.961	5.344
POLYLINE GREEN
-2.926	5.407
-2.968	5.358
-3.003	5.302
-3.051	5.259
-3.475	4.882
-3.574	4.866
-4.116	4.543
-4.197	4.496
-4.275	4.444
-4.357	4.399
-4.673	4.225
-4.572	4.317
-4.896	4.093
-4.943	4.061
-4.989	4.026
-5.027	3.983
-5.092	3.907
-5.144	3.821
-5.202	3.739
POLYLINE GREEN
-6.638	1.156
-6.588	0.967
-6.524	0.817
-6.529	0.629
-6.535	0.382
-6.559	0.135
-6.561	-0.112
-6.561	-0.262
-6.528	-0.411
-6.535	-0.561
-6.540	-0.681
-6.582	-0.797
-6.595	-0.916
-6.614	-1.085
-6.638	-1.590
-6.630	-1.780
-6.627	-1.846
-6.600	-1.931
-6.571	-1.993
-6.554	-2.031
-6.532	-2.066
-6.514	-2.103
-6.497	-2.138
-6.476	-2.173
-6.466	-2.210
-6.398	-2.454
-6.330	-2.697
-6.281	-2.945
-6.243	-3.137
-6.238	-3.306
-6.262	-3.494
-6.273	-3.573
-6.291	-3.650
-6.303	-3.729
-6.313	-3.801
-6.320	-3.873
-6.328	-3.944
-6.331	-3.964
-6.330	-3.985
-6.333	-4.005
-6.344	-4.068
-6.357	-4.132
-6.369	-4.195
POLYLINE GREEN
-5.471	-4.432
-5.484	-4.386
-5.503	-4.341
-5.511	-4.294
-5.609	-3.760
-5.699	-3.224
-5.790	-2.688
-5.796	-2.650
-5.783	-2.607
-5.753	-2.582
-5.711	-2.545
-5.613	-2.588
-5.588	-2.594
-5.550	-2.604
-5.483	-2.632
-5.432	-2.634
-5.338	-2.639
-5.242	-2.515
-5.199	-2.464
-5.152	-2.409
-5.074	-2.304
-5.064	-2.223
-5.059	-2.184
-5.057	-2.143
-5.056	-2.103
-5.056	-2.081
-5.057	-2.058
-5.062	-2.035
-5.067	-2.009
-5.073	-1.982
-5.084	-1.957
-5.228	-1.625
-5.374	-1.294
-5.525	-0.965
-5.865	-0.221
-5.722	-0.418
-5.932	-0.141
POLYLINE GREEN
-6.362	0.409
-6.369	0.262
-6.376	0.115
-6.384	-0.032
-6.380	-0.120
-6.369	-0.209
-6.372	-0.297
-6.407	-1.165
-6.452	-0.709
-6.396	-1.457
-6.391	-1.522
-6.322	-1.644
-6.309	-1.679
-6.255	-1.817
-6.202	-1.955
-6.155	-2.095
-6.127	-2.175
-6.135	-2.282
-6.128	-2.359
-6.123	-2.412
-6.115	-2.465
-6.108	-2.518
-6.102	-2.651
-6.101	-2.785
-6.089	-2.918
-6.078	-2.985
-6.067	-3.052
-6.056	-3.118
-6.048	-3.144
-6.033	-3.169
-6.031	-3.196
-5.988	-3.654
-6.026	-3.335
-6.033	-3.593
-6.035	-3.672
-6.033	-3.751
-6.032	-3.829
POLYLINE GREEN
-5.842	-3.783
-5.791	-3.532
-5.850	-3.838
-5.792	-3.388
-5.767	-3.195
-5.738	-3.331
-5.778	-3.038
-5.819	-2.733
-5.876	-2.431
-5.926	-2.127
-5.942	-2.030
-5.960	-1.932
-5.976	-1.835
-6.037	-1.562
-6.111	-1.291
-6.159	-1.015
-6.182	-0.884
-6.189	-0.750
-6.189	-0.618
-6.192	0.485
-6.100	0.014
-6.167	0.350
POLYLINE GREEN
-5.124	-7.856
-5.024	-7.676
-5.047	-7.688
-4.936	-7.565
-4.910	-7.536
-4.875	-7.513
-4.853	-7.480
-4.743	-7.309
-4.640	-7.134
-4.543	-6.956
-4.489	-6.855
-4.445	-6.749
-4.400	-6.643
-4.379	-6.595
-4.373	-6.540
-4.347	-6.494
-4.066	-5.989
-3.928	-5.889
-3.779	-5.447
-3.718	-5.267
-3.727	-5.120
-3.730	-4.924
-3.731	-4.826
-3.839	-4.577
-3.844	-4.563
-3.853	-4.542
-3.866	-4.524
-3.879	-4.506
-3.913	-4.456
-3.950	-4.402
-4.006	-4.375
-4.063	-4.347
-4.165	-4.342
-4.206	-4.331
-4.257	-4.317
-4.305	-4.294
-4.354	-4.274
-4.435	-4.240
-4.513	-4.202
-4.594	-4.169
-4.614	-4.161
-4.651	-4.152
-4.674	-4.154
-4.821	-4.165
-4.891	-4.223
-5.038	-4.288
-5.131	-4.329
-5.225	-4.370
-5.319	-4.408
-5.335	-4.414
-5.381	-4.416
-5.396	-4.420
-5.426	-4.427
-5.449	-4.439
-5.477	-4.452
POLYLINE RED
-5.485	-4.607
-5.447	-4.518
-5.475	-4.576
-5.386	-4.441
POLYLINE RED
-5.090	-7.850
-5.105	-7.867
-5.123	-7.882
-5.137	-7.900
-5.224	-8.014
-5.275	-8.236
-5.307	-8.348
-5.322	-8.400
-5.335	-8.454
-5.348	-8.507
-5.350	-8.514
-5.350	-8.521
-5.350	-8.527
-5.351	-8.541
-5.349	-8.555
-5.349	-8.569
POLYLINE RED
-5.642	-7.956
-5.771	-8.232
-5.622	-7.902
-5.800	-8.371
-5.899	-8.632
-5.793	-8.262
-5.882	-8.601
POLYLINE RED
-5.329	-8.561
-5.322	-8.566
-5.284	-8.599
-5.267	-8.601
-5.166	-8.615
-5.064	-8.625
-4.962	-8.635
-4.940	-8.638
-4.917	-8.637
-4.895	-8.641
-4.722	-8.669
-4.743	-8.665
-4.641	-8.694
POLYLINE RED
-4.607	-8.686
-4.561	-8.690
-4.512	-8.686
-4.467	-8.698
-4.289	-8.745
-4.113	-8.799
-3.940	-8.862
-3.466	-9.034
-2.775	-9.391
-2.397	-9.592
-2.339	-9.622
-2.290	-9.667
-2.239	-9.707
-2.152	-9.775
-2.133	-9.882
-2.118	-9.986
-2.111	-10.031
-2.117	-10.091
-2.129	-10.135
-2.195	-10.372
-2.479	-10.519
-2.633	-10.664
-2.738	-10.764
-2.832	-10.875
-2.931	-10.981
-2.953	-11.005
-2.970	-11.034
-2.996	-11.055
-3.072	-11.117
-3.156	-11.172
-3.236	-11.230
POLYLINE RED
-3.132	-11.270
-3.125	-11.247
POLYLINE RED
-5.158	-11.352
-5.389	-11.183
-5.754	-11.015
-5.913	-10.743
-6.018	-10.564
-6.032	-10.465
-6.076	-10.247
-6.128	-9.984
-6.129	-9.733
-6.110	-9.459
-6.088	-9.137
-5.984	-9.020
-5.869	-8.700
-5.851	-8.649
-5.844	-8.594
-5.832	-8.541
POLYLINE RED
-5.430	-9.304
-5.339	-9.371
-5.246	-9.435
-5.157	-9.504
-5.136	-9.520
-5.076	-9.583
-5.093	-9.619
-5.107	-9.648
-5.180	-9.619
-5.191	-9.615
-5.208	-9.609
-5.225	-9.602
-5.239	-9.592
-5.331	-9.529
-5.412	-9.454
-5.448	-9.346
-5.457	-9.319
-5.450	-9.277
-5.421	-9.264
-5.415	-9.261
-5.409	-9.262
-5.403	-9.261
-5.379	-9.258
-5.355	-9.256
-5.331	-9.254
POLYLINE RED
-5.463	-9.927
-5.412	-9.977
-5.360	-10.026
-5.311	-10.078
-5.279	-10.111
-5.252	-10.160
-5.278	-10.204
-5.287	-10.220
-5.296	-10.234
-5.311	-10.244
-5.335	-10.258
-5.364	-10.252
-5.386	-10.238
-5.473	-10.180
-5.561	-10.123
-5.647	-10.063
-5.652	-10.060
-5.655	-10.055
-5.659	-10.050
-5.705	-9.982
-5.645	-9.811
-5.556	-9.807
-5.543	-9.806
-5.531	-9.809
-5.519	-9.814
-5.509	-9.818
-5.500	-9.823
-5.491	-9.827
-5.441	-9.847
-5.391	-9.867
-5.340	-9.887
POLYLINE RED
-4.498	-9.506
-4.415	-9.664
-4.332	-9.823
-4.249	-9.981
-4.248	-9.987
-4.246	-9.992
-4.245	-9.998
-4.240	-10.052
-4.284	-10.100
-4.315	-10.136
-4.340	-10.164
-4.377	-10.204
-4.420	-10.200
-4.430	-10.198
-4.449	-10.193
-4.456	-10.186
-4.546	-10.108
-4.637	-10.031
-4.724	-9.948
-4.853	-9.824
-4.786	-9.702
-4.665	-9.599
-4.640	-9.578
-4.612	-9.562
-4.586	-9.543
-4.559	-9.523
-4.533	-9.503
-4.506	-9.483
POLYLINE RED
-4.758	-10.357
-4.726	-10.397
-4.696	-10.440
-4.662	-10.477
-4.642	-10.499
-4.618	-10.516
-4.596	-10.535
-4.564	-10.562
-4.558	-10.562
-4.537	-10.595
-4.523	-10.619
-4.497	-10.700
-4.556	-10.676
-4.684	-10.626
-4.736	-10.501
-4.849	-10.435
-4.866	-10.425
-4.885	-10.416
-4.905	-10.409
-4.934	-10.399
-4.966	-10.396
-4.995	-10.384
-5.001	-10.382
-5.005	-10.376
-5.007	-10.370
-5.011	-10.354
-4.997	-10.335
-4.989	-10.325
-4.933	-10.255
-4.839	-10.233
-4.754	-10.254
-4.706	-10.267
-4.662	-10.306
-4.624	-10.330
POLYLINE RED
-5.237	-10.397
-5.208	-10.460
-5.180	-10.525
-5.149	-10.587
-5.138	-10.611
-5.121	-10.631
-5.109	-10.654
-5.089	-10.694
-5.105	-10.761
-5.145	-10.782
-5.189	-10.806
-5.261	-10.755
-5.287	-10.737
-5.351	-10.692
-5.412	-10.643
-5.473	-10.593
-5.523	-10.553
-5.532	-10.423
-5.460	-10.396
-5.404	-10.376
-5.348	-10.354
-5.289	-10.340
-5.250	-10.330
-5.209	-10.330
-5.170	-10.326
POLYLINE RED
-2.130	-9.692
-2.070	-9.716
-2.007	-9.734
-1.950	-9.765
-1.793	-9.850
-1.640	-9.943
-1.489	-10.038
-1.455	-10.060
-1.405	-10.100
-1.380	-10.139
-1.266	-10.319
-1.390	-10.550
-1.546	-10.660
-1.596	-10.695
-1.667	-10.743
-1.733	-10.758
-1.883	-10.792
-2.051	-10.745
-2.193	-10.715
-2.269	-10.698
-2.344	-10.677
-2.420	-10.659
POLYLINE RED
-4.963	-11.412
-4.934	-11.426
-4.904	-11.437
-4.876	-11.452
-4.788	-11.501
-4.675	-11.662
-4.649	-11.702
-4.529	-11.886
-4.434	-12.086
-4.316	-12.271
-4.274	-12.337
-4.155	-12.520
-4.050	-12.570
-3.936	-12.624
-3.830	-12.480
-3.802	-12.388
-3.782	-12.320
-3.751	-12.253
-3.751	-12.182
-3.750	-11.884
-3.782	-11.587
-3.798	-11.290
POLYLINE RED
-3.217	-11.309
-3.354	-11.351
-3.488	-11.407
-3.628	-11.435
-3.845	-11.478
-3.955	-11.483
-4.138	-11.453
-5.167	-11.285
-4.830	-11.434
-5.268	-11.218
POLYLINE RED
-2.919	-10.062
-3.446	-9.797
-3.257	-9.912
-3.508	-9.752
POLYLINE GREEN
-3.605	3.376
-3.627	3.243
-3.621	3.304
-3.621	3.095
-3.620	3.016
-3.485	3.036
-3.446	3.051
-3.409	3.065
-3.394	3.126
-3.379	3.150
-3.317	3.250
-3.368	3.157
-3.338	3.199
-3.314	3.233
-3.359	3.304
-3.370	3.323
-3.400	3.377
-3.422	3.404
-3.485	3.390
-3.603	3.363
-3.586	3.369
-3.643	3.345
POLYLINE GREEN
-3.308	4.023
-3.286	3.941
-3.265	3.858
-3.243	3.776
-3.238	3.761
-3.214	3.760
-3.203	3.763
-3.145	3.776
-3.088	3.790
-3.031	3.805
-3.022	3.807
-3.015	3.821
-3.015	3.830
-3.011	3.881
-3.010	3.932
-3.005	3.983
-3.005	3.987
-2.988	4.047
-2.999	4.071
-3.003	4.079
-3.011	4.087
-3.019	4.090
-3.057	4.105
-3.095	4.119
-3.134	4.131
-3.158	4.139
-3.182	4.144
-3.207	4.149
-3.210	4.150
-3.214	4.150
-3.218	4.149
-3.246	4.146
-3.267	4.116
-3.281	4.098
-3.326	4.040
-3.318	4.052
-3.340	4.000
POLYLINE GREEN
-3.045	3.245
-3.041	3.207
-3.037	3.169
-3.032	3.132
-3.028	3.099
-2.986	3.085
-2.959	3.080
-2.939	3.077
-2.918	3.073
-2.897	3.070
-2.886	3.069
-2.873	3.077
-2.867	3.085
-2.835	3.121
-2.803	3.159
-2.772	3.196
-2.766	3.204
-2.762	3.219
-2.764	3.229
-2.775	3.287
-2.783	3.301
-2.811	3.361
-2.815	3.370
-2.821	3.378
-2.829	3.384
-2.850	3.399
-2.892	3.393
-2.912	3.380
-2.964	3.345
-3.025	3.317
-3.068	3.271
-3.082	3.255
-3.069	3.229
-3.069	3.208
POLYLINE GREEN
-2.802	4.312
-2.794	4.281
-2.788	4.250
-2.778	4.219
-2.777	4.217
-2.773	4.215
-2.770	4.216
-2.766	4.218
-2.764	4.223
-2.762	4.227
-2.757	4.239
-2.752	4.251
-2.749	4.263
-2.745	4.277
-2.746	4.290
-2.738	4.301
-2.721	4.326
-2.688	4.318
-2.678	4.292
-2.667	4.265
-2.658	4.238
-2.649	4.211
-2.635	4.171
-2.690	4.118
-2.729	4.140
-2.761	4.158
-2.770	4.194
-2.779	4.227
POLYLINE GREEN
-2.374	4.059
-2.343	4.082
-2.313	4.105
-2.281	4.127
-2.272	4.133
-2.263	4.126
-2.261	4.117
-2.253	4.088
-2.232	4.028
-2.233	3.986
-2.233	3.974
-2.241	3.960
-2.252	3.953
-2.286	3.932
-2.321	3.912
-2.356	3.893
-2.367	3.887
-2.379	3.896
-2.384	3.904
-2.393	3.918
-2.400	3.940
-2.399	3.957
-2.394	4.043
-2.399	4.055
-2.390	4.030
POLYLINE GREEN
-2.488	3.211
-2.488	3.145
-2.489	3.080
-2.490	3.014
-2.489	3.011
-2.489	3.008
-2.488	3.006
-2.478	2.973
-2.429	2.968
-2.401	2.975
-2.388	2.979
-2.378	2.990
-2.375	3.003
-2.361	3.074
-2.346	3.146
-2.333	3.218
-2.333	3.221
-2.333	3.224
-2.334	3.227
-2.337	3.235
-2.344	3.240
-2.352	3.241
-2.403	3.247
-2.454	3.253
-2.504	3.257
-2.514	3.258
-2.524	3.253
-2.523	3.242
-2.523	3.229
-2.515	3.218
-2.516	3.204
-2.517	3.169
-2.536	3.138
-2.550	3.106
POLYLINE BLACK
2.108	2.861
2.123	2.932
2.147	2.990
2.218	3.017
2.247	3.028
2.279	3.024
2.305	3.008
2.395	2.954
2.381	2.857
2.345	2.770
2.336	2.745
2.327	2.719
2.309	2.698
2.008	2.350
1.912	2.321
1.722	2.000
1.719	1.996
1.731	1.993
1.736	1.992
1.745	1.991
1.753	1.994
1.762	1.997
1.787	2.005
1.812	2.014
1.837	2.024
1.888	2.046
1.937	2.075
1.989	2.093
2.045	2.112
2.102	2.125
2.160	2.135
2.316	2.164
2.454	2.119
2.604	2.088
2.646	2.079
2.689	2.073
2.731	2.065
POLYLINE BLACK
-4.525	1.415
-4.524	1.506
-4.516	1.548
-4.438	1.597
-4.418	1.609
-4.385	1.628
-4.358	1.626
-4.344	1.625
-4.329	1.618
-4.319	1.609
-4.267	1.560
-4.265	1.492
-4.289	1.428
-4.305	1.384
-4.321	1.339
-4.344	1.297
-4.371	1.248
-4.434	1.213
-4.438	1.157
-4.441	1.121
-4.381	1.198
-4.349	1.215
-4.163	1.315
-3.912	1.341
-3.862	1.085
-3.846	1.001
-3.832	0.910
-3.860	0.826
-3.895	0.721
-4.018	0.600
-4.124	0.569
-4.164	0.557
-4.204	0.549
-4.245	0.542
-4.270	0.538
-4.304	0.540
-4.330	0.547
-4.458	0.582
-4.490	0.654
-4.562	0.761
POLYLINE GREEN
-6.052	-3.798
-6.046	-3.914
-6.051	-3.899
-5.984	-4.073
-5.960	-4.134
-5.931	-4.194
-5.896	-4.250
-5.862	-4.304
-5.792	-4.396
-5.731	-4.447
-5.720	-4.456
-5.707	-4.462
-5.695	-4.470
POLYLINE GREEN
-5.624	-4.387
-5.657	-4.343
-5.653	-4.340
-5.685	-4.316
-5.698	-4.305
-5.713	-4.296
-5.726	-4.284
-5.741	-4.272
-5.755	-4.253
-5.763	-4.236
-5.767	-4.228
-5.770	-4.220
-5.773	-4.211
-5.787	-4.156
-5.798	-4.100
-5.814	-4.045
-5.830	-3.990
-5.847	-3.981
-5.852	-3.932
-5.855	-3.887
-5.847	-3.862
-5.843	-3.816
-5.842	-3.807
-5.843	-3.797
-5.843	-3.788
POLYLINE GREEN
-5.469	-4.501
-5.478	-4.493
-5.488	-4.486
-5.497	-4.478
-5.502	-4.474
-5.507	-4.469
-5.512	-4.465
-5.533	-4.451
-5.556	-4.440
-5.577	-4.426
-5.588	-4.419
-5.596	-4.409
-5.607	-4.401
-5.611	-4.398
-5.615	-4.396
-5.619	-4.393
-5.626	-4.389
-5.633	-4.383
-5.640	-4.378
POLYLINE GREEN
-5.719	-4.467
-5.691	-4.483
-5.663	-4.499
-5.636	-4.515
-5.626	-4.519
-5.616	-4.521
-5.608	-4.526
-5.585	-4.539
-5.565	-4.556
-5.543	-4.570
-5.541	-4.572
-5.538	-4.573
-5.536	-4.574
-5.525	-4.576
-5.514	-4.578
-5.503	-4.580
POLYLINE GREEN
-6.258	-3.817
-6.280	-3.856
-6.300	-3.895
-6.323	-3.933
-6.352	-3.980
-6.450	-3.979
-6.486	-3.988
-6.533	-3.999
-6.576	-4.029
-6.602	-4.069
-6.627	-4.109
-6.623	-4.163
-6.585	-4.193
-6.573	-4.202
-6.561	-4.213
-6.547	-4.219
-4.935	-4.845
-6.080	-4.332
-5.561	-4.619
-5.346	-4.738
-5.457	-4.656
-5.340	-4.749
POLYLINE GREEN
-5.368	-4.665
-5.350	-4.674
-5.332	-4.683
-5.315	-4.694
-5.304	-4.701
-5.292	-4.709
-5.285	-4.720
-5.208	-4.828
-5.125	-4.934
-5.062	-5.050
-5.006	-5.152
-4.963	-5.260
-4.929	-5.370
-4.903	-5.455
-4.890	-5.544
-4.881	-5.632
-4.862	-5.827
-4.862	-5.952
-4.895	-6.132
-4.900	-6.158
-4.908	-6.182
-4.917	-6.206
-4.983	-6.366
-5.066	-6.520
-5.122	-6.683
-5.149	-6.760
-5.152	-6.843
-5.167	-6.923
-5.191	-7.049
-5.210	-7.176
-5.238	-7.301
-5.262	-7.404
-5.385	-7.584
-5.418	-7.634
-5.493	-7.750
-5.575	-7.861
-5.653	-7.975
POLYLINE BLUE
-1.020	-10.489
-1.120	-10.492
-1.130	-10.499
-1.211	-10.485
-1.217	-10.484
-1.224	-10.482
-1.229	-10.479
-1.266	-10.459
-1.302	-10.437
-1.339	-10.417
-1.345	-10.414
-1.352	-10.412
-1.359	-10.411
-1.416	-10.400
-1.477	-10.409
-1.533	-10.409
-1.554	-10.409
-1.591	-10.389
-1.601	-10.387
-1.657	-10.375
-1.663	-10.385
-1.716	-10.382
-1.749	-10.380
-1.765	-10.362
-1.801	-10.353
-1.839	-10.344
-1.879	-10.342
-1.917	-10.334
-1.998	-10.317
-1.963	-10.311
-2.044	-10.309
-2.091	-10.308
-2.096	-10.317
-2.144	-10.323
-2.154	-10.324
-2.164	-10.323
-2.174	-10.323
-2.187	-10.323
-2.200	-10.320
-2.213	-10.322
-2.290	-10.334
-2.365	-10.351
-2.436	-10.384
-2.470	-10.400
-2.527	-10.441
-2.533	-10.485
-2.541	-10.537
-2.532	-10.518
-2.530	-10.590
-2.530	-10.607
-2.534	-10.624
-2.534	-10.642
-2.535	-10.645
-2.534	-10.649
-2.533	-10.652
-2.516	-10.696
-2.498	-10.722
-2.462	-10.752
-2.455	-10.758
-2.448	-10.763
-2.440	-10.767
-2.391	-10.791
-2.342	-10.793
-2.287	-10.803
-2.282	-10.804
-2.277	-10.804
-2.272	-10.805
-2.255	-10.809
-2.235	-10.822
-2.221	-10.828
-2.197	-10.839
-2.104	-10.822
-2.103	-10.822
-2.086	-10.821
-2.037	-10.832
-2.030	-10.832
-2.016	-10.834
-2.001	-10.833
-1.987	-10.832
-1.967	-10.828
-1.946	-10.825
-1.926	-10.821
-1.905	-10.815
-1.884	-10.805
-1.862	-10.803
-1.399	-10.753
-1.875	-10.849
-1.351	-10.711
-1.247	-10.683
-1.302	-10.724
-1.163	-10.643
-1.126	-10.621
-1.093	-10.592
-1.059	-10.565
-1.037	-10.547
-1.040	-10.528
-1.049	-10.503
-1.052	-10.495
-1.056	-10.489
-1.060	-10.482
POLYLINE GREEN
-6.640	1.155
-6.641	1.196
-6.645	1.237
-6.642	1.278
-6.639	1.316
-6.621	1.364
-6.612	1.402
-6.610	1.410
-6.610	1.419
-6.608	1.427
-6.602	1.449
-6.596	1.470
-6.590	1.492
POLYLINE GREEN
-6.607	1.431
-6.614	1.539
-6.616	1.647
-6.627	1.755
-6.637	1.843
-6.709	2.067
-6.731	2.119
-6.814	2.317
-6.912	2.508
-6.997	2.705
-7.005	2.721
-7.007	2.739
-7.010	2.757
-7.014	2.782
-7.014	2.808
-7.017	2.833
POLYLINE GREEN
-7.004	2.814
-7.007	2.810
POLYLINE GREEN
-7.015	2.751
-7.015	2.783
-7.019	2.812
-7.008	2.843
-6.959	2.979
-6.805	3.074
-6.701	3.152
-6.658	3.184
-6.615	3.217
-6.568	3.244
-6.455	3.310
-6.339	3.368
-6.224	3.430
-5.997	3.570
-5.770	3.710
-5.541	3.848
-5.519	3.861
-5.494	3.870
-5.472	3.885
-5.402	3.931
-5.328	4.018
-5.280	4.075
-5.264	4.096
-5.250	4.119
-5.238	4.142
-5.134	4.351
-5.058	4.576
-4.931	4.771
-4.765	5.026
-4.549	5.244
-4.364	5.485
-4.343	5.514
-4.328	5.547
-4.313	5.579
-4.248	5.725
-4.233	5.808
-4.190	5.973
-4.169	6.053
-4.157	6.135
-4.129	6.212
-3.984	6.622
-4.002	6.559
-3.788	6.871
POLYLINE GREEN
-3.807	6.821
-3.772	6.856
-3.738	6.893
-3.689	6.908
-3.606	6.934
-3.480	6.908
-3.425	6.836
-3.265	6.629
-3.107	6.421
-2.953	6.209
-2.753	5.933
-2.562	5.649
-2.362	5.371
-2.353	5.359
-2.342	5.348
-2.329	5.341
-2.304	5.327
-2.276	5.319
-2.250	5.308
POLYLINE GREEN
-2.294	5.298
-2.236	5.248
-2.174	5.223
-2.103	5.200
POLYLINE GREEN
-5.174	3.784
-5.137	3.582
-5.099	3.393
-5.014	3.199
-5.006	3.180
-4.735	2.706
-4.678	2.606
POLYLINE GREEN
-6.172	0.433
-6.037	0.775
-6.037	0.721
-5.984	0.980
-5.978	1.009
-5.978	1.040
-5.970	1.069
-5.952	1.132
-5.932	1.195
-5.905	1.254
-5.867	1.336
-5.819	1.412
-5.776	1.492
POLYLINE GREEN
-6.172	0.450
-6.151	0.528
POLYLINE GREEN
-6.579	1.503
-6.506	1.304
-6.456	1.201
-6.417	1.009
-6.402	0.935
-6.396	0.860
-6.382	0.786
-6.374	0.744
-6.357	0.703
-6.351	0.661
-6.332	0.520
-6.340	0.484
-6.350	0.358
POLYLINE GREEN
-4.970	0.056
-4.730	0.173
-4.737	0.164
-4.452	0.335
-4.417	0.357
-4.387	0.389
-4.350	0.408
-4.227	0.470
-4.101	0.528
-3.973	0.578
-3.808	0.643
-3.722	0.649
-3.546	0.654
-3.519	0.655
-3.492	0.653
-3.466	0.647
-3.349	0.622
-3.303	0.604
-3.202	0.548
-3.150	0.520
-3.105	0.477
-3.049	0.457
-2.486	0.261
-2.578	0.275
-2.271	0.245
POLYLINE GREEN
-2.411	0.284
-2.392	0.285
-2.372	0.284
-2.353	0.286
-2.338	0.287
-2.315	0.299
-2.307	0.311
-2.242	0.408
-2.174	0.504
-2.115	0.605
-2.013	0.778
-2.015	1.054
-2.032	1.235
-2.043	1.355
-2.082	1.471
-2.101	1.590
-2.115	1.673
-2.117	1.756
-2.068	1.827
-2.058	1.840
-2.040	1.858
-2.025	1.866
-1.993	1.884
-1.944	1.900
-1.909	1.903
-1.665	1.923
-1.420	1.937
-1.175	1.952
-0.922	1.968
-1.000	1.948
-0.702	2.014
-0.663	2.022
-0.626	2.040
-0.587	2.050
-0.528	2.065
-0.474	2.055
-0.416	2.044
POLYLINE GREEN
-5.020	0.140
-5.228	0.336
-5.177	0.274
-5.425	0.659
-5.479	0.743
-5.528	0.831
-5.566	0.923
-5.625	1.064
-5.665	1.212
-5.714	1.356
POLYLINE GREEN
-4.478	2.538
-4.408	2.494
-4.340	2.445
-4.267	2.404
-4.244	2.391
-4.218	2.381
-4.192	2.375
-3.668	2.250
-3.748	2.272
-3.092	2.315
-2.736	2.339
-2.764	2.351
-2.456	2.445
-2.421	2.456
-2.385	2.463
-2.351	2.476
-2.215	2.528
-1.982	2.712
-1.928	2.746
-1.879	2.776
-1.825	2.797
-1.774	2.823
POLYLINE GREEN
-1.662	2.898
-1.669	2.844
-1.681	2.808
-1.673	2.758
-1.664	2.702
-1.616	2.619
-1.594	2.588
-1.440	2.370
-1.228	2.263
-0.975	2.196
-0.798	2.150
-0.525	2.065
-0.323	2.101
-0.248	2.114
-0.206	2.147
-0.134	2.185
POLYLINE GREEN
-0.186	2.240
-0.168	2.243
-0.150	2.244
-0.132	2.249
-0.008	2.285
0.102	2.392
0.185	2.480
0.226	2.523
0.283	2.624
0.305	2.683
0.320	2.724
0.332	2.765
0.342	2.807
0.350	2.846
0.372	2.943
0.363	3.000
0.358	3.031
0.350	3.062
0.342	3.092
0.340	3.101
0.336	3.109
0.331	3.117
0.289	3.192
0.277	3.207
0.209	3.272
0.166	3.313
0.108	3.359
0.046	3.369
-0.373	3.436
-0.386	3.429
-0.888	3.341
-0.983	3.325
-1.078	3.298
-1.167	3.259
-1.285	3.207
-1.395	3.136
-1.506	3.070
-1.562	3.037
-1.606	2.984
-1.647	2.935
-1.655	2.925
-1.665	2.903
-1.662	2.890
-1.659	2.875
-1.653	2.860
-1.649	2.846
POLYLINE BLACK
-0.600	8.802
-0.636	8.791
-0.666	8.787
-0.696	8.766
-0.720	8.749
-0.750	8.720
-0.765	8.696
-0.843	8.569
-0.930	8.447
-0.992	8.311
-1.098	8.078
-1.188	7.838
-1.265	7.594
-1.335	7.377
-1.354	6.899
-1.352	6.722
-1.350	6.560
-1.344	6.397
-1.312	6.239
-1.256	5.962
-1.132	5.648
-0.998	5.392
-0.846	5.105
-0.670	4.831
-0.528	4.539
-0.398	4.271
-0.365	4.010
-0.353	3.714
-0.350	3.637
-0.367	3.560
-0.375	3.483
-0.376	3.477
-0.373	3.462
-0.379	3.465
-0.387	3.469
-0.386	3.482
-0.389	3.491
-0.394	3.505
-0.398	3.519
-0.402	3.533
POLYLINE RED
-1.630	-0.261
-1.659	-0.242
-1.690	-0.225
-1.716	-0.203
-1.752	-0.173
-1.783	-0.139
-1.814	-0.105
-1.868	-0.047
-1.930	0.005
-1.971	0.073
-2.337	0.680
-2.408	0.833
-2.581	1.480
-2.609	1.583
-2.623	1.690
-2.635	1.797
-2.701	2.394
-2.719	2.704
-2.650	3.327
-2.569	4.059
-2.461	4.239
-2.119	4.949
-2.076	5.038
-2.024	5.123
-1.960	5.197
-1.797	5.387
-1.516	5.719
-1.255	5.891
-1.222	5.912
-1.185	5.928
-1.149	5.944
-1.107	5.962
-1.062	5.977
-1.016	5.969
-0.992	5.965
-0.969	5.955
-0.945	5.954
-0.870	5.952
-0.795	5.959
-0.720	5.962
-0.693	5.963
-0.666	5.968
-0.638	5.967
-0.595	5.964
-0.551	5.958
-0.509	5.950
-0.479	5.944
-0.384	5.905
-0.357	5.896
-0.281	5.870
-0.287	5.886
-0.207	5.830
-0.144	5.785
-0.086	5.733
-0.024	5.688
0.205	5.520
0.235	5.529
0.402	5.350
0.425	5.325
0.447	5.299
0.462	5.268
0.580	5.026
0.750	4.554
0.801	4.340
0.958	3.668
0.971	3.051
0.970	2.355
0.970	2.143
0.922	1.749
0.840	1.537
0.783	1.390
0.692	1.259
0.626	1.115
0.449	0.727
0.628	0.980
0.373	0.588
0.288	0.457
0.186	0.366
0.135	0.222
0.113	0.160
0.100	0.096
0.084	0.032
0.021	-0.232
0.070	-0.112
0.017	-0.233
POLYLINE RED
-1.665	-0.167
-1.683	-0.255
-1.672	-0.303
-1.640	-0.392
-1.630	-0.419
-1.618	-0.445
-1.603	-0.470
-1.600	-0.476
-1.539	-0.577
-1.505	-0.598
-1.384	-0.674
-1.292	-0.731
-1.157	-0.765
-0.920	-0.825
-0.681	-0.879
-0.442	-0.930
-0.415	-0.936
-0.386	-0.934
-0.359	-0.934
-0.233	-0.932
-0.116	-0.844
-0.042	-0.749
-0.007	-0.704
0.028	-0.605
0.040	-0.572
0.057	-0.522
0.065	-0.453
0.050	-0.400
0.026	-0.321
-0.027	-0.270
-0.088	-0.214
-0.170	-0.140
-0.306	-0.101
-0.409	-0.096
-0.755	-0.081
-1.100	-0.086
-1.446	-0.090
-1.507	-0.091
-1.623	-0.107
-1.672	-0.164
-1.684	-0.178
-1.692	-0.195
-1.698	-0.212
-1.720	-0.274
-1.704	-0.308
-1.678	-0.364
POLYLINE RED
-1.601	0.516
-1.597	0.558
-1.598	0.600
-1.590	0.641
-1.576	0.718
-1.554	0.793
-1.535	0.868
-1.518	0.932
-1.440	0.866
-1.421	0.844
-1.411	0.831
-1.320	0.743
-1.332	0.691
-1.350	0.615
-1.370	0.538
-1.391	0.462
-1.393	0.455
-1.402	0.448
-1.409	0.447
-1.458	0.436
-1.571	0.525
-1.604	0.548
POLYLINE RED
-0.926	1.064
-0.912	1.080
-0.803	1.238
-0.771	1.161
-0.767	1.152
-0.640	0.929
-0.653	0.826
-0.668	0.714
-0.785	0.663
-0.868	0.605
-0.878	0.598
-0.893	0.603
-0.901	0.611
-0.941	0.654
-0.976	0.862
-0.986	0.896
-0.991	0.916
-1.002	0.934
-1.009	0.954
-1.024	0.997
-1.009	1.056
-0.978	1.089
-0.970	1.098
-0.960	1.105
-0.950	1.113
POLYLINE RED
-0.215	1.181
-0.196	1.222
-0.178	1.264
-0.158	1.305
-0.131	1.358
-0.062	1.273
-0.053	1.249
-0.029	1.182
-0.010	1.114
0.010	1.046
0.017	1.021
0.000	0.989
-0.016	0.973
-0.067	0.919
-0.119	0.866
-0.172	0.814
-0.181	0.806
-0.196	0.805
-0.207	0.808
-0.244	0.821
-0.270	0.871
-0.283	0.902
-0.333	1.018
-0.357	1.045
-0.291	1.145
-0.257	1.196
-0.269	1.188
-0.226	1.190
POLYLINE RED
-0.760	0.136
-0.743	0.201
-0.741	0.233
-0.710	0.287
-0.692	0.319
-0.672	0.349
-0.652	0.379
-0.648	0.385
-0.639	0.391
-0.632	0.393
-0.601	0.402
-0.564	0.366
-0.547	0.350
-0.515	0.322
-0.482	0.284
-0.491	0.239
-0.495	0.216
-0.511	0.181
-0.522	0.165
-0.553	0.123
-0.606	0.020
-0.679	0.046
-0.708	0.056
-0.727	0.072
-0.746	0.095
-0.811	0.171
-0.801	0.137
-0.811	0.189
POLYLINE RED
-0.152	1.746
-0.139	1.779
-0.090	1.880
-0.037	1.866
-0.008	1.858
0.018	1.811
0.026	1.795
0.049	1.751
0.067	1.705
0.086	1.660
0.091	1.647
0.093	1.625
0.092	1.612
0.087	1.529
-0.004	1.494
-0.064	1.459
-0.070	1.456
-0.083	1.455
-0.089	1.457
-0.117	1.462
-0.142	1.503
-0.152	1.524
-0.177	1.576
-0.231	1.658
-0.205	1.725
-0.204	1.729
-0.201	1.732
-0.198	1.735
-0.180	1.752
-0.161	1.769
-0.143	1.786
POLYLINE RED
-0.045	-1.434
-0.019	-1.394
0.010	-1.355
0.034	-1.314
0.104	-1.194
0.166	-1.070
0.238	-0.951
0.241	-0.947
0.246	-0.956
0.248	-0.960
0.251	-0.968
0.251	-0.977
0.251	-0.985
0.237	-1.634
0.160	-1.417
0.245	-1.644
POLYLINE RED
-0.210	-1.823
0.452	-1.744
0.201	-1.737
0.542	-1.758
POLYLINE RED
0.952	-1.354
0.984	-1.644
0.954	-1.538
1.000	-1.681
POLYLINE RED
0.915	-1.414
0.950	-1.397
0.967	-1.384
1.002	-1.379
1.091	-1.366
1.185	-1.414
1.204	-1.505
1.216	-1.561
1.175	-1.620
1.131	-1.650
1.111	-1.663
1.093	-1.670
1.070	-1.676
1.066	-1.677
1.062	-1.677
1.057	-1.677
1.039	-1.675
1.020	-1.672
1.002	-1.670
POLYLINE RED
1.298	-1.367
1.282	-1.420
1.267	-1.473
1.251	-1.526
1.248	-1.547
1.245	-1.607
1.242	-1.587
1.234	-1.547
1.238	-1.505
1.240	-1.464
1.240	-1.459
1.243	-1.454
1.247	-1.451
1.260	-1.441
1.294	-1.485
1.329	-1.478
1.356	-1.473
1.380	-1.456
1.399	-1.437
1.406	-1.430
1.411	-1.421
1.417	-1.414
1.419	-1.411
1.421	-1.407
1.424	-1.405
1.441	-1.389
1.459	-1.375
1.476	-1.360
POLYLINE RED
1.566	-1.444
1.543	-1.463
1.513	-1.481
1.516	-1.514
1.522	-1.608
1.658	-1.643
1.706	-1.549
1.719	-1.521
1.729	-1.486
1.719	-1.455
1.709	-1.421
1.674	-1.397
1.638	-1.403
1.628	-1.405
1.608	-1.409
1.599	-1.417
1.569	-1.447
1.540	-1.477
1.511	-1.507

ELEVATION
STATIONS
0.000	0.000	0
0.200	4.827	1
0.114	18.727	2
-2.362	18.730	3
-2.910	33.582	4
-4.282	44.734	5
-5.449	55.418	6
-6.244	63.798	7
-6.415	69.237	8
-5.756	68.558	9
-4.284	73.078	10
-4.536	75.913	11
-5.962	76.284	12
-1.701	88.438	13
-2.579	91.986	14
SHOTS
0.000	0.000	-0.478	4.062
0.000	0.000	-0.483	-4.747
0.000	0.000	0.988	0.199
0.000	0.000	0.664	0.090
0.000	0.000	-0.213	0.657
0.000	0.000	-1.981	0.362
0.000	0.000	-2.668	-0.002
0.000	0.000	-1.485	-0.323
0.000	0.000	-1.432	-0.403
0.000	0.000	-1.590	0.203
0.000	0.000	-0.359	-0.054
0.000	0.000	-0.361	-0.724
0.000	0.000	0.218	4.662
0.000	0.000	0.227	4.598
0.000	0.000	0.241	4.619
0.000	0.000	0.200	4.827
0.200	4.827	0.217	5.848
0.200	4.827	0.327	4.803
0.200	4.827	1.843	5.704
0.200	4.827	1.741	6.025
0.200	4.827	1.274	6.220
0.200	4.827	-0.772	7.561
0.200	4.827	-1.368	7.087
0.200	4.827	-0.499	6.186
0.200	4.827	0.576	5.722
0.200	4.827	0.447	6.043
0.200	4.827	0.032	5.792
0.200	4.827	0.114	18.727
0.114	18.727	0.113	19.052
0.114	18.727	0.113	19.052
0.114	18.727	0.100	19.516
0.114	18.727	-1.895	17.990
0.114	18.727	0.076	18.646
0.114	18.727	-1.887	18.063
0.114	18.727	-0.074	18.227
0.114	18.727	-0.695	18.869
0.114	18.727	-2.362	18.730
-2.362	18.730	-0.995	19.019
-2.362	18.730	-2.460	19.243
-2.362	18.730	-3.038	19.173
-2.362	18.730	-5.261	19.196
-2.362	18.730	-4.801	19.065
-2.362	18.730	-3.398	18.842
-2.362	18.730	-0.706	19.025
-2.362	18.730	-0.068	18.661
-2.362	18.730	-2.910	33.582
-2.910	33.582	-1.904	33.335
-2.910	33.582	-2.467	33.182
-2.910	33.582	-3.661	33.041
-2.910	33.582	-5.066	32.842
-2.910	33.582	-6.943	32.853
-2.910	33.582	-3.238	33.525
-2.910	33.582	-4.235	33.425
-2.910	33.582	-3.882	33.389
-2.910	33.582	-4.453	44.556
-2.910	33.582	-4.282	44.734
-4.282	44.734	-5.449	55.418
-5.449	55.418	-7.106	55.382
-5.449	55.418	-7.049	55.288
-5.449	55.418	-5.500	55.388
-5.449	55.418	-4.435	55.187
-5.449	55.418	-3.284	55.081
-5.449	55.418	-3.654	55.350
-5.449	55.418	-4.303	55.408
-5.449	55.418	-6.188	63.408
-5.449	55.418	-6.243	63.859
-5.449	55.418	-6.180	63.380
-5.449	55.418	-6.256	63.751
-5.449	55.418	-6.252	63.695
-5.449	55.418	-6.186	63.279
-5.449	55.418	-6.280	64.356
-5.449	55.418	-6.235	63.795
-5.449	55.418	-6.310	64.512
-5.449	55.418	-6.244	63.798
-6.244	63.798	-5.769	63.869
-6.244	63.798	-5.332	63.573
-6.244	63.798	-5.923	62.921
-6.244	63.798	-6.715	62.782
-6.244	63.798	-7.184	63.552
-6.244	63.798	-7.197	64.043
-6.244	63.798	-6.675	63.828
-6.244	63.798	-6.210	63.858
-6.244	63.798	-5.750	64.587
-6.244	63.798	-5.126	64.343
-6.244	63.798	-5.868	63.913
-6.244	63.798	-6.415	69.237
-6.415	69.237	-6.697	69.147
-6.415	69.237	-6.335	68.682
-6.415	69.237	-5.998	68.605
-6.415	69.237	-6.170	69.283
-6.415	69.237	-6.607	69.268
-6.415	69.237	-6.603	69.120
-6.415	69.237	-6.411	68.277
-6.415	69.237	-5.578	68.678
-6.415	69.237	-5.484	68.703
-6.415	69.237	-6.644	69.214
-6.415	69.237	-5.215	69.023
-6.415	69.237	-6.023	69.196
-6.415	69.237	-6.487	70.491
-6.415	69.237	-6.644	72.692
-6.415	69.237	-6.280	72.903
-6.415	69.237	-5.759	68.552
-6.415	69.237	-5.743	68.562
-6.415	69.237	-6.303	69.123
-6.415	69.237	-5.756	68.558
-5.756	68.558	-5.770	75.121
-5.756	68.558	-5.518	67.087
-5.756	68.558	-4.494	68.312
-5.756	68.558	-4.170	68.307
-5.756	68.558	-5.630	68.413
-5.756	68.558	-6.796	68.542
-5.756	68.558	-4.968	68.368
-5.756	68.558	-4.284	73.078
-4.284	73.078	-2.856	77.466
-4.284	73.078	-5.397	75.589
-4.284	73.078	-5.034	67.335
-4.284	73.078	-5.222	73.307
-4.284	73.078	-4.402	72.999
-4.284	73.078	-3.838	73.302
-4.284	73.078	-4.548	75.944
-4.284	73.078	-4.542	75.930
-4.284	73.078	-4.533	75.899
-4.284	73.078	-4.548	75.948
-4.284	73.078	-4.536	75.913
-4.536	75.913	-5.023	77.199
-4.536	75.913	-5.384	75.800
-4.536	75.913	-5.020	75.897
-4.536	75.913	-5.355	76.053
-4.536	75.913	-5.678	76.058
-4.536	75.913	-5.217	75.996
-4.536	75.913	-5.962	76.284
-5.962	76.284	-5.416	76.214
-5.962	76.284	-6.082	75.271
-5.962	76.284	-5.431	76.272
-5.962	76.284	-4.770	76.183
-5.962	76.284	-2.325	76.512
-5.962	76.284	-3.304	76.423
-5.962	76.284	-5.170	76.409
-5.962	76.284	-6.121	76.551
-5.962	76.284	-3.926	78.259
-5.962	76.284	-5.916	76.440
-5.962	76.284	-4.097	78.203
-5.962	76.284	-2.151	78.807
-5.962	76.284	-1.484	79.037
-5.962	76.284	-1.701	88.438
-1.701	88.438	-2.622	88.490
-1.701	88.438	-3.679	88.654
-1.701	88.438	-2.446	88.454
-1.701	88.438	-1.085	88.397
-1.701	88.438	-1.847	88.562
-1.701	88.438	-2.579	91.986
-2.579	91.986	-3.453	95.524
POLYLINE BLACK
-0.825	3.936
-0.870	3.899
-0.919	3.864
-0.962	3.823
-1.111	3.684
-1.210	3.271
-1.245	3.123
-1.283	2.961
-1.281	2.791
-1.332	2.633
-1.409	2.394
-1.521	2.169
-1.625	1.941
-1.722	1.727
-1.862	1.566
-1.875	1.319
-1.877	1.272
-1.877	1.223
-1.869	1.176
-1.809	0.837
-1.727	0.503
-1.669	0.163
-1.304	-1.986
-2.167	2.248
-1.302	-1.637
-1.291	-1.688
-1.293	-1.742
-1.292	-1.794
-1.286	-2.111
-1.323	-2.431
-1.281	-2.746
-1.219	-3.205
-1.071	-3.649
-0.982	-4.104
-0.790	-5.089
-1.040	-4.168
-0.860	-4.798
POLYLINE BLACK
0.192	4.085
0.285	2.567
0.367	1.993
0.287	0.500
0.271	0.207
0.193	-0.081
0.169	-0.375
0.126	-0.885
0.155	-1.401
0.084	-1.908
-0.009	-2.572
-0.199	-3.219
-0.320	-3.879
-0.337	-3.975
-0.333	-4.074
-0.330	-4.171
-0.315	-4.685
-0.218	-4.501
-0.321	-4.679
POLYLINE RED
0.110	-0.423
0.082	-0.487
0.053	-0.569
-0.015	-0.604
-0.106	-0.652
-0.229	-0.634
-0.325	-0.640
-0.345	-0.641
-0.415	-0.652
-0.414	-0.685
-0.413	-0.729
-0.333	-0.767
-0.298	-0.775
-0.270	-0.783
-0.240	-0.786
-0.212	-0.794
-0.169	-0.808
-0.105	-0.842
-0.072	-0.871
0.275	-1.175
0.016	-0.980
0.189	-1.107
POLYLINE RED
-0.687	-0.721
-0.689	-0.668
-0.693	-0.615
-0.692	-0.562
-0.691	-0.533
-0.675	-0.415
-0.630	-0.409
-0.599	-0.405
-0.559	-0.452
-0.547	-0.464
-0.511	-0.503
-0.482	-0.546
-0.481	-0.600
-0.479	-0.705
-0.564	-0.709
-0.654	-0.734
-0.663	-0.737
-0.676	-0.733
-0.683	-0.726
-0.704	-0.707
-0.702	-0.644
-0.703	-0.628
POLYLINE RED
-0.744	-0.792
-0.740	-0.836
-0.739	-0.881
-0.732	-0.925
-0.728	-0.958
-0.716	-1.008
-0.683	-1.027
-0.648	-1.048
-0.596	-1.034
-0.562	-1.023
-0.513	-1.008
-0.461	-0.982
-0.459	-0.925
-0.458	-0.903
-0.464	-0.880
-0.475	-0.861
-0.493	-0.835
-0.516	-0.815
-0.542	-0.796
-0.604	-0.748
-0.624	-0.765
-0.727	-0.750
POLYLINE RED
-0.433	-0.590
-0.461	-0.606
-0.491	-0.618
-0.513	-0.642
-0.556	-0.688
-0.553	-0.752
-0.513	-0.798
-0.498	-0.817
-0.476	-0.833
-0.452	-0.839
-0.339	-0.868
-0.255	-0.797
-0.190	-0.713
-0.174	-0.694
-0.142	-0.655
-0.145	-0.623
-0.148	-0.584
-0.200	-0.557
-0.226	-0.543
-0.283	-0.513
-0.325	-0.498
-0.387	-0.488
-0.391	-0.487
-0.396	-0.489
-0.400	-0.491
-0.432	-0.504
-0.464	-0.519
-0.495	-0.533

