TRIP
DATE 2024-08-22
DECLINATION 0.0
DATA
0		324.32	-1.86	4.767	>
0		324.31	-1.69	4.790	>
0		324.38	-1.76	4.796	>
0	1	324.33	-1.77	4.784	>
1		150.90	4.51	5.285	>
1		160.57	4.70	5.321	>
1		172.38	3.54	4.377	>
1		193.00	2.53	5.331	>
1		208.88	4.76	5.326	>
1		224.54	7.49	4.350	>
1		255.28	8.93	4.651	>
1		269.39	2.65	4.032	>
1		286.90	1.35	4.240	>
1		302.57	-1.89	2.587	>
1		286.47	2.71	3.775	>
1		182.04	37.64	3.862	>
1		168.48	36.06	4.180	>
1		164.54	38.74	3.936	>
1		181.32	41.90	3.662	>
1		148.23	27.64	3.979	>
1		157.02	29.81	4.452	>
1		160.04	32.45	4.188	>
1		164.75	36.52	4.473	>
1		185.62	38.60	4.359	>
1		190.88	39.09	4.398	>
1		201.67	37.81	4.302	>
1		177.18	42.33	3.638	>
1		162.44	38.34	2.645	>
1		141.74	29.14	3.182	>
1		205.41	-83.83	0.725	>
1		274.35	-0.63	3.754	>
1		274.46	-0.77	3.773	>
1		274.51	-0.76	3.806	>
1	2	274.44	-0.72	3.778	>
2		274.60	-0.58	3.735	>
2		274.51	-0.77	3.792	>
2		274.50	-0.64	3.821	>
2		15.56	8.75	2.681	>
2		40.63	6.76	1.816	>
2		349.55	8.38	3.156	>
2		313.39	6.60	2.046	>
2		133.23	87.57	0.806	>
2		15.18	-36.96	0.551	>
2		292.23	-1.07	5.391	>
2		292.32	-1.09	5.375	>
2		292.20	-1.19	5.396	>
2	3	292.25	-1.12	5.387	>
3		198.72	-3.72	0.967	>
3		98.04	-80.36	0.930	>
3		184.49	39.61	0.300	>
3		261.05	-8.44	1.579	>
3		260.76	-8.43	1.585	>
3		323.84	-80.40	0.517	>
3		20.14	-20.37	0.543	>
3		303.65	-39.26	1.830	>
3		304.33	-38.83	1.825	>
3		304.38	-38.66	1.834	>
3	3.1	261.00	-8.51	1.610	>
3.1		126.27	-68.55	4.086	>
3.1		112.54	-81.60	4.057	>
3.1		124.42	-65.92	3.983	>
3.1		124.54	-68.33	4.035	>
3.1		124.55	-68.05	4.018	>
3.1	4	304.12	-38.92	1.830	>
4		124.84	-67.96	4.016	>
4		126.17	-67.30	4.002	>
4		126.28	-67.77	4.011	>
4	5	125.76	-67.68	4.010	>
5		316.18	10.75	2.708	>
5		316.35	10.34	2.109	>
5		316.22	10.53	2.096	>
5		316.47	10.76	2.094	>
5		83.17	-6.57	2.220	>
5		83.44	-6.64	2.221	>
5		83.37	-6.67	2.222	>
5	6	316.35	10.54	2.100	>
6		83.30	-6.87	2.224	>
6		83.50	-6.79	2.228	>
6		83.49	-6.80	2.250	>
5	5.1	83.33	-6.63	2.221	>
5.1		292.13	-5.23	0.836	>
5.1		230.58	-6.14	0.859	>
5.1		190.74	-4.12	1.018	>
5.1		161.18	-3.79	0.964	>
5.1		138.69	-6.04	1.088	>
5.1		113.40	-11.41	1.262	>
5.1		75.06	-9.96	0.521	>
5.1		172.55	58.22	0.782	>
5.1		207.61	-84.08	8.319	>

PLAN
STATIONS
0.000	0.000	0
-2.788	3.885	1
-6.554	4.177	2
-11.539	6.217	3
-13.112	5.968	3.1
-14.291	6.767	4
-13.055	5.877	5
-14.480	7.370	6
-10.864	6.133	5.1
SHOTS
0.000	0.000	-2.788	3.885
-2.788	3.885	-0.226	-0.719
-2.788	3.885	-1.024	-1.116
-2.788	3.885	-2.209	-0.445
-2.788	3.885	-3.986	-1.304
-2.788	3.885	-5.352	-0.762
-2.788	3.885	-5.813	0.811
-2.788	3.885	-7.232	2.718
-2.788	3.885	-6.816	3.842
-2.788	3.885	-6.844	5.117
-2.788	3.885	-4.967	5.277
-2.788	3.885	-6.404	4.954
-2.788	3.885	-2.897	0.829
-2.788	3.885	-2.113	0.574
-2.788	3.885	-1.970	0.926
-2.788	3.885	-2.851	1.160
-2.788	3.885	-0.932	0.888
-2.788	3.885	-1.280	0.329
-2.788	3.885	-1.582	0.563
-2.788	3.885	-1.843	0.417
-2.788	3.885	-3.122	0.495
-2.788	3.885	-3.433	0.533
-2.788	3.885	-4.043	0.727
-2.788	3.885	-2.656	1.199
-2.788	3.885	-2.162	1.907
-2.788	3.885	-1.067	1.703
-2.788	3.885	-2.822	3.815
-2.788	3.885	-6.554	4.177
-6.554	4.177	-10.277	4.477
-6.554	4.177	-10.334	4.476
-6.554	4.177	-10.363	4.477
-6.554	4.177	-5.843	6.730
-6.554	4.177	-5.380	5.546
-6.554	4.177	-7.120	7.248
-6.554	4.177	-8.031	5.574
-6.554	4.177	-6.529	4.154
-6.554	4.177	-6.439	4.602
-6.554	4.177	-11.539	6.217
-11.539	6.217	-11.849	5.303
-11.539	6.217	-11.385	6.195
-11.539	6.217	-11.558	5.987
-11.539	6.217	-13.082	5.974
-11.539	6.217	-13.087	5.965
-11.539	6.217	-11.590	6.287
-11.539	6.217	-11.364	6.695
-11.539	6.217	-13.112	5.968
-13.112	5.968	-11.908	5.084
-13.112	5.968	-12.564	5.741
-13.112	5.968	-14.291	6.767
-14.291	6.767	-13.055	5.877
-13.055	5.877	-14.897	7.796
-13.055	5.877	-14.480	7.370
-13.055	5.877	-10.864	6.133
-10.864	6.133	-11.635	6.447
-10.864	6.133	-11.523	5.591
-10.864	6.133	-11.053	5.135
-10.864	6.133	-10.553	5.222
-10.864	6.133	-10.149	5.320
-10.864	6.133	-9.728	5.642
-10.864	6.133	-10.368	6.265
-10.864	6.133	-10.810	5.725
-10.864	6.133	-11.261	5.373
POLYLINE BLACK
-2.300	3.813
-2.102	3.552
-2.105	3.580
-1.807	3.415
POLYLINE BLACK
-2.783	3.933
-2.737	3.916
-2.689	3.901
-2.644	3.880
-2.564	3.843
-2.542	3.819
-2.481	3.763
-2.434	3.719
-2.430	3.706
-2.372	3.676
-2.262	3.620
-2.227	3.638
-2.084	3.592
-1.975	3.557
-1.859	3.474
-1.774	3.410
-1.748	3.389
-1.726	3.363
-1.704	3.339
-1.647	3.278
-1.595	3.211
-1.535	3.154
-1.480	3.102
-1.362	3.020
-1.284	2.993
-1.117	2.936
-0.948	2.885
-0.777	2.838
-0.613	2.794
-0.445	2.766
-0.282	2.720
-0.224	2.704
-0.167	2.682
-0.115	2.652
-0.114	2.651
0.242	2.458
0.337	2.340
0.435	2.220
0.506	2.115
0.538	1.966
0.564	1.845
0.605	1.727
0.612	1.604
0.621	1.435
0.596	1.267
0.588	1.099
POLYLINE BLACK
-0.188	-0.767
-0.248	-0.774
-0.283	-0.772
-0.334	-0.795
-0.471	-0.855
-0.571	-1.010
-0.667	-1.112
-0.709	-1.157
-0.813	-1.210
-0.848	-1.230
POLYLINE BLACK
-0.754	-1.247
-0.795	-1.231
-0.835	-1.212
-0.876	-1.200
-0.936	-1.181
-0.973	-1.189
-1.034	-1.173
-1.096	-1.157
-1.153	-1.130
-1.205	-1.092
-1.494	-0.883
-1.777	-0.665
-2.066	-0.455
-2.080	-0.446
-2.096	-0.440
-2.112	-0.435
-2.152	-0.421
-2.208	-0.417
-2.247	-0.413
POLYLINE BLACK
-2.166	-0.435
-2.206	-0.441
-2.246	-0.444
-2.285	-0.453
-2.483	-0.497
-2.885	-0.908
-2.924	-0.944
-3.001	-1.014
-2.979	-1.033
-3.058	-1.078
-3.101	-1.103
-3.147	-1.124
-3.193	-1.144
-3.651	-1.344
-3.604	-1.345
-4.099	-1.331
-4.126	-1.330
-4.152	-1.323
-4.177	-1.316
-4.866	-1.130
-4.670	-1.243
-4.897	-1.110
POLYLINE BLACK
-4.824	-1.094
-4.849	-1.111
-4.874	-1.130
-4.900	-1.146
-4.968	-1.188
-5.094	-1.055
-5.121	-1.037
-5.199	-0.985
-5.272	-0.964
-5.330	-0.899
-5.359	-0.866
-5.382	-0.811
-5.391	-0.775
-5.466	-0.487
-5.526	-0.196
-5.602	0.091
-5.624	0.176
-5.663	0.255
-5.685	0.339
-5.735	0.537
-5.749	0.744
-5.818	0.936
-5.941	1.281
-6.094	1.615
-6.258	1.943
-6.270	1.969
-6.522	2.458
-6.695	2.554
-6.875	2.653
-7.013	2.664
-7.235	2.722
POLYLINE BLACK
-7.244	2.673
-7.241	2.759
-7.248	2.808
-7.222	2.883
-7.203	2.939
-7.171	2.991
-7.158	3.049
-7.151	3.080
-7.162	3.112
-7.165	3.144
POLYLINE BLACK
-4.932	5.218
-4.835	5.242
-4.721	5.286
-4.617	5.257
-4.465	5.213
-4.415	5.163
-4.251	5.102
-4.089	5.041
-3.939	5.051
-3.766	5.015
-3.688	4.999
-3.613	4.973
-3.539	4.945
-3.481	4.923
-3.371	4.853
-3.330	4.807
-2.976	4.416
-2.806	4.250
-2.643	3.756
POLYLINE BLACK
1.404	1.603
1.360	1.606
1.308	1.621
1.266	1.598
1.240	1.584
1.220	1.558
1.208	1.532
1.165	1.435
1.136	1.315
1.209	1.223
1.281	1.133
1.439	1.092
1.536	1.167
1.579	1.200
1.604	1.246
1.622	1.296
1.669	1.425
1.619	1.788
1.421	1.774
1.414	1.774
1.406	1.773
1.401	1.768
1.370	1.739
1.342	1.705
1.312	1.674
POLYLINE BLACK
1.974	2.111
1.915	1.804
1.889	1.773
1.893	1.501
1.894	1.465
1.902	1.430
1.907	1.395
1.908	1.386
1.910	1.377
1.914	1.370
1.940	1.326
1.970	1.283
1.998	1.240
POLYLINE BLACK
1.566	1.515
1.862	1.639
1.723	1.589
1.979	1.671
POLYLINE BLACK
2.159	1.515
2.145	1.480
2.130	1.445
2.119	1.409
2.085	1.301
2.166	1.224
2.263	1.201
2.297	1.194
2.335	1.194
2.367	1.207
2.376	1.211
2.385	1.215
2.393	1.221
2.449	1.267
2.499	1.321
2.557	1.365
2.562	1.369
2.573	1.364
2.576	1.358
2.582	1.348
2.581	1.334
2.582	1.322
2.586	1.269
2.577	1.275
2.592	1.234
2.610	1.185
2.673	1.154
2.719	1.183
2.782	1.221
2.894	1.377
2.845	1.458
2.837	1.473
2.829	1.478
2.815	1.488
2.740	1.544
2.897	1.403
2.680	1.615
POLYLINE BLACK
3.095	1.555
3.058	1.531
3.019	1.510
2.983	1.483
2.954	1.463
2.875	1.362
2.910	1.325
2.945	1.288
3.055	1.349
3.052	1.392
3.049	1.422
3.034	1.450
3.025	1.479
POLYLINE BLACK
3.076	2.297
3.051	2.155
3.061	2.232
3.046	2.066
POLYLINE BLACK
3.174	1.374
3.184	1.367
3.234	1.319
3.267	1.314
3.304	1.307
3.330	1.342
3.349	1.368
3.386	1.418
3.418	1.472
3.458	1.520
3.532	1.608
3.613	1.691
3.690	1.777
POLYLINE BLACK
1.423	0.855
1.400	0.770
1.384	0.697
1.428	0.619
1.479	0.529
1.561	0.603
1.582	0.674
1.584	0.680
1.585	0.687
1.585	0.693
1.585	0.703
1.585	0.713
1.583	0.723
1.582	0.730
1.575	0.747
1.576	0.741
1.600	0.620
1.633	0.501
1.653	0.379
1.660	0.340
1.658	0.299
1.655	0.259
1.648	0.181
1.627	0.255
1.623	0.268
1.611	0.308
1.621	0.352
1.646	0.386
1.719	0.486
1.799	0.582
1.868	0.685
1.898	0.729
1.891	0.841
1.942	0.826
1.992	0.812
1.901	0.730
1.886	0.680
1.876	0.649
1.872	0.616
1.867	0.584
1.854	0.496
1.954	0.484
2.012	0.523
2.049	0.548
2.062	0.593
2.081	0.631
POLYLINE BLACK
1.772	0.900
2.017	0.935
1.904	0.906
2.114	0.978
POLYLINE BLACK
2.315	0.642
2.255	0.587
2.195	0.529
2.201	0.441
2.201	0.433
2.204	0.425
2.209	0.420
2.238	0.392
2.317	0.457
2.335	0.477
2.351	0.494
2.370	0.521
2.376	0.544
2.378	0.550
2.379	0.557
2.375	0.562
2.348	0.602
2.316	0.639
2.287	0.678
POLYLINE BLACK
2.397	1.091
2.367	0.802
POLYLINE BLACK
2.481	0.656
2.482	0.600
2.472	0.496
2.556	0.505
2.587	0.509
2.616	0.521
2.639	0.542
2.660	0.561
2.674	0.603
2.705	0.607
2.735	0.612
2.754	0.571
2.771	0.555
2.803	0.524
2.853	0.543
2.884	0.565
2.947	0.611
3.007	0.663
3.072	0.706
3.078	0.709
3.087	0.706
3.091	0.701
3.102	0.689
3.105	0.631
3.106	0.627
3.110	0.608
3.116	0.589
3.125	0.571
3.143	0.534
3.167	0.500
3.185	0.462
3.226	0.376
3.155	0.261
3.126	0.194
3.125	0.191
3.125	0.201
3.124	0.204
3.143	0.274
3.165	0.342
3.180	0.412
3.190	0.464
3.192	0.516
3.198	0.568
POLYLINE BLACK
1.567	0.650
1.566	0.715
1.574	0.909
1.473	0.933
1.416	0.946
1.310	0.885
1.289	0.833
1.276	0.801
1.267	0.767
1.257	0.735
POLYLINE BLACK
-4.335	0.225
-4.773	-0.420
-4.603	-0.160
-5.359	-1.524
-5.419	-1.632
-5.459	-1.751
-5.514	-1.862
-5.525	-1.885
-5.533	-1.917
-5.557	-1.928
-5.601	-1.948
-5.653	-1.942
-5.701	-1.950
POLYLINE BLACK
-4.824	0.191
-4.732	0.159
-4.662	0.151
-4.584	0.216
-4.520	0.271
-4.460	0.332
-4.395	0.386
-4.390	0.390
-4.382	0.390
-4.375	0.389
-4.347	0.386
-4.332	0.347
-4.327	0.325
-4.311	0.259
-4.295	0.194
-4.286	0.127
-4.266	-0.003
-4.255	-0.135
-4.240	-0.266
POLYLINE BLACK
-6.793	-2.463
-6.796	-2.649
-6.812	-2.835
-6.803	-3.020
-6.799	-3.099
-6.794	-2.863
-6.777	-2.787
-6.756	-2.690
-6.723	-2.596
-6.691	-2.502
-6.673	-2.452
-6.651	-2.393
-6.612	-2.351
-6.555	-2.291
-6.460	-2.343
-6.457	-2.419
-6.455	-2.477
-6.462	-2.532
-6.481	-2.588
-6.487	-2.609
-6.570	-2.775
-6.539	-2.826
-6.508	-2.876
-6.466	-2.919
-6.429	-2.965
POLYLINE BLACK
-6.295	-2.739
-6.239	-2.798
-6.375	-2.969
-6.299	-3.049
-6.281	-3.069
-6.255	-3.076
-6.229	-3.080
-6.164	-3.089
-6.124	-3.023
-6.103	-2.972
-6.095	-2.954
-6.090	-2.934
-6.086	-2.915
-6.083	-2.905
-6.092	-2.878
-6.083	-2.884
-6.074	-2.891
-6.082	-2.908
-6.080	-2.919
-6.079	-2.926
-6.076	-2.932
-6.073	-2.938
-6.070	-2.944
-6.066	-2.950
-6.062	-2.955
-6.041	-2.979
-5.990	-3.004
-5.963	-2.976
-5.944	-2.957
-5.946	-2.928
-5.938	-2.904
-5.921	-2.856
-5.871	-2.844
-5.826	-2.856
-5.757	-2.874
-5.776	-2.969
-5.747	-2.966
-5.738	-2.965
-5.729	-2.959
-5.723	-2.952
-5.678	-2.900
-5.639	-2.845
-5.597	-2.791
-5.588	-2.779
-5.580	-2.765
-5.570	-2.754
-5.554	-2.738
-5.530	-2.737
-5.510	-2.746
-5.451	-2.773
-5.436	-2.837
-5.426	-2.895
-5.422	-2.913
-5.434	-2.952
-5.416	-2.950
-5.395	-2.947
-5.401	-2.911
-5.394	-2.891
-5.384	-2.863
-5.378	-2.833
-5.367	-2.806
-5.348	-2.757
-5.279	-2.654
-5.230	-2.738
-5.215	-2.762
-5.201	-2.788
-5.191	-2.814
-5.180	-2.843
-5.174	-2.872
-5.166	-2.901
-5.163	-2.911
-5.163	-2.922
-5.157	-2.930
-5.124	-2.985
-5.087	-3.037
-5.051	-3.090
POLYLINE BLACK
-4.775	-2.778
-4.817	-2.816
-4.893	-2.864
-4.882	-2.934
-4.863	-3.060
-4.702	-3.062
-4.638	-2.971
-4.590	-2.903
-4.572	-2.816
-4.581	-2.734
-4.597	-2.597
-4.699	-2.540
-4.813	-2.620
-4.839	-2.638
-4.865	-2.665
-4.873	-2.697
-4.882	-2.729
-4.871	-2.762
-4.867	-2.793
POLYLINE BLACK
-4.292	-2.736
-4.322	-2.776
-4.356	-2.813
-4.384	-2.855
-4.412	-2.896
-4.427	-2.948
-4.437	-2.996
-4.461	-3.106
-4.377	-3.130
-4.284	-3.108
-4.228	-3.094
-4.204	-3.037
-4.151	-3.023
-4.076	-3.004
-4.015	-3.071
-3.948	-2.997
-3.880	-2.921
-3.880	-2.819
-3.852	-2.726
-3.828	-2.650
-3.775	-2.592
-3.723	-2.532
-3.677	-2.479
-3.674	-2.492
-3.690	-2.541
-3.719	-2.626
-3.756	-2.708
-3.783	-2.794
-3.792	-2.824
-3.812	-2.906
-3.794	-2.946
-3.768	-3.006
-3.676	-2.981
-3.636	-2.956
-3.552	-2.905
-3.467	-2.828
-3.424	-2.739
-3.401	-2.689
-3.382	-2.637
-3.361	-2.586
POLYLINE BLACK
-3.785	-2.146
-3.630	-2.143
-3.725	-2.137
-3.506	-2.189
POLYLINE BLACK
-3.341	-2.848
-3.314	-2.803
-3.286	-2.760
-3.262	-2.714
-3.252	-2.694
-3.244	-2.672
-3.239	-2.650
-3.236	-2.638
-3.230	-2.607
-3.239	-2.614
-3.250	-2.623
-3.246	-2.642
-3.248	-2.657
-3.253	-2.700
-3.238	-2.746
-3.215	-2.783
-3.165	-2.862
-3.109	-2.937
-3.059	-3.016
-3.038	-3.049
-3.025	-3.106
-3.041	-3.144
-3.043	-3.149
-3.046	-3.156
-3.051	-3.156
-3.093	-3.159
-3.135	-3.153
-3.177	-3.151
POLYLINE BLACK
-2.972	-1.580
-2.991	-1.624
-3.014	-1.667
-3.029	-1.713
-3.041	-1.752
-3.053	-1.792
-3.053	-1.833
-3.053	-2.226
-3.043	-2.619
-3.026	-3.011
-3.023	-3.081
-3.007	-3.150
-2.994	-3.219
-2.988	-3.248
-2.959	-3.272
-2.929	-3.260
-2.922	-3.257
-2.915	-3.252
-2.910	-3.247
-2.882	-3.217
-2.857	-3.185
-2.831	-3.154
POLYLINE BLACK
-2.734	-2.452
-2.734	-2.567
-2.727	-2.682
-2.734	-2.797
-2.741	-2.900
-2.768	-2.940
-2.790	-3.031
-2.819	-3.156
-2.682	-3.212
-2.600	-3.265
POLYLINE BLACK
-2.418	-2.874
-2.459	-3.016
-2.464	-3.002
-2.473	-3.151
-2.479	-3.244
-2.400	-3.338
-2.304	-3.329
-2.230	-3.322
-2.149	-3.265
-2.113	-3.201
-2.083	-3.147
-2.082	-3.082
-2.152	-3.065
-2.171	-3.060
-2.192	-3.061
-2.209	-3.070
-2.279	-3.103
-2.291	-3.160
-2.328	-3.231
POLYLINE RED
-2.860	1.169
-2.939	0.993
-2.943	0.822
-2.957	0.634
POLYLINE RED
-2.939	0.645
-2.886	0.510
-2.864	0.481
-2.711	0.449
-2.652	0.437
-2.592	0.432
-2.532	0.426
-2.201	0.394
-2.307	0.395
-2.053	0.414
POLYLINE RED
-2.074	0.363
-2.055	0.489
-1.894	0.784
-1.959	0.946
-1.978	0.993
-2.032	1.048
-2.082	1.060
-2.216	1.093
-2.351	1.123
-2.486	1.146
-2.519	1.152
-2.553	1.151
-2.586	1.148
-2.746	1.136
-2.767	1.126
-2.910	1.093
POLYLINE RED
-2.128	0.323
-1.732	-1.634
-1.657	-0.962
-1.741	-1.667
POLYLINE RED
-2.120	0.298
-2.227	-0.191
-2.217	-0.077
-2.076	0.158
-2.063	0.180
-2.033	0.224
-2.002	0.197
-1.994	0.190
-1.989	0.182
-1.984	0.173
-1.945	0.103
-1.908	0.032
-1.871	-0.038
POLYLINE RED
-2.166	-1.670
-2.166	-1.833
-2.170	-1.996
-2.167	-2.158
-2.165	-2.227
-2.143	-2.291
-2.081	-2.325
-2.007	-2.366
-1.964	-2.288
-1.952	-2.223
-1.950	-2.210
-1.949	-2.197
-1.949	-2.184
-1.949	-2.167
-1.958	-2.118
-1.951	-2.133
-1.933	-2.173
-1.929	-2.219
-1.914	-2.260
-1.901	-2.296
-1.860	-2.388
-1.841	-2.301
-1.837	-2.282
-1.833	-2.263
-1.836	-2.244
-1.855	-2.089
-1.887	-1.936
-1.907	-1.782
-1.916	-1.711
-1.893	-1.653
-1.877	-1.584
POLYLINE RED
-1.636	-1.978
-1.656	-2.055
-1.675	-2.132
-1.634	-2.205
-1.627	-2.216
-1.622	-2.231
-1.610	-2.237
-1.604	-2.241
-1.594	-2.234
-1.592	-2.228
-1.584	-2.208
-1.580	-2.187
-1.581	-2.166
-1.581	-2.158
-1.586	-2.141
-1.593	-2.145
-1.606	-2.151
-1.608	-2.169
-1.614	-2.182
-1.634	-2.231
-1.607	-2.331
-1.544	-2.313
-1.468	-2.291
-1.427	-2.156
-1.382	-2.105
-1.361	-2.082
-1.333	-2.223
-1.311	-2.234
-1.275	-2.251
-1.268	-2.164
-1.229	-2.176
-1.198	-2.186
-1.190	-2.259
-1.165	-2.284
-1.102	-2.344
-0.972	-2.261
-0.944	-2.198
-0.916	-2.137
-0.904	-2.069
-0.867	-2.014
-0.854	-1.996
-0.865	-2.059
-0.864	-2.081
-0.863	-2.111
-0.863	-2.141
-0.859	-2.171
-0.845	-2.283
-0.804	-2.287
-0.711	-2.356
POLYLINE RED
-1.108	-2.042
-1.076	-2.045
-1.044	-2.050
-1.012	-2.050
-0.900	-2.052
-0.798	-1.946
-0.722	-1.887
POLYLINE RED
-0.979	-1.299
-0.966	-1.979
-1.012	-1.709
-0.919	-2.119
POLYLINE RED
-0.432	-2.075
-0.457	-2.105
-0.483	-2.135
-0.508	-2.165
-0.506	-2.171
-0.507	-2.180
-0.502	-2.184
-0.492	-2.190
-0.479	-2.190
-0.468	-2.191
-0.389	-2.196
-0.368	-2.097
-0.390	-2.039
-0.412	-1.978
-0.488	-1.958
-0.539	-1.933
POLYLINE RED
-0.319	-2.052
-0.369	-2.185
-0.376	-2.264
-0.306	-2.388
-0.291	-2.414
-0.268	-2.436
-0.237	-2.441
-0.177	-2.451
-0.096	-2.404
-0.053	-2.387
POLYLINE RED
-1.289	-2.892
-1.263	-2.980
-1.239	-3.069
-1.209	-3.156
-1.188	-3.218
-1.109	-3.108
-1.067	-3.130
-1.040	-3.144
-1.028	-3.191
-1.013	-3.213
-1.003	-3.226
-0.992	-3.239
-0.980	-3.250
-0.956	-3.272
-0.894	-3.324
-0.858	-3.293
-0.804	-3.245
-0.843	-3.095
-0.844	-3.032
-0.846	-2.951
-0.793	-2.911
-0.740	-2.858
POLYLINE RED
-0.381	-2.938
-0.407	-2.969
-0.435	-2.999
-0.459	-3.032
-0.510	-3.099
-0.520	-3.194
-0.490	-3.272
-0.482	-3.294
-0.465	-3.329
-0.435	-3.324
-0.406	-3.319
-0.379	-3.286
-0.365	-3.264
-0.349	-3.241
-0.339	-3.218
-0.333	-3.191
-0.309	-3.091
-0.398	-3.060
-0.472	-3.016
POLYLINE RED
-0.381	-2.507
-0.332	-2.605
-0.336	-2.893
-0.230	-3.012
-0.198	-3.048
-0.162	-3.080
-0.129	-3.114
POLYLINE RED
-0.448	-2.999
-0.229	-2.893
-0.319	-2.930
-0.185	-2.879
POLYLINE RED
-0.081	-2.894
-0.086	-2.950
-0.100	-3.020
-0.043	-3.055
-0.036	-3.059
-0.029	-3.061
-0.022	-3.065
-0.001	-3.075
0.021	-3.083
0.041	-3.095
0.044	-3.097
0.121	-3.167
0.142	-3.156
0.170	-3.141
0.166	-3.071
0.173	-3.048
0.183	-3.011
0.240	-2.900
0.286	-2.900
0.307	-2.900
0.302	-2.978
0.304	-2.990
0.309	-3.017
0.320	-3.042
0.336	-3.064
0.409	-3.169
0.554	-3.155
0.594	-3.029
0.608	-2.986
0.616	-2.942
0.615	-2.897
0.612	-2.810
0.568	-2.698
0.462	-2.719
0.332	-2.745
0.283	-2.808
0.198	-2.906
POLYLINE RED
0.714	-2.590
0.720	-2.779
0.727	-2.967
0.731	-3.155
0.733	-3.209
0.723	-3.046
0.724	-2.992
0.727	-2.887
0.769	-2.779
0.830	-2.694
0.839	-2.682
0.855	-2.674
0.870	-2.683
0.888	-2.693
0.902	-2.723
0.908	-2.740
0.940	-2.819
0.891	-2.842
0.886	-2.908
0.883	-2.945
0.901	-2.981
0.925	-3.008
0.942	-3.027
0.963	-3.042
0.988	-3.045
1.076	-3.056
1.185	-2.940
1.232	-2.883
1.265	-2.843
1.311	-2.774
1.279	-2.720
1.262	-2.691
1.221	-2.659
1.189	-2.686
1.153	-2.716
1.137	-2.786
1.130	-2.826
1.109	-2.950
1.121	-3.041
1.245	-3.087
1.269	-3.096
1.299	-3.101
1.324	-3.099
1.363	-3.097
1.416	-3.077
1.445	-3.062
1.475	-3.048
1.505	-3.030
1.532	-3.011
1.606	-2.956
1.624	-2.923
1.674	-2.849
POLYLINE RED
-1.252	-3.860
-1.253	-3.916
-1.259	-3.972
-1.256	-4.027
-1.253	-4.068
-1.244	-4.173
-1.202	-4.214
-1.158	-4.258
-1.099	-4.214
-1.047	-4.232
-0.996	-4.250
-0.979	-4.307
-0.938	-4.339
-0.886	-4.378
-0.781	-4.417
-0.731	-4.354
-0.702	-4.317
-0.695	-4.259
-0.710	-4.215
-0.726	-4.171
-0.751	-4.138
-0.746	-4.088
-0.739	-4.022
-0.681	-3.935
-0.656	-3.887
POLYLINE RED
-0.158	-4.159
-0.142	-4.119
-0.128	-4.079
-0.111	-4.040
-0.066	-3.940
0.062	-4.048
0.094	-4.098
0.127	-4.149
0.152	-4.223
0.136	-4.284
0.135	-4.290
0.131	-4.296
0.126	-4.299
0.098	-4.318
0.068	-4.333
0.039	-4.350
POLYLINE RED
0.194	-3.396
0.191	-3.529
0.170	-3.740
0.211	-3.884
0.233	-3.958
0.269	-4.026
0.298	-4.098
POLYLINE RED
0.023	-3.832
0.283	-3.646
POLYLINE RED
0.386	-3.901
0.406	-3.877
0.426	-3.852
0.446	-3.828
0.451	-3.827
0.458	-3.824
0.463	-3.825
0.513	-3.842
0.507	-4.018
0.599	-3.953
0.663	-3.907
0.718	-3.845
0.789	-3.810
0.815	-3.798
0.755	-3.857
0.741	-3.883
0.733	-3.897
0.727	-3.913
0.722	-3.929
0.676	-4.093
0.849	-4.120
0.974	-4.093
0.999	-4.087
1.028	-4.074
1.048	-4.058
1.153	-3.977
1.082	-3.858
0.973	-3.824
0.911	-3.804
0.855	-3.833
0.796	-3.851
POLYLINE RED
1.202	-3.769
1.240	-3.959
1.290	-4.147
1.318	-4.338
1.323	-4.456
1.328	-4.574
1.333	-4.692
1.328	-4.691
1.321	-4.693
1.318	-4.689
1.292	-4.637
1.273	-4.582
1.251	-4.529
POLYLINE RED
1.150	-3.830
1.183	-3.754
1.217	-3.680
1.309	-3.676
1.336	-3.675
1.359	-3.676
1.385	-3.686
1.451	-3.713
1.487	-3.796
1.484	-3.864
1.484	-3.873
1.473	-3.935
1.459	-3.932
1.425	-3.923
1.393	-3.906
1.361	-3.892
POLYLINE RED
1.542	-3.583
1.542	-3.590
1.549	-3.803
1.596	-3.823
1.627	-3.836
1.663	-3.832
1.697	-3.836
POLYLINE RED
1.447	-3.151
1.590	-3.200
POLYLINE RED
1.725	-3.681
1.805	-3.654
1.852	-3.647
1.914	-3.603
1.917	-3.601
1.989	-3.548
1.966	-3.528
1.959	-3.522
1.947	-3.522
1.937	-3.523
1.861	-3.525
1.794	-3.564
1.775	-3.640
1.744	-3.769
1.780	-3.919
1.839	-4.035
1.861	-4.079
1.900	-4.133
1.956	-4.131
2.019	-4.129
2.072	-4.062
2.111	-4.028
POLYLINE GREEN
-2.042	1.864
-2.239	1.873
-2.275	1.882
-2.509	1.846
-2.593	1.833
-2.757	1.766
-2.833	1.740
-2.954	1.700
-3.079	1.672
-3.195	1.623
-3.318	1.571
-3.741	1.398
-3.867	1.220
-3.903	1.170
-3.927	1.116
-3.942	1.056
-3.970	0.943
-3.955	0.743
-3.856	0.661
-3.681	0.516
-3.434	0.469
-3.217	0.414
POLYLINE GREEN
-3.192	0.500
-2.906	0.392
-2.854	0.420
-2.564	0.401
-2.394	0.390
-2.423	0.367
-2.275	0.409
POLYLINE GREEN
-2.199	0.301
-1.835	0.454
-2.177	0.312
-1.875	0.433
-1.802	0.462
-1.734	0.498
-1.654	0.493
-1.637	0.492
-1.621	0.490
-1.604	0.485
-1.522	0.463
-1.440	0.438
-1.358	0.414
POLYLINE GREEN
-1.712	0.535
-1.576	0.413
-1.400	0.228
-1.207	0.357
-1.088	0.437
-1.015	0.739
-1.004	0.777
-0.951	0.946
-0.960	1.164
-0.968	1.333
-0.975	1.463
-0.975	1.654
-1.103	1.737
-1.140	1.761
-1.188	1.783
-1.232	1.792
-1.398	1.825
-1.565	1.857
-1.732	1.882
-1.762	1.886
-1.793	1.884
-1.823	1.879
-1.932	1.862
-2.039	1.831
-2.148	1.814
-2.229	1.801
-2.312	1.798
-2.394	1.790
POLYLINE GREEN
-3.856	1.023
-3.993	0.780
-3.945	0.888
-4.017	0.705
POLYLINE GREEN
-1.000	0.867
-1.163	0.913
POLYLINE GREEN
-1.004	1.234
-1.212	1.231
POLYLINE GREEN
-1.129	1.772
-1.321	1.603
POLYLINE GREEN
-1.618	1.794
-1.649	1.646
POLYLINE GREEN
-2.141	1.823
-2.143	1.683
-2.137	1.756
-2.162	1.604
POLYLINE GREEN
-2.700	1.814
-2.701	1.363
POLYLINE GREEN
-3.187	1.646
-3.237	1.534
-3.238	1.458
-3.222	1.344
POLYLINE GREEN
-3.595	1.338
-3.567	1.194
-3.592	1.276
-3.497	1.099
POLYLINE GREEN
-3.832	0.996
-3.765	0.853
-3.743	0.836
-3.626	0.741
POLYLINE GREEN
-3.397	0.544
-3.323	0.738
POLYLINE GREEN
-3.159	0.497
-3.108	0.620
-3.133	0.551
-3.089	0.705
POLYLINE GREEN
-2.904	0.421
-2.941	0.537
POLYLINE GREEN
-1.683	0.347
-1.764	0.577
-1.749	0.481
-1.764	0.628
POLYLINE GREEN
-1.353	0.339
-1.448	0.474
-1.395	0.392
-1.502	0.593
POLYLINE RED
-1.879	1.771
-1.941	1.016
-1.859	1.141
-2.027	0.736
POLYLINE RED
-2.869	1.010
-2.873	1.110
-2.882	1.127
-2.860	1.218
-2.828	1.349
-2.795	1.479
-2.759	1.608
-2.754	1.624
-2.734	1.646
-2.721	1.655
-2.582	1.763
-2.229	1.765
-2.096	1.772
-2.016	1.777
-1.852	1.806
-1.846	1.679
-1.845	1.647
-1.849	1.614
-1.850	1.582
POLYLINE RED
-2.679	1.539
-2.668	1.601
-2.660	1.663
-2.646	1.724
-2.640	1.752
-2.632	1.780
-2.617	1.803
-2.614	1.809
-2.602	1.809
-2.597	1.804
-2.589	1.794
-2.587	1.779
-2.584	1.767
-2.574	1.731
-2.567	1.694
-2.559	1.658
POLYLINE RED
-2.617	1.733
-2.282	1.857
-2.497	1.791
-1.955	1.881
POLYLINE GREEN
-0.994	0.640
-0.217	0.207
-0.443	0.387
0.146	-0.113
0.539	-0.447
0.444	-0.331
0.595	-0.527
POLYLINE GREEN
-0.792	0.677
-0.780	0.541
-0.769	0.406
-0.758	0.271
-0.754	0.238
-0.733	0.204
-0.744	0.172
-0.750	0.156
-0.771	0.195
-0.780	0.211
-0.835	0.312
-0.884	0.416
-0.932	0.520
-0.937	0.530
-0.939	0.541
-0.939	0.552
-0.943	0.639
-0.755	0.552
-0.704	0.543
-0.636	0.532
-0.568	0.525
-0.500	0.516
POLYLINE GREEN
0.658	-0.798
0.638	-0.838
0.610	-0.879
0.603	-0.925
0.597	-0.962
0.598	-0.993
0.606	-1.029
0.623	-1.101
0.695	-1.187
0.776	-1.152
0.807	-1.139
0.831	-1.119
0.850	-1.091
0.926	-0.976
0.918	-0.752
0.875	-0.626
0.853	-0.560
0.808	-0.498
0.729	-0.520
0.640	-0.546
0.622	-0.606
0.549	-0.686
POLYLINE GREEN
0.995	-0.120
0.971	-0.449
0.930	-0.612
0.973	-0.898
0.979	-0.938
0.993	-0.976
1.005	-1.014
1.010	-1.029
1.014	-1.047
1.025	-1.059
1.042	-1.077
1.066	-1.087
1.086	-1.101
POLYLINE GREEN
0.762	-0.658
1.042	-0.574
0.916	-0.598
1.138	-0.569
POLYLINE GREEN
1.038	-0.633
1.038	-0.683
1.018	-0.855
1.048	-0.942
1.065	-0.991
1.085	-1.042
1.119	-1.082
1.173	-1.146
1.255	-1.069
1.272	-1.012
1.287	-0.959
1.251	-0.913
1.237	-0.864
1.231	-0.842
1.229	-0.819
1.227	-0.796
1.219	-0.721
1.284	-0.618
1.300	-0.576
POLYLINE GREEN
1.457	-0.616
1.441	-0.704
1.422	-0.792
1.410	-0.880
1.405	-0.918
1.394	-1.049
1.461	-1.059
1.476	-1.062
1.496	-1.057
1.510	-1.050
1.613	-1.000
1.664	-0.885
1.611	-0.778
1.570	-0.694
1.460	-0.670
1.387	-0.634
POLYLINE GREEN
1.433	-0.116
1.392	-0.324
1.407	-0.206
1.402	-0.471
POLYLINE GREEN
1.656	-0.793
1.700	-0.857
1.754	-0.921
1.763	-1.001
1.766	-1.020
1.747	-1.061
1.767	-1.060
1.788	-1.059
1.778	-1.020
1.785	-1.000
1.797	-0.962
1.805	-0.922
1.823	-0.887
1.868	-0.798
1.924	-0.714
1.974	-0.628
POLYLINE GREEN
2.331	-0.746
2.309	-0.899
2.271	-1.029
2.406	-1.130
2.434	-1.150
2.477	-1.164
2.511	-1.152
2.566	-1.134
2.577	-1.118
2.572	-1.064
2.571	-1.054
2.561	-1.029
2.571	-1.032
2.590	-1.038
2.595	-1.062
2.608	-1.076
2.640	-1.107
2.743	-1.166
2.775	-1.106
2.784	-1.090
2.784	-1.071
2.784	-1.054
2.783	-1.035
2.760	-0.828
2.787	-0.755
3.044	-0.079
2.789	-0.835
2.970	-0.282
POLYLINE GREEN
0.818	-1.614
0.835	-1.691
0.848	-1.768
0.868	-1.844
0.896	-1.955
0.986	-2.041
1.104	-2.010
1.133	-2.002
1.160	-1.985
1.179	-1.962
1.237	-1.893
1.236	-1.781
1.228	-1.696
1.217	-1.570
1.085	-1.529
0.975	-1.547
0.934	-1.553
0.894	-1.566
0.864	-1.597
0.836	-1.626
0.836	-1.681
0.830	-1.713
POLYLINE GREEN
1.173	-1.149
1.102	-1.391
1.184	-1.638
1.252	-1.870
POLYLINE GREEN
1.361	-1.318
1.368	-1.376
1.379	-1.433
1.383	-1.492
1.397	-1.680
1.367	-1.488
1.375	-1.641
1.377	-1.672
1.382	-1.703
1.387	-1.734
1.389	-1.742
1.389	-1.750
1.394	-1.755
1.439	-1.806
1.488	-1.853
1.535	-1.902
POLYLINE GREEN
1.627	-1.650
1.595	-1.753
1.587	-1.809
1.678	-1.877
1.695	-1.889
1.719	-1.899
1.740	-1.893
1.755	-1.889
1.765	-1.880
1.775	-1.869
1.812	-1.827
1.802	-1.768
1.764	-1.728
1.735	-1.698
1.734	-1.738
1.733	-1.756
1.729	-1.799
1.750	-1.839
1.781	-1.866
1.859	-1.934
1.924	-1.904
2.009	-1.871
POLYLINE GREEN
2.074	-1.718
2.107	-1.898
2.140	-2.077
2.173	-2.257
2.166	-2.244
2.155	-2.233
2.152	-2.219
2.137	-2.164
2.125	-2.108
2.119	-2.052
2.100	-1.865
2.103	-1.777
2.139	-1.597
2.141	-1.588
2.170	-1.443
2.214	-1.431
2.269	-1.415
2.328	-1.626
2.305	-1.637
2.279	-1.648
2.251	-1.651
2.224	-1.658
POLYLINE GREEN
2.315	-1.447
2.345	-1.730
2.277	-1.631
2.477	-1.771
POLYLINE GREEN
2.276	-1.224
2.398	-1.424
POLYLINE GREEN
2.527	-1.749
2.553	-1.713
2.581	-1.678
2.604	-1.640
2.625	-1.605
2.635	-1.565
2.641	-1.525
2.642	-1.521
2.637	-1.533
2.635	-1.537
2.630	-1.563
2.623	-1.588
2.620	-1.614
2.618	-1.629
2.618	-1.643
2.619	-1.658
2.623	-1.712
2.672	-1.795
2.728	-1.736
2.735	-1.729
2.741	-1.721
2.746	-1.713
2.771	-1.664
2.794	-1.613
2.819	-1.563
POLYLINE GREEN
2.701	-1.679
2.707	-1.642
2.715	-1.605
2.719	-1.568
2.727	-1.491
2.629	-1.403
2.562	-1.463
2.521	-1.500
2.502	-1.557
2.502	-1.611
2.502	-1.761
2.544	-1.895
2.717	-1.897
2.780	-1.897
2.813	-1.871
2.871	-1.843
POLYLINE BLACK
-6.818	5.117
-6.730	5.125
-6.649	5.118
-6.568	5.082
-6.540	5.070
-6.514	5.053
-6.486	5.042
-6.426	5.018
-6.364	5.000
-6.303	4.979
POLYLINE BLACK
-6.274	5.095
-6.096	5.120
-5.938	5.187
-5.753	5.182
-5.487	5.175
-5.222	5.142
-4.957	5.127
-4.925	5.126
-4.806	5.152
-4.789	5.177
-4.767	5.210
-4.752	5.247
-4.733	5.282
POLYLINE GREEN
-6.259	5.097
-6.374	5.147
-6.415	5.080
-6.528	5.075
-6.577	5.072
-6.612	5.084
-6.662	5.095
POLYLINE RED
-4.815	5.233
-4.849	5.235
-4.882	5.235
-4.915	5.239
-4.934	5.241
-4.952	5.245
-4.969	5.252
-5.094	5.298
-5.139	5.316
-5.243	5.396
-5.282	5.427
-5.349	5.491
-5.375	5.540
-5.466	5.704
-5.532	5.976
-5.587	6.116
-5.626	6.217
-5.684	6.310
-5.723	6.410
-5.787	6.572
-5.761	6.598
-5.832	6.711
-5.859	6.754
-5.898	6.792
-5.939	6.820
-6.152	6.963
-6.365	7.107
-6.584	7.241
-6.734	7.333
-6.868	7.327
-7.021	7.250
-7.088	7.216
-7.144	7.173
-7.193	7.118
-7.391	6.896
-7.587	6.674
-7.778	6.446
-7.889	6.315
-7.901	6.097
-7.950	5.950
-7.975	5.878
-8.012	5.811
-8.045	5.742
-8.062	5.709
-8.098	5.660
-8.136	5.647
-8.154	5.640
-8.174	5.641
-8.193	5.639
POLYLINE BLACK
-7.230	3.062
-7.211	3.110
-7.197	3.160
-7.174	3.206
-7.142	3.271
-7.105	3.334
-7.066	3.395
-6.887	3.675
-6.722	3.959
-6.518	4.218
POLYLINE BLACK
-6.581	4.069
-6.603	4.057
-6.627	4.046
-6.648	4.033
-6.667	4.021
-6.692	3.992
-6.703	3.975
-6.833	3.759
-6.969	3.547
-7.088	3.324
-7.138	3.233
-7.162	3.136
-7.174	3.035
-7.178	2.995
-7.189	2.955
-7.183	2.916
-7.177	2.869
-7.153	2.825
-7.138	2.780
POLYLINE BLACK
-6.556	4.165
-9.070	4.228
-7.817	4.131
-10.315	4.456
POLYLINE BLACK
-7.979	5.401
-7.924	5.437
-7.863	5.529
-7.785	5.535
-7.773	5.535
-7.755	5.534
-7.744	5.528
-7.677	5.495
-7.610	5.459
-7.543	5.426
-7.509	5.409
-7.474	5.394
-7.440	5.378
-7.261	5.294
-7.393	5.346
-7.043	5.231
-6.931	5.194
-6.819	5.157
-6.706	5.126
-6.663	5.114
-6.619	5.112
-6.576	5.102
-6.523	5.089
-6.508	5.072
-6.462	5.040
POLYLINE BLACK
-8.149	5.673
-8.098	5.632
-8.047	5.595
-8.132	5.569
-8.151	5.564
-8.178	5.562
-8.197	5.565
-8.573	5.639
-8.949	5.710
-9.324	5.791
-9.349	5.796
-9.374	5.808
-9.396	5.822
-9.538	5.910
-9.677	6.002
-9.815	6.096
-9.829	6.106
-9.840	6.121
-9.853	6.134
-9.877	6.157
-9.897	6.183
-9.923	6.203
-9.980	6.249
-10.105	6.342
-10.189	6.364
-10.348	6.407
-10.509	6.438
-10.671	6.470
-10.692	6.474
-10.713	6.475
-10.734	6.472
-10.855	6.453
-10.975	6.426
-11.095	6.404
-11.144	6.394
-11.193	6.390
-11.241	6.376
-11.253	6.372
-11.424	6.288
-11.508	6.283
-11.606	6.278
-11.703	6.348
-11.779	6.389
-11.798	6.400
-11.816	6.412
-11.833	6.426
-11.857	6.447
-11.878	6.470
-11.901	6.492
POLYLINE BLACK
-11.612	6.301
-11.628	6.295
-11.668	6.287
-11.685	6.267
-11.708	6.242
-11.693	6.202
-11.684	6.176
-11.648	6.077
-11.530	5.958
-11.419	5.949
-11.330	5.943
-11.230	5.954
-11.156	6.008
-11.142	6.018
-11.130	6.029
-11.119	6.041
-11.072	6.089
-11.029	6.140
-10.983	6.188
-10.965	6.206
-10.923	6.225
-10.928	6.259
-10.937	6.323
-11.076	6.406
-11.116	6.435
POLYLINE BLACK
-10.990	6.226
-11.067	6.246
-11.032	6.235
-11.095	6.258
POLYLINE BLACK
-11.087	6.092
-11.196	6.124
-11.131	6.108
-11.284	6.130
POLYLINE BLACK
-11.331	5.902
-11.372	5.984
-11.350	5.934
-11.392	6.054
POLYLINE BLACK
-11.608	6.012
-11.560	6.025
POLYLINE BLACK
-11.281	6.357
-11.286	6.301
POLYLINE BLACK
-11.166	6.341
-11.150	6.317
POLYLINE BLACK
-11.497	7.190
-11.472	7.265
-11.442	7.340
-11.421	7.417
-11.413	7.447
-11.410	7.478
-11.409	7.510
-11.409	7.530
-11.436	7.514
-11.439	7.513
-11.472	7.491
-11.502	7.452
-11.494	7.410
-11.480	7.342
-11.429	7.300
-11.392	7.245
-11.351	7.186
-11.365	7.138
-11.370	7.067
POLYLINE BLACK
-11.187	8.173
-11.154	7.899
-11.120	7.624
-11.087	7.350
-11.083	7.335
-11.081	7.319
-11.074	7.306
-11.065	7.286
-11.050	7.270
-11.038	7.252
POLYLINE BLACK
-11.324	7.591
-11.131	7.803
POLYLINE BLACK
-10.906	7.638
-10.884	7.546
-10.882	7.487
-10.843	7.414
-10.841	7.409
-10.824	7.377
-10.810	7.377
-10.796	7.377
-10.788	7.404
-10.787	7.410
-10.782	7.431
-10.776	7.452
-10.775	7.474
-10.771	7.532
-10.778	7.591
-10.771	7.649
-10.770	7.655
-10.760	7.645
-10.754	7.643
-10.739	7.620
-10.723	7.599
-10.710	7.576
-10.692	7.543
-10.679	7.507
-10.661	7.474
-10.639	7.434
-10.596	7.414
-10.560	7.392
POLYLINE BLACK
-10.478	7.636
-10.471	7.614
-10.464	7.592
-10.456	7.570
-10.453	7.566
-10.450	7.561
-10.445	7.560
-10.409	7.547
-10.375	7.626
-10.375	7.653
-10.374	7.695
-10.387	7.725
-10.403	7.766
-10.411	7.785
-10.421	7.802
-10.432	7.820
-10.434	7.823
-10.436	7.828
-10.440	7.829
-10.475	7.845
-10.512	7.858
-10.548	7.872
POLYLINE BLACK
-10.640	8.437
-10.504	8.173
-10.372	7.907
-10.233	7.645
-10.220	7.629
-10.208	7.612
-10.195	7.596
-10.190	7.597
-10.183	7.596
-10.181	7.600
-10.177	7.609
-10.179	7.619
-10.180	7.629
-10.182	7.652
-10.185	7.676
-10.191	7.698
-10.216	7.804
-10.246	7.848
-10.247	7.941
-10.247	7.960
-10.246	7.978
-10.243	7.996
-10.237	8.022
-10.202	8.184
-10.147	8.158
-10.092	8.131
-10.086	8.037
-10.085	7.988
-10.085	7.881
-10.090	7.774
-10.090	7.667
-10.090	7.614
-10.043	7.625
-10.014	7.646
-9.964	7.683
-9.962	7.751
-9.963	7.807
-9.963	7.823
-9.978	7.844
-9.966	7.853
-9.964	7.854
-9.931	7.800
-9.928	7.796
-9.916	7.781
-9.902	7.768
-9.885	7.759
-9.769	7.693
-9.643	7.806
-9.658	7.929
-9.669	8.011
-9.726	8.120
-9.752	8.174
-9.754	8.177
-9.757	8.169
-9.759	8.167
-9.758	8.127
-9.762	8.086
-9.754	8.046
-9.748	8.014
-9.706	7.801
-9.638	7.759
-9.620	7.749
-9.597	7.750
-9.579	7.759
-9.524	7.785
-9.483	7.833
-9.470	7.894
-9.464	7.922
-9.466	7.958
-9.466	7.985
POLYLINE BLACK
-9.841	8.394
-9.839	8.420
-9.840	8.446
-9.835	8.472
-9.817	8.577
-9.685	8.815
-9.677	8.831
POLYLINE BLACK
-9.557	7.949
-9.435	8.022
-9.422	8.053
-9.366	8.193
-9.343	8.251
-9.341	8.375
-9.437	8.342
-9.519	8.314
-9.556	8.146
-9.548	8.073
-9.538	7.988
-9.490	7.893
-9.404	7.865
-9.380	7.858
-9.355	7.856
-9.331	7.863
-9.252	7.888
-9.219	7.988
-9.206	8.058
-9.183	8.184
-9.171	8.312
-9.150	8.439
-9.149	8.448
-9.146	8.458
-9.141	8.465
-9.131	8.480
-9.117	8.466
-9.111	8.457
-9.098	8.436
-9.085	8.415
-9.076	8.393
-9.052	8.330
-9.040	8.264
-9.014	8.202
-9.008	8.188
-9.014	8.232
-9.015	8.247
-9.020	8.318
-9.028	8.389
-9.030	8.460
-9.030	8.478
-9.025	8.551
-9.011	8.582
-8.990	8.624
-8.942	8.548
-8.936	8.540
-8.894	8.475
-8.877	8.393
-8.820	8.338
-8.784	8.304
-8.714	8.301
-8.685	8.345
-8.665	8.375
-8.665	8.437
-8.668	8.463
-8.712	8.797
-8.765	9.129
-8.815	9.462
-8.815	9.465
-8.815	9.455
-8.815	9.451
-8.806	9.369
-8.805	9.285
-8.786	9.204
-8.752	9.061
-8.706	8.921
-8.659	8.782
-8.580	8.551
-8.598	8.717
-8.589	8.569
POLYLINE BLACK
-8.577	9.042
-8.532	9.025
-8.511	9.024
-8.480	8.997
-8.414	8.941
-8.410	8.772
-8.451	8.700
-8.463	8.679
-8.480	8.661
-8.502	8.650
-8.510	8.646
-8.553	8.633
-8.554	8.629
-8.557	8.621
-8.540	8.618
-8.531	8.615
-8.460	8.590
-8.365	8.584
-8.306	8.641
-8.273	8.674
-8.244	8.723
-8.249	8.773
-8.253	8.805
-8.284	8.774
-8.291	8.764
-8.311	8.741
-8.304	8.710
-8.289	8.686
-8.235	8.602
-8.099	8.538
-8.024	8.635
-7.959	8.721
-7.964	8.806
-8.035	8.885
-8.069	8.923
-8.114	8.944
-8.166	8.944
-8.207	8.945
-8.256	8.941
-8.288	8.910
-8.338	8.863
-8.343	8.780
-8.358	8.720
POLYLINE BLACK
-8.157	8.798
-8.107	8.778
-8.056	8.759
-8.006	8.739
-7.988	8.731
-7.971	8.722
-7.953	8.716
-7.884	8.693
-7.803	8.703
-7.746	8.749
-7.689	8.795
-7.674	8.874
-7.653	8.939
POLYLINE BLACK
-10.830	6.970
-10.829	6.968
POLYLINE BLACK
-10.825	6.978
-10.808	7.039
-10.792	7.100
-10.773	7.161
-10.764	7.188
-10.737	7.189
-10.718	7.173
-10.669	7.132
-10.652	7.067
-10.659	7.005
-10.664	6.966
-10.673	6.928
-10.683	6.891
-10.697	6.837
-10.718	6.815
-10.718	6.769
-10.719	6.726
-10.671	6.686
-10.628	6.703
-10.596	6.717
-10.574	6.730
-10.548	6.754
-10.527	6.774
-10.508	6.796
-10.487	6.817
POLYLINE BLACK
-10.352	7.080
-10.367	7.048
-10.384	7.017
-10.397	6.984
-10.406	6.960
-10.423	6.904
-10.412	6.874
-10.392	6.822
-10.298	6.855
-10.272	6.886
-10.255	6.906
-10.243	6.928
-10.235	6.954
-10.220	6.998
-10.198	7.136
-10.286	7.121
-10.312	7.117
-10.316	7.092
-10.309	7.069
-10.272	6.954
-10.202	6.855
-10.080	6.944
-10.054	6.963
-10.031	6.990
-10.014	7.017
-9.975	7.084
-9.899	7.310
-10.015	7.352
-10.030	7.357
-10.061	7.362
-10.075	7.359
-10.079	7.359
-10.084	7.354
-10.083	7.350
-10.081	7.342
-10.074	7.338
-10.068	7.333
-10.058	7.324
-10.046	7.316
-10.035	7.310
-10.020	7.301
-10.004	7.295
-9.988	7.289
-9.942	7.270
-9.883	7.256
-9.851	7.213
-9.825	7.177
-9.836	7.130
-9.848	7.090
-9.853	7.073
-9.860	7.055
-9.869	7.039
-9.872	7.034
-9.876	7.029
-9.882	7.028
-9.891	7.025
-9.900	7.028
-9.909	7.028
POLYLINE BLACK
-9.801	7.484
-9.787	7.421
-9.775	7.359
-9.759	7.297
-9.757	7.289
-9.753	7.281
-9.747	7.274
-9.723	7.249
-9.695	7.355
-9.676	7.301
-9.662	7.264
-9.649	7.226
-9.643	7.187
-9.627	7.092
-9.617	6.996
-9.612	6.899
-9.612	6.898
-9.617	6.754
-9.645	6.746
-9.658	6.742
-9.672	6.768
-9.674	6.773
-9.697	6.814
-9.694	6.864
-9.680	6.908
-9.632	7.058
-9.575	7.205
-9.530	7.356
-9.512	7.418
-9.508	7.483
-9.491	7.545
-9.490	7.550
-9.482	7.549
-9.478	7.547
-9.470	7.543
-9.464	7.535
-9.459	7.528
-9.444	7.506
-9.426	7.484
-9.418	7.459
-9.380	7.332
-9.349	7.203
-9.324	7.074
-9.316	7.031
-9.318	6.987
-9.319	6.943
-9.320	6.905
-9.357	6.953
-9.359	6.955
-9.378	6.987
-9.397	7.019
-9.413	7.053
-9.481	7.197
-9.474	7.426
-9.419	7.575
-9.397	7.635
-9.366	7.691
-9.337	7.748
-9.333	7.757
-9.321	7.769
-9.311	7.772
-9.271	7.785
-9.231	7.698
-9.222	7.672
-9.184	7.552
-9.225	7.346
-9.311	7.253
-9.342	7.219
-9.386	7.201
-9.424	7.176
POLYLINE BLACK
-9.230	7.461
-9.231	7.461
POLYLINE BLACK
-9.234	7.452
-9.225	7.474
-9.217	7.496
-9.208	7.518
-9.204	7.520
-9.199	7.524
-9.195	7.524
-9.179	7.521
-9.148	7.478
-9.148	7.478
-9.099	7.431
-9.033	7.465
-9.008	7.516
-8.984	7.563
-8.972	7.598
-8.966	7.650
-8.961	7.694
-8.958	7.777
-9.021	7.782
-9.042	7.784
-9.063	7.780
-9.082	7.769
-9.119	7.749
-9.148	7.702
-9.170	7.677
POLYLINE BLACK
-9.079	7.764
-9.049	7.654
-9.034	7.474
-8.888	7.452
-8.810	7.441
-8.753	7.530
-8.746	7.598
-8.741	7.638
-8.764	7.674
-8.751	7.714
-8.742	7.741
-8.725	7.777
-8.691	7.771
-8.661	7.766
-8.629	7.717
-8.598	7.735
-8.562	7.756
-8.586	7.830
-8.520	7.820
-8.496	7.817
-8.455	7.796
-8.443	7.789
-8.387	7.758
-8.316	7.679
-8.250	7.748
-8.222	7.777
-8.207	7.825
-8.201	7.862
-8.193	7.902
-8.192	7.944
-8.186	7.984
-8.185	7.992
-8.177	8.003
-8.171	8.008
-8.123	8.044
-8.028	7.953
-7.981	7.996
-7.967	8.010
-7.962	8.034
-7.960	8.053
-7.953	8.143
-8.039	8.246
-8.134	8.234
-8.157	8.231
-8.180	8.223
-8.193	8.203
-8.224	8.156
-8.221	8.080
-8.226	8.033
POLYLINE BLACK
-8.018	8.246
-8.017	8.217
-8.018	8.189
-8.015	8.160
-8.013	8.139
-8.003	8.112
-7.993	8.093
-7.957	8.025
-7.881	8.030
-7.819	8.060
-7.768	8.083
-7.747	8.114
-7.702	8.155
POLYLINE BLACK
-12.790	5.402
-12.595	5.386
-12.553	5.395
-12.367	5.333
-12.269	5.300
-12.143	5.225
-12.026	5.211
-11.955	5.203
-11.896	5.230
-11.828	5.240
-11.748	5.252
-11.651	5.238
-11.579	5.217
-11.430	5.172
-11.284	5.119
-11.140	5.061
-11.105	5.047
-11.074	5.025
-11.042	5.004
-10.938	4.934
-10.838	4.856
-10.731	4.789
-10.586	4.697
-10.433	4.619
-10.287	4.528
-10.266	4.515
-10.247	4.499
-10.232	4.479
-10.217	4.457
-10.210	4.430
-10.199	4.405
POLYLINE BLACK
-14.327	6.752
-14.346	6.758
POLYLINE BLACK
-14.348	6.856
-14.354	6.853
POLYLINE BLACK
-11.763	6.510
-11.795	6.490
-11.825	6.469
-11.858	6.451
-11.889	6.435
-11.920	6.430
-11.954	6.426
-12.118	6.406
-12.074	6.409
-12.202	6.407
POLYLINE BLACK
-13.414	6.057
-13.287	5.994
-13.157	5.937
-13.032	5.869
-13.000	5.851
-12.972	5.825
-12.945	5.799
-12.829	5.687
-12.711	5.577
-12.603	5.457
-12.562	5.412
-12.534	5.357
-12.500	5.306
-12.488	5.288
-12.484	5.263
-12.466	5.250
-12.418	5.214
-12.362	5.192
-12.310	5.163
POLYLINE BLACK
-11.779	6.497
-11.823	6.497
-11.867	6.494
-11.911	6.498
-11.934	6.500
-11.957	6.506
-11.979	6.513
-12.156	6.564
-12.335	6.609
-12.507	6.673
-12.589	6.703
-12.662	6.754
-12.739	6.795
-12.883	6.871
-13.020	6.959
-13.170	7.022
-13.313	7.082
-13.504	7.141
-13.667	7.110
-13.780	7.089
-13.856	6.998
-13.960	6.956
-14.455	6.754
-14.340	6.765
-14.615	6.761
POLYLINE BLACK
-12.603	5.281
-12.654	5.294
-12.704	5.313
-12.756	5.319
-12.912	5.338
-13.070	5.341
-13.227	5.358
-13.247	5.360
-13.266	5.367
-13.284	5.377
-13.426	5.452
-13.534	5.598
-13.681	5.650
-13.764	5.680
-13.851	5.696
-13.935	5.724
-13.954	5.731
-13.971	5.740
-13.987	5.752
-14.027	5.783
-14.066	5.815
-14.101	5.852
-14.161	5.917
-14.212	5.989
-14.270	6.056
-14.276	6.063
-14.285	6.068
-14.293	6.074
-14.360	6.114
-14.446	6.095
-14.518	6.090
-14.581	6.085
-14.616	6.069
-14.672	6.104
-14.750	6.152
-14.761	6.246
-14.755	6.331
-14.750	6.401
-14.767	6.724
-14.645	6.828
-14.607	6.861
-14.543	6.894
-14.504	6.917
POLYLINE BLACK
-14.704	6.455
-14.690	6.405
-14.686	6.363
-14.656	6.323
-14.618	6.272
-14.548	6.243
-14.496	6.219
-14.307	6.133
-14.013	6.102
-13.823	6.198
-13.665	6.278
-13.567	6.458
-13.520	6.620
-13.489	6.723
-13.448	6.908
-13.478	7.025
-13.496	7.095
-13.546	7.136
-13.593	7.192
POLYLINE BLACK
-14.427	6.491
-14.428	6.474
-14.459	6.275
-14.439	6.212
-14.428	6.176
-14.405	6.143
-14.388	6.109
POLYLINE BLACK
-14.104	6.397
-14.000	6.145
-14.067	6.226
-13.960	6.116
POLYLINE BLACK
-13.845	6.550
-13.692	6.440
-13.786	6.494
-13.554	6.409
POLYLINE BLACK
-13.686	6.720
-13.535	6.758
-13.627	6.730
-13.416	6.816
POLYLINE BLACK
-13.622	7.021
-13.511	7.092
POLYLINE RED
-13.689	7.273
-13.585	7.924
-13.493	8.578
-13.378	9.228
-13.319	9.556
-13.378	9.525
-13.185	9.517
POLYLINE RED
-13.841	7.741
-13.842	7.661
-13.854	7.581
-13.845	7.502
-13.834	7.408
-13.805	7.316
-13.782	7.224
-13.779	7.214
-13.773	7.205
-13.767	7.197
-13.728	7.153
-13.672	7.261
-13.666	7.274
-13.629	7.352
-13.606	7.437
-13.565	7.514
-13.516	7.606
-13.453	7.690
-13.397	7.778
POLYLINE RED
-13.868	11.424
-13.886	11.456
-13.902	11.508
-13.941	11.526
-13.986	11.548
-14.045	11.527
-14.087	11.510
-14.212	11.457
-14.252	11.333
-14.301	11.212
-14.327	11.147
-14.354	11.054
-14.324	10.984
-14.277	10.871
-14.145	10.835
-14.051	10.774
-13.988	10.734
-13.939	10.657
-13.915	10.589
-13.896	10.532
-13.880	10.474
-13.868	10.415
-13.848	10.321
-13.847	10.223
-13.938	10.170
-13.961	10.157
-13.983	10.138
-14.009	10.137
-14.022	10.136
-13.993	10.158
-13.983	10.167
-13.964	10.186
-13.943	10.202
-13.923	10.220
POLYLINE RED
-13.468	11.365
-13.507	10.951
-13.542	10.867
-13.412	10.515
-13.399	10.478
-13.355	10.390
-13.314	10.368
-13.288	10.354
-13.261	10.343
-13.235	10.330
POLYLINE RED
-13.401	10.498
-13.356	10.790
-13.597	10.691
-13.578	10.822
-13.562	10.924
-13.315	10.985
-13.267	11.003
POLYLINE RED
-13.052	10.768
-13.070	10.736
-13.092	10.705
-13.108	10.671
-13.167	10.545
-13.160	10.323
-13.120	10.190
-13.100	10.125
-13.023	10.113
-12.977	10.158
-12.908	10.224
-12.910	10.388
-12.884	10.455
-12.879	10.470
-12.874	10.426
-12.870	10.411
-12.857	10.348
-12.847	10.284
-12.832	10.221
-12.821	10.177
-12.776	10.076
-12.714	10.104
-12.653	10.132
-12.596	10.239
-12.574	10.274
-12.541	10.329
-12.525	10.395
-12.500	10.453
POLYLINE RED
-12.378	10.491
-12.357	10.393
-12.338	10.294
-12.315	10.197
-12.299	10.130
-12.215	10.150
-12.180	10.185
-12.113	10.251
-12.158	10.393
-12.178	10.468
POLYLINE RED
-12.178	11.503
-12.210	11.080
-12.228	11.053
-12.159	10.539
-12.143	10.425
-12.105	10.315
-12.072	10.204
-12.051	10.135
-12.002	10.030
-11.920	10.012
-11.906	10.009
-11.891	10.009
-11.880	10.019
-11.854	10.039
-11.844	10.103
-11.837	10.125
POLYLINE RED
-11.675	10.627
-11.670	10.628
-11.587	10.660
-11.555	10.639
-11.536	10.626
-11.531	10.593
-11.535	10.573
-11.600	10.175
-11.541	10.547
-11.605	10.270
-11.635	10.143
-11.556	10.071
-11.438	10.055
-11.397	10.050
-11.356	10.067
-11.329	10.097
-11.274	10.156
-11.249	10.274
-11.234	10.337
-11.223	10.385
-11.229	10.435
-11.214	10.482
-11.205	10.507
-11.217	10.429
-11.213	10.403
-11.205	10.347
-11.193	10.293
-11.179	10.239
-11.160	10.168
-11.107	10.106
-11.037	10.084
-10.995	10.071
-10.952	10.075
-10.930	10.117
-10.909	10.154
-10.892	10.257
-10.891	10.265
POLYLINE RED
-10.992	11.167
-11.018	11.275
-11.026	11.223
-10.944	11.320
POLYLINE RED
-10.836	10.284
-10.751	10.322
-10.673	10.358
-10.623	10.440
-10.565	10.533
-10.512	10.629
-10.464	10.727
-10.435	10.787
-10.416	10.850
-10.394	10.913
-10.380	10.954
-10.401	11.065
-10.455	11.068
-10.472	11.069
-10.487	11.058
-10.499	11.048
-10.547	11.004
-10.563	10.935
-10.551	10.872
-10.515	10.692
-10.477	10.512
-10.435	10.332
-10.422	10.279
-10.374	10.240
-10.321	10.234
-10.249	10.226
-10.191	10.279
-10.152	10.335
-10.091	10.424
-10.042	10.524
-10.030	10.632
-10.023	10.706
-10.031	10.785
-10.006	10.857
-9.985	10.915
-9.882	10.871
-9.852	10.854
-9.834	10.844
-9.813	10.825
-9.800	10.808
-9.732	10.714
-9.737	10.584
-9.734	10.477
-9.732	10.432
-9.739	10.304
-9.767	10.254
-9.771	10.247
-9.779	10.262
-9.785	10.266
-9.782	10.310
-9.783	10.353
-9.775	10.396
-9.766	10.449
-9.755	10.502
-9.736	10.551
-9.705	10.629
-9.666	10.702
-9.627	10.776
-9.617	10.793
-9.592	10.829
-9.569	10.839
-9.522	10.859
-9.497	10.780
-9.490	10.753
-9.473	10.691
-9.457	10.628
-9.446	10.564
-9.436	10.509
-9.453	10.447
-9.411	10.403
-9.387	10.378
-9.351	10.364
-9.317	10.359
-9.255	10.350
-9.193	10.345
-9.130	10.340
-9.094	10.337
-9.066	10.351
-9.044	10.380
-9.032	10.397
-9.018	10.413
-9.010	10.432
-8.947	10.604
-8.869	10.773
-8.834	10.952
-8.765	11.305
-8.737	11.664
-8.698	12.021
-8.696	12.039
-8.710	12.091
-8.712	12.073
-8.899	10.517
-8.384	10.355
-8.903	10.528
POLYLINE RED
-8.337	11.390
-8.354	11.326
-8.397	11.092
-8.460	10.991
-8.543	10.858
-8.709	10.730
-8.812	10.642
-8.832	10.624
-8.857	10.611
-8.880	10.597
-8.897	10.586
-8.927	10.587
-8.931	10.568
-8.934	10.554
-8.902	10.563
-8.887	10.561
-8.823	10.554
-8.759	10.552
-8.696	10.542
-8.566	10.523
-8.440	10.397
-8.351	10.330
POLYLINE RED
-7.896	10.963
-7.918	10.915
-8.029	10.735
-8.039	10.625
-8.045	10.558
-8.044	10.479
-8.017	10.416
-7.973	10.316
-7.839	10.254
-7.740	10.314
-7.639	10.375
-7.576	10.505
-7.523	10.599
-7.481	10.672
-7.473	10.750
-7.517	10.824
-7.545	10.870
-7.578	10.909
-7.626	10.934
-7.650	10.946
-7.655	10.943
-7.681	10.949
-7.699	10.952
-7.747	10.950
-7.733	10.961
-7.697	10.988
-7.648	10.990
-7.606	11.005
POLYLINE RED
-7.532	10.838
-7.488	10.741
-7.499	10.511
-7.402	10.399
-7.329	10.314
-7.187	10.291
-7.083	10.324
-7.031	10.340
-6.983	10.391
-6.946	10.419
POLYLINE GREEN
-14.358	6.346
-14.183	6.197
-14.511	6.481
-14.234	6.218
-14.208	6.194
-14.142	6.141
-14.099	6.124
-14.057	6.107
-14.012	6.094
-13.969	6.078
-13.906	6.054
-13.923	6.051
-13.858	6.040
-13.845	6.038
-13.832	6.038
-13.820	6.038
-13.803	6.039
-13.642	6.060
-13.570	6.040
-13.477	6.015
-13.452	5.901
-13.367	5.862
-13.324	5.843
-13.187	5.843
-13.156	5.840
-13.109	5.834
-13.062	5.824
-13.016	5.815
-12.967	5.805
-12.950	5.759
-12.926	5.720
-12.916	5.704
-12.882	5.686
-12.876	5.682
POLYLINE GREEN
-13.463	6.996
-13.270	6.794
-13.395	6.933
-13.092	6.402
-13.078	6.378
-13.068	6.307
-13.067	6.287
-13.063	6.084
-13.074	6.198
-13.087	6.038
-13.089	6.004
-13.087	5.970
-13.090	5.936
-13.091	5.924
-13.093	5.912
-13.099	5.902
-13.105	5.892
-13.116	5.887
-13.125	5.880
POLYLINE GREEN
-14.188	6.389
-14.192	6.383
-14.263	6.302
-14.254	6.275
-14.248	6.254
-14.234	6.237
-14.223	6.218
POLYLINE GREEN
-14.044	6.295
-14.052	6.143
-14.067	6.211
-14.011	6.089
POLYLINE GREEN
-13.875	6.217
-13.873	6.180
-13.870	6.144
-13.868	6.107
-13.864	6.088
-13.867	6.065
-13.856	6.049
-13.840	6.027
-13.813	6.017
-13.792	6.001
POLYLINE GREEN
-13.644	6.151
-13.642	6.116
-13.639	6.081
-13.637	6.046
-13.636	6.041
-13.638	6.035
-13.634	6.031
-13.616	6.015
-13.594	6.004
-13.574	5.991
POLYLINE GREEN
-13.371	6.156
-13.374	6.116
-13.376	6.077
-13.379	6.038
-13.378	6.028
-13.381	6.018
-13.377	6.009
-13.364	5.985
-13.346	5.964
-13.331	5.941
POLYLINE GREEN
-13.208	6.287
-13.066	6.513
-13.289	6.165
-13.126	6.399
-13.115	6.415
-13.108	6.433
-13.098	6.451
POLYLINE GREEN
-13.364	6.542
-13.368	6.543
-13.403	6.548
-13.414	6.561
-13.424	6.574
-13.416	6.595
-13.409	6.607
-13.367	6.678
-13.353	6.685
-13.286	6.731
POLYLINE GREEN
-13.490	6.767
-13.459	6.808
-13.430	6.821
-13.385	6.843
POLYLINE GREEN
-14.357	6.374
-14.438	6.544
-14.406	6.451
-14.445	6.657
POLYLINE GREEN
-14.412	6.627
-14.436	6.643
-14.452	6.649
-14.468	6.670
-14.480	6.685
-14.488	6.704
-14.493	6.724
-14.522	6.833
-14.435	6.898
-14.361	6.976
-14.327	7.012
-14.271	7.051
-14.224	7.073
-14.209	7.080
-14.193	7.085
-14.178	7.090
-14.073	7.122
-14.045	7.133
-13.940	7.143
-13.928	7.145
-13.915	7.143
-13.903	7.141
-13.855	7.134
-13.806	7.127
-13.759	7.115
-13.330	7.001
-13.992	7.145
-13.539	7.056
-13.534	7.055
-13.530	7.052
-13.526	7.050
-13.485	7.027
-13.524	7.021
-13.501	7.025
-13.490	7.027
-13.480	7.034
-13.469	7.039
POLYLINE GREEN
-13.575	7.023
-13.597	6.962
-13.586	6.995
-13.607	6.922
POLYLINE GREEN
-13.885	7.087
-13.903	7.070
-13.939	7.039
-13.929	7.007
-13.925	6.994
-13.920	6.982
-13.915	6.969
POLYLINE GREEN
-14.114	7.149
-14.132	7.060
-14.135	7.001
-14.119	6.920
POLYLINE GREEN
-14.361	6.934
-14.366	6.912
-14.398	6.834
-14.374	6.803
-14.361	6.788
-14.347	6.775
-14.333	6.761
POLYLINE RED
-14.719	7.828
-14.640	7.663
-14.608	7.589
-14.506	7.411
-14.494	7.390
-14.452	7.343
-14.429	7.329
-14.357	7.283
-14.283	7.248
-14.201	7.223
-14.147	7.206
-13.968	7.201
-13.958	7.200
-13.933	7.198
-13.909	7.192
-13.884	7.188
POLYLINE RED
-13.889	7.179
-13.865	7.176
-13.841	7.173
-13.818	7.171
-13.808	7.168
-13.798	7.164
-13.788	7.163
-13.772	7.161
-13.756	7.162
-13.741	7.162
POLYLINE RED
-13.823	7.230
-13.828	7.224
POLYLINE RED
-13.816	7.205
-13.805	7.184
POLYLINE RED
-13.829	7.160
-13.818	7.145
-13.804	7.132
-13.794	7.116
-13.475	6.568
-14.045	7.484
-13.582	6.790
-13.488	6.648
-13.561	6.643
-13.479	6.660
POLYLINE RED
-14.960	7.567
-14.945	7.554
-14.929	7.542
-14.915	7.529
-14.909	7.523
-14.903	7.516
-14.899	7.508
-14.856	7.430
-14.823	7.345
-14.773	7.271
-14.092	6.269
-15.046	7.819
-14.366	6.673
-14.330	6.612
-14.142	6.523
-14.141	6.522
-14.083	6.479
-14.039	6.419
-13.981	6.374
-13.925	6.331
-13.860	6.299
-13.800	6.259
-13.737	6.217
-13.676	6.170
-13.613	6.127
-13.594	6.115
-13.573	6.106
-13.554	6.092
-13.463	6.028
-13.254	5.853
-13.145	5.829
-13.118	5.823
-13.088	5.832
-13.061	5.830
-13.033	5.829
-13.005	5.823
-12.978	5.820
POLYLINE RED
-13.001	5.816
-12.275	5.729
-12.421	5.726
-11.672	5.723
-11.322	5.722
-11.667	5.753
-11.403	5.724
POLYLINE RED
-11.188	5.542
-11.187	5.538
POLYLINE RED
-11.378	5.769
-11.383	5.766
POLYLINE RED
-11.391	5.751
-11.395	5.751
POLYLINE RED
-11.433	5.736
-11.351	5.698
-11.311	5.689
-11.250	5.636
-11.154	5.553
-11.241	5.617
-11.159	5.532
-11.140	5.512
-11.118	5.496
-11.097	5.479
POLYLINE RED
-15.212	8.143
-15.215	8.163
-15.219	8.183
-15.220	8.203
-15.223	8.265
-15.193	8.331
-15.163	8.383
-15.138	8.428
-15.092	8.480
-15.037	8.486
-15.021	8.488
-15.004	8.485
-14.988	8.480
-14.938	8.465
-14.914	8.434
-14.889	8.389
-14.874	8.360
-14.862	8.326
-14.866	8.293
-14.878	8.177
-14.922	8.133
-14.976	8.023
-14.994	7.988
-15.004	7.941
-15.013	7.904
POLYLINE RED
-14.974	7.803
-14.994	7.797
-15.014	7.792
-15.034	7.787
-15.033	7.784
-15.032	7.781
-15.031	7.778
-15.030	7.777
-15.025	7.774
-15.027	7.774
-15.033	7.771
-15.039	7.773
-15.046	7.773
POLYLINE RED
-11.956	5.721
-11.888	5.747
-11.814	5.759
-11.742	5.748
-11.637	5.731
-11.522	5.653
-11.448	5.583
POLYLINE RED
-11.612	6.465
-11.667	6.486
-11.720	6.481
-11.774	6.460
-11.796	6.451
-11.817	6.441
-11.839	6.433
-11.934	6.400
-12.032	6.375
-12.125	6.337
-12.200	6.307
-12.266	6.259
-12.342	6.231
-12.493	6.174
-12.653	6.163
-12.813	6.173
-12.882	6.178
-12.950	6.195
-13.017	6.211
-13.100	6.231
-13.203	6.301
-13.258	6.366
-13.281	6.392
-13.299	6.422
-13.319	6.450
-13.359	6.503
-13.396	6.560
-13.440	6.610
-13.468	6.642
-13.503	6.667
-13.534	6.696
-13.538	6.701
-13.536	6.709
-13.533	6.714
-13.531	6.717
-13.527	6.720
-13.524	6.723
-13.470	6.746
-13.415	6.770
-13.361	6.794
POLYLINE RED
-11.581	5.815
-11.580	5.797
-11.581	5.780
-11.580	5.762
-11.573	5.701
-11.530	5.638
-11.490	5.594
-11.411	5.506
-11.330	5.420
-11.245	5.337
-11.191	5.286
-11.124	5.235
-11.054	5.205
-10.963	5.166
-10.871	5.128
-10.777	5.094
-10.751	5.084
-10.722	5.079
-10.694	5.074
-10.688	5.073
-10.683	5.072
-10.677	5.073
-10.651	5.078
-10.626	5.086
-10.601	5.092
POLYLINE RED
-10.644	5.202
-10.653	5.186
POLYLINE RED
-10.676	5.119
-10.641	5.155
-10.605	5.191
-10.570	5.227
-10.540	5.251
-10.508	5.273
-10.480	5.301
-10.460	5.320
-10.445	5.344
-10.428	5.365
POLYLINE RED
-10.497	5.342
-10.409	5.349
-10.347	5.440
-10.258	5.436
-10.240	5.435
-10.186	5.442
-10.160	5.423
-10.141	5.409
-10.110	5.356
-10.106	5.350
POLYLINE RED
-10.234	5.447
-10.227	5.415
-10.214	5.339
-10.165	5.343
-10.136	5.345
-10.120	5.359
-10.089	5.373
POLYLINE RED
-11.708	6.461
-11.671	6.441
-11.637	6.423
-11.594	6.425
-11.579	6.426
-11.563	6.426
-11.549	6.431
-11.492	6.449
-11.431	6.489
-11.370	6.496
-11.241	6.511
-11.238	6.492
-11.068	6.482
-11.014	6.479
-11.025	6.493
-10.973	6.495
-10.929	6.498
-10.885	6.494
-10.841	6.496
-10.803	6.498
-10.783	6.512
-10.746	6.522
-10.736	6.524
-10.726	6.526
-10.715	6.526
-10.630	6.524
-10.647	6.522
-10.567	6.489
POLYLINE RED
-10.166	5.413
-10.175	5.397
-10.188	5.383
-10.194	5.366
-10.195	5.361
-10.185	5.364
-10.181	5.365
-10.158	5.371
-10.138	5.390
-10.124	5.407
-10.083	5.456
-10.045	5.508
-10.003	5.556
-9.978	5.584
-9.955	5.596
-9.923	5.613
-9.918	5.616
-9.912	5.618
-9.907	5.621
-9.882	5.636
-9.857	5.651
-9.832	5.667
POLYLINE RED
-9.826	5.658
-9.829	5.676
-9.830	5.694
-9.833	5.712
-9.841	5.754
-9.893	5.805
-9.916	5.826
-9.955	5.861
-10.002	5.886
-10.039	5.923
-10.662	6.555
-9.811	5.756
-10.324	6.215
-10.336	6.226
-10.347	6.239
-10.356	6.253
-10.391	6.300
-10.418	6.353
-10.457	6.397
-10.503	6.451
-10.603	6.534
-10.666	6.580
-10.784	6.665
-10.618	6.532
-10.731	6.625
POLYLINE RED
-10.960	5.268
-10.966	5.121
POLYLINE RED
-10.693	5.277
-10.670	5.194
-10.686	5.242
-10.641	5.134
POLYLINE RED
-10.489	5.477
-10.457	5.338
POLYLINE RED
-10.236	5.539
-10.188	5.399
POLYLINE RED
-10.081	5.620
-10.018	5.533
-10.051	5.573
-9.984	5.501
POLYLINE RED
-10.060	5.846
-10.032	6.049
POLYLINE RED
-10.368	5.972
-10.359	6.023
-10.350	6.075
-10.342	6.127
-10.338	6.141
-10.333	6.154
-10.330	6.168
-10.325	6.194
-10.323	6.221
-10.320	6.247
POLYLINE RED
-10.601	6.254
-10.597	6.294
-10.592	6.334
-10.587	6.375
-10.585	6.390
-10.580	6.406
-10.579	6.422
-10.578	6.445
-10.582	6.469
-10.583	6.492
POLYLINE RED
-10.989	6.397
-11.065	6.549
-11.010	6.507
-11.117	6.558
POLYLINE RED
-11.413	6.388
-11.453	6.424
-11.454	6.441
-11.468	6.488
-11.473	6.503
-11.478	6.518
-11.483	6.533
POLYLINE RED
-11.723	6.424
-11.749	6.478
-11.739	6.447
-11.745	6.520
POLYLINE RED
-11.461	5.815
-11.487	5.787

ELEVATION
STATIONS
0.000	0.000	0
-2.788	-0.148	1
-6.554	-0.195	2
-11.539	-0.300	3
-13.112	-0.538	3.1
-14.291	-1.688	4
-13.055	-5.397	5
-14.480	-5.013	6
-10.864	-5.653	5.1
SHOTS
0.000	0.000	-2.788	-0.148
-2.788	-0.148	-0.226	0.268
-2.788	-0.148	-1.024	0.289
-2.788	-0.148	-2.209	0.122
-2.788	-0.148	-3.986	0.087
-2.788	-0.148	-5.352	0.295
-2.788	-0.148	-5.813	0.419
-2.788	-0.148	-7.232	0.574
-2.788	-0.148	-6.816	0.039
-2.788	-0.148	-6.844	-0.048
-2.788	-0.148	-4.967	-0.233
-2.788	-0.148	-6.404	0.031
-2.788	-0.148	-2.897	2.211
-2.788	-0.148	-2.113	2.313
-2.788	-0.148	-1.970	2.316
-2.788	-0.148	-2.851	2.298
-2.788	-0.148	-0.932	1.698
-2.788	-0.148	-1.280	2.066
-2.788	-0.148	-1.582	2.100
-2.788	-0.148	-1.843	2.514
-2.788	-0.148	-3.122	2.572
-2.788	-0.148	-3.433	2.626
-2.788	-0.148	-4.043	2.490
-2.788	-0.148	-2.656	2.302
-2.788	-0.148	-2.162	1.493
-2.788	-0.148	-1.067	1.402
-2.788	-0.148	-2.822	-0.868
-2.788	-0.148	-6.554	-0.195
-6.554	-0.195	-10.277	-0.233
-6.554	-0.195	-10.334	-0.246
-6.554	-0.195	-10.363	-0.238
-6.554	-0.195	-5.843	0.212
-6.554	-0.195	-5.380	0.018
-6.554	-0.195	-7.120	0.265
-6.554	-0.195	-8.031	0.040
-6.554	-0.195	-6.529	0.610
-6.554	-0.195	-6.439	-0.527
-6.554	-0.195	-11.539	-0.300
-11.539	-0.300	-11.849	-0.363
-11.539	-0.300	-11.385	-1.217
-11.539	-0.300	-11.558	-0.109
-11.539	-0.300	-13.082	-0.532
-11.539	-0.300	-13.087	-0.533
-11.539	-0.300	-11.590	-0.810
-11.539	-0.300	-11.364	-0.489
-11.539	-0.300	-13.112	-0.538
-13.112	-0.538	-11.908	-4.342
-13.112	-0.538	-12.564	-4.552
-13.112	-0.538	-14.291	-1.688
-14.291	-1.688	-13.055	-5.397
-13.055	-5.397	-14.897	-4.892
-13.055	-5.397	-14.480	-5.013
-13.055	-5.397	-10.864	-5.653
-10.864	-5.653	-11.635	-5.730
-10.864	-5.653	-11.523	-5.745
-10.864	-5.653	-11.053	-5.726
-10.864	-5.653	-10.553	-5.717
-10.864	-5.653	-10.149	-5.768
-10.864	-5.653	-9.728	-5.903
-10.864	-5.653	-10.368	-5.743
-10.864	-5.653	-10.810	-4.989
-10.864	-5.653	-11.261	-13.928

