TRIP
DATE 2005-07-01 
DECLINATION     0.00
DATA
1.0		125.04	-77.52	0.871	>
1.0		24.03	-72.54	0.843	>
1.0		322.43	-65.32	1.257	>
1.0		258.56	-58.39	1.184	>
1.0	1.1	237.38	-88.59	2.410	>
1.1		192.71	6.11	0.686	>
1.1		167.74	-1.40	1.885	>
1.1		149.44	5.62	0.929	>
1.1		125.80	3.82	1.019	>
1.1		99.99	13.61	1.738	>
1.1		68.48	21.71	1.655	>
1.1	1.2	209.45	-69.11	8.730	>
1.2		330.14	-4.20	0.874	>
1.2		21.78	-5.68	1.395	>
1.2		44.97	-7.77	1.242	>
1.2		67.91	1.70	2.567	>
1.2		101.36	26.86	1.873	>
1.2		45.72	43.38	5.297	>
1.2		46.36	55.11	6.933	>
1.2	1.3	193.66	-70.45	7.481	>
1.3		305.69	17.28	1.273	>
1.3		298.54	50.45	1.082	>
1.3		313.89	74.99	0.986	>
1.3		60.19	-53.84	0.965	>
1.3		56.49	15.44	4.050	>
1.3		356.59	25.93	2.673	>
1.3		5.70	48.55	4.336	>
1.3		342.95	45.33	2.582	>
1.3	1.4	263.45	10.00	1.665	>
1.4		134.55	-11.52	1.191	>
1.4		325.71	-71.09	1.703	>
1.4		166.25	-77.65	0.905	>
1.4		117.76	22.33	1.416	>
1.4		112.79	36.81	1.928	>
1.4	1.5	220.09	-14.36	2.754	>
1.5		29.56	-6.75	3.488	>
1.5		60.41	-3.41	2.357	>
1.5		128.46	4.42	1.232	>
1.5		203.03	0.75	3.883	>
1.5		262.47	-0.53	2.037	>
1.5		304.86	-6.38	4.866	>
1.5		340.13	-6.49	3.839	>
1.5	1.6	305.09	-8.56	4.746	>
1.6		346.74	80.28	1.266	>
1.6		277.20	51.88	3.336	>
1.6		225.80	27.48	2.700	>
1.6		192.27	-5.78	2.530	>
1.6		105.12	8.13	4.116	>
1.6		72.29	5.68	3.245	>
1.6		24.14	-4.22	0.966	>
1.6	1.7	16.85	-47.31	3.526	>
1.7		167.65	55.16	1.588	>
1.7		116.61	5.14	1.094	>
1.7		68.96	-5.96	0.916	>
1.7		254.97	4.24	1.148	>
1.7		217.33	26.74	1.607	>
1.7		193.53	21.23	1.751	>
1.7	1.8	131.89	-46.27	2.567	<
1.8		20.26	-2.88	0.917	<
1.8		341.61	6.14	1.731	<
1.8		302.78	9.99	1.262	<
1.8		236.97	17.30	0.686	<
1.8		154.86	16.70	0.619	<
1.8	1.9	72.69	-12.30	4.570	<
1.9		335.53	8.71	0.865	<
1.9		274.28	13.00	2.120	<
1.9		243.15	18.16	1.906	<
1.9		165.51	0.60	1.243	<
1.9	1.10	74.83	-7.60	3.204	<
1.10		179.28	6.39	1.042	<
1.10		147.02	10.07	1.487	<
1.10		21.87	-24.53	2.765	<
1.10	1.11	84.21	-3.91	3.814	<
1.11		16.38	-33.05	1.020	<
1.11		321.66	-5.51	0.698	<
1.11		262.82	26.56	0.572	<
1.11		181.49	18.23	1.096	<
1.11		197.01	18.53	1.734	<
1.11		163.96	-5.42	0.349	<
1.7	1.12	281.23	-39.49	3.287	>
1.12		18.47	3.74	0.490	>
1.12		202.10	8.85	0.936	>
1.12		98.80	24.56	2.514	>
1.12		120.98	30.92	2.205	>
1.12		260.07	6.59	2.101	>
1.12		284.91	2.24	2.735	>
1.12		323.81	76.68	0.441	>
1.12	1.13	305.34	-0.92	4.740	>
1.13		177.26	-2.73	1.552	>
1.13		202.79	2.45	1.168	>
1.13		236.62	-10.61	1.368	>
1.13		288.89	-24.10	0.914	>
1.13		92.98	-11.80	0.904	>
1.13		119.08	6.74	1.788	>
1.13	1.14	229.60	-17.05	2.490	>
1.14		245.86	18.00	0.712	>
1.14		227.42	20.25	2.164	>
1.14		216.96	32.14	0.872	>
1.14		318.67	1.64	1.603	>
1.14		8.69	-0.49	1.291	>
1.14		356.04	45.78	0.769	>
1.14		41.29	13.72	1.092	>
1.14		83.41	26.99	0.802	>
1.14	1.15	285.50	11.32	2.786	>
1.15		155.69	-1.64	0.943	>
1.15		183.84	13.11	1.839	>
1.15		241.26	12.81	0.870	>
1.15		70.06	-1.08	0.531	>
1.15		107.97	-0.83	1.177	>
1.15	1.16	229.38	11.66	3.791	>
1.16		279.35	4.30	1.401	>
1.16		280.52	7.40	5.223	>
1.16		303.17	13.74	1.293	>
1.16		336.86	6.79	2.056	>
1.16		6.16	-1.88	1.678	>
1.16		84.18	-4.62	2.444	>
1.16		64.92	-8.29	3.321	>
1.16		48.82	-5.98	1.622	>
1.16	1.17	300.15	-9.87	4.471	>
1.17		46.26	2.98	3.215	>
1.17		26.02	16.08	6.158	>
1.17		10.07	19.42	7.656	>
1.17		348.77	23.43	6.973	>
1.17		326.24	27.33	5.817	>
1.17		300.81	29.37	3.714	>
1.17		260.30	22.64	3.216	>
1.17		214.95	2.60	3.988	>
1.17		170.87	-0.58	2.938	>
1.17		127.07	9.63	3.056	>
1.17		108.71	1.52	4.070	>
1.17		83.07	1.03	3.885	>
1.17		232.80	73.85	2.771	>
1.17		285.10	73.10	6.904	>
1.17		289.68	57.59	11.679	>
1.17		299.27	57.48	7.656	>
1.17		325.29	60.62	12.626	>
1.17		341.59	68.78	9.325	>
1.17		20.09	51.87	6.369	>
1.17		118.81	72.85	2.976	>
1.17		275.10	58.51	11.716	>
1.17	1.18	44.78	44.27	5.552	>
1.18		311.88	-71.28	1.134	>
1.18		261.01	-71.60	1.014	>
1.18		215.54	-49.46	0.900	>
1.18		190.37	1.55	0.889	>
1.18	1.19	88.31	-11.50	2.081	>
1.19		191.99	3.29	0.593	>
1.19		152.03	8.72	0.884	>
1.19		102.08	27.13	1.219	>
1.19		275.62	3.11	1.421	>
1.19		251.94	11.45	3.522	>
1.19		248.09	14.35	1.928	>
1.19	1.20	133.50	20.84	3.255	>
1.20		150.82	32.93	1.004	>
1.20		200.10	30.36	1.312	>
1.20		257.00	17.39	0.997	>
1.20		302.83	-7.38	1.464	>
1.20		337.09	-11.52	1.888	>
1.20		1.63	-3.38	0.916	>
1.20		32.06	-3.35	1.095	>
1.20	1.21	81.49	1.12	2.143	>
1.21		286.92	6.85	1.291	>
1.21		338.95	4.36	0.737	>
1.21		52.77	7.98	1.203	>
1.21		76.79	8.47	1.486	>
1.21		143.18	18.51	0.901	>
1.21		91.93	7.12	5.574	>
1.21	1.22	91.49	7.11	5.524	>
1.22		234.88	15.86	0.300	>
1.22		207.00	18.47	1.660	>
1.22		355.47	-28.45	0.735	>
1.22		289.75	2.82	1.766	>
1.22		261.00	2.65	1.274	>
1.22		149.34	39.42	0.170	>
1.22		143.94	60.77	0.289	>
1.22		172.05	22.79	4.072	>
1.22	1.23	171.83	23.49	4.136	>
1.23	1.24	118.03	-44.23	3.124	>
1.5	1.25	220.10	-26.56	4.927	>
1.25		177.70	-7.27	1.455	>
1.25		155.13	-3.89	3.392	>
1.25		141.07	0.39	2.179	>
1.25		123.83	-7.29	1.347	>
1.25		112.51	0.21	1.933	>
1.25		80.83	4.82	2.834	>
1.25		41.81	9.28	1.184	>
1.25		64.76	51.57	4.169	>
1.25	1.26	164.25	-0.65	5.696	>
1.26		77.13	-4.31	0.572	>
1.26		261.02	1.54	0.743	>
1.26		273.33	47.95	0.514	>
1.26		336.54	2.40	2.124	>
1.26		350.73	0.98	2.098	>
1.26	1.27	170.41	6.04	2.621	>
1.27		261.15	6.53	0.923	>
1.27		266.28	50.67	0.560	>
1.27		36.65	4.16	0.620	>
1.27	1.28	178.85	26.33	3.898	>
1.28		136.14	36.54	1.994	>
1.28		88.67	18.86	3.056	>
1.28		70.67	7.81	2.074	>
1.28		21.55	-8.83	1.987	>
1.28	1.29	125.32	26.40	3.022	>
1.29		242.11	-9.06	1.504	>
1.29		204.29	0.47	4.739	>
1.29		179.68	13.57	7.994	>
1.29		156.73	13.03	0.559	>
1.29		351.16	-2.24	2.637	>
1.29		39.26	73.34	1.086	>
1.29	1.30	179.82	3.50	3.831	>
1.30		180.80	28.70	4.636	>
1.30		154.39	42.46	7.290	>
1.30		110.64	52.89	2.026	>
1.30		92.71	41.28	2.895	>
1.30		52.87	25.34	2.000	>
1.30		1.53	-4.65	3.650	>
1.30		341.72	-7.77	3.981	>
1.30		315.45	-2.22	2.862	>
1.30		289.49	5.11	2.796	>
1.30		23.85	74.81	2.662	>
1.30		136.13	54.61	6.245	>
1.30		172.73	55.28	3.384	>
1.30		210.66	55.52	1.251	>
1.30	1.31	228.22	10.90	2.501	>
1.31		124.43	22.20	3.805	>
1.31		159.46	19.55	0.732	>
1.31		245.34	-32.14	0.476	>
1.31		345.50	-5.96	1.116	>
1.31		42.62	1.72	0.765	>
1.31	1.32	319.33	-55.58	4.126	>
1.32		323.47	12.50	0.762	>
1.32		272.57	-15.24	1.803	>
1.32		229.21	-20.91	1.650	>
1.32		193.77	16.87	1.492	>
1.32		97.66	29.72	0.787	>
1.32		270.68	-44.03	9.278	>
1.32	1.33	270.68	-44.09	9.360	>
1.33		22.32	10.44	1.909	>
1.33		57.72	28.66	2.540	>
1.33		102.44	43.82	3.127	>
1.33		236.62	28.18	0.235	>
1.33		280.34	-39.03	1.434	>
1.33		321.87	-12.37	1.895	>
1.33		321.77	-13.03	1.969	>
1.33	1.34	321.86	-12.92	2.030	>
1.34		193.26	-29.27	0.700	>
1.34		273.82	-15.15	1.370	>
1.34		344.47	5.48	0.953	>
1.34		76.46	17.21	1.730	>
1.34		279.44	-42.24	6.406	>
1.34	1.35	279.51	-42.55	6.588	>
1.35		290.79	-8.05	0.979	>
1.35		355.39	6.91	1.279	>
1.35		104.21	0.63	1.556	>
1.35		159.40	-14.70	1.734	>
1.35	1.36	159.91	-41.19	3.342	>
1.36		41.34	11.85	1.709	>
1.36		75.72	-1.36	1.638	>
1.36		129.15	-3.12	0.368	>
1.36		303.32	24.81	2.733	>
1.36	1.37	101.98	-41.40	4.684	>
1.37		33.54	0.94	0.851	>
1.37		82.97	-13.98	1.440	>
1.37		137.44	-37.08	1.770	>
1.37		318.03	18.85	1.356	>
1.37		124.42	-38.85	6.208	>
1.37		129.65	-38.82	6.285	>
1.37		129.38	-38.79	6.235	>
1.37		129.31	-38.63	6.177	>
1.37		129.40	-38.84	6.322	>
1.37		129.43	-38.94	6.222	>
1.35	1.38	130.18	31.36	6.210	>
1.38		358.21	-1.47	2.916	>
1.38		310.20	-3.62	2.220	>
1.38		257.52	14.34	0.755	>
1.38		299.42	73.05	0.370	>
1.38		152.51	18.63	0.263	>
1.38	1.39	178.25	-6.09	3.449	>
1.39		237.72	-26.59	0.302	>
1.39		77.40	15.98	0.854	>
1.39	1.40	177.55	4.13	4.126	>

PLAN
STATIONS
0.000	0.000	1.0
-0.050	-0.032	1.1
-1.581	-2.743	1.2
-2.172	-5.175	1.3
-3.801	-5.362	1.4
-5.519	-7.403	1.5
-9.359	-4.705	1.6
-8.666	-2.417	1.7
-7.345	-3.602	1.8
-3.082	-2.273	1.9
-0.017	-1.442	1.10
3.769	-1.058	1.11
-11.154	-1.923	1.12
-15.020	0.818	1.13
-16.833	-0.725	1.14
-19.465	0.005	1.15
-22.283	-2.412	1.16
-26.092	-0.200	1.17
-23.292	2.622	1.18
-21.254	2.682	1.19
-19.047	0.588	1.20
-16.928	0.905	1.21
-11.448	0.762	1.22
-10.909	-2.993	1.23
-8.933	-4.045	1.24
-8.358	-10.774	1.25
-6.812	-16.256	1.26
-6.378	-18.826	1.27
-6.308	-22.319	1.28
-4.099	-23.884	1.29
-4.087	-27.708	1.30
-5.918	-29.344	1.31
-7.438	-27.575	1.32
-14.160	-27.495	1.33
-15.382	-25.939	1.34
-20.168	-25.137	1.35
-19.304	-27.499	1.36
-15.867	-28.228	1.37
-16.117	-28.558	1.38
-16.012	-31.986	1.39
-15.836	-36.098	1.40
SHOTS
-16.012	-31.986	-15.836	-36.098
-16.117	-28.558	-16.012	-31.986
-16.012	-31.986	-16.240	-32.130
-16.012	-31.986	-15.211	-31.807
-20.168	-25.137	-16.117	-28.558
-16.117	-28.558	-16.208	-25.644
-16.117	-28.558	-17.809	-27.128
-16.117	-28.558	-16.831	-28.716
-16.117	-28.558	-16.211	-28.505
-16.117	-28.558	-16.002	-28.779
-19.304	-27.499	-15.867	-28.228
-15.867	-28.228	-15.397	-27.519
-15.867	-28.228	-14.480	-28.057
-15.867	-28.228	-14.912	-29.268
-15.867	-28.228	-16.725	-27.274
-15.867	-28.228	-11.879	-30.961
-15.867	-28.228	-12.097	-31.352
-15.867	-28.228	-12.111	-31.311
-15.867	-28.228	-12.133	-31.285
-15.867	-28.228	-12.062	-31.353
-15.867	-28.228	-12.129	-31.302
-20.168	-25.137	-19.304	-27.499
-19.304	-27.499	-18.199	-26.243
-19.304	-27.499	-17.717	-27.095
-19.304	-27.499	-19.019	-27.731
-19.304	-27.499	-21.377	-26.136
-15.382	-25.939	-20.168	-25.137
-20.168	-25.137	-21.074	-24.793
-20.168	-25.137	-20.270	-23.871
-20.168	-25.137	-18.660	-25.519
-20.168	-25.137	-19.578	-26.707
-14.160	-27.495	-15.382	-25.939
-15.382	-25.939	-15.522	-26.533
-15.382	-25.939	-16.701	-25.851
-15.382	-25.939	-15.636	-25.025
-15.382	-25.939	-13.775	-25.552
-15.382	-25.939	-20.060	-25.161
-7.438	-27.575	-14.160	-27.495
-14.160	-27.495	-13.447	-25.758
-14.160	-27.495	-12.276	-26.305
-14.160	-27.495	-11.957	-27.981
-14.160	-27.495	-14.333	-27.609
-14.160	-27.495	-15.256	-27.295
-14.160	-27.495	-15.303	-26.039
-14.160	-27.495	-15.347	-25.988
-5.918	-29.344	-7.438	-27.575
-7.438	-27.575	-7.881	-26.977
-7.438	-27.575	-9.176	-27.497
-7.438	-27.575	-8.605	-28.582
-7.438	-27.575	-7.778	-28.962
-7.438	-27.575	-6.761	-27.666
-7.438	-27.575	-14.108	-27.496
-4.087	-27.708	-5.918	-29.344
-5.918	-29.344	-3.012	-31.336
-5.918	-29.344	-5.676	-29.990
-5.918	-29.344	-6.284	-29.512
-5.918	-29.344	-6.196	-28.269
-5.918	-29.344	-5.400	-28.781
-4.099	-23.884	-4.087	-27.708
-4.087	-27.708	-4.144	-31.774
-4.087	-27.708	-1.762	-32.558
-4.087	-27.708	-2.943	-28.139
-4.087	-27.708	-1.914	-27.811
-4.087	-27.708	-2.646	-26.617
-4.087	-27.708	-3.990	-24.071
-4.087	-27.708	-5.324	-23.963
-4.087	-27.708	-6.093	-25.670
-4.087	-27.708	-6.712	-26.779
-4.087	-27.708	-3.805	-27.070
-4.087	-27.708	-1.581	-30.315
-4.087	-27.708	-3.843	-29.620
-4.087	-27.708	-4.448	-28.317
-6.308	-22.319	-4.099	-23.884
-4.099	-23.884	-5.412	-24.579
-4.099	-23.884	-6.048	-28.203
-4.099	-23.884	-4.055	-31.655
-4.099	-23.884	-3.884	-24.384
-4.099	-23.884	-4.504	-21.280
-4.099	-23.884	-3.902	-23.643
-6.378	-18.826	-6.308	-22.319
-6.308	-22.319	-5.198	-23.474
-6.308	-22.319	-3.417	-22.252
-6.308	-22.319	-4.369	-21.639
-6.308	-22.319	-5.587	-20.493
-6.812	-16.256	-6.378	-18.826
-6.378	-18.826	-7.284	-18.967
-6.378	-18.826	-6.732	-18.849
-6.378	-18.826	-6.009	-18.330
-8.358	-10.774	-6.812	-16.256
-6.812	-16.256	-6.256	-16.129
-6.812	-16.256	-7.546	-16.372
-6.812	-16.256	-7.156	-16.236
-6.812	-16.256	-7.657	-14.309
-6.812	-16.256	-7.150	-14.186
-5.519	-7.403	-8.358	-10.774
-8.358	-10.774	-8.300	-12.216
-8.358	-10.774	-6.935	-13.844
-8.358	-10.774	-6.989	-12.469
-8.358	-10.774	-7.248	-11.518
-8.358	-10.774	-6.572	-11.514
-8.358	-10.774	-5.570	-10.324
-8.358	-10.774	-7.579	-9.903
-8.358	-10.774	-6.014	-9.669
-10.909	-2.993	-8.933	-4.045
-11.448	0.762	-10.909	-2.993
-16.928	0.905	-11.448	0.762
-11.448	0.762	-11.684	0.596
-11.448	0.762	-12.163	-0.641
-11.448	0.762	-11.499	1.406
-11.448	0.762	-13.108	1.358
-11.448	0.762	-12.705	0.563
-11.448	0.762	-11.381	0.649
-11.448	0.762	-11.365	0.648
-11.448	0.762	-10.929	-2.956
-19.047	0.588	-16.928	0.905
-16.928	0.905	-18.154	1.278
-16.928	0.905	-17.192	1.591
-16.928	0.905	-15.979	1.626
-16.928	0.905	-15.497	1.241
-16.928	0.905	-16.416	0.221
-16.928	0.905	-11.400	0.719
-21.254	2.682	-19.047	0.588
-19.047	0.588	-18.636	-0.148
-19.047	0.588	-19.436	-0.475
-19.047	0.588	-19.974	0.374
-19.047	0.588	-20.267	1.375
-19.047	0.588	-19.767	2.292
-19.047	0.588	-19.021	1.502
-19.047	0.588	-18.467	1.514
-23.292	2.622	-21.254	2.682
-21.254	2.682	-21.377	2.103
-21.254	2.682	-20.844	1.910
-21.254	2.682	-20.193	2.455
-21.254	2.682	-22.666	2.821
-21.254	2.682	-24.536	1.612
-21.254	2.682	-22.987	1.985
-26.092	-0.200	-23.292	2.622
-23.292	2.622	-23.563	2.865
-23.292	2.622	-23.608	2.572
-23.292	2.622	-23.632	2.146
-23.292	2.622	-23.452	1.748
-22.283	-2.412	-26.092	-0.200
-26.092	-0.200	-23.772	2.020
-26.092	-0.200	-23.496	5.117
-26.092	-0.200	-24.829	6.909
-26.092	-0.200	-27.338	6.075
-26.092	-0.200	-28.964	4.096
-26.092	-0.200	-28.872	1.458
-26.092	-0.200	-29.018	-0.700
-26.092	-0.200	-28.374	-3.465
-26.092	-0.200	-25.626	-3.101
-26.092	-0.200	-23.688	-2.016
-26.092	-0.200	-22.238	-1.505
-26.092	-0.200	-22.236	0.269
-26.092	-0.200	-26.706	-0.666
-26.092	-0.200	-28.030	0.323
-26.092	-0.200	-31.986	1.908
-26.092	-0.200	-29.682	1.812
-26.092	-0.200	-29.619	4.892
-26.092	-0.200	-27.158	3.002
-26.092	-0.200	-24.741	3.493
-26.092	-0.200	-25.323	-0.623
-26.092	-0.200	-32.188	0.344
-19.465	0.005	-22.283	-2.412
-22.283	-2.412	-23.661	-2.185
-22.283	-2.412	-27.375	-1.466
-22.283	-2.412	-23.334	-1.725
-22.283	-2.412	-23.085	-0.535
-22.283	-2.412	-22.103	-0.745
-22.283	-2.412	-19.860	-2.165
-22.283	-2.412	-19.307	-1.019
-22.283	-2.412	-21.069	-1.350
-16.833	-0.725	-19.465	0.005
-19.465	0.005	-19.077	-0.854
-19.465	0.005	-19.585	-1.782
-19.465	0.005	-20.209	-0.403
-19.465	0.005	-18.966	0.186
-19.465	0.005	-18.346	-0.358
-15.020	0.818	-16.833	-0.725
-16.833	-0.725	-17.451	-1.002
-16.833	-0.725	-18.328	-2.099
-16.833	-0.725	-17.277	-1.315
-16.833	-0.725	-17.891	0.478
-16.833	-0.725	-16.638	0.551
-16.833	-0.725	-16.870	-0.190
-16.833	-0.725	-16.133	0.072
-16.833	-0.725	-16.123	-0.643
-11.154	-1.923	-15.020	0.818
-15.020	0.818	-14.946	-0.730
-15.020	0.818	-15.472	-0.258
-15.020	0.818	-16.143	0.078
-15.020	0.818	-15.809	1.088
-15.020	0.818	-14.136	0.772
-15.020	0.818	-13.468	-0.045
-8.666	-2.417	-11.154	-1.923
-11.154	-1.923	-10.999	-1.459
-11.154	-1.923	-11.502	-2.780
-11.154	-1.923	-8.894	-2.273
-11.154	-1.923	-9.532	-2.897
-11.154	-1.923	-13.210	-2.283
-11.154	-1.923	-13.795	-1.220
-11.154	-1.923	-11.214	-1.841
-0.017	-1.442	3.769	-1.058
3.769	-1.058	4.010	-0.238
3.769	-1.058	3.338	-0.513
3.769	-1.058	3.261	-1.122
3.769	-1.058	3.742	-2.099
3.769	-1.058	3.288	-2.630
3.769	-1.058	3.865	-1.392
-3.082	-2.273	-0.017	-1.442
-0.017	-1.442	-0.004	-2.477
-0.017	-1.442	0.780	-2.670
-0.017	-1.442	0.920	0.892
-7.345	-3.602	-3.082	-2.273
-3.082	-2.273	-3.436	-1.495
-3.082	-2.273	-5.142	-2.119
-3.082	-2.273	-4.698	-3.091
-3.082	-2.273	-2.771	-3.476
-8.666	-2.417	-7.345	-3.602
-7.345	-3.602	-7.028	-2.743
-7.345	-3.602	-7.888	-1.969
-7.345	-3.602	-8.390	-2.929
-7.345	-3.602	-7.894	-3.959
-7.345	-3.602	-7.093	-4.139
-9.359	-4.705	-8.666	-2.417
-8.666	-2.417	-8.472	-3.303
-8.666	-2.417	-7.692	-2.905
-8.666	-2.417	-7.816	-2.090
-8.666	-2.417	-9.772	-2.714
-8.666	-2.417	-9.536	-3.558
-8.666	-2.417	-9.048	-4.004
-5.519	-7.403	-9.359	-4.705
-9.359	-4.705	-9.408	-4.497
-9.359	-4.705	-11.402	-4.447
-9.359	-4.705	-11.076	-6.375
-9.359	-4.705	-9.894	-7.165
-9.359	-4.705	-5.425	-5.768
-9.359	-4.705	-6.283	-3.723
-9.359	-4.705	-8.965	-3.826
-3.801	-5.362	-5.519	-7.403
-5.519	-7.403	-3.810	-4.390
-5.519	-7.403	-3.473	-6.241
-5.519	-7.403	-4.557	-8.167
-5.519	-7.403	-7.038	-10.976
-5.519	-7.403	-7.538	-7.670
-5.519	-7.403	-9.487	-4.639
-5.519	-7.403	-6.815	-3.816
-2.172	-5.175	-3.801	-5.362
-3.801	-5.362	-2.969	-6.181
-3.801	-5.362	-4.112	-4.906
-3.801	-5.362	-3.755	-5.550
-3.801	-5.362	-2.642	-5.972
-3.801	-5.362	-2.378	-5.960
-1.581	-2.743	-2.172	-5.175
-2.172	-5.175	-3.159	-4.466
-2.172	-5.175	-2.777	-4.846
-2.172	-5.175	-2.356	-4.998
-2.172	-5.175	-1.678	-4.892
-2.172	-5.175	1.083	-3.020
-2.172	-5.175	-2.315	-2.775
-2.172	-5.175	-1.887	-2.319
-2.172	-5.175	-2.704	-3.440
-0.050	-0.032	-1.581	-2.743
-1.581	-2.743	-2.015	-1.987
-1.581	-2.743	-1.066	-1.454
-1.581	-2.743	-0.711	-1.872
-1.581	-2.743	0.797	-1.778
-1.581	-2.743	0.057	-3.072
-1.581	-2.743	1.175	-0.055
-1.581	-2.743	1.289	-0.006
0.000	0.000	-0.050	-0.032
-0.050	-0.032	-0.200	-0.697
-0.050	-0.032	0.350	-1.873
-0.050	-0.032	0.420	-0.828
-0.050	-0.032	0.775	-0.627
-0.050	-0.032	1.614	-0.325
-0.050	-0.032	1.380	0.532
0.000	0.000	0.154	-0.108
0.000	0.000	0.103	0.231
0.000	0.000	-0.320	0.416
0.000	0.000	-0.608	-0.123
POLYLINE BROWN
-13.110	-29.105
-12.990	-29.495
-12.780	-29.675
-11.970	-30.155
-11.460	-30.875
-11.640	-31.295
-11.820	-31.475
-12.090	-31.415
-12.390	-31.295
-13.110	-30.755
-13.260	-30.605
-13.440	-30.425
-13.530	-30.425
-13.920	-30.155
-13.980	-30.155
-14.190	-30.035
-14.490	-29.915
-14.550	-29.945
POLYLINE BLACK
-7.900	-32.125
POLYLINE BLACK
-7.850	-32.175
POLYLINE BLACK
-8.450	-27.725
-8.450	-27.825
-9.250	-27.475
-9.450	-27.525
-9.650	-27.525
-9.850	-27.425
-9.350	-27.825
-9.050	-27.925
-9.050	-28.025
-8.900	-28.025
-8.600	-28.225
-8.550	-28.325
-8.350	-27.875
-8.300	-27.225
-8.450	-27.675
-8.650	-27.725
-8.900	-27.625
-9.000	-27.525
-8.850	-27.525
-8.450	-27.775
-8.800	-27.425
-8.500	-27.975
-8.850	-27.775
-8.850	-27.775
-8.950	-27.725
-8.600	-27.975
-8.550	-28.075
-8.900	-27.825
-8.900	-27.725
POLYLINE BLACK
-11.750	-26.625
-11.400	-26.675
-10.200	-27.275
-10.000	-27.075
-9.850	-26.775
POLYLINE BLACK
-10.100	-27.125
-10.200	-27.125
-10.500	-26.975
-11.550	-26.825
-11.950	-26.725
-12.400	-26.725
POLYLINE BLACK
-8.250	-27.025
-8.350	-27.025
-8.450	-27.125
-8.550	-27.375
-8.600	-27.175
-8.550	-27.025
-8.750	-27.325
-8.900	-27.325
-9.100	-27.275
-9.850	-26.525
POLYLINE BLACK
-8.750	-27.375
-9.800	-26.325
POLYLINE BLACK
-8.450	-27.025
POLYLINE BLACK
-8.600	-27.075
-9.700	-26.525
-9.900	-26.475
-10.150	-26.425
-10.250	-26.475
-10.350	-26.425
POLYLINE BLACK
-7.200	-26.525
-7.150	-26.725
-7.200	-26.975
-7.350	-27.175
-7.350	-27.275
-7.450	-27.275
-7.850	-26.925
-7.250	-27.125
-7.150	-27.225
-7.200	-27.125
-7.400	-27.075
-7.750	-26.925
-7.850	-26.825
-7.650	-26.875
-7.500	-26.875
POLYLINE BLACK
-7.300	-26.875
-7.500	-26.925
-8.050	-26.975
-8.450	-26.875
-8.000	-26.975
-7.800	-26.875
-7.700	-26.925
-7.200	-26.925
-7.200	-27.025
POLYLINE BLACK
-7.250	-26.875
-7.250	-26.975
POLYLINE BLACK
-5.400	-27.475
-6.700	-26.975
-8.300	-26.575
-8.900	-26.325
-9.100	-26.325
-9.500	-26.125
-10.050	-25.975
-10.800	-25.875
-11.000	-25.775
-11.600	-25.725
-12.150	-25.675
-12.750	-25.675
-13.100	-25.625
-13.300	-25.575
-13.500	-25.625
-13.700	-25.575
-13.800	-25.575
POLYLINE BLACK
-5.700	-29.725
-5.700	-29.825
-6.150	-29.675
-7.000	-29.175
-7.450	-29.025
-8.500	-28.525
-9.450	-28.375
-10.000	-28.225
-10.100	-28.125
-10.500	-28.125
-11.650	-27.875
-11.850	-27.825
-12.450	-27.975
-12.950	-27.925
-13.250	-27.925
-13.450	-27.875
-13.650	-27.925
POLYLINE GRAY
-10.000	-16.075
POLYLINE GRAY
-9.750	-16.325
POLYLINE GRAY
-4.950	-31.880
POLYLINE GRAY
-6.165	-29.780
-6.375	-29.630
-6.420	-29.615
-6.585	-29.435
-6.615	-29.420
-6.615	-29.390
-6.675	-29.330
POLYLINE GRAY
-6.945	-27.830
POLYLINE GRAY
-6.270	-28.385
-6.330	-28.355
-6.510	-28.160
-6.585	-28.130
-6.615	-28.085
-6.735	-27.995
-6.840	-27.935
POLYLINE GRAY
-6.167	-28.932
-6.181	-28.918
-6.307	-28.869
POLYLINE GRAY
-6.062	-29.345
-6.174	-29.338
-6.307	-29.303
-6.370	-29.282
POLYLINE GRAY
-5.901	-29.996
-5.922	-30.003
-6.125	-30.003
-6.279	-29.961
-6.328	-29.919
POLYLINE GRAY
-6.013	-28.414
-6.062	-28.477
-6.230	-28.624
-6.300	-28.715
POLYLINE GRAY
-5.845	-28.561
-5.845	-28.575
-5.866	-28.575
-6.209	-28.764
-6.265	-28.813
POLYLINE GRAY
-5.544	-28.785
-5.614	-28.820
-5.726	-28.855
-5.950	-28.890
-6.020	-28.932
POLYLINE GRAY
-5.453	-29.387
-5.467	-29.380
-5.635	-29.380
-5.649	-29.387
POLYLINE GRAY
-5.383	-29.695
-5.376	-29.681
-5.544	-29.611
-5.558	-29.611
-5.572	-29.618
POLYLINE GRAY
-6.195	-28.239
-6.216	-28.246
-6.265	-28.309
-6.321	-28.449
-6.349	-28.638
-6.398	-28.778
-6.433	-28.904
-6.447	-29.072
-6.426	-29.219
-6.356	-29.471
-6.342	-29.541
-6.314	-29.611
-6.265	-29.688
-6.125	-29.807
-6.027	-29.926
-5.887	-30.080
-5.754	-30.178
-5.635	-30.248
-5.614	-30.248
-5.593	-30.234
-5.551	-30.143
-5.488	-29.940
-5.439	-29.821
-5.369	-29.576
-5.348	-29.457
-5.348	-29.324
-5.369	-29.184
-5.397	-29.072
-5.439	-28.960
-5.481	-28.876
-5.537	-28.799
-5.635	-28.673
-5.810	-28.519
-5.957	-28.407
-6.076	-28.351
-6.090	-28.351
-6.188	-28.400
-6.342	-28.512
-6.377	-28.589
-6.398	-28.708
-6.405	-28.827
-6.405	-28.939
-6.384	-29.233
-6.328	-29.597
-6.328	-29.632
-6.300	-29.709
-6.251	-29.793
-6.181	-29.877
-6.097	-29.947
-5.985	-30.003
-5.880	-30.073
-5.740	-30.185
-5.677	-30.199
-5.572	-30.164
-5.439	-30.066
-5.376	-30.003
-5.341	-29.926
-5.320	-29.821
-5.313	-29.695
-5.313	-29.660
POLYLINE GRAY
-5.978	-28.372
-5.992	-28.372
POLYLINE GRAY
-5.838	-28.526
POLYLINE BROWN
-8.485	-28.975
POLYLINE BROWN
-2.785	-25.775
-2.785	-25.625
-2.885	-25.225
-3.035	-24.975
-3.135	-24.925
-3.535	-25.275
-3.685	-25.625
-3.535	-25.675
POLYLINE BROWN
-1.735	-27.275
-2.035	-26.675
-2.285	-26.425
-2.485	-26.325
-2.585	-26.425
-2.685	-26.675
-2.735	-27.175
-2.585	-28.125
-2.285	-28.875
-2.185	-28.875
-1.885	-28.575
-1.635	-28.025
-1.685	-27.325
-1.785	-26.875
POLYLINE BROWN
-4.635	-28.025
-4.585	-27.725
-4.735	-27.325
-5.185	-26.825
-5.735	-26.475
-5.585	-26.925
-5.335	-27.275
POLYLINE BROWN
-4.935	-27.475
-5.285	-27.125
-5.385	-27.125
-5.635	-27.725
-5.735	-28.225
-5.735	-28.625
-5.635	-28.375
-5.635	-28.125
POLYLINE BROWN
-3.435	-25.325
-3.435	-25.075
-3.685	-24.525
-3.685	-24.425
-3.835	-24.475
-4.085	-24.825
-4.435	-25.575
-4.685	-26.225
-4.785	-26.825
-4.785	-27.125
-4.635	-27.375
-4.185	-27.475
POLYLINE BROWN
-2.885	-27.725
-2.835	-27.575
-2.985	-26.675
-3.285	-26.075
-3.385	-25.975
-3.585	-25.925
-3.935	-26.175
-4.385	-26.625
-4.635	-27.075
-4.635	-27.225
-4.685	-27.325
-4.585	-28.075
-4.435	-28.425
-4.035	-28.525
-3.535	-28.275
-3.335	-27.675
-3.335	-27.275
-3.385	-26.825
-3.585	-26.525
POLYLINE BROWN
-3.035	-28.525
-3.235	-28.025
-3.335	-27.925
-3.735	-27.875
-4.335	-28.125
-4.585	-28.325
-4.735	-28.675
-4.535	-29.125
-4.135	-29.475
-3.835	-29.575
POLYLINE BROWN
-3.035	-29.325
POLYLINE BROWN
-4.335	-28.775
-4.035	-29.225
POLYLINE BROWN
-3.435	-29.975
-3.085	-29.675
-2.885	-29.325
-2.835	-28.575
-2.935	-28.475
-3.535	-28.475
-4.735	-28.675
-4.935	-28.875
-4.935	-29.075
POLYLINE GRAY
3.365	-29.675
3.915	-30.375
4.015	-30.625
POLYLINE GRAY
3.215	-29.675
POLYLINE GRAY
0.965	-27.325
1.065	-27.625
3.065	-29.925
3.165	-30.175
3.165	-30.325
3.215	-30.575
POLYLINE GRAY
-1.585	-23.825
1.165	-26.925
2.765	-29.275
2.765	-29.425
2.915	-30.025
3.015	-30.425
POLYLINE GRAY
1.765	-29.675
1.615	-29.425
1.515	-29.325
1.615	-29.725
2.115	-31.275
2.115	-30.975
1.915	-29.975
2.015	-30.075
2.365	-30.875
2.315	-30.475
2.215	-29.725
POLYLINE GRAY
2.065	-33.775
2.015	-33.575
1.865	-32.625
1.865	-32.225
1.815	-31.975
1.765	-31.525
1.915	-31.775
2.115	-32.175
2.365	-32.875
2.465	-33.375
2.615	-33.875
2.615	-34.575
2.565	-35.025
2.265	-35.175
2.165	-35.675
2.215	-35.875
2.265	-36.175
POLYLINE GRAY
-0.285	-34.375
0.465	-34.725
0.915	-35.075
1.165	-35.225
1.615	-35.625
POLYLINE GRAY
-0.635	-34.375
POLYLINE GRAY
-1.985	-33.825
-1.935	-33.925
-1.885	-33.675
-1.885	-33.125
-1.935	-32.825
-1.935	-32.125
-1.985	-31.825
-1.985	-32.625
-1.885	-33.525
-1.885	-33.525
-2.035	-33.025
-2.035	-32.825
-2.085	-32.575
POLYLINE GRAY
-0.835	-32.675
-2.735	-33.025
-2.985	-33.025
POLYLINE GRAY
-0.635	-31.325
-0.885	-31.175
-1.485	-30.975
-2.185	-30.825
-2.785	-30.775
-3.035	-30.825
-3.135	-30.775
-3.435	-31.025
-3.735	-31.425
-4.035	-32.425
-4.085	-33.375
-3.785	-33.925
-2.735	-34.975
-2.485	-35.125
-2.335	-35.125
-1.585	-35.375
-1.485	-35.475
-1.285	-35.425
-0.635	-35.225
-0.285	-34.775
-0.035	-34.375
0.065	-34.125
0.115	-33.175
0.115	-32.475
0.015	-32.075
-0.335	-31.275
-0.435	-31.175
POLYLINE BLACK
-0.985	-29.675
-0.885	-30.125
-0.885	-30.625
-0.835	-30.975
-0.835	-31.125
-0.885	-31.225
POLYLINE BLACK
-5.985	-27.775
-5.435	-29.075
-5.435	-29.275
-5.185	-30.025
-5.035	-30.275
-4.785	-30.675
-4.635	-30.925
-4.585	-31.125
-4.435	-31.275
-4.285	-31.625
-3.585	-32.375
POLYLINE BLACK
-5.785	-23.075
-5.685	-23.475
-5.135	-24.275
-4.885	-24.825
-5.035	-25.075
-5.535	-25.325
-5.935	-25.775
-6.185	-26.325
-6.185	-26.575
-6.235	-26.775
-6.235	-26.975
-6.285	-27.225
-6.285	-27.425
POLYLINE BLACK
-3.535	-23.775
-3.435	-24.225
-2.885	-24.625
-2.335	-25.375
-2.035	-26.125
-1.935	-26.625
-1.885	-26.825
-1.735	-27.075
-1.535	-27.525
-1.485	-27.775
-1.335	-28.075
-1.135	-29.175
-1.185	-29.375
-1.185	-29.525
-1.285	-29.825
-1.385	-29.725
POLYLINE BLACK
-7.585	-19.395
POLYLINE BLACK
-12.690	-29.420
-11.490	-29.495
-10.965	-29.420
-10.665	-29.345
POLYLINE BLACK
-6.885	-20.225
-6.765	-20.615
-6.735	-20.765
-6.615	-21.035
-6.615	-21.125
-6.405	-21.755
-6.375	-22.085
-6.315	-22.265
-6.315	-22.355
-6.255	-22.505
-6.255	-22.715
-6.285	-22.835
POLYLINE BLACK
-5.505	-19.175
-5.475	-19.235
-5.475	-19.475
-5.505	-19.595
-5.505	-19.685
-5.445	-19.865
-5.445	-20.075
-5.295	-20.495
-5.145	-21.125
-5.055	-21.215
-4.905	-21.305
-4.335	-21.665
-4.275	-21.665
-3.975	-21.995
-3.795	-22.235
-3.795	-22.325
-3.735	-22.505
-3.705	-22.805
-3.645	-23.135
-3.645	-23.405
-3.675	-23.525
-3.675	-23.705
-3.735	-23.945
-3.735	-24.005
POLYLINE BLACK
-6.045	-15.885
-5.965	-15.985
-5.845	-16.225
-5.765	-16.625
-5.705	-17.465
-5.725	-17.785
-5.745	-17.825
-5.745	-17.965
-5.785	-18.185
-5.785	-18.325
-5.805	-18.465
-5.805	-18.525
-5.865	-18.745
POLYLINE BLACK
-7.345	-16.165
-7.305	-16.285
-7.305	-16.625
-7.285	-17.045
-7.265	-17.105
-7.225	-17.905
-7.225	-18.365
-7.265	-19.085
-7.345	-19.805
POLYLINE BLACK
-7.505	-15.245
-7.505	-15.285
-7.485	-15.245
-7.405	-15.225
-7.305	-15.205
-7.245	-15.205
-7.165	-15.225
-6.785	-15.525
-6.725	-15.425
-6.645	-15.325
POLYLINE BLACK
-7.545	-13.865
-7.505	-13.845
-7.385	-13.925
-7.325	-14.005
-7.325	-14.045
-7.145	-14.325
-7.005	-14.365
-6.845	-14.105
POLYLINE BLACK
-7.485	-11.505
-7.305	-11.565
-7.125	-11.705
POLYLINE BLACK
-7.745	-11.685
-7.705	-11.665
POLYLINE BLACK
-7.725	-13.065
-7.685	-12.905
-7.525	-12.485
-7.485	-12.305
-7.445	-12.265
-6.985	-12.685
POLYLINE BLACK
-7.105	-11.885
POLYLINE BLACK
-6.785	-12.565
-6.785	-12.605
-6.625	-12.845
-6.545	-13.145
-6.545	-13.685
-6.505	-14.285
-6.445	-14.825
-6.385	-15.205
-6.145	-15.845
-6.085	-16.085
POLYLINE BLACK
-8.305	-12.305
-8.245	-12.825
-8.105	-13.505
-7.985	-13.925
-7.865	-14.545
-7.805	-14.965
-7.645	-15.865
-7.525	-16.185
-7.465	-16.365
POLYLINE BLACK
-8.025	-7.545
POLYLINE BLACK
-7.965	-8.325
-7.745	-8.645
-7.685	-8.865
-7.645	-9.105
-7.645	-9.325
-7.865	-9.985
-7.925	-10.105
-7.925	-10.165
-8.105	-10.505
-8.185	-10.605
-8.225	-10.705
-8.285	-10.785
-8.345	-10.925
-8.505	-11.145
-8.525	-11.205
POLYLINE BLACK
-5.685	-9.665
-5.645	-9.805
-5.645	-10.025
-5.785	-10.345
-5.785	-10.385
-6.345	-11.025
-6.745	-11.605
-6.905	-12.005
-6.965	-12.425
-6.965	-12.525
-6.985	-12.665
POLYLINE GRAY
-11.025	0.255
POLYLINE GRAY
-7.035	-9.685
-7.015	-9.605
-7.055	-9.465
-6.975	-9.785
-6.975	-9.785
-7.015	-9.685
-6.975	-9.725
-6.935	-9.825
-6.935	-10.005
-6.915	-10.065
-6.975	-9.765
-6.995	-9.685
-6.995	-9.685
-6.995	-9.725
-6.955	-9.805
-7.015	-9.525
-6.875	-9.865
-6.875	-9.905
-6.995	-9.605
POLYLINE GRAY
-6.855	-9.625
-6.835	-9.765
-7.015	-9.725
-7.095	-9.705
-7.115	-9.745
-6.835	-9.785
-6.735	-9.765
-6.655	-9.805
-6.755	-9.765
-6.895	-9.745
-7.035	-9.685
-7.135	-9.705
-7.175	-9.745
-7.215	-9.745
-6.915	-9.725
-6.875	-9.745
-6.835	-9.725
-7.095	-9.705
-7.115	-9.645
POLYLINE GRAY
-6.975	-9.965
-6.975	-9.745
-6.995	-9.545
-7.015	-9.465
POLYLINE GRAY
-6.575	-9.745
-6.615	-9.765
-6.735	-9.725
-6.895	-9.705
-6.955	-9.725
-7.035	-9.685
POLYLINE GRAY
-6.215	-9.365
-6.075	-9.365
-6.455	-9.245
POLYLINE GRAY
-6.035	-10.045
-6.235	-9.845
POLYLINE GRAY
-6.715	-10.085
-6.675	-10.105
-6.455	-10.525
-6.455	-10.565
POLYLINE GRAY
-7.115	-10.025
-7.095	-10.065
-7.095	-10.305
-7.115	-10.445
POLYLINE GRAY
-7.215	-9.525
-7.275	-9.585
-7.495	-9.645
-7.535	-9.665
POLYLINE GRAY
-7.075	-9.285
-7.255	-9.205
-7.335	-9.125
-7.335	-9.165
-7.515	-9.105
POLYLINE GRAY
-6.615	-8.785
-6.595	-8.825
-6.595	-8.785
-6.575	-9.225
-6.595	-9.345
-6.635	-9.345
-6.715	-9.285
POLYLINE GRAY
-6.155	-9.745
-6.155	-9.505
-6.475	-9.005
-6.635	-8.845
-6.855	-8.685
-7.195	-8.845
-7.235	-8.845
-7.415	-8.965
-7.655	-9.285
-7.695	-9.485
-7.695	-9.645
-7.635	-9.905
-7.555	-10.025
-7.395	-10.185
-7.235	-10.345
-7.115	-10.405
-6.875	-10.465
-6.715	-10.485
-6.655	-10.465
-6.615	-10.485
-6.435	-10.445
-6.215	-10.265
-6.135	-10.165
-6.115	-10.045
-6.055	-9.925
-5.995	-9.685
-5.995	-9.465
-5.975	-9.425
-6.095	-9.105
-6.255	-8.845
-6.575	-8.645
POLYLINE BLACK
-9.900	-3.990
-9.840	-4.035
-9.720	-4.080
-9.540	-4.200
-9.645	-4.080
-9.795	-3.975
-9.585	-4.215
-9.765	-4.065
-9.735	-4.095
POLYLINE BLACK
-9.615	-3.765
-9.615	-3.735
-9.420	-4.080
-9.420	-4.110
-9.525	-4.020
-9.690	-3.840
POLYLINE BLACK
-9.105	-3.465
-9.045	-3.480
-8.985	-3.435
-8.985	-3.405
-8.940	-3.420
-8.805	-3.705
-8.850	-3.705
-9.015	-3.510
-9.030	-3.480
-9.000	-3.510
-8.925	-3.720
-8.970	-3.705
-9.180	-3.435
POLYLINE BLACK
-9.525	-3.630
-9.465	-3.645
-9.405	-3.645
-9.345	-3.660
-9.210	-3.885
-9.375	-3.645
-9.375	-3.615
-9.270	-3.765
-9.255	-3.825
POLYLINE BLACK
-9.750	-3.765
-9.555	-4.005
-9.600	-3.930
-9.675	-3.840
-9.690	-3.810
-9.555	-4.005
POLYLINE BLACK
-9.015	-3.480
-9.045	-3.495
-9.120	-3.495
-9.195	-3.480
-9.270	-3.495
-9.315	-3.495
-9.510	-3.600
-9.570	-3.615
-9.645	-3.675
-9.765	-3.855
-9.900	-4.020
-9.945	-4.110
POLYLINE BLACK
-10.995	-3.075
-10.920	-3.090
-10.830	-3.135
-10.665	-3.255
-10.590	-3.330
-10.125	-3.675
-10.080	-3.690
-9.780	-3.975
-9.675	-4.050
POLYLINE RED
-8.685	-4.365
-8.745	-4.380
-8.850	-4.380
-9.000	-4.440
-9.030	-4.440
-9.060	-4.455
POLYLINE RED
-8.865	-4.290
-8.880	-4.395
-8.955	-4.545
-8.955	-4.575
-8.925	-4.605
-8.700	-4.590
-8.670	-4.575
POLYLINE RED
-8.595	-3.945
-8.625	-3.975
-9.015	-4.155
-9.120	-4.275
-9.150	-4.290
-9.345	-4.545
-9.510	-4.815
-9.525	-4.920
-9.525	-4.995
-9.510	-5.025
-9.405	-5.025
-9.090	-4.980
-8.940	-4.920
-8.670	-4.770
-8.625	-4.770
-8.490	-4.710
-8.355	-4.605
-8.280	-4.485
-8.265	-4.380
-8.265	-4.005
-8.250	-3.855
-8.340	-3.810
-8.385	-3.810
-8.505	-3.840
-8.565	-3.870
POLYLINE GRAY
-12.770	-12.760
POLYLINE GRAY
-18.270	-0.610
POLYLINE GRAY
-21.220	-0.360
-21.120	-0.510
-21.170	-0.660
POLYLINE GRAY
-11.370	1.455
-11.235	1.050
-11.145	0.420
-11.085	-0.060
-11.085	-0.135
-10.995	-0.645
-10.965	-0.750
-10.905	-1.125
POLYLINE GRAY
-11.955	0.690
-11.895	0.615
-11.820	0.435
-11.805	0.360
-11.805	-0.015
-11.685	-0.330
-11.685	-0.480
-11.640	-0.645
-11.580	-1.155
-11.565	-1.785
-11.565	-2.145
-11.535	-2.535
POLYLINE GRAY
-15.960	0.525
-15.645	0.405
-15.105	0.090
-14.910	0.090
-14.715	0.135
-14.505	0.210
-14.460	0.240
-14.250	0.300
-14.025	0.300
-13.695	0.225
-13.500	0.150
-13.470	0.150
-13.410	0.180
-13.350	0.180
-13.185	0.150
-13.020	0.150
-12.690	0.255
-12.555	0.285
-12.465	0.270
-12.225	0.315
-12.120	0.270
-11.700	0.210
-11.610	0.150
-11.535	0.120
-11.505	0.135
POLYLINE GRAY
-15.660	1.590
-15.360	1.440
-15.030	1.320
-14.670	1.275
-14.400	1.320
-14.160	1.305
-14.115	1.290
-13.890	1.275
-13.650	1.290
-13.395	1.275
-13.140	1.215
-13.095	1.185
-12.810	1.095
-12.645	1.095
-12.450	1.170
-12.330	1.170
-12.300	1.155
-12.225	1.155
-12.015	1.275
-11.820	1.275
-11.790	1.290
-11.655	1.290
-11.610	1.305
-11.460	1.305
POLYLINE GRAY
-18.675	1.335
-18.615	1.320
-18.585	1.320
-18.555	1.305
-18.480	1.305
-18.270	1.260
-17.970	1.230
-17.670	1.155
-17.625	1.125
-17.460	1.140
-17.295	1.170
-17.115	1.260
-16.965	1.305
-16.755	1.335
-16.515	1.335
-16.230	1.350
-16.200	1.350
-16.125	1.380
-16.020	1.380
-15.930	1.440
-15.495	1.590
-15.345	1.590
POLYLINE GRAY
-19.635	0.285
-19.545	0.330
-19.395	0.345
-19.170	0.330
-19.005	0.270
-18.855	0.195
-18.720	0.165
-18.570	0.150
-18.465	0.165
-18.375	0.195
-18.195	0.195
-18.075	0.210
-17.760	0.210
-17.565	0.225
-17.355	0.195
-17.115	0.120
-16.980	0.045
-16.905	0.030
-16.470	0.165
-16.365	0.210
-16.170	0.240
-15.885	0.240
POLYLINE BLACK
-19.350	-8.625
-19.350	-8.685
-19.230	-8.775
POLYLINE BLACK
-19.050	-5.665
-19.030	-5.705
POLYLINE BLACK
-18.850	-5.925
POLYLINE BLACK
-19.980	-0.045
POLYLINE BLACK
-18.495	0.795
-18.555	0.975
-18.705	1.215
-18.795	1.380
-19.005	1.620
-19.110	1.845
-19.185	1.875
-19.320	1.980
-19.530	2.280
-19.575	2.310
-19.710	2.505
-19.755	2.535
-19.830	2.700
-19.905	2.805
-19.965	2.820
POLYLINE BLACK
-20.820	1.935
-20.535	1.800
-20.475	1.770
-20.430	1.770
-20.235	1.605
-20.160	1.410
-20.130	1.365
-20.130	1.335
-20.100	1.260
POLYLINE BLACK
-20.760	1.770
POLYLINE BLACK
-20.445	1.650
-20.385	1.500
-20.235	1.260
-20.160	1.065
-20.070	0.930
-19.965	0.675
-19.950	0.600
-19.905	0.495
-19.905	0.465
-19.830	0.345
-19.695	0.120
POLYLINE BROWN
-26.530	0.465
POLYLINE BROWN
-23.580	-2.785
-23.580	-2.785
-23.530	-2.585
-23.080	-2.485
-22.680	-2.685
-22.330	-3.035
-22.330	-3.135
POLYLINE BROWN
-23.780	-3.485
-23.230	-3.785
-23.030	-3.985
-22.480	-4.085
-22.430	-3.835
-22.430	-3.335
POLYLINE BROWN
-23.630	-3.435
-23.480	-3.485
-23.280	-3.435
-23.080	-3.435
-22.830	-3.535
-22.430	-3.885
-22.380	-4.035
-22.280	-4.085
-22.180	-3.985
POLYLINE BROWN
-23.880	-2.985
-23.880	-2.735
-23.730	-2.585
-23.530	-2.635
-23.230	-2.785
-23.030	-3.035
-22.830	-3.485
-22.680	-3.335
-22.380	-2.735
POLYLINE BLACK
-24.080	-3.735
-24.030	-3.935
-24.180	-3.685
-24.180	-3.585
-24.480	-3.185
-24.630	-3.085
POLYLINE BLACK
-23.080	-2.035
-22.330	-2.835
-21.780	-3.735
-21.780	-3.885
-21.730	-3.985
-21.830	-3.985
-22.130	-4.185
-22.280	-4.335
-22.480	-4.335
-22.830	-4.235
-23.030	-4.235
-23.180	-4.185
-23.380	-4.285
-23.730	-4.185
-23.830	-4.185
-24.180	-3.785
POLYLINE BLACK
-27.030	-0.485
-27.230	-0.335
-27.730	-0.685
-27.880	-1.235
-27.880	-1.485
-27.930	-1.685
-27.830	-1.735
-27.530	-1.535
-27.480	-1.235
-27.530	-0.385
-27.680	0.265
POLYLINE BLACK
-25.980	-1.335
-26.080	-1.335
-26.330	-1.485
-26.430	-1.485
-26.580	-1.935
-26.580	-2.135
-26.480	-2.335
-26.380	-2.385
-26.180	-2.235
-25.880	-1.485
-25.930	-1.085
-26.130	-0.535
-26.280	-0.285
-26.380	-0.235
-26.730	-0.435
-27.330	-1.335
-27.280	-1.485
POLYLINE BLACK
-26.230	-1.535
-26.230	-1.685
-26.180	-1.785
-26.280	-1.435
POLYLINE BLACK
-26.430	-2.285
POLYLINE BLACK
-26.930	-1.385
-27.080	-1.585
-27.230	-2.335
-27.280	-3.085
POLYLINE BLACK
-27.530	0.415
-27.630	0.515
-27.630	0.615
POLYLINE BLACK
-27.880	-0.785
POLYLINE BLACK
-27.830	0.815
-27.830	0.715
-27.930	0.615
-28.130	-0.135
POLYLINE BLACK
-26.480	2.415
-26.430	2.565
-26.630	2.865
-27.030	2.965
-27.380	3.115
-27.480	2.965
-27.530	2.365
-27.430	1.865
-27.330	1.765
-27.030	1.965
-26.930	2.665
-26.980	3.315
-26.980	3.415
POLYLINE BLACK
-26.430	1.315
-26.880	1.365
-27.080	1.365
-27.330	0.815
-27.430	0.315
-27.430	-0.535
-27.330	-0.585
-27.080	-0.535
-26.930	-0.385
-26.580	0.515
-26.530	0.815
-26.580	1.015
-26.680	1.115
-26.680	1.215
-26.880	1.415
POLYLINE BLACK
-25.580	1.665
POLYLINE BLACK
-25.730	1.265
-25.930	0.865
-26.080	0.365
-26.130	-0.235
-26.130	-0.585
-26.030	-0.635
POLYLINE BLACK
-24.330	0.765
-24.430	0.965
-24.480	1.265
-24.230	1.265
-24.230	1.665
-24.380	2.015
-24.980	2.615
-25.780	3.315
-25.880	3.165
-25.930	2.915
-25.730	1.965
-25.580	1.565
-25.130	1.065
-24.580	0.665
-24.380	0.715
-24.230	0.865
-24.230	0.965
POLYLINE BLACK
-24.430	-0.785
-24.430	-0.185
-24.580	0.415
-24.680	0.515
-24.830	0.215
-24.930	-0.335
-24.930	-0.885
-24.830	-1.235
-24.680	-1.185
-24.180	-1.285
-24.030	-1.185
-23.980	-1.035
POLYLINE BLACK
-23.020	1.745
-23.410	1.835
-23.530	1.895
POLYLINE BLACK
-22.870	2.285
-23.230	2.105
-23.560	1.985
-23.620	2.015
POLYLINE BLACK
-22.720	2.915
-22.720	2.855
-22.780	2.885
-23.050	2.765
-23.290	2.765
-23.350	2.795
-23.380	2.735
POLYLINE BLACK
-22.600	3.305
-22.600	3.305
-22.810	3.245
-23.110	3.245
-23.290	3.275
-23.410	3.335
POLYLINE BLACK
-23.050	2.075
-23.050	2.075
-22.870	2.555
-22.810	2.825
-22.750	2.945
-22.600	3.605
-22.540	3.905
-22.510	4.085
POLYLINE BLACK
-23.290	1.925
-23.020	1.805
-22.690	1.805
-22.570	1.745
-22.510	1.775
-22.450	1.745
-22.300	1.745
-21.910	1.835
-21.790	1.805
-21.670	1.865
-21.460	1.865
-21.340	1.895
-21.160	1.895
-21.100	1.925
-21.040	1.895
-20.890	1.925
-20.770	1.925
-20.650	1.895
-20.590	1.925
-20.530	1.895
-20.470	1.925
-20.320	1.895
POLYLINE BLACK
-23.140	3.095
-22.960	2.945
-22.720	2.885
-22.450	2.945
-22.390	3.005
-22.240	3.005
-22.180	3.035
-21.790	3.005
-21.490	2.945
-21.280	2.945
-21.130	2.975
-20.710	2.975
-20.530	2.945
-20.230	2.915
-19.990	2.825
POLYLINE GRAY
-44.380	-0.955
POLYLINE GRAY
-44.530	-0.805
POLYLINE GRAY
-33.370	2.405
-33.490	2.435
-33.610	2.495
-33.730	2.465
-33.820	2.465
-33.880	2.435
-33.880	2.315
-33.790	2.045
-33.700	1.835
-33.520	1.685
-33.430	1.775
-33.370	1.955
-33.400	2.225
-33.550	2.375
POLYLINE GRAY
-33.220	4.055
-33.160	3.875
-33.220	3.725
-33.460	3.515
-33.550	3.065
-33.550	2.705
-33.580	2.645
-33.550	2.585
POLYLINE GRAY
-30.040	0.965
-29.980	0.905
-30.550	0.605
-30.940	0.515
POLYLINE GRAY
-30.970	0.455
-30.940	0.395
-30.880	0.635
-30.880	0.935
-30.940	1.175
-30.940	1.325
-30.970	1.445
-30.760	1.175
-30.490	0.455
-30.460	0.245
-30.460	0.335
-30.670	0.995
-30.730	1.265
-30.550	0.455
-30.550	0.215
POLYLINE GRAY
-29.950	0.875
-29.890	0.815
-30.460	0.785
-31.000	0.665
-31.120	0.755
POLYLINE GRAY
-31.300	1.145
-31.270	1.295
-31.240	1.355
POLYLINE GRAY
-29.650	1.565
-29.560	2.015
-29.560	2.255
POLYLINE GRAY
-30.550	1.805
-30.550	1.805
-30.520	1.955
-30.520	2.525
-30.490	2.735
POLYLINE GRAY
-31.780	1.205
-31.870	2.195
-31.870	2.375
POLYLINE GRAY
-31.990	0.875
-32.290	1.025
-32.560	1.325
-32.590	1.385
POLYLINE GRAY
-31.750	0.365
-31.810	0.335
-32.260	0.365
-32.440	0.485
POLYLINE GRAY
-31.270	-0.115
-31.390	-0.415
-31.780	-0.745
POLYLINE GRAY
-30.370	-0.505
-30.850	-1.165
-30.910	-1.165
POLYLINE GRAY
-29.140	1.385
-29.110	1.475
-29.710	2.465
-30.040	2.885
-30.640	2.945
-30.880	2.945
-31.300	2.825
-31.540	2.765
-31.780	2.525
-32.140	2.225
-32.200	2.105
-32.710	1.535
-32.830	1.205
-32.830	0.875
-32.770	0.545
-32.770	0.455
-32.740	0.335
-32.290	-0.085
-31.960	-0.295
-31.330	-0.865
-30.670	-1.315
-30.550	-1.375
-30.520	-1.435
-30.010	-1.465
-29.530	-1.585
-29.320	-1.405
POLYLINE BLUE
-24.340	4.395
-24.200	4.435
POLYLINE BLUE
-21.940	-0.225
-21.940	-0.285
-21.880	-0.225
-21.800	-0.205
-21.700	-0.085
-21.640	-0.165
-21.640	-0.345
-21.620	-0.585
-21.640	-0.785
-21.660	-0.825
-21.660	-0.765
-21.680	-0.725
POLYLINE BLUE
-22.580	-0.305
-22.580	-0.345
-22.540	-0.385
-22.420	-0.265
-22.280	-0.045
-22.240	-0.345
-22.240	-0.465
-22.220	-0.505
-22.120	-0.105
-22.080	-0.125
-22.000	-0.305
-22.000	-0.365
-21.980	-0.405
-21.800	-0.145
POLYLINE BLUE
-23.220	-0.325
-23.220	-0.285
-22.960	0.135
-22.940	0.175
-22.840	0.055
-22.820	-0.145
-23.080	-0.405
-22.860	-0.345
-22.820	-0.365
-22.740	-0.345
-22.660	-0.345
-22.620	-0.365
POLYLINE BLACK
-22.440	-0.395
-22.690	-0.395
-22.790	-0.345
POLYLINE BLACK
-22.940	-1.145
-23.390	-0.895
-23.490	-0.845
POLYLINE BLACK
-23.190	-1.645
-23.140	-1.745
-23.290	-1.795
-23.490	-1.745
-23.590	-1.745
-23.690	-1.645
POLYLINE BLACK
-23.290	-2.145
-23.140	-2.595
-23.090	-2.695
-23.190	-2.695
-23.340	-2.595
-23.540	-2.545
-23.940	-2.245
-24.040	-2.245
POLYLINE BLACK
-23.740	-2.745
-23.640	-2.745
-23.190	-2.245
-22.990	-1.895
-22.690	-0.295
POLYLINE BLACK
-23.190	-2.745
-22.990	-3.195
-22.740	-3.245
-22.640	-3.245
-22.440	-3.095
-21.940	-3.095
-21.040	-2.745
-20.890	-2.745
-19.690	-2.445
-19.040	-1.895
-18.940	-1.895
-18.790	-1.695
POLYLINE BLACK
-23.190	-2.745
-23.090	-2.745
-23.440	-2.845
-24.740	-3.045
-25.890	-3.495
-26.040	-3.495
-27.540	-3.795
-27.890	-3.795
-28.190	-3.595
-28.640	-2.995
-29.140	-2.445
-29.490	-1.695
-29.440	-1.445
-29.490	-1.245
-29.640	-0.845
-29.640	-0.245
-29.690	-0.045
-29.590	0.205
-29.290	0.605
-29.340	1.005
-29.240	1.605
-28.840	2.755
-28.890	2.955
-28.790	3.405
-28.540	4.155
-28.290	4.705
-28.190	5.155
-27.240	6.405
-27.140	6.405
-26.790	6.755
-26.190	7.605
-25.890	7.805
-25.790	7.805
POLYLINE BLACK
-22.490	3.455
-22.540	3.655
-22.790	4.405
-23.190	5.755
-23.640	6.405
-23.990	6.705
-24.390	6.955
-24.690	7.005
-25.640	7.405
-25.990	7.455
POLYLINE BLACK
-22.790	-0.345
-22.790	-0.245
-22.690	-0.095
-22.590	0.305
-22.590	0.555
-22.340	1.055
-22.290	1.505
-22.290	2.055
-22.240	2.255
-22.240	2.705
-22.290	2.955
-22.290	3.305
-22.340	3.505
-22.340	3.605
POLYLINE BLACK
-26.290	-6.195
POLYLINE BLACK
-19.595	0.280
-19.700	0.235
-19.730	0.235
-19.820	0.175
-19.940	0.115
-20.120	-0.050
-20.390	-0.200
-20.600	-0.245
-20.705	-0.230
-20.810	-0.245
-21.095	-0.380
-21.275	-0.440
-21.380	-0.440
-21.440	-0.425
-21.470	-0.440
-21.785	-0.455
-21.905	-0.455
-22.205	-0.530
-22.325	-0.575
-22.400	-0.560
-22.460	-0.560
-22.535	-0.545
-22.625	-0.545
-22.655	-0.530
-22.745	-0.530
-22.805	-0.560
-22.835	-0.560
POLYLINE BLACK
-21.290	-1.005
POLYLINE BLACK
-17.910	0.175
-17.990	0.155
-18.090	0.155
-18.330	0.255
-18.410	0.315
-18.690	0.395
-18.910	0.515
-18.970	0.495
-19.170	0.535
-19.230	0.515
-19.290	0.535
-19.410	0.495
-19.570	0.475
-19.750	0.415
-19.910	0.255
POLYLINE BLACK
-17.330	-1.925
-17.410	-1.965
-17.590	-1.985
-17.910	-1.965
-17.970	-1.965
-18.230	-2.105
-18.270	-2.105
-18.410	-2.205
-18.610	-2.245
-18.790	-2.265
-18.970	-2.205
-19.130	-2.045
-19.470	-1.805
-19.510	-1.805
POLYLINE BLACK
-16.710	0.175
POLYLINE BLACK
-15.570	-0.105
-15.550	-0.145
-15.710	-0.245
-16.050	-0.645
-16.450	-1.005
-16.670	-1.145
-16.730	-1.205
-16.990	-1.405
-17.050	-1.425
-17.130	-1.505
-17.430	-1.685
-17.470	-1.745
-17.570	-1.805
-17.650	-1.885
POLYLINE BLACK
-13.850	1.095
-13.830	1.055
-13.910	1.095
-13.990	1.175
-14.310	1.455
-14.350	1.455
-14.430	1.515
-14.570	1.555
-14.850	1.555
-14.910	1.575
-14.990	1.535
-15.030	1.555
-15.370	1.455
-15.450	1.435
-15.650	1.315
-15.890	1.115
-16.070	1.055
-16.190	1.035
-16.450	0.995
-16.610	0.995
-16.770	0.935
-16.810	0.955
-16.890	0.935
-17.010	0.815
-17.350	0.575
-17.690	0.235
-17.870	0.115
-17.890	0.035
-17.930	-0.005
-17.970	-0.005
POLYLINE BROWN
-14.650	0.175
-14.390	0.275
-14.210	0.295
-14.070	0.275
-14.010	0.275
-13.770	0.215
POLYLINE BROWN
-14.850	0.095
-14.830	0.035
POLYLINE BROWN
-13.770	0.215
-13.430	0.315
-13.250	0.315
-13.150	0.295
-12.950	0.155
POLYLINE BROWN
-14.370	-0.245
-14.070	-0.425
-14.010	-0.465
-13.930	-0.465
-13.850	-0.445
-13.810	-0.445
POLYLINE BROWN
-13.030	-0.825
-13.110	-0.845
-13.250	-0.825
-13.370	-0.865
-13.450	-1.025
-13.470	-1.165
-13.450	-1.285
-13.270	-1.765
-13.170	-1.945
-13.130	-1.945
-12.810	-1.625
-12.650	-1.425
-12.630	-1.305
-12.630	-1.125
-12.650	-1.025
POLYLINE BROWN
-12.750	-0.025
-12.810	-0.425
-12.730	-0.725
-12.570	-0.965
-12.490	-0.985
-12.210	-0.705
-12.170	-0.685
-12.170	-0.645
-12.590	-0.145
-12.970	-0.225
-13.110	-0.285
-13.090	-0.365
POLYLINE BROWN
-12.750	-0.025
POLYLINE BROWN
-11.770	-0.965
-11.870	-0.885
-12.110	-0.785
-12.410	-0.765
-12.430	-0.825
-12.370	-1.145
-12.250	-1.305
-12.070	-1.445
-11.910	-1.445
-11.530	-1.285
-11.390	-1.205
-11.350	-1.205
-11.330	-1.145
-11.670	-0.845
-11.850	-0.725
POLYLINE BROWN
-11.230	-1.405
-11.350	-1.265
-11.570	-1.125
-11.810	-1.045
-11.910	-1.045
-12.190	-0.965
-12.230	-0.985
POLYLINE BLACK
-9.350	-3.575
-9.500	-3.525
-9.700	-3.325
-10.600	-2.825
-11.150	-2.725
-11.350	-2.675
-11.550	-2.575
-11.700	-2.575
-12.450	-2.275
-12.650	-2.225
-13.400	-1.975
-14.550	-1.275
-15.200	-0.525
-15.550	-0.175
-15.750	-0.075
-15.800	0.025
POLYLINE BLACK
-6.400	-3.325
-6.450	-3.025
-6.700	-2.475
-7.000	-2.025
-7.150	-1.875
-7.600	-1.725
-8.050	-1.675
-8.500	-1.825
-8.850	-1.725
-9.050	-1.775
-9.150	-1.775
-9.300	-1.575
-9.700	-1.475
-10.800	-0.625
-11.050	-0.525
-11.800	0.025
-12.650	0.475
-13.100	0.725
-13.200	0.725
-13.400	0.875
-13.600	0.925
-13.850	1.025
-13.950	1.125
-14.050	1.025
POLYLINE BROWN
-2.980	-2.605
-2.920	-2.605
-2.590	-2.485
-2.260	-2.635
-2.050	-2.485
-2.020	-2.425
POLYLINE BROWN
-1.930	-2.065
-1.930	-2.125
-1.750	-2.095
-1.540	-2.005
-1.330	-2.065
-1.150	-2.215
-1.090	-2.215
-0.850	-2.035
POLYLINE BROWN
-0.250	-1.855
-0.280	-1.915
-0.220	-1.825
0.080	-1.705
0.140	-1.765
0.200	-1.915
0.380	-2.065
0.500	-2.035
POLYLINE BROWN
2.000	-1.765
2.000	-1.705
2.240	-1.975
2.300	-1.975
2.570	-1.795
2.630	-1.825
POLYLINE GREEN
3.050	-0.955
3.170	-0.925
3.170	-1.135
3.140	-1.345
3.170	-1.405
3.260	-1.375
POLYLINE GREEN
2.930	-1.105
3.020	-1.015
3.020	-1.135
2.960	-1.315
3.020	-1.435
POLYLINE GREEN
2.690	-1.045
2.720	-1.195
2.720	-1.345
2.840	-1.465
2.870	-1.405
POLYLINE GREEN
2.360	-1.165
2.420	-1.165
2.480	-1.105
2.480	-1.255
2.540	-1.435
2.540	-1.525
2.570	-1.585
2.690	-1.585
2.810	-1.525
POLYLINE BLUE
3.980	0.995
4.100	1.025
4.160	1.085
4.160	1.175
4.190	1.235
4.250	1.205
4.250	1.295
4.280	1.415
POLYLINE BLUE
3.800	0.575
3.830	0.665
3.980	0.695
3.980	0.635
POLYLINE BLUE
3.770	0.845
3.860	0.965
3.950	1.115
4.310	1.475
4.370	1.415
4.370	1.325
4.220	1.235
POLYLINE BLUE
3.650	-0.205
3.620	-0.085
3.770	0.305
3.830	0.365
3.830	0.425
POLYLINE BLUE
4.460	-0.355
4.430	-0.265
4.310	-0.145
4.190	0.125
4.190	0.245
4.160	0.365
POLYLINE BLUE
-0.640	0.425
-0.580	0.425
-0.820	0.335
-0.880	0.275
-0.730	0.305
-0.580	0.395
-0.490	0.485
POLYLINE BLUE
-1.060	0.875
-1.060	0.965
-0.910	1.415
-0.850	1.505
-0.700	1.505
-0.580	1.475
-0.460	1.475
-0.340	1.415
-0.310	1.235
-0.310	1.115
-0.370	0.965
-0.490	0.845
-0.550	0.935
POLYLINE BLUE
-1.480	-1.255
-1.480	-1.375
-1.510	-1.225
-1.480	-1.075
-1.240	-0.685
-1.210	-0.565
-0.940	-0.115
-0.820	0.005
-0.790	0.125
POLYLINE BLUE
0.440	-1.195
-0.010	-0.805
-0.220	-0.385
-0.250	-0.265
-0.460	0.005
-0.610	0.335
POLYLINE BLUE
3.980	-0.055
3.860	-0.175
3.590	-0.325
3.020	-0.505
2.630	-0.805
2.360	-0.835
2.150	-0.955
1.850	-0.985
1.730	-0.985
1.370	-1.105
1.190	-1.075
1.010	-1.075
0.950	-1.105
0.740	-1.045
0.530	-1.195
0.410	-1.195
0.350	-1.165
0.230	-1.195
0.110	-1.015
POLYLINE BLUE
-4.180	-3.535
-4.180	-3.595
-4.060	-3.625
-3.670	-3.625
-3.400	-3.595
-3.280	-3.565
-2.980	-3.355
-2.380	-3.175
-2.320	-3.205
-1.930	-3.055
-1.690	-3.025
-1.570	-2.935
-0.850	-2.605
-0.520	-2.545
-0.220	-2.455
-0.040	-2.455
0.170	-2.485
0.380	-2.455
0.830	-2.485
1.130	-2.635
1.730	-2.605
1.850	-2.635
2.000	-2.605
2.090	-2.605
2.240	-2.575
2.420	-2.545
2.660	-2.365
3.020	-2.215
3.260	-2.215
3.320	-2.155
3.440	-2.125
3.680	-2.035
3.830	-2.005
4.190	-1.645
4.280	-1.375
4.340	-1.285
4.340	-1.225
4.400	-1.165
4.430	-1.045
4.490	-0.835
4.490	-0.715
4.340	-0.475
4.280	-0.325
4.160	-0.205
4.100	-0.235
3.980	-0.175
3.800	-0.265
POLYLINE BLUE
-6.130	-2.275
-6.070	-2.425
-5.830	-2.395
-5.620	-2.395
-5.500	-2.365
-5.380	-2.335
-5.170	-2.275
-5.020	-2.245
-4.900	-2.155
-4.780	-2.125
-4.600	-1.975
-4.300	-1.915
-4.150	-1.885
-4.030	-1.915
-3.760	-1.915
-3.580	-1.855
-3.520	-1.855
-3.220	-1.675
-3.100	-1.675
-2.890	-1.645
-2.710	-1.615
POLYLINE BLACK
-9.490	-3.400
POLYLINE BLACK
-9.370	-3.610
POLYLINE BLACK
-10.480	-4.780
-10.360	-4.750
-10.150	-4.630
-9.640	-4.120
-9.610	-4.000
-9.550	-3.760
-9.460	-3.640
POLYLINE BLACK
-10.570	-4.780
POLYLINE BLACK
-8.200	-4.420
-7.990	-5.140
-8.050	-5.140
-8.200	-5.050
-8.320	-5.050
-8.440	-5.110
-8.890	-5.590
-8.980	-5.740
-8.980	-6.130
-8.950	-6.370
-8.890	-6.460
-8.410	-6.700
-7.870	-6.700
-7.810	-6.670
POLYLINE BLACK
-5.200	-4.990
-5.110	-5.050
-5.080	-4.930
-5.110	-4.780
-5.350	-4.570
-5.740	-4.420
-6.130	-4.330
-6.340	-4.330
-6.820	-4.450
-7.120	-4.480
-7.300	-4.450
-7.450	-4.480
POLYLINE BLACK
-5.440	-5.260
-5.290	-5.350
POLYLINE BLACK
-6.130	-6.700
-6.070	-6.430
-6.070	-6.130
-6.130	-5.920
-6.400	-5.650
-6.550	-5.500
-6.580	-5.440
-7.150	-5.290
-7.510	-5.110
-7.630	-5.230
-7.720	-5.500
-7.720	-5.680
-7.630	-5.920
-7.600	-6.310
-7.630	-6.520
-7.690	-6.670
-7.690	-6.760
POLYLINE BLACK
-7.390	-7.390
-7.330	-7.540
-7.150	-7.570
-6.730	-7.450
-6.670	-7.450
POLYLINE BLACK
-6.520	-7.570
-6.340	-7.390
-6.070	-7.300
-5.890	-7.120
-5.950	-6.850
-5.950	-6.790
-6.340	-6.640
-6.550	-6.640
-6.610	-6.610
-6.700	-6.640
-6.940	-6.640
-7.210	-6.580
-7.300	-6.580
-7.690	-6.850
-7.900	-7.060
-8.110	-7.420
-8.110	-7.480
-7.930	-7.540
-7.780	-7.540
-7.720	-7.570
POLYLINE BLACK
-7.000	-7.660
POLYLINE BLACK
-4.900	-3.430
-4.990	-3.460
-5.320	-3.340
-5.530	-3.340
-5.680	-3.310
-5.890	-3.310
-6.250	-3.370
-6.370	-3.340
-6.850	-3.400
-7.450	-3.400
-7.630	-3.430
-8.140	-3.520
-8.320	-3.550
POLYLINE BLACK
-8.290	-8.200
-8.440	-7.930
-8.740	-7.480
-9.250	-6.970
-9.280	-6.910
-9.340	-6.940
-9.490	-6.850
-9.580	-6.850
-9.850	-6.730
-9.940	-6.730
-10.180	-6.580
-10.420	-6.400
-10.480	-6.400
-10.690	-6.160
POLYLINE BLACK
-3.850	-4.630
-3.850	-4.510
-3.910	-4.300
-4.240	-4.030
-4.570	-3.850
-4.720	-3.880
-4.870	-3.730
-4.960	-3.640
-5.080	-3.580
-5.230	-3.370
POLYLINE BLACK
-4.450	-4.030
POLYLINE BLACK
-2.320	-5.860
-2.530	-6.070
-2.710	-6.220
-3.010	-6.370
-3.310	-6.550
-3.940	-6.820
-4.540	-7.420
-4.810	-7.810
-5.020	-8.110
-5.350	-8.800
-5.440	-8.950
-5.620	-9.310
-5.680	-9.370
-5.740	-9.370
-5.800	-9.430
-5.920	-9.460
-5.980	-9.490
POLYLINE BLUE
-1.200	-4.380
-1.300	-4.420
-1.760	-4.840
-1.740	-4.760
-1.340	-4.020
-1.360	-3.980
-1.220	-4.080
-1.180	-4.080
-1.020	-4.200
-0.940	-4.300
-0.940	-4.340
-1.000	-4.240
-1.180	-4.160
-1.260	-4.240
-1.340	-4.460
-1.320	-4.380
-1.300	-4.340
-1.460	-4.500
-1.280	-4.220
-1.220	-4.080
-1.420	-4.220
-1.620	-4.480
-1.660	-4.580
-1.700	-4.620
-1.580	-4.500
-1.440	-4.280
-1.340	-4.060
POLYLINE BLUE
-0.580	-2.340
-0.560	-2.400
-0.700	-2.660
-1.000	-3.020
-1.040	-3.060
-1.080	-3.060
-1.180	-3.180
-1.140	-2.700
-1.060	-2.380
-1.020	-2.300
-0.840	-2.240
-0.760	-2.240
-0.560	-2.300
-0.600	-2.280
-0.740	-2.420
-1.000	-3.040
-1.040	-3.100
-1.080	-3.060
-0.980	-2.500
-0.920	-2.660
-0.900	-2.840
-0.880	-2.700
-0.880	-2.260
-0.900	-2.140
-0.860	-2.520
-0.880	-2.560
-0.900	-2.520
POLYLINE BLUE
0.260	-3.200
0.240	-3.240
-0.060	-3.420
-0.400	-3.640
-0.440	-3.580
-0.360	-3.160
-0.220	-2.860
-0.040	-2.860
0.140	-2.960
0.260	-3.140
0.140	-3.060
0.100	-2.940
-0.020	-3.280
-0.120	-3.500
-0.160	-3.440
-0.120	-3.060
-0.100	-3.020
-0.120	-3.260
-0.140	-3.200
-0.140	-2.840
-0.160	-2.920
-0.160	-3.100
-0.240	-3.300
-0.320	-3.360
-0.360	-3.320
-0.380	-3.240
POLYLINE BLACK
0.460	-1.100
0.380	-1.080
POLYLINE BLACK
0.400	-0.780
0.300	-0.880
POLYLINE BLACK
0.220	-0.760
0.240	-0.720
0.160	-0.560
0.160	-0.520
POLYLINE BLACK
-0.240	-0.520
-0.320	-0.460
-0.360	-0.360
POLYLINE BLACK
-0.320	-0.600
-0.340	-0.640
-0.480	-0.660
-0.560	-0.640
POLYLINE BLACK
-0.400	-0.700
-0.320	-0.780
-0.300	-0.860
-0.360	-1.020
-0.400	-1.060
POLYLINE BLACK
-0.040	-1.000
-0.200	-1.200
-0.220	-1.260
-0.260	-1.240
POLYLINE BLACK
0.360	-0.700
0.120	-0.500
-0.060	-0.320
-0.140	-0.260
-0.300	-0.220
-0.420	-0.300
-0.480	-0.400
-0.560	-0.640
-0.560	-0.900
-0.500	-1.000
-0.340	-1.160
0.000	-1.320
0.200	-1.360
0.340	-1.400
0.400	-1.440
0.480	-1.420
0.520	-1.260
0.520	-1.000
0.420	-0.720
0.320	-0.640
POLYLINE BLACK
1.360	0.020
1.160	0.180
1.080	0.220
0.820	0.220
0.680	0.200
0.440	-0.040
0.380	-0.080
0.300	-0.300
0.240	-0.540
0.220	-0.580
0.220	-0.660
0.360	-0.960
0.460	-1.040
0.640	-1.400
0.940	-1.480
1.040	-1.480
1.260	-1.400
1.420	-1.260
1.460	-1.240
POLYLINE BLACK
-0.480	-0.440
-0.400	-0.440
-0.360	-0.460
-0.240	-0.340
-0.200	-0.180
-0.220	-0.100
-0.420	0.120
-0.420	0.160
-0.460	0.200
POLYLINE BLUE
-1.980	-3.900
-2.060	-4.220
-2.060	-4.280
-1.920	-4.740
-1.840	-4.900
-1.820	-5.000
-1.860	-5.000
-2.160	-4.720
-2.400	-4.580
-2.460	-4.700
-2.480	-4.900
-2.660	-5.200
-2.700	-5.280
-2.740	-5.300
-2.920	-5.040
-3.000	-5.020
-3.060	-5.040
-3.140	-5.260
-3.140	-5.300
-3.240	-5.420
-3.260	-5.480
POLYLINE BLUE
-1.520	-3.820
-1.460	-4.080
POLYLINE BLUE
-0.740	-3.280
-0.740	-3.320
-0.780	-3.340
-0.920	-3.660
POLYLINE BLUE
-0.020	-2.960
0.040	-3.320
0.020	-3.660
-0.100	-3.780
-0.280	-3.760
POLYLINE BLUE
-0.320	-2.560
-0.040	-2.900
-0.020	-2.960
POLYLINE BLUE
-0.780	-2.240
-0.620	-2.640
-0.520	-2.800
-0.480	-2.820
POLYLINE BLUE
-3.520	-4.780
-3.580	-4.880
-3.700	-5.160
-3.840	-5.380
-3.880	-5.580
-3.880	-5.720
-3.860	-5.960
-3.860	-6.160
POLYLINE BLUE
0.700	-3.200
0.560	-2.980
0.220	-2.540
0.140	-2.380
-0.280	-1.820
-0.560	-1.580
-0.660	-1.520
-0.840	-1.500
-1.080	-1.500
-1.120	-1.480
POLYLINE BLUE
0.740	-3.240
POLYLINE BLACK
-1.540	-1.980
-1.520	-2.020
-1.520	-2.220
-1.620	-2.500
-1.800	-2.680
-2.000	-2.980
-2.040	-3.140
-2.180	-3.440
-2.400	-3.760
-2.540	-4.040
-2.840	-4.420
-2.980	-4.580
-3.060	-4.740
-3.120	-4.740
-3.420	-4.920
-3.460	-4.940
-3.500	-4.920
-3.580	-5.000
-3.600	-5.060
POLYLINE BLACK
1.280	0.240
1.360	0.020
1.420	-0.360
1.540	-0.700
1.580	-0.980
1.580	-1.220
1.540	-1.500
1.480	-1.720
1.340	-1.980
1.300	-2.160
1.080	-2.720
1.060	-2.860
1.020	-2.900
1.000	-2.980
0.920	-3.120
0.840	-3.200
0.740	-3.420
0.740	-3.460
0.580	-3.700
0.040	-4.200
-0.060	-4.260
-0.100	-4.300
-0.160	-4.300
-0.420	-4.500
-0.780	-4.920
-0.920	-5.140
-1.040	-5.260
-1.700	-5.700
-1.880	-5.800
-2.080	-5.820
-2.180	-5.840
-2.260	-5.840
-2.600	-6.020
-2.640	-6.060
POLYLINE BLACK
1.220	0.520
1.220	0.560
0.980	0.720
0.840	0.720
0.660	0.680
0.620	0.640
0.480	0.640
0.060	0.520
0.020	0.520
-0.180	0.460
-0.360	0.460
-0.440	0.340
-0.500	0.240
-0.660	0.020
-0.800	-0.160
-0.980	-0.440
-1.040	-0.500
-1.180	-0.700
-1.200	-0.760
-1.320	-0.820
-1.480	-1.380
-1.500	-1.480
-1.540	-1.640
-1.600	-1.860
-1.700	-1.960
-1.740	-2.040

ELEVATION
STATIONS
0.000	0.000	1.0
0.060	-2.409	1.1
3.173	-10.565	1.2
5.677	-17.615	1.3
7.317	-17.326	1.4
9.985	-18.009	1.5
14.679	-18.715	1.6
17.070	-21.307	1.7
15.295	-23.162	1.8
10.830	-24.136	1.9
7.654	-24.560	1.10
3.849	-24.820	1.11
19.606	-23.397	1.12
24.345	-23.473	1.13
26.726	-24.203	1.14
29.458	-23.656	1.15
33.171	-22.890	1.16
37.576	-23.656	1.17
41.551	-19.780	1.18
43.590	-20.195	1.19
46.633	-19.037	1.20
48.775	-18.995	1.21
54.257	-18.311	1.22
58.050	-16.662	1.23
60.288	-18.841	1.24
14.393	-20.212	1.25
20.089	-20.277	1.26
22.695	-20.001	1.27
26.189	-18.272	1.28
28.896	-16.928	1.29
32.720	-16.694	1.30
35.175	-16.221	1.31
37.507	-19.625	1.32
44.230	-26.138	1.33
46.209	-26.592	1.34
51.062	-31.047	1.35
53.577	-33.248	1.36
57.091	-36.346	1.37
56.364	-27.815	1.38
59.794	-28.181	1.39
63.910	-27.884	1.40
SHOTS
59.794	-28.181	63.910	-27.884
56.364	-27.815	59.794	-28.181
59.794	-28.181	59.929	-28.316
59.794	-28.181	59.641	-27.946
51.062	-31.047	56.364	-27.815
56.364	-27.815	54.101	-27.890
56.364	-27.815	54.149	-27.955
56.364	-27.815	56.105	-27.628
56.364	-27.815	56.257	-27.461
56.364	-27.815	56.587	-27.731
53.577	-33.248	57.091	-36.346
57.091	-36.346	57.402	-36.332
57.091	-36.346	58.411	-36.694
57.091	-36.346	58.242	-37.413
57.091	-36.346	56.051	-35.908
57.091	-36.346	61.563	-40.240
57.091	-36.346	61.431	-40.286
57.091	-36.346	61.409	-40.252
57.091	-36.346	61.382	-40.202
57.091	-36.346	61.466	-40.311
57.091	-36.346	61.389	-40.256
51.062	-31.047	53.577	-33.248
53.577	-33.248	53.584	-32.897
53.577	-33.248	55.044	-33.287
53.577	-33.248	53.903	-33.268
53.577	-33.248	51.458	-32.101
46.209	-26.592	51.062	-31.047
51.062	-31.047	51.222	-31.184
51.062	-31.047	50.602	-30.893
51.062	-31.047	49.511	-31.030
51.062	-31.047	52.738	-31.487
44.230	-26.138	46.209	-26.592
46.209	-26.592	45.943	-26.934
46.209	-26.592	47.524	-26.950
46.209	-26.592	46.788	-26.501
46.209	-26.592	45.204	-26.080
46.209	-26.592	50.950	-30.898
37.507	-19.625	44.230	-26.138
44.230	-26.138	44.436	-25.792
44.230	-26.138	42.385	-24.920
44.230	-26.138	42.021	-23.973
44.230	-26.138	44.318	-26.027
44.230	-26.138	45.141	-27.041
44.230	-26.138	46.080	-26.544
44.230	-26.138	46.147	-26.582
35.175	-16.221	37.507	-19.625
37.507	-19.625	38.063	-19.460
37.507	-19.625	39.246	-20.099
37.507	-19.625	38.484	-20.214
37.507	-19.625	37.072	-19.192
37.507	-19.625	36.953	-19.235
37.507	-19.625	44.176	-26.074
32.720	-16.694	35.175	-16.221
35.175	-16.221	33.053	-14.783
35.175	-16.221	34.976	-15.976
35.175	-16.221	35.421	-16.474
35.175	-16.221	36.040	-16.337
35.175	-16.221	34.413	-16.198
28.896	-16.928	32.720	-16.694
32.720	-16.694	35.892	-14.468
32.720	-16.694	35.675	-11.773
32.720	-16.694	32.658	-15.078
32.720	-16.694	32.047	-14.784
32.720	-16.694	31.375	-15.838
32.720	-16.694	29.083	-16.990
32.720	-16.694	28.972	-17.232
32.720	-16.694	31.109	-16.805
32.720	-16.694	33.063	-16.445
32.720	-16.694	32.082	-14.125
32.720	-16.694	33.873	-11.603
32.720	-16.694	34.118	-13.912
32.720	-16.694	33.395	-15.663
26.189	-18.272	28.896	-16.928
28.896	-16.928	28.914	-17.165
28.896	-16.928	33.211	-16.889
28.896	-16.928	36.666	-15.052
28.896	-16.928	29.395	-16.802
28.896	-16.928	26.757	-17.031
28.896	-16.928	28.790	-15.888
22.695	-20.001	26.189	-18.272
26.189	-18.272	27.761	-17.085
26.189	-18.272	28.299	-17.284
26.189	-18.272	26.692	-17.990
26.189	-18.272	24.378	-18.577
20.089	-20.277	22.695	-20.001
22.695	-20.001	22.751	-19.896
22.695	-20.001	22.682	-19.568
22.695	-20.001	22.266	-19.956
14.393	-20.212	20.089	-20.277
20.089	-20.277	20.088	-20.320
20.089	-20.277	20.036	-20.257
20.089	-20.277	19.987	-19.895
20.089	-20.277	17.985	-20.188
20.089	-20.277	18.005	-20.241
9.985	-18.009	14.393	-20.212
14.393	-20.212	15.796	-20.396
14.393	-20.212	17.733	-20.442
14.393	-20.212	16.395	-20.197
14.393	-20.212	15.211	-20.383
14.393	-20.212	14.968	-20.205
14.393	-20.212	12.684	-19.974
14.393	-20.212	13.224	-20.021
14.393	-20.212	12.038	-16.946
58.050	-16.662	60.288	-18.841
54.257	-18.311	58.050	-16.662
48.775	-18.995	54.257	-18.311
54.257	-18.311	54.115	-18.229
54.257	-18.311	55.113	-17.785
54.257	-18.311	53.900	-18.661
54.257	-18.311	52.581	-18.224
54.257	-18.311	53.005	-18.252
54.257	-18.311	54.377	-18.203
54.257	-18.311	54.381	-18.059
54.257	-18.311	58.010	-16.734
46.633	-19.037	48.775	-18.995
48.775	-18.995	47.617	-18.841
48.775	-18.995	48.569	-18.939
48.775	-18.995	49.704	-18.828
48.775	-18.995	50.196	-18.776
48.775	-18.995	49.286	-18.709
48.775	-18.995	54.305	-18.304
43.590	-20.195	46.633	-19.037
46.633	-19.037	47.156	-18.491
46.633	-19.037	46.590	-18.374
46.633	-19.037	45.934	-18.739
46.633	-19.037	45.206	-19.225
46.633	-19.037	44.935	-19.414
46.633	-19.037	46.231	-19.091
46.633	-19.037	47.071	-19.101
41.551	-19.780	43.590	-20.195
43.590	-20.195	43.728	-20.161
43.590	-20.195	44.419	-20.061
43.590	-20.195	44.514	-19.639
43.590	-20.195	42.182	-20.118
43.590	-20.195	40.277	-19.496
43.590	-20.195	41.836	-19.717
37.576	-23.656	41.551	-19.780
41.551	-19.780	41.422	-20.854
41.551	-19.780	41.288	-20.742
41.551	-19.780	40.973	-20.464
41.551	-19.780	40.823	-19.756
33.171	-22.890	37.576	-23.656
37.576	-23.656	40.786	-23.489
37.576	-23.656	43.175	-21.950
37.576	-23.656	43.503	-21.110
37.576	-23.656	41.476	-20.883
37.576	-23.656	40.406	-20.985
37.576	-23.656	38.800	-21.834
37.576	-23.656	37.504	-22.418
37.576	-23.656	35.778	-23.475
37.576	-23.656	35.713	-23.686
37.576	-23.656	34.584	-23.145
37.576	-23.656	33.588	-23.548
37.576	-23.656	37.452	-23.586
37.576	-23.656	37.342	-20.994
37.576	-23.656	38.045	-17.050
37.576	-23.656	39.319	-13.796
37.576	-23.656	39.078	-17.200
37.576	-23.656	40.940	-12.654
37.576	-23.656	39.600	-14.963
37.576	-23.656	41.145	-18.646
37.576	-23.656	36.698	-20.812
37.576	-23.656	38.388	-13.666
29.458	-23.656	33.171	-22.890
33.171	-22.890	34.476	-22.785
33.171	-22.890	38.046	-22.217
33.171	-22.890	34.425	-22.583
33.171	-22.890	34.394	-22.647
33.171	-22.890	32.539	-22.945
33.171	-22.890	31.165	-23.087
33.171	-22.890	30.001	-23.369
33.171	-22.890	31.558	-23.059
26.726	-24.203	29.458	-23.656
29.458	-23.656	29.137	-23.683
29.458	-23.656	30.293	-23.239
29.458	-23.656	30.289	-23.463
29.458	-23.656	29.006	-23.666
29.458	-23.656	28.282	-23.673
24.345	-23.473	26.726	-24.203
26.726	-24.203	27.294	-23.983
26.726	-24.203	28.232	-23.454
26.726	-24.203	27.206	-23.739
26.726	-24.203	28.010	-24.157
26.726	-24.203	25.951	-24.214
26.726	-24.203	26.594	-23.652
26.726	-24.203	25.676	-23.944
26.726	-24.203	26.116	-23.839
19.606	-23.397	24.345	-23.473
24.345	-23.473	24.334	-23.547
24.345	-23.473	25.365	-23.423
24.345	-23.473	25.679	-23.725
24.345	-23.473	24.957	-23.846
24.345	-23.473	23.597	-23.658
24.345	-23.473	22.579	-23.263
17.070	-21.307	19.606	-23.397
19.606	-23.397	19.656	-23.365
19.606	-23.397	19.589	-23.253
19.606	-23.397	17.321	-22.352
19.606	-23.397	17.825	-22.264
19.606	-23.397	21.127	-23.156
19.606	-23.397	22.167	-23.290
19.606	-23.397	19.702	-22.968
7.654	-24.560	3.849	-24.820
3.849	-24.820	3.527	-25.376
3.849	-24.820	4.223	-24.887
3.849	-24.820	4.361	-24.564
3.849	-24.820	3.981	-24.477
3.849	-24.820	4.486	-24.269
3.849	-24.820	3.788	-24.853
10.830	-24.136	7.654	-24.560
7.654	-24.560	7.844	-24.444
7.654	-24.560	7.047	-24.300
7.654	-24.560	6.400	-25.708
15.295	-23.162	10.830	-24.136
10.830	-24.136	10.951	-24.005
10.830	-24.136	12.751	-23.659
10.830	-24.136	12.617	-23.542
10.830	-24.136	10.869	-24.123
17.070	-21.307	15.295	-23.162
15.295	-23.162	15.073	-23.208
15.295	-23.162	16.785	-22.977
15.295	-23.162	16.524	-22.943
15.295	-23.162	15.694	-22.958
15.295	-23.162	14.986	-22.984
14.679	-18.715	17.070	-21.307
17.070	-21.307	16.279	-20.004
17.070	-21.307	16.018	-21.209
17.070	-21.307	16.651	-21.402
17.070	-21.307	16.462	-21.222
17.070	-21.307	15.724	-20.584
17.070	-21.307	15.441	-20.673
9.985	-18.009	14.679	-18.715
14.679	-18.715	14.863	-17.467
14.679	-18.715	15.414	-16.091
14.679	-18.715	13.856	-17.469
14.679	-18.715	12.941	-18.970
14.679	-18.715	10.844	-18.133
14.679	-18.715	14.531	-18.394
14.679	-18.715	15.634	-18.786
7.317	-17.326	9.985	-18.009
9.985	-18.009	6.579	-18.419
9.985	-18.009	7.778	-18.149
9.985	-18.009	9.355	-17.914
9.985	-18.009	11.442	-17.958
9.985	-18.009	11.488	-18.028
9.985	-18.009	14.820	-18.550
9.985	-18.009	11.833	-18.443
5.677	-17.615	7.317	-17.326
7.317	-17.326	6.808	-17.564
7.317	-17.326	7.365	-18.937
7.317	-17.326	7.388	-18.210
7.317	-17.326	6.238	-16.788
7.317	-17.326	5.971	-16.171
3.173	-10.565	5.677	-17.615
5.677	-17.615	6.195	-17.237
5.677	-17.615	6.128	-16.781
5.677	-17.615	5.715	-16.663
5.677	-17.615	5.220	-18.394
5.677	-17.615	2.505	-16.537
5.677	-17.615	3.378	-16.446
5.677	-17.615	2.834	-14.365
5.677	-17.615	4.239	-15.779
0.060	-2.409	3.173	-10.565
3.173	-10.565	2.683	-10.629
3.173	-10.565	1.797	-10.703
3.173	-10.565	1.986	-10.733
3.173	-10.565	1.162	-10.489
3.173	-10.565	2.831	-9.719
3.173	-10.565	-0.524	-6.927
3.173	-10.565	-0.623	-4.878
0.000	0.000	0.060	-2.409
0.060	-2.409	0.712	-2.336
0.060	-2.409	1.366	-2.455
0.060	-2.409	0.324	-2.318
0.060	-2.409	-0.221	-2.341
0.060	-2.409	-1.330	-2.000
0.060	-2.409	-1.475	-1.797
0.000	0.000	-0.095	-0.850
0.000	0.000	-0.191	-0.804
0.000	0.000	0.117	-1.142
0.000	0.000	0.603	-1.008
POLYLINE BLACK
3.815	-35.300
POLYLINE BLUE
-9.685	-28.700
POLYLINE BLUE
-9.685	-29.000
POLYLINE BROWN
17.965	-20.900
18.165	-21.000
18.315	-21.000
18.765	-21.450
18.915	-21.800
19.265	-22.300
19.865	-22.850
19.965	-22.850
20.165	-23.050
20.365	-23.050
20.715	-23.100
21.115	-23.150
21.215	-23.100
21.465	-23.100
21.665	-23.200
21.915	-23.150
22.215	-23.150
22.315	-23.200
22.415	-23.150
22.515	-23.200
22.715	-23.150
23.065	-23.200
23.265	-23.150
23.715	-23.150
POLYLINE BROWN
18.065	-22.650
18.915	-23.450
19.015	-23.450
19.415	-23.900
19.815	-23.900
20.115	-24.000
20.765	-24.000
21.065	-24.050
21.265	-24.050
21.615	-24.100
21.815	-24.050
22.165	-24.000
22.465	-24.100
22.815	-24.100
23.165	-24.000
23.365	-24.050
23.565	-24.050
23.665	-24.100
23.815	-24.050
23.915	-24.100
POLYLINE BROWN
5.175	-25.200
5.325	-25.050
5.475	-25.050
5.775	-24.975
5.925	-24.975
6.300	-25.125
6.600	-25.125
6.900	-24.825
POLYLINE BROWN
7.950	-24.075
8.250	-24.375
8.400	-24.375
8.925	-24.600
9.075	-24.750
9.225	-24.750
9.675	-24.450
POLYLINE BROWN
13.575	-23.550
13.875	-23.775
13.875	-24.150
13.950	-24.300
14.250	-24.300
14.625	-24.150
14.775	-24.000
POLYLINE BROWN
10.500	-24.600
10.650	-24.600
10.800	-24.525
11.100	-24.750
11.400	-24.750
11.700	-24.975
11.850	-24.975
12.675	-24.600
POLYLINE BLUE
3.675	-28.950
3.675	-29.175
3.750	-29.325
3.750	-29.100
POLYLINE BLUE
3.375	-26.325
3.375	-26.775
3.225	-26.850
3.675	-26.475
3.825	-26.400
3.975	-26.475
3.975	-27.000
3.900	-27.525
3.750	-27.675
POLYLINE BLUE
3.675	-27.300
POLYLINE BLUE
7.575	-30.300
7.650	-30.450
7.650	-30.300
7.425	-30.000
POLYLINE BLUE
7.125	-27.600
7.500	-27.675
8.100	-27.300
8.250	-27.525
8.175	-27.825
8.100	-28.200
7.725	-29.175
7.725	-29.325
7.650	-29.475
7.500	-29.325
POLYLINE BLUE
8.025	-24.375
8.100	-24.750
8.100	-24.975
8.025	-25.125
7.800	-26.775
7.725	-26.925
7.575	-26.925
7.200	-26.475
7.050	-25.950
7.050	-25.725
6.975	-25.425
6.975	-24.525
POLYLINE BLUE
7.800	-22.650
POLYLINE BLUE
15.225	-19.575
15.300	-19.875
15.300	-20.025
15.225	-20.175
15.525	-20.475
15.525	-20.775
15.375	-21.225
15.000	-21.675
14.775	-22.050
14.625	-22.050
13.875	-22.275
13.650	-22.275
13.500	-22.425
13.350	-22.425
13.050	-22.500
12.900	-22.500
12.450	-22.650
12.225	-22.650
11.475	-23.025
10.950	-23.025
10.650	-23.100
10.050	-22.650
8.850	-22.650
8.550	-22.575
8.175	-22.650
7.650	-22.575
7.275	-23.025
7.125	-23.025
6.825	-22.950
6.675	-23.100
6.375	-23.100
6.075	-23.175
5.925	-23.175
5.475	-23.475
5.325	-23.400
4.800	-23.775
4.650	-23.775
4.050	-24.075
3.825	-24.375
3.675	-24.375
3.600	-24.750
3.225	-25.425
3.225	-25.725
3.300	-26.025
3.450	-26.025
3.750	-26.250
3.975	-26.250
4.275	-26.100
4.425	-26.100
4.725	-26.175
5.025	-26.175
6.450	-25.500
7.125	-24.975
7.500	-24.975
7.800	-24.825
8.025	-25.125
8.400	-25.125
8.550	-25.050
9.000	-25.200
9.600	-25.200
10.200	-24.900
10.875	-25.050
11.325	-25.275
12.075	-25.050
12.225	-24.975
12.450	-24.975
12.600	-24.900
12.825	-24.975
13.425	-24.600
13.950	-24.450
14.250	-24.450
14.775	-24.300
15.525	-24.075
15.750	-24.075
16.050	-23.925
16.350	-23.925
16.575	-23.850
17.100	-23.250
17.400	-23.100
17.700	-22.575
17.700	-22.275
POLYLINE BLUE
15.525	-19.575
POLYLINE BLACK
4.900	-24.025
4.900	-23.925
POLYLINE BLACK
9.500	-18.475
9.400	-18.425
9.350	-18.275
9.150	-18.225
8.900	-18.325
8.800	-18.425
8.700	-18.425
8.600	-18.775
POLYLINE BLACK
10.600	-18.375
11.050	-18.375
11.100	-18.275
10.950	-18.025
10.750	-17.825
10.300	-17.625
9.850	-17.575
9.350	-17.825
9.150	-18.125
9.150	-18.375
9.550	-18.975
POLYLINE BLACK
13.350	-19.225
13.950	-19.325
14.000	-19.225
13.950	-19.025
13.650	-18.625
13.450	-18.475
12.500	-18.275
12.400	-18.225
12.200	-18.275
11.700	-18.525
11.600	-18.525
11.500	-18.875
11.800	-19.475
11.900	-19.375
11.850	-19.275
POLYLINE BLACK
12.450	-16.775
12.400	-16.975
11.900	-16.925
11.050	-16.725
10.500	-16.825
10.150	-16.825
9.500	-16.725
8.950	-16.725
8.750	-16.675
8.650	-16.575
8.500	-16.625
7.550	-16.375
7.450	-16.325
POLYLINE BLACK
12.650	-16.975
12.700	-17.075
12.800	-16.975
13.750	-17.125
13.850	-17.175
14.250	-17.075
14.350	-16.975
14.600	-16.975
15.150	-16.625
16.250	-16.225
16.750	-16.175
16.850	-16.075
POLYLINE BLACK
11.900	-16.925
12.100	-17.175
POLYLINE BLACK
10.700	-17.525
10.850	-17.725
9.950	-15.975
9.950	-15.775
10.550	-16.875
POLYLINE BLACK
10.400	-17.425
10.500	-17.675
10.600	-17.725
POLYLINE BLACK
9.550	-17.075
9.750	-17.575
POLYLINE BLACK
8.700	-16.775
9.050	-17.225
9.500	-17.475
POLYLINE BLACK
10.850	-18.575
11.100	-18.825
11.700	-19.025
12.650	-19.425
13.000	-19.425
13.200	-19.375
13.400	-19.325
13.500	-19.425
13.600	-19.375
POLYLINE BLACK
3.750	-17.375
4.550	-18.125
4.950	-18.225
5.400	-18.425
5.500	-18.525
5.700	-18.475
6.400	-18.675
6.600	-18.725
6.800	-18.725
6.900	-18.825
7.050	-18.775
7.250	-18.825
7.450	-18.825
7.650	-18.875
7.950	-18.875
8.100	-18.925
8.200	-18.875
8.800	-19.025
9.100	-18.925
9.400	-18.925
9.500	-18.825
9.700	-18.825
9.800	-18.725
10.000	-18.725
10.100	-18.625
10.300	-18.625
10.400	-18.675
10.500	-18.625
10.650	-18.675
10.700	-18.775
10.700	-18.775
POLYLINE BLUE
-1.400	-13.025
POLYLINE BLUE
1.350	-9.575
1.550	-10.125
1.450	-10.225
2.250	-12.325
2.300	-12.525
2.200	-12.425
2.500	-13.075
2.700	-13.625
2.700	-13.875
2.650	-14.075
2.450	-13.675
2.450	-13.875
2.800	-14.725
2.700	-14.675
3.350	-16.075
3.450	-16.425
3.500	-16.075
3.450	-15.725
3.350	-15.625
3.650	-16.075
3.450	-15.875
4.050	-16.475
4.300	-16.825
4.350	-16.725
4.250	-16.425
4.350	-16.425
4.650	-16.875
5.000	-17.325
5.100	-17.375
5.350	-17.275
5.650	-17.475
5.850	-17.625
6.000	-17.425
6.200	-17.425
6.450	-17.475
6.550	-17.375
6.550	-17.275
POLYLINE BLUE
0.400	-8.475
0.450	-8.925
1.050	-10.175
0.900	-9.625
1.300	-10.025
1.800	-10.925
POLYLINE BLUE
0.200	-8.275
1.150	-9.175
POLYLINE BLUE
0.250	-7.425
0.350	-7.425
0.550	-7.725
1.050	-8.475
1.200	-8.525
1.700	-9.525
1.850	-9.775
2.050	-10.575
2.200	-11.175
2.350	-11.675
2.450	-11.825
2.500	-12.025
2.800	-12.625
2.800	-12.775
2.950	-13.225
3.150	-14.025
3.250	-14.275
3.250	-14.425
3.500	-14.825
3.700	-15.025
3.800	-15.275
4.500	-16.375
5.050	-16.875
5.250	-16.925
5.650	-16.825
5.850	-16.875
6.200	-16.875
6.650	-17.175
6.950	-17.475
7.050	-17.425
7.250	-17.625
POLYLINE BLACK
-1.900	-0.375
-2.400	-0.025
-2.500	0.075
POLYLINE BLACK
-2.000	-0.325
-2.050	-0.525
-1.750	-0.675
-1.500	-0.675
-1.300	-0.625
-1.200	-0.625
-1.000	-0.275
-1.000	-0.025
-1.050	0.175
-1.050	0.525
-1.200	0.925
-1.150	1.025
POLYLINE BLACK
1.050	0.225
0.950	-0.225
0.700	-0.475
0.300	-0.625
0.150	-0.625
-0.300	-0.475
-0.600	-0.175
-0.750	0.075
-0.800	0.275
-1.200	0.825
-1.250	1.275
POLYLINE BLACK
0.850	-0.225
1.000	-0.425
1.000	-1.025
1.050	-1.225
1.150	-1.775
1.350	-2.275
1.350	-2.475
1.450	-2.925
1.650	-3.775
1.800	-3.975
2.000	-4.425
2.050	-4.625
2.500	-5.875
2.750	-6.375
3.100	-7.425
3.300	-8.125
3.350	-8.475
3.400	-8.675
3.400	-8.925
3.450	-9.125
3.450	-9.375
3.700	-10.075
3.750	-10.525
3.800	-10.775
3.800	-10.975
3.950	-11.475
4.100	-11.725
4.100	-11.825
4.350	-12.175
4.750	-13.425
4.800	-13.625
5.150	-14.525
5.300	-14.725
5.600	-15.625
5.900	-15.825
6.200	-16.125
6.600	-16.225
6.800	-16.175
7.100	-16.275
7.250	-16.275
7.450	-16.325
POLYLINE BLACK
-3.350	-0.075
-2.850	-0.575
-2.450	-0.675
-2.350	-0.775
-2.250	-0.775
-2.050	-0.925
-1.950	-0.925
-1.350	-1.375
-1.100	-1.725
-1.000	-2.225
-0.850	-2.675
-0.700	-3.275
-0.700	-3.425
-0.650	-3.625
-0.550	-4.075
-0.250	-5.075
-0.100	-5.625
-0.100	-7.825
-0.050	-7.925
-0.050	-8.425
0.050	-8.725
0.050	-8.875
0.200	-9.075
0.200	-9.175
0.550	-9.725
0.950	-10.525
1.350	-11.075
1.400	-11.325
1.650	-12.025
1.650	-12.175
1.850	-12.725
1.950	-13.175
2.150	-13.775
2.150	-13.925
2.450	-14.725
2.600	-15.325
2.900	-15.875
3.050	-16.275
3.150	-16.375
3.600	-17.275
3.500	-17.175
