TRIP
DATE 2023-08-01
DECLINATION 0.0
DATA
0		348.37	22.28	5.000	>
0		348.56	22.09	5.011	>
0		348.49	22.21	5.031	>
0	1	348.47	22.19	5.014	>
1		348.37	22.30	5.019	>
1		8.97	6.86	1.528	>
1		8.90	7.14	1.529	>
1		8.93	7.15	1.531	>
1	2	8.93	7.05	1.529	>
2		266.66	-3.14	1.151	>
2		263.30	77.68	2.656	>
2		291.41	63.52	9.653	>
2		247.51	-75.12	1.308	>
2		318.48	-26.66	1.879	>
2		318.40	-26.47	1.877	>
2		318.46	-26.52	1.877	>
2	3	318.45	-26.55	1.878	>
3		9.60	-65.76	9.732	>
3		9.64	-65.80	9.729	>
3		9.60	-65.78	9.729	>
3		19.89	-64.32	9.248	>
3		20.02	-64.31	9.240	>
3		19.94	-64.26	9.231	>
3	4	19.95	-64.30	9.240	>
4		241.61	-2.57	3.908	>
4		241.42	-2.56	3.913	>
4		241.41	-2.70	3.913	>
4		333.98	-9.61	4.585	>
4		252.73	76.59	7.623	>
4		242.91	-76.03	7.883	>
4		242.53	-76.08	7.885	>
4		242.41	-76.10	7.886	>
4	5	241.48	-2.61	3.911	>
5		3.96	-9.51	1.105	>
5		316.11	-62.47	3.745	>
5		335.47	72.18	9.593	>
5		319.16	-28.18	4.983	>
5		318.94	-28.10	4.977	>
5		318.98	-28.17	4.975	>
5	6	319.03	-28.15	4.978	>
6		210.42	-3.19	0.616	>
6		11.16	-2.01	0.446	>
6		184.28	-80.86	1.438	>
6		270.39	1.32	3.153	>
6		270.71	1.54	3.149	>
6		270.24	1.48	3.146	>
6	7	270.45	1.45	3.149	>
4	4.1	242.62	-76.07	7.885	>
4.1		46.42	-73.87	4.520	>
4.1		23.33	-8.07	5.002	>
4.1		252.69	6.13	1.332	>
4.1		135.19	20.59	1.717	>
4.1		187.06	-8.26	3.932	>
4.1		186.96	-8.18	3.930	>
4.1		186.92	-8.31	3.930	>
4.1		62.70	45.30	3.050	>
4.1		62.67	45.25	3.037	>
4.1		62.70	45.21	3.013	>
4.1	4.2	186.98	-8.25	3.931	>
4.2		85.81	-14.08	0.767	>
4.2		51.15	-76.67	2.738	>
4.2		147.66	58.04	4.529	>
4.2		152.85	0.04	7.739	>
4.2		165.09	-45.48	4.542	>
4.2		165.25	-45.29	4.521	>
4.2		165.25	-45.22	4.523	>
4.2	4.3	165.19	-45.33	4.529	>
4.3		88.79	-4.75	0.902	>
4.3		152.58	-19.52	2.886	>
4.3		171.83	-23.29	8.951	>
4.3		224.30	-52.00	4.302	>
4.3		261.39	-79.66	10.337	>
4.3		261.12	-79.66	10.334	>
4.3		261.25	-79.65	10.336	>
4.3	4.4	261.25	-79.66	10.336	>
4.4		82.08	22.12	2.655	>
4.4		107.39	-45.32	1.589	>
4.4		122.95	-35.39	5.469	>
4.4		118.04	-42.10	2.109	>
4.4		115.82	-13.47	7.177	>
4.4		115.76	-13.43	7.169	>
4.4		115.72	-13.50	7.177	>
4.4	4.5	115.77	-13.47	7.174	>
4.5		339.77	-13.90	3.408	>
4.5		102.61	-8.42	1.326	>
4.5		102.54	-8.38	1.325	>
4.5		102.73	-8.32	1.327	>
4.5	4.6	102.63	-8.37	1.326	>
4.6		60.87	-81.87	3.627	>
4.6		233.27	-23.13	0.774	>
4.6		225.06	-72.89	5.540	>
4.6		224.97	-73.00	5.540	>
4.6		225.24	-72.89	5.535	>
4.6	4.7	225.09	-72.93	5.538	>
4.7		256.77	-27.80	2.441	>
4.7		250.53	-45.50	5.014	>
4.7		250.49	-45.45	5.005	>
4.7		250.65	-45.47	5.006	>
4.7	4.8	250.56	-45.47	5.008	>
4.8		292.16	-36.92	3.930	>
4.8		292.10	-37.00	3.929	>
4.8		292.15	-36.96	3.927	>
4.8	4.9	292.14	-36.96	3.929	>
4.9		341.48	-9.42	3.059	>
4.9		341.43	-9.39	3.077	>
4.9		341.52	-9.48	3.073	>
4.9	4.10	341.48	-9.43	3.070	>
4.10		320.38	-65.14	5.016	>
4.10		320.39	-65.13	5.022	>
4.10		320.48	-65.18	5.008	>
4.10	4.11	320.42	-65.15	5.015	>
4.11		274.10	-9.98	2.820	>
4.11		274.18	-9.79	2.801	>
4.11		274.29	-9.74	2.801	>
4.11	4.12	274.19	-9.84	2.807	>
4.12		255.18	-68.51	7.300	>
4.12		253.69	-68.69	7.296	>
4.12		255.21	-68.53	7.292	>
4.12	4.13	254.70	-68.57	7.296	>
4.13		13.39	-2.04	3.977	>
4.13		13.27	-1.86	3.990	>
4.13		13.39	-1.94	3.982	>
4.13	4.14	13.35	-1.94	3.983	>
4.14		309.27	-22.28	3.332	>
4.14		309.22	-22.25	3.327	>
4.14		309.35	-22.36	3.339	>
4.14	4.15	309.28	-22.29	3.333	>
4.15		61.90	-0.86	0.493	>
4.15		359.85	-83.06	2.119	>
4.15		41.31	73.76	1.042	>
4.15		357.93	-5.76	0.754	>
4.15		357.97	-5.65	0.754	>
4.15		358.08	-5.52	0.755	>
4.15	4.16	357.99	-5.64	0.754	>
4.16		287.73	-43.49	1.291	>
4.16		287.69	-43.49	1.277	>
4.16		287.84	-43.42	1.296	>
4.16		326.77	-27.40	3.959	>
4.16		326.81	-27.46	3.962	>
4.16		326.71	-27.45	3.960	>
4.16	4.17	326.76	-27.44	3.960	>
4.17		63.40	79.59	1.087	>
4.17		344.40	-83.80	1.091	>
4.17		96.32	-3.55	0.592	>
4.17		60.77	-0.84	1.143	>
4.17		61.24	-0.58	1.142	>
4.17		61.29	-0.36	1.140	>
4.17	4.18	61.10	-0.59	1.142	>
4.18		310.04	-4.18	1.074	>
4.1	4.1.1	62.69	45.25	3.033	>
4.1.1		139.38	-2.95	2.254	>
4.1.1		139.57	-2.74	2.267	>
4.1.1		139.42	-2.74	2.252	>
4.1.1	4.1.2	139.46	-2.81	2.258	>
4.1.2		231.10	-26.97	5.646	>
4.1.2		231.42	-27.20	5.645	>
4.1.2		231.43	-27.21	5.644	>
4.1.2		89.88	-37.60	2.205	>
4.1.2		89.68	-37.66	2.201	>
4.1.2		89.78	-37.63	2.212	>
4.1.2	4.1.3	231.32	-27.13	5.645	>
4.1.2	4.1.2.1	89.78	-37.63	2.206	>
4.1.2.1		343.34	-2.44	0.606	>
4.1.2.1		95.30	-82.87	2.100	>
4.1.2.1		4.30	81.51	2.360	>
4.1.2.1		50.36	-34.11	2.368	>
4.1.2.1		50.44	-34.03	2.385	>
4.1.2.1		50.78	-34.11	2.384	>
4.1.2.1	4.1.2.2	50.53	-34.09	2.379	>
4.1.2.2		122.95	1.59	1.345	>
4.1.2.2		122.86	1.97	1.339	>
4.1.2.2		122.84	1.94	1.339	>
4.1.2.2	4.1.2.3	122.88	1.83	1.341	>
4.1.2.3		31.65	0.27	0.504	>
4.1.2.3		101.62	-76.33	15.482	>
4.1.2.3		111.98	66.07	3.829	>

PLAN
STATIONS
0.000	0.000	0
-0.928	4.549	1
-0.692	6.048	2
-1.806	7.305	3
-0.439	11.072	4
-3.873	9.206	5
-6.750	12.521	6
-9.899	12.545	7
-2.125	10.199	4.1
-2.598	6.338	4.2
-1.784	3.260	4.3
-3.618	2.977	4.4
2.665	-0.056	4.5
3.945	-0.342	4.6
2.794	-1.490	4.7
-0.518	-2.659	4.8
-3.425	-1.476	4.9
-4.387	1.395	4.10
-5.730	3.020	4.11
-8.489	3.222	4.12
-11.060	2.518	4.13
-10.141	6.391	4.14
-12.528	8.344	4.15
-12.554	9.094	4.16
-14.480	12.034	4.17
-13.481	12.585	4.18
-0.227	11.179	4.1.1
1.238	9.465	4.1.2
-2.683	6.325	4.1.3
2.985	9.472	4.1.2.1
4.506	10.724	4.1.2.2
5.632	9.997	4.1.2.3
SHOTS
0.000	0.000	-0.928	4.549
-0.928	4.549	-1.864	9.097
-0.928	4.549	-0.692	6.048
-0.692	6.048	-1.840	5.981
-0.692	6.048	-1.255	5.982
-0.692	6.048	-4.700	7.620
-0.692	6.048	-1.003	5.920
-0.692	6.048	-1.806	7.305
-1.806	7.305	-0.439	11.072
-0.439	11.072	-2.422	15.134
-0.439	11.072	-2.128	10.547
-0.439	11.072	-3.873	9.206
-3.873	9.206	-3.797	10.294
-3.873	9.206	-5.072	10.454
-3.873	9.206	-5.091	11.877
-3.873	9.206	-6.750	12.521
-6.750	12.521	-7.062	11.990
-6.750	12.521	-6.664	12.958
-6.750	12.521	-6.768	12.293
-6.750	12.521	-9.899	12.545
-0.439	11.072	-2.125	10.199
-2.125	10.199	-1.215	11.065
-2.125	10.199	-0.164	14.746
-2.125	10.199	-3.389	9.805
-2.125	10.199	-0.992	9.058
-2.125	10.199	-2.598	6.338
-2.598	6.338	-1.856	6.392
-2.598	6.338	-2.106	6.733
-2.598	6.338	-1.315	4.312
-2.598	6.338	0.934	-0.548
-2.598	6.338	-1.784	3.260
-1.784	3.260	-0.885	3.279
-1.784	3.260	-0.532	0.845
-1.784	3.260	-0.616	-4.879
-1.784	3.260	-3.634	1.364
-1.784	3.260	-3.618	2.977
-3.618	2.977	-1.182	3.316
-3.618	2.977	-2.552	2.644
-3.618	2.977	0.123	0.552
-3.618	2.977	-2.237	2.242
-3.618	2.977	2.665	-0.056
2.665	-0.056	1.521	3.048
2.665	-0.056	3.945	-0.342
3.945	-0.342	4.393	-0.093
3.945	-0.342	3.375	-0.768
3.945	-0.342	2.794	-1.490
2.794	-1.490	0.692	-1.984
2.794	-1.490	-0.518	-2.659
-0.518	-2.659	-3.425	-1.476
-3.425	-1.476	-4.387	1.395
-4.387	1.395	-5.730	3.020
-5.730	3.020	-8.489	3.222
-8.489	3.222	-11.060	2.518
-11.060	2.518	-10.141	6.391
-10.141	6.391	-12.528	8.344
-12.528	8.344	-12.093	8.576
-12.528	8.344	-12.528	8.600
-12.528	8.344	-12.335	8.563
-12.528	8.344	-12.554	9.094
-12.554	9.094	-13.446	9.379
-12.554	9.094	-13.436	9.375
-12.554	9.094	-13.450	9.382
-12.554	9.094	-14.480	12.034
-14.480	12.034	-14.305	12.122
-14.480	12.034	-14.512	12.147
-14.480	12.034	-13.893	11.969
-14.480	12.034	-13.481	12.585
-13.481	12.585	-14.301	13.275
-2.125	10.199	-0.227	11.179
-0.227	11.179	1.238	9.465
1.238	9.465	-2.683	6.325
1.238	9.465	2.985	9.472
2.985	9.472	2.812	10.052
2.985	9.472	3.245	9.448
2.985	9.472	3.012	9.819
2.985	9.472	4.506	10.724
4.506	10.724	5.632	9.997
5.632	9.997	5.896	10.426
5.632	9.997	9.215	9.260
5.632	9.997	7.072	9.415
POLYLINE BLACK
-1.054	5.272
-1.052	5.270
POLYLINE BLACK
-1.128	5.422
-1.284	5.176
-1.166	5.376
-1.327	5.042
-1.368	4.958
-1.412	4.877
-1.453	4.793
-1.483	4.729
-1.508	4.663
-1.540	4.600
-1.562	4.557
-1.593	4.519
-1.615	4.476
-1.618	4.470
-1.617	4.462
-1.614	4.456
-1.600	4.420
-1.491	4.413
-1.481	4.410
-1.459	4.404
-1.437	4.396
-1.417	4.383
-1.298	4.306
-1.180	4.226
-1.065	4.142
-0.992	4.089
-0.944	3.939
-0.874	3.908
-0.843	3.894
-0.807	3.893
-0.773	3.885
POLYLINE BLACK
-1.162	5.312
-0.791	4.962
-1.223	5.375
-0.780	4.928
-0.615	4.761
-0.711	4.897
-0.554	4.665
-0.542	4.647
-0.534	4.623
-0.531	4.601
-0.521	4.523
-0.574	4.414
-0.602	4.359
-0.822	3.930
-0.995	3.818
-0.838	3.922
POLYLINE BLACK
-0.490	4.691
-0.536	5.280
-0.512	5.275
-0.615	5.763
-0.647	5.917
-0.686	6.069
-0.722	6.222
POLYLINE BLACK
-1.833	4.862
-1.860	5.280
-1.870	5.705
-1.992	6.109
POLYLINE BLACK
-0.672	6.201
-0.694	6.283
-0.733	6.395
-0.725	6.486
-0.716	6.588
-0.703	6.690
-0.676	6.789
-0.587	7.117
-0.381	7.550
-0.364	7.936
-0.362	7.972
-0.376	8.008
-0.382	8.044
POLYLINE BLACK
-1.952	6.144
-1.948	6.288
-1.950	6.432
-1.940	6.575
-1.937	6.615
-1.923	6.653
-1.915	6.691
-1.908	6.720
-1.894	6.749
-1.893	6.778
-1.884	6.958
-1.867	7.126
-1.912	7.297
-1.936	7.386
-2.013	7.450
-2.067	7.518
-2.168	7.645
-2.175	7.660
-2.245	7.798
POLYLINE BLACK
-2.025	6.068
-2.136	6.275
-2.192	6.338
-2.238	6.552
-2.267	6.686
-2.268	6.825
-2.306	6.956
-2.380	7.208
-2.494	7.448
-2.574	7.699
-2.625	7.855
-2.620	7.960
-2.627	8.118
POLYLINE BLACK
-2.258	7.855
-2.316	7.888
-2.395	7.924
-2.443	7.978
-2.491	8.033
-2.531	8.094
-2.580	8.148
-2.594	8.163
-2.614	8.172
-2.631	8.185
POLYLINE BLACK
-0.333	8.009
-0.265	8.306
-0.274	8.187
-0.249	7.987
POLYLINE BLACK
-1.201	11.182
-1.210	11.143
-1.216	11.103
-1.228	11.064
-1.234	11.045
-1.242	11.026
-1.253	11.009
-1.444	10.717
-1.636	10.426
-1.833	10.138
-1.976	9.929
-2.133	9.729
-2.272	9.517
-2.311	9.457
-2.337	9.389
-2.364	9.323
-2.374	9.300
-2.385	9.276
-2.384	9.251
-2.384	9.236
-2.368	9.227
-2.360	9.215
POLYLINE BLACK
-0.984	11.233
-1.043	11.249
-1.104	11.262
-1.163	11.281
-1.190	11.290
-1.215	11.303
-1.239	11.317
-1.338	11.379
-1.440	11.438
-1.533	11.509
-2.585	12.313
-1.397	11.541
-2.843	12.398
-2.881	12.420
-2.909	12.457
-2.957	12.442
-2.963	12.440
-2.971	12.438
-2.976	12.433
-3.103	12.312
-3.233	12.192
-3.353	12.064
-3.568	11.834
-3.760	11.584
-3.981	11.360
-4.105	11.235
-4.264	11.148
-4.387	11.021
-4.669	10.728
-4.703	10.764
-4.546	10.693
POLYLINE BLACK
-4.363	10.826
-4.303	10.851
-4.240	10.872
-4.182	10.903
-3.655	11.182
-4.082	11.061
-3.217	11.389
-3.082	11.440
-2.937	11.459
-2.796	11.489
-2.783	11.492
-2.769	11.490
-2.756	11.488
-2.594	11.465
-2.497	11.282
-2.341	11.242
-2.026	11.162
-1.944	11.201
-1.540	11.180
-1.494	11.178
-1.449	11.169
-1.403	11.163
POLYLINE BLACK
-2.904	11.587
-2.866	12.020
-2.872	11.818
-2.904	12.426
-2.905	12.432
-2.909	12.438
-2.912	12.443
-2.930	12.478
-2.950	12.512
-2.969	12.547
POLYLINE BLACK
-2.993	8.734
-2.928	8.765
-2.862	8.793
-2.799	8.827
-2.778	8.839
-2.657	8.901
-2.657	8.959
-2.657	9.052
-3.115	9.244
-3.137	9.257
-3.244	9.320
-3.339	9.402
-3.444	9.470
-3.471	9.487
-3.502	9.496
-3.532	9.510
-3.597	9.538
-3.516	9.477
-3.640	9.626
POLYLINE BLACK
-2.983	8.706
-3.026	8.727
-3.072	8.745
-3.114	8.769
-3.248	8.846
-3.462	9.150
-3.477	9.170
-3.515	9.222
-3.534	9.286
-3.561	9.344
-3.573	9.369
-3.581	9.395
-3.593	9.419
-3.613	9.456
-3.654	9.489
-3.667	9.530
-3.697	9.621
-3.572	9.717
-3.518	9.764
POLYLINE BLACK
-6.446	11.930
-6.456	11.966
POLYLINE BLACK
-6.504	11.993
-6.520	11.989
POLYLINE BLACK
-0.714	14.354
-0.717	14.355
POLYLINE BLACK
-0.875	14.227
-0.902	14.277
-0.923	14.331
-0.957	14.377
-1.122	14.596
-1.293	14.706
-1.539	14.857
-1.644	14.922
-1.754	14.980
-1.870	15.023
-2.067	15.097
-2.272	15.149
-2.474	15.207
-2.492	15.212
-2.525	15.208
-2.544	15.203
-2.690	15.162
-2.744	14.953
-2.747	14.827
-2.757	14.478
-2.725	14.129
-2.747	13.780
-2.756	13.649
-2.809	13.525
-2.840	13.398
POLYLINE BLACK
-0.395	8.025
-0.344	9.618
-0.188	10.965
-0.460	12.513
-0.960	15.351
-0.901	13.616
-0.924	14.409
POLYLINE BLACK
-2.541	8.222
-2.260	8.069
-2.085	7.776
-1.798	7.635
-1.632	7.554
-1.362	7.509
-1.181	7.563
-1.120	7.581
-1.062	7.605
-1.004	7.631
-0.772	7.738
-0.449	7.876
-0.312	8.120
-0.294	8.151
-0.282	8.185
-0.267	8.218
POLYLINE BLACK
-2.626	8.054
-3.194	8.483
-2.676	8.070
-3.587	8.987
-3.622	9.021
-3.663	9.049
-3.705	9.075
-3.809	9.141
-3.989	9.179
-4.084	9.208
POLYLINE BLACK
-4.486	10.792
-4.449	10.791
-4.412	10.792
-4.375	10.788
-4.249	10.776
-4.074	10.617
-4.016	10.576
-3.593	10.275
-3.162	9.984
-2.749	9.668
-2.547	9.514
-2.496	9.365
-2.338	9.190
POLYLINE BLACK
-4.061	9.151
-4.461	9.377
-4.861	9.604
-5.262	9.830
-5.282	9.847
-5.304	9.863
-5.323	9.882
-5.349	9.911
-5.372	9.944
-5.397	9.975
POLYLINE BLACK
-2.732	13.506
-2.979	12.861
-2.776	13.427
-3.033	12.543
-3.045	12.502
-3.077	12.455
-3.105	12.423
-3.151	12.373
-3.232	12.320
-3.301	12.314
-4.630	12.190
-4.625	12.122
-5.853	12.389
-6.680	12.569
-6.544	12.401
-6.755	12.751
POLYLINE BLACK
-4.951	9.684
-5.297	9.846
-5.856	10.082
-6.197	10.315
-6.240	10.344
-6.692	10.676
-6.810	10.841
-7.023	11.143
-7.032	11.212
-7.174	11.548
POLYLINE BLACK
-2.628	9.109
-2.652	9.327
-2.635	9.285
-2.733	9.526
-2.754	9.578
-2.794	9.642
-2.844	9.673
-2.913	9.717
-3.030	9.724
-3.090	9.730
-3.241	9.746
-3.411	9.725
-3.557	9.696
-3.624	9.682
-3.688	9.657
-3.754	9.638
POLYLINE BLACK
-4.263	9.267
-4.256	9.268
POLYLINE BLACK
-6.010	10.679
-5.024	9.918
-5.899	10.540
-5.140	10.100
-4.871	9.944
-4.571	9.656
-4.227	9.621
-4.166	9.615
-4.090	9.614
-4.029	9.634
-3.893	9.677
-3.722	9.770
-3.633	9.881
-3.593	9.931
-3.558	9.984
-3.524	10.038
-3.408	10.225
-3.508	10.100
-3.439	10.184
POLYLINE BLACK
-6.771	11.676
-6.675	11.377
-6.436	11.161
-6.246	10.924
-6.020	10.617
-6.117	10.740
-5.963	10.549
POLYLINE BLACK
5.403	0.686
5.387	0.716
5.394	0.753
5.395	0.786
5.397	0.832
5.485	0.770
5.526	0.793
5.552	0.807
5.561	0.837
5.579	0.858
5.612	0.897
5.675	0.863
5.696	0.828
5.703	0.816
5.705	0.802
5.702	0.788
5.694	0.737
5.645	0.749
5.601	0.739
5.535	0.723
5.435	0.625
5.403	0.686
POLYLINE BLACK
-4.402	10.717
-4.553	10.757
-4.708	10.785
-4.856	10.836
-5.171	10.943
-5.494	11.174
-5.745	11.362
-5.847	11.438
-5.941	11.525
-6.026	11.619
-6.128	11.732
-6.212	11.860
-6.305	11.980
POLYLINE BLACK
6.937	4.350
7.015	4.431
6.966	4.399
7.089	4.437
POLYLINE BLACK
-3.451	17.173
-3.461	17.163
POLYLINE BLACK
-3.339	17.251
-3.349	17.251
POLYLINE BLACK
-6.576	12.920
-6.788	12.865
-6.805	12.850
-7.088	12.858
-7.207	12.861
-7.324	12.884
-7.442	12.899
-7.796	12.945
-8.147	13.013
-8.503	13.041
-8.654	13.053
-8.806	13.038
-8.956	13.018
-9.158	12.992
-9.357	12.948
-9.556	12.904
-10.342	12.728
-9.511	12.877
-10.003	12.793
POLYLINE BLACK
-7.213	11.512
-7.175	11.580
-7.092	11.681
-7.121	11.771
-7.144	11.845
-7.248	11.881
-7.318	11.883
-7.657	11.892
-7.998	11.869
-8.336	11.904
-9.924	12.067
-8.885	12.087
-9.767	12.123
-9.807	12.125
-9.847	12.118
-9.887	12.116
POLYLINE BLACK
-10.012	12.857
-10.060	12.809
-10.088	12.793
-10.114	12.738
-10.136	12.692
-10.149	12.619
-10.149	12.574
-10.149	12.427
-10.142	12.279
-10.022	12.181
-9.956	12.127
-9.911	12.131
-9.820	12.110
POLYLINE BLACK
-9.963	12.849
-10.288	12.967
-10.731	12.638
-11.097	12.752
-11.161	12.772
-11.206	12.803
-11.261	12.842
-11.335	12.894
-11.351	12.925
-11.436	12.954
-11.622	13.017
-11.813	13.061
-11.997	13.129
-12.853	13.444
-12.023	13.202
-12.599	13.361
POLYLINE BLACK
-9.894	12.039
-10.137	12.009
-10.379	11.967
-10.624	11.949
-10.744	11.940
-10.922	11.989
-11.030	12.030
-11.468	12.197
-11.897	12.387
-12.338	12.545
-12.716	12.629
-12.558	12.578
-12.819	12.677
POLYLINE BLACK
-12.835	12.616
-13.862	12.370
POLYLINE BLACK
-12.413	13.273
-12.491	13.291
-12.567	13.316
-12.646	13.328
-12.798	13.349
-12.977	13.344
-13.122	13.283
-13.174	13.262
-13.222	13.234
-13.272	13.208
-13.391	13.147
-13.504	13.075
-13.627	13.022
-13.707	12.988
-13.794	12.974
-13.878	12.950
POLYLINE GREEN
0.056	14.600
-0.149	13.882
-0.013	14.263
-0.378	13.469
POLYLINE GREEN
-0.344	13.477
-0.400	13.308
-0.490	13.154
-0.497	12.972
-0.505	12.799
-0.491	12.625
-0.492	12.452
-0.492	12.439
-0.496	12.426
-0.501	12.413
-0.540	12.293
-0.679	12.222
-0.760	12.139
-0.919	11.974
-0.986	11.748
-1.062	11.539
POLYLINE GREEN
-0.396	15.030
-0.434	14.757
-0.434	14.619
-0.514	14.388
-0.527	14.350
-0.565	14.275
-0.598	14.245
-0.679	14.172
-0.774	14.114
-0.850	14.035
-0.988	13.891
-1.219	13.657
-1.324	13.437
-1.429	13.215
-1.379	12.939
-1.385	12.709
-1.388	12.569
-1.536	12.303
-1.557	12.253
-1.566	12.231
-1.570	12.207
-1.577	12.184
POLYLINE GREEN
-0.974	11.713
-0.972	11.625
-0.988	11.431
-0.949	11.315
-0.934	11.270
-0.914	11.228
-0.895	11.185
-0.864	11.112
-0.819	11.043
-0.800	10.965
-0.757	10.780
-0.622	10.218
-0.663	9.919
-0.718	9.508
-0.856	9.283
-1.056	8.887
-1.086	8.828
-1.128	8.777
-1.164	8.722
POLYLINE GREEN
-1.615	12.288
-1.651	12.218
-1.829	11.811
-1.963	11.672
-2.220	11.406
-2.504	11.166
-2.748	10.888
-2.911	10.703
-3.048	10.496
-3.179	10.287
-3.253	10.170
-3.363	9.979
-3.363	9.815
-3.362	9.808
-3.361	9.802
-3.359	9.795
-3.351	9.768
-3.340	9.741
-3.331	9.713
POLYLINE GREEN
-1.823	10.561
-1.972	10.608
-2.115	10.622
-2.268	10.590
-2.331	10.576
-2.417	10.550
-2.465	10.501
-2.489	10.476
-2.509	10.447
-2.521	10.415
-2.601	10.208
-2.539	10.088
-2.431	9.895
-2.409	9.855
-2.356	9.802
-2.318	9.773
-2.297	9.758
-2.250	9.731
-2.221	9.727
-1.672	9.646
-1.845	9.656
-1.420	9.669
POLYLINE GREEN
-1.831	10.450
-1.832	10.500
POLYLINE GREEN
-1.807	10.553
-1.588	10.415
-1.365	10.280
-1.149	10.137
-1.066	10.082
-0.996	9.942
-1.082	9.859
-1.093	9.848
-1.105	9.838
-1.118	9.830
-1.213	9.773
-1.314	9.728
-1.406	9.667
-1.451	9.638
-1.486	9.596
-1.526	9.560
POLYLINE GREEN
-1.879	10.510
-1.886	10.231
-1.874	10.382
-1.927	10.057
POLYLINE GREEN
-1.900	10.095
-2.118	10.054
-2.093	10.073
-2.316	9.962
-2.506	9.867
-2.474	9.911
-2.526	9.809
POLYLINE GREEN
-1.910	10.116
-1.048	9.826
-1.378	9.880
-0.950	9.822
POLYLINE GREEN
-0.452	15.047
-0.361	15.136
-0.214	15.229
-0.166	15.362
-0.159	15.381
-0.153	15.401
-0.151	15.421
-0.138	15.530
-0.132	15.641
-0.120	15.751
-0.116	15.796
-0.109	15.840
-0.103	15.884
POLYLINE GREEN
-0.027	14.514
0.007	14.913
0.049	14.973
0.013	15.251
0.005	15.313
-0.016	15.373
-0.016	15.435
-0.017	15.646
0.016	15.734
0.090	15.912
POLYLINE GREEN
0.851	16.862
0.837	16.844
0.650	16.159
0.701	16.121
0.715	16.110
0.742	16.121
0.753	16.127
0.788	16.148
0.826	16.168
0.855	16.196
0.926	16.264
0.986	16.340
1.051	16.413
1.086	16.451
1.087	16.461
1.128	16.489
1.254	16.573
1.283	16.456
1.322	16.343
1.343	16.280
1.354	16.214
1.376	16.152
1.389	16.116
1.439	16.175
1.442	16.179
1.468	16.215
1.494	16.251
1.513	16.291
1.561	16.390
1.603	16.492
1.642	16.595
1.680	16.697
1.672	16.756
1.676	16.867
POLYLINE GREEN
2.225	16.791
2.090	16.827
2.005	16.836
1.894	16.747
1.869	16.727
1.844	16.699
1.828	16.670
1.805	16.629
1.797	16.583
1.793	16.537
1.780	16.404
1.831	16.274
1.928	16.184
1.994	16.123
2.085	16.089
2.171	16.071
2.230	16.059
2.296	16.051
2.352	16.079
2.511	16.158
2.547	16.451
2.539	16.602
2.535	16.675
2.515	16.774
2.445	16.814
2.330	16.880
2.171	16.836
2.056	16.816
POLYLINE GREEN
2.935	16.849
2.822	16.575
2.789	16.536
2.738	16.223
2.736	16.211
2.753	16.203
2.760	16.192
POLYLINE GREEN
2.845	16.820
2.898	16.808
2.937	16.806
2.980	16.780
3.029	16.749
3.059	16.698
3.090	16.651
3.128	16.592
3.160	16.517
3.160	16.445
3.161	16.321
3.074	16.209
2.963	16.161
2.810	16.096
2.688	16.148
2.532	16.189
POLYLINE GREEN
3.612	16.814
3.490	16.615
3.361	16.420
3.246	16.217
3.221	16.155
3.195	16.093
3.170	16.030
3.174	16.026
3.176	16.016
3.183	16.017
3.197	16.018
3.209	16.027
3.221	16.034
3.251	16.051
3.278	16.071
3.306	16.089
POLYLINE GREEN
3.575	16.991
3.598	16.596
3.564	16.955
3.743	16.259
3.751	16.228
3.750	16.195
3.753	16.162
3.753	16.156
3.753	16.150
3.752	16.144
3.744	16.104
3.735	16.065
3.726	16.025
POLYLINE GREEN
3.233	16.575
3.391	16.478
3.569	16.463
3.748	16.441
POLYLINE GREEN
-1.176	8.737
-1.234	8.677
-1.328	8.680
-1.391	8.628
-1.500	8.539
-1.562	8.488
-1.648	8.380
-1.730	8.276
-1.787	8.157
-1.827	8.030
-1.911	7.764
-1.918	7.819
-1.890	7.689
POLYLINE GREEN
-1.868	7.826
-1.870	7.792
-1.872	7.757
-1.874	7.723
-1.891	7.420
-1.897	7.116
-1.923	6.814
-1.932	6.713
-1.955	6.614
-1.980	6.516
-2.121	5.945
-2.108	6.209
-2.116	6.018
POLYLINE GREEN
-3.374	9.852
-3.374	9.792
-3.377	9.733
-3.373	9.673
-3.310	8.877
-3.062	8.655
-2.782	7.564
-2.715	7.302
-2.689	7.030
-2.666	6.760
-2.613	6.138
-2.754	6.401
-2.658	6.228
POLYLINE GREEN
-2.684	6.339
-2.675	6.187
-2.677	6.080
-2.643	5.936
-2.564	5.607
-2.630	5.968
-2.597	5.780
POLYLINE GREEN
-2.665	5.947
-2.506	5.503
-2.575	5.736
-2.488	4.864
-2.483	4.812
-2.486	4.757
-2.495	4.705
-2.521	4.548
-2.565	4.231
-2.683	4.072
-2.696	4.054
-2.711	4.039
-2.725	4.022
POLYLINE GREEN
-2.132	6.050
-1.995	5.569
-1.868	5.084
-1.721	4.606
-1.514	3.935
-1.515	3.878
-1.520	4.090
POLYLINE GREEN
-1.641	2.008
-1.484	1.921
-1.373	1.894
-1.224	2.015
-1.162	2.065
-1.104	2.121
-1.048	2.178
-0.946	2.284
-0.843	2.651
-0.842	2.655
-0.783	2.832
-0.791	3.048
-0.841	3.227
-0.858	3.288
-0.903	3.382
-0.945	3.429
-1.023	3.517
-1.208	3.739
-1.358	3.821
-1.439	3.865
-1.520	3.910
-1.607	3.939
-1.893	4.034
-2.298	4.072
-2.578	4.086
-2.628	4.088
-3.040	4.111
-3.206	4.054
-3.490	3.956
-3.748	3.778
-3.911	3.524
-3.991	3.398
-4.048	3.148
-4.002	3.002
-3.872	2.585
-3.807	2.326
-3.553	1.994
-3.388	1.777
-3.073	1.354
-2.739	1.295
-2.546	1.261
-2.432	1.280
-2.247	1.334
-2.225	1.341
-2.082	1.352
-2.063	1.419
-2.048	1.469
-2.083	1.555
-2.091	1.587
POLYLINE GREEN
-1.405	1.902
-1.685	2.032
-1.716	2.074
-1.950	2.123
-2.034	2.141
-2.119	2.102
-2.185	2.057
-2.332	1.959
-2.344	1.821
-2.280	1.666
-2.254	1.602
-2.213	1.529
-2.164	1.479
-1.906	1.217
-1.591	1.106
-1.244	0.999
-0.280	0.703
-0.257	0.408
-0.288	0.747
POLYLINE GREEN
-0.325	0.522
-0.206	0.473
POLYLINE GREEN
-0.261	0.530
-0.203	0.495
-0.149	0.452
-0.088	0.424
0.682	0.080
0.637	0.160
1.563	-0.138
1.597	-0.149
1.628	-0.169
1.657	-0.190
1.791	-0.284
1.920	-0.384
2.052	-0.481
POLYLINE GREEN
4.852	-12.131
4.921	-12.183
POLYLINE GREEN
1.040	1.218
0.469	1.433
-0.101	1.648
-0.671	1.864
-0.748	1.895
-0.823	1.932
-0.902	1.957
-1.033	1.999
-1.140	2.009
-1.272	2.028
POLYLINE GREEN
7.530	1.513
7.590	1.473
POLYLINE GREEN
0.936	1.291
0.966	1.270
0.996	1.247
1.028	1.228
1.117	1.175
1.229	1.223
1.299	1.284
1.420	1.392
1.529	1.649
1.506	1.819
1.492	1.923
1.425	2.032
1.388	2.127
1.327	2.282
1.276	2.440
1.210	2.593
1.207	2.601
1.079	2.814
1.058	2.908
1.034	3.015
1.074	3.156
1.072	3.246
1.051	4.215
1.023	3.338
1.041	3.803
POLYLINE GREEN
1.980	3.174
1.972	2.940
2.096	2.740
2.158	2.522
2.253	2.193
2.186	2.255
2.279	2.068
2.304	2.017
2.374	1.960
2.401	1.931
POLYLINE GREEN
-2.728	2.875
-2.195	2.849
-2.352	2.949
-2.172	2.823
POLYLINE GREEN
-2.407	3.058
-2.494	3.031
-2.581	3.007
-2.666	2.978
-2.698	2.967
-2.721	2.931
-2.729	2.901
-2.756	2.800
-2.701	2.724
-2.617	2.676
-2.566	2.646
-2.496	2.623
-2.436	2.645
-2.364	2.673
-2.311	2.700
-2.252	2.748
-2.162	2.820
-2.097	2.971
-2.207	3.057
-2.272	3.108
-2.391	3.093
-2.455	3.098
POLYLINE GREEN
1.049	3.543
1.074	3.752
1.102	4.198
1.426	4.102
1.575	4.058
1.634	3.968
1.794	4.008
2.057	4.073
2.190	4.361
2.319	4.567
POLYLINE GREEN
2.003	3.048
1.977	3.140
1.929	3.247
1.933	3.350
1.938	3.485
2.031	3.633
2.127	3.723
2.280	3.867
2.376	3.911
2.480	4.076
2.618	4.297
2.616	4.395
2.694	4.675
POLYLINE GREEN
2.371	5.753
2.454	5.876
2.566	5.999
2.715	6.042
2.768	6.058
2.826	6.068
2.879	6.049
2.969	6.016
3.107	5.858
3.030	5.758
3.004	5.724
2.978	5.689
2.947	5.660
2.869	5.589
2.718	5.508
2.670	5.392
2.641	5.323
2.683	5.281
2.728	5.236
POLYLINE GREEN
2.517	5.001
2.557	5.042
2.604	5.100
2.666	5.067
2.679	5.060
2.700	5.047
2.705	5.031
2.716	4.991
2.640	4.970
2.613	4.971
2.599	4.972
2.587	4.976
2.575	4.982
2.541	5.001
2.520	5.050
2.502	5.078
POLYLINE GREEN
2.069	-0.451
2.114	-0.519
2.173	-0.587
2.256	-0.610
2.332	-0.631
2.413	-0.619
2.484	-0.585
2.504	-0.576
2.536	-0.557
2.551	-0.538
2.566	-0.520
2.580	-0.501
2.591	-0.480
2.634	-0.402
2.649	-0.342
2.666	-0.252
2.701	-0.073
2.655	-0.197
2.709	-0.073
POLYLINE GREEN
2.273	2.036
2.418	1.871
2.444	1.638
2.537	1.446
2.584	1.350
2.645	1.260
2.695	1.165
2.750	1.061
2.742	1.026
2.816	0.940
2.868	0.879
2.922	0.819
2.983	0.766
3.067	0.693
3.158	0.666
3.216	0.584
POLYLINE GREEN
2.236	2.246
2.261	2.238
2.211	2.115
2.211	2.098
2.212	1.916
2.214	1.733
2.225	1.552
2.228	1.498
2.313	1.265
2.313	1.265
2.336	1.191
2.353	1.115
2.377	1.041
2.411	0.936
2.457	0.835
2.485	0.728
2.511	0.626
2.519	0.520
2.539	0.416
2.541	0.406
2.543	0.394
2.551	0.388
2.565	0.378
2.583	0.377
2.600	0.372
POLYLINE GREEN
2.528	0.485
2.750	-0.268
2.561	0.438
2.649	-0.018
2.654	-0.044
2.666	-0.068
2.674	-0.093
POLYLINE GREEN
3.510	0.064
3.498	0.076
3.486	0.089
3.473	0.101
3.439	0.132
3.387	0.107
3.362	0.079
3.278	-0.012
3.280	-0.002
3.225	-0.109
3.216	-0.127
3.213	-0.156
3.212	-0.175
3.210	-0.245
3.283	-0.284
3.343	-0.291
3.393	-0.297
3.447	-0.286
3.493	-0.265
3.566	-0.233
3.604	-0.154
3.619	-0.079
3.628	-0.034
3.627	0.020
3.589	0.051
3.573	0.064
3.561	0.070
3.543	0.077
3.534	0.080
3.523	0.081
3.515	0.085
3.494	0.097
3.475	0.112
3.456	0.126
POLYLINE GREEN
3.379	-0.083
3.530	-0.074
3.463	-0.074
3.579	-0.077
POLYLINE GREEN
2.662	0.019
2.675	-0.301
POLYLINE GREEN
4.002	-0.723
3.994	-0.740
3.987	-0.757
3.978	-0.773
3.972	-0.782
3.967	-0.791
3.958	-0.797
3.812	-0.898
3.665	-0.999
3.519	-1.100
3.463	-1.131
3.405	-1.158
3.352	-1.193
3.119	-1.347
3.109	-1.400
2.905	-1.481
2.885	-1.489
2.863	-1.490
2.842	-1.495
POLYLINE GREEN
0.000	-0.000
0.000	-0.000
POLYLINE GREEN
2.699	0.009
2.725	-0.094
2.720	-0.204
2.689	-0.305
2.680	-0.334
2.670	-0.363
2.654	-0.389
2.588	-0.487
2.507	-0.574
2.444	-0.674
2.353	-0.816
2.336	-0.881
2.287	-1.021
POLYLINE GREEN
2.766	-1.487
2.805	-1.489
POLYLINE GREEN
2.761	-1.538
2.751	-1.518
2.742	-1.498
2.730	-1.479
2.711	-1.449
2.678	-1.422
2.649	-1.403
2.532	-1.327
2.498	-1.325
2.338	-1.294
2.303	-1.287
2.267	-1.288
2.231	-1.284
2.224	-1.283
2.216	-1.284
2.211	-1.280
2.205	-1.276
2.206	-1.268
2.204	-1.262
POLYLINE GREEN
2.277	-1.026
2.223	-1.043
POLYLINE GREEN
2.208	-1.035
2.217	-1.043
POLYLINE GREEN
2.333	-0.934
2.262	-1.127
2.289	-1.024
2.265	-1.329
2.264	-1.342
2.263	-1.355
2.267	-1.368
2.273	-1.388
2.286	-1.405
2.296	-1.424
POLYLINE GREEN
3.959	-0.808
3.957	-0.777
POLYLINE GREEN
2.701	-0.074
2.743	-0.254
2.719	-0.186
2.840	-0.423
2.848	-0.438
2.858	-0.452
2.870	-0.464
2.957	-0.548
3.044	-0.631
3.135	-0.710
3.157	-0.729
3.182	-0.743
3.208	-0.757
3.363	-0.837
3.522	-0.827
3.690	-0.785
3.766	-0.766
3.862	-0.732
3.919	-0.670
4.000	-0.583
4.033	-0.426
4.057	-0.328
4.090	-0.188
4.036	0.018
4.016	0.130
4.013	0.149
4.005	0.166
3.997	0.183
3.961	0.253
3.904	0.378
3.833	0.439
3.743	0.517
3.599	0.643
3.462	0.644
3.219	0.646
2.987	0.416
2.833	0.253
2.761	0.176
2.701	0.074
2.681	-0.031
2.677	-0.053
2.673	-0.075
2.675	-0.097
2.676	-0.111
2.685	-0.123
2.691	-0.136
POLYLINE GREEN
3.925	-0.807
3.943	-0.742
3.961	-0.707
3.961	-0.648
3.961	-0.638
3.958	-0.628
3.959	-0.618
3.960	-0.605
3.964	-0.592
3.967	-0.579
POLYLINE GREEN
4.006	-0.591
4.021	-0.666
4.040	-0.740
4.051	-0.815
4.065	-0.910
3.983	-1.165
3.982	-1.169
3.970	-1.212
3.943	-1.271
3.906	-1.300
3.849	-1.344
3.792	-1.386
3.734	-1.426
3.722	-1.435
3.685	-1.452
3.668	-1.453
3.608	-1.458
3.535	-1.460
3.475	-1.442
3.415	-1.423
3.359	-1.394
3.299	-1.376
3.256	-1.363
3.212	-1.356
3.168	-1.349
3.104	-1.339
3.132	-1.363
3.103	-1.329
POLYLINE GREEN
3.981	-0.718
3.982	-0.766
POLYLINE GREEN
4.007	-0.602
4.002	-0.631
3.999	-0.661
3.992	-0.690
3.974	-0.769
3.893	-0.837
3.844	-0.891
POLYLINE GREEN
2.884	-1.506
2.871	-1.544
2.861	-1.582
2.846	-1.620
2.830	-1.658
2.812	-1.678
2.786	-1.709
2.660	-1.858
2.668	-1.868
2.532	-1.965
1.906	-2.410
2.054	-2.323
1.180	-2.672
1.051	-2.723
0.913	-2.752
0.783	-2.802
0.294	-2.989
0.391	-2.930
0.169	-3.082
POLYLINE GREEN
0.391	-2.925
0.350	-2.910
0.311	-2.889
0.269	-2.880
0.195	-2.865
0.121	-2.858
0.046	-2.851
-0.070	-2.840
-0.195	-2.861
-0.300	-2.798
-0.417	-2.728
-0.465	-2.657
-0.573	-2.548
POLYLINE GREEN
2.265	-1.222
2.282	-1.220
POLYLINE GREEN
2.113	-1.266
2.080	-1.238
2.049	-1.209
2.015	-1.183
1.907	-1.103
1.699	-1.091
1.575	-1.124
1.187	-1.228
0.799	-1.332
0.419	-1.464
0.255	-1.520
-0.041	-1.764
-0.172	-1.841
-0.711	-2.156
-0.471	-1.921
-0.675	-2.136
POLYLINE GREEN
0.284	-2.926
0.195	-2.490
0.234	-2.509
0.071	-2.181
0.058	-2.154
0.040	-2.129
0.020	-2.107
-0.137	-1.931
-0.039	-2.074
-0.249	-1.891
-0.272	-1.871
-0.284	-1.842
-0.302	-1.817
POLYLINE GREEN
-0.282	-1.858
-0.384	-1.943
-0.454	-1.975
-0.594	-1.955
-1.274	-1.859
-1.131	-1.869
-1.792	-1.609
POLYLINE GREEN
-1.597	-1.642
-1.634	-1.602
-1.665	-1.554
-1.708	-1.520
-1.982	-1.305
-2.252	-1.082
-2.547	-0.898
-3.194	-0.494
-3.085	-0.834
-3.156	-0.601
POLYLINE GREEN
0.235	-3.021
0.192	-3.035
0.150	-3.052
0.106	-3.062
0.078	-3.069
0.050	-3.071
0.022	-3.071
-0.486	-3.075
-0.647	-3.036
-1.275	-2.809
-2.929	-2.210
-2.720	-2.296
-3.732	-1.657
POLYLINE GREEN
-3.011	-0.703
-3.048	-0.690
-3.085	-0.680
-3.121	-0.664
-3.204	-0.628
-3.301	-0.494
-3.331	-0.437
-3.458	-0.199
-3.578	0.169
-3.634	0.424
-3.721	0.822
-3.661	0.933
-3.824	1.284
-3.840	1.320
-3.822	1.206
-3.821	1.166
POLYLINE GREEN
-3.708	-1.641
-3.826	-1.579
-3.940	-1.513
-4.011	-1.397
-4.058	-1.322
-4.112	-1.250
-4.138	-1.166
-4.340	-0.518
-4.501	0.142
-4.695	0.792
-4.728	0.901
-4.876	1.091
-4.925	1.161
POLYLINE GREEN
-4.823	1.267
-4.579	1.090
-4.591	1.119
-4.194	1.083
-4.087	1.074
-3.929	1.103
-3.844	1.177
-3.786	1.228
-3.778	1.275
-3.744	1.351
POLYLINE GREEN
-3.884	1.178
-3.863	1.209
-3.839	1.238
-3.820	1.271
-3.810	1.289
-3.801	1.308
-3.796	1.328
-3.772	1.435
-3.749	1.541
-3.734	1.649
-3.727	1.696
-3.724	1.745
-3.733	1.791
-3.753	1.904
-3.779	2.016
-3.818	2.125
-3.843	2.195
-3.986	2.629
-4.119	2.790
-4.164	2.844
-4.211	2.898
-4.265	2.943
-4.436	3.086
-4.718	3.227
-4.938	3.268
-5.073	3.293
-5.306	3.326
-5.458	3.299
-5.589	3.275
-5.777	3.222
-5.905	3.154
-6.039	3.083
-6.120	2.977
-6.168	2.834
-6.242	2.617
-6.344	2.353
-6.312	2.113
-6.280	1.870
-6.114	1.638
-5.963	1.454
-5.938	1.424
-5.906	1.398
-5.874	1.375
-5.476	1.089
-5.232	1.089
-4.712	0.965
POLYLINE GREEN
-5.292	2.139
-5.066	2.170
-5.019	2.197
-4.843	2.181
-4.837	2.181
-4.831	2.177
-4.825	2.174
-4.811	2.168
-4.798	2.160
-4.784	2.153
POLYLINE GREEN
-4.842	2.383
-4.929	2.391
-5.016	2.402
-5.104	2.407
-5.128	2.408
-5.165	2.396
-5.186	2.386
-5.236	2.360
-5.278	2.312
-5.295	2.257
-5.325	2.162
-5.293	2.024
-5.197	1.978
-5.137	1.948
-5.064	1.941
-4.999	1.947
-4.848	1.960
-4.768	1.968
-4.701	2.105
-4.678	2.150
-4.652	2.217
-4.675	2.269
-4.698	2.319
-4.750	2.353
-4.789	2.387
POLYLINE GREEN
-18.096	-22.103
-18.028	-21.794
-18.069	-21.950
-17.972	-21.635
POLYLINE GREEN
-8.506	3.208
-8.468	3.032
-8.460	2.783
-8.304	2.649
-8.093	2.468
-7.411	2.549
-7.292	2.549
-6.863	2.549
-6.916	2.565
-6.473	2.487
-6.352	2.466
-6.219	2.388
-6.117	2.339
POLYLINE GREEN
-4.985	3.289
-6.926	3.948
-6.507	3.987
-8.121	4.059
-8.363	4.070
-8.338	4.072
-8.460	3.985
POLYLINE GREEN
-7.132	2.535
-7.019	2.516
-6.922	2.515
-6.843	2.606
-6.797	2.659
-6.749	2.711
-6.711	2.769
-6.533	3.038
-6.448	3.310
-6.605	3.610
-6.650	3.695
-6.725	3.756
-6.809	3.800
-6.842	3.817
-6.878	3.827
-6.912	3.841
-6.921	3.844
-6.931	3.843
-6.938	3.849
-6.978	3.882
-7.014	3.920
-7.051	3.955
POLYLINE GREEN
-8.400	4.078
-8.520	4.092
-8.639	4.119
-8.760	4.121
-9.267	4.127
-9.792	3.949
-10.258	3.806
-10.359	3.775
-10.453	3.722
-10.546	3.671
-10.845	3.505
-11.001	3.438
-11.208	3.228
-11.247	3.188
-11.293	3.115
-11.312	3.063
-11.448	2.698
-11.444	2.613
-11.310	2.238
-11.299	2.207
-11.281	2.179
-11.262	2.152
-11.228	2.103
-11.154	2.029
-11.103	2.003
-11.037	1.969
-10.646	1.748
-10.432	1.715
-10.356	1.703
-10.256	1.707
-10.183	1.726
-9.899	1.802
-9.616	1.864
-9.403	2.076
-9.085	2.391
-8.774	2.713
-8.464	3.036
-8.440	3.062
-8.408	3.126
-8.399	3.160
-8.387	3.205
-8.381	3.251
-8.371	3.296
POLYLINE GREEN
-10.259	3.649
-9.957	5.259
-10.001	4.584
-10.039	6.327
-10.041	6.433
-10.066	6.484
-10.100	6.580
POLYLINE GREEN
-12.535	7.952
-12.572	7.944
POLYLINE GREEN
-12.635	7.899
-12.202	7.611
-11.761	7.333
-11.335	7.034
-11.167	6.916
-10.884	6.725
-10.784	6.501
-10.741	6.406
-10.706	6.255
-10.713	6.159
-10.755	5.572
-10.804	4.985
-10.883	4.402
-11.008	3.489
-11.057	3.496
-11.376	2.728
POLYLINE GREEN
-10.136	6.501
-10.220	6.782
-10.330	7.066
-10.548	7.273
-10.786	7.499
-11.292	7.783
-11.492	7.931
-11.602	8.013
-11.823	8.234
-11.966	8.353
POLYLINE GREEN
-12.608	7.745
-12.668	8.302
POLYLINE GREEN
-12.762	8.225
-12.833	8.275
-12.906	8.321
-12.973	8.374
-13.005	8.400
-13.034	8.429
-13.058	8.462
-13.290	8.778
-13.513	9.100
-13.740	9.420
POLYLINE GREEN
-12.112	8.423
-12.534	9.462
POLYLINE GREEN
-13.607	9.209
-13.880	10.426
-13.641	9.428
-14.633	12.112
POLYLINE GREEN
-12.518	9.372
-12.569	9.423
-12.628	9.467
-12.672	9.525
-12.736	9.609
-12.792	9.699
-12.839	9.794
-13.067	10.253
-13.258	10.730
-13.495	11.184
-13.570	11.328
-13.687	11.447
-13.775	11.584
-13.995	11.929
-13.629	12.102
-13.380	12.266
POLYLINE GREEN
-13.388	12.182
-13.362	12.250
-13.326	12.317
-13.323	12.391
-13.314	12.641
-13.535	12.984
-13.690	13.169
-13.730	13.217
-13.775	13.260
-13.818	13.305
POLYLINE GREEN
-14.465	12.067
-14.402	12.207
-14.345	12.368
-14.221	12.470
-14.130	12.544
-13.942	12.615
-13.874	12.647
POLYLINE GREEN
-13.778	13.306
-14.028	13.530
-14.429	13.417
-14.677	13.634
-14.706	13.659
-14.733	13.687
-14.756	13.717
-14.958	13.983
-14.954	14.037
-15.028	14.365
POLYLINE GREEN
-13.999	12.635
-14.167	12.686
-14.246	12.866
-14.405	12.928
-14.528	12.976
-14.657	13.009
-14.779	13.059
-14.907	13.113
-15.077	13.270
-15.159	13.348
-15.416	13.594
-15.417	14.110
-15.297	14.414
-15.237	14.566
-15.167	14.651
-15.075	14.787
POLYLINE GREEN
-14.919	14.070
-14.877	14.262
-14.802	14.460
-14.669	14.610
-14.629	14.654
-14.585	14.695
-14.543	14.738
POLYLINE BLUE
-0.253	11.244
-0.217	11.237
-0.180	11.227
-0.143	11.223
-0.077	11.216
-0.010	11.218
0.056	11.211
0.126	11.203
0.186	11.165
0.239	11.121
POLYLINE BLUE
-0.290	10.812
-0.164	10.793
-0.050	10.741
0.061	10.682
POLYLINE BLUE
0.244	11.110
0.269	11.060
0.298	11.011
0.320	10.960
0.351	10.889
0.369	10.812
0.404	10.742
0.544	10.463
0.733	10.258
0.909	9.992
0.948	9.933
0.972	9.864
1.007	9.802
1.025	9.771
1.049	9.744
1.069	9.714
1.239	9.459
1.158	9.542
1.238	9.462
POLYLINE BLUE
0.023	10.669
0.040	10.647
0.057	10.625
0.074	10.602
0.088	10.580
0.101	10.557
0.117	10.536
0.198	10.436
0.335	10.323
0.414	10.241
0.435	10.219
0.454	10.194
0.470	10.167
0.689	9.786
0.662	9.917
0.692	9.707
POLYLINE BLUE
1.265	9.520
1.228	9.477
POLYLINE BLUE
0.682	9.770
0.690	9.755
0.699	9.741
0.705	9.725
0.723	9.687
0.715	9.632
0.691	9.599
0.645	9.535
0.494	9.295
0.377	9.196
0.361	9.182
0.342	9.170
0.324	9.159
0.256	9.119
0.184	9.085
0.117	9.042
0.046	8.998
-0.028	8.944
-0.085	8.879
-0.133	8.824
-0.176	8.763
-0.226	8.709
-0.366	8.557
-0.355	8.612
-0.406	8.519
POLYLINE BLUE
-0.386	7.964
-0.354	8.002
-0.326	8.044
-0.288	8.076
0.317	8.600
-0.052	8.257
0.325	8.560
0.408	8.627
0.485	8.703
0.570	8.767
0.606	8.793
0.650	8.809
0.688	8.832
0.710	8.845
0.730	8.860
0.751	8.874
POLYLINE BLUE
0.742	8.827
0.799	8.846
0.857	8.860
0.913	8.883
0.979	8.910
1.043	8.944
1.107	8.977
1.143	8.995
1.173	9.026
1.212	9.038
1.655	9.183
2.788	9.420
3.019	9.472
POLYLINE BLUE
1.220	9.512
1.231	9.498
1.244	9.473
1.265	9.468
1.305	9.458
1.381	9.533
1.410	9.550
1.438	9.567
1.469	9.580
1.499	9.594
1.512	9.600
1.528	9.600
1.539	9.609
1.547	9.617
1.549	9.630
1.554	9.641
POLYLINE BLUE
1.441	9.567
1.695	9.606
1.255	9.535
1.724	9.634
1.773	9.645
1.823	9.642
1.871	9.653
1.976	9.678
2.076	9.724
2.183	9.744
2.309	9.767
2.440	9.763
2.568	9.781
2.738	9.806
2.916	9.847
3.071	9.926
POLYLINE BLUE
4.484	10.743
4.309	10.726
4.230	10.729
4.059	10.661
3.957	10.620
3.861	10.567
3.764	10.515
3.747	10.507
3.733	10.493
3.718	10.481
3.681	10.449
3.595	10.355
3.531	10.328
3.399	10.273
3.263	10.228
3.131	10.173
3.110	10.165
3.091	10.152
3.073	10.139
3.055	10.126
3.039	10.111
3.024	10.095
2.969	10.041
2.919	9.980
2.860	9.930
2.790	9.869
2.713	9.818
2.639	9.762
POLYLINE BLUE
2.896	9.430
3.028	9.446
3.162	9.451
3.293	9.477
3.409	9.500
3.612	9.607
3.708	9.658
3.723	9.667
3.737	9.678
3.750	9.690
3.839	9.781
3.922	9.877
4.012	9.967
4.295	10.252
4.116	10.066
4.386	10.284
4.432	10.320
4.472	10.364
4.517	10.401
4.553	10.430
4.584	10.441
4.625	10.459
POLYLINE BLUE
5.620	9.932
5.127	10.097
5.302	10.011
4.837	10.281
4.795	10.306
4.757	10.337
4.715	10.361
4.665	10.389
4.612	10.411
4.561	10.436
POLYLINE BLUE
5.856	10.424
5.679	10.504
5.807	10.450
5.616	10.518
5.567	10.536
5.518	10.556
5.468	10.572
5.428	10.585
5.385	10.592
5.344	10.605
5.299	10.620
5.256	10.643
5.210	10.657
5.069	10.699
5.186	10.645
5.048	10.678
4.935	10.705
4.825	10.751
4.710	10.769
4.620	10.783
4.528	10.772
4.437	10.773
4.431	10.773
4.425	10.772
4.419	10.770
4.399	10.764
4.381	10.757
4.362	10.750
POLYLINE BLUE
4.735	10.738
4.702	10.727
4.686	10.726
4.660	10.707
4.612	10.672
4.575	10.602
4.585	10.541
4.593	10.490
4.645	10.409
4.691	10.378
4.709	10.366
4.729	10.356
4.748	10.345
POLYLINE BLUE
6.135	10.249
6.088	10.241
6.001	10.251
5.953	10.215
5.905	10.178
5.872	10.127
5.858	10.068
5.856	10.056
5.853	10.044
5.853	10.031
5.855	9.991
5.859	9.952
5.865	9.912
5.867	9.898
5.869	9.884
5.875	9.872
5.886	9.848
5.901	9.827
5.914	9.804
POLYLINE BLUE
5.840	10.453
6.010	10.345
5.988	10.342
6.174	10.286
6.215	10.274
6.268	10.267
6.312	10.270
6.369	10.273
6.461	10.315
6.494	10.323
6.523	10.330
6.554	10.332
6.584	10.334
6.663	10.340
6.743	10.339
6.822	10.346
7.098	10.370
7.053	10.393
7.267	10.375
7.290	10.373
7.312	10.369
7.333	10.362
7.365	10.351
7.395	10.335
7.426	10.322
POLYLINE BLUE
5.565	9.997
5.733	9.956
5.763	9.960
5.919	9.873
5.954	9.853
5.985	9.826
6.017	9.801
6.042	9.780
6.101	9.716
6.145	9.702
6.334	9.638
6.523	9.574
6.714	9.519
6.790	9.497
7.077	9.496
7.094	9.494
7.177	9.483
7.264	9.427
7.350	9.452
7.455	9.482
7.535	9.571
7.600	9.653
7.682	9.757
7.709	9.826
7.721	9.955
7.724	9.981
7.724	10.009
7.721	10.035
7.718	10.065
7.708	10.143
7.686	10.184
7.624	10.299
7.517	10.333
7.407	10.385
POLYLINE BLUE
7.145	10.015
7.088	10.037
7.028	10.067
6.965	10.061
6.925	10.057
6.893	10.035
6.869	10.003
6.839	9.965
6.811	9.917
6.828	9.867
6.843	9.821
6.900	9.797
6.938	9.779
7.032	9.736
7.133	9.732
7.206	9.815
7.218	9.830
7.231	9.847
7.232	9.866
7.232	9.873
7.230	9.886
7.227	9.891
7.198	9.934
7.166	9.977
7.135	10.020
POLYLINE BLUE
6.970	9.927
7.029	9.903
7.084	9.883
7.144	9.864
POLYLINE BLUE
6.063	11.297
6.056	11.042
6.067	11.141
6.049	11.000
POLYLINE BLUE
6.061	10.912
6.068	10.936
6.072	10.962
6.081	10.985
6.090	11.009
6.102	11.032
6.115	11.055
6.118	11.062
6.129	11.082
6.141	11.086
6.152	11.090
6.164	11.080
6.170	11.071
6.198	11.037
6.225	11.001
6.252	10.966
6.260	10.956
6.265	10.944
6.273	10.935
6.283	10.925
6.290	10.942
6.290	10.947
6.306	11.055
6.319	11.163
6.333	11.272
POLYLINE BLUE
6.545	11.281
6.532	11.266
6.518	11.252
6.507	11.235
6.497	11.220
6.488	11.204
6.482	11.187
6.400	10.959
6.396	11.029
6.406	10.928
POLYLINE BLUE
6.560	11.332
6.609	11.006
6.537	11.093
6.622	10.998
POLYLINE BLUE
6.463	11.133
6.519	11.131
6.564	11.117
6.614	11.095
POLYLINE BLUE
6.665	11.031
6.610	10.984
6.577	10.938
6.551	10.873
6.546	10.859
6.541	10.828
6.539	10.816
POLYLINE BLUE
6.914	11.264
6.882	11.293
6.841	11.330
6.795	11.308
6.742	11.283
6.738	11.216
6.763	11.170
6.782	11.136
6.812	11.117
6.844	11.097
6.859	11.088
6.875	11.085
6.880	11.067
6.884	11.051
6.876	11.032
6.869	11.019
6.861	11.003
6.851	10.989
6.838	10.977
6.795	10.940
6.753	10.975
6.711	10.996
POLYLINE BLUE
7.066	11.305
7.005	11.136
6.987	11.112
6.966	10.919
6.965	10.905
6.974	10.892
6.978	10.879
POLYLINE BLUE
7.249	11.264
7.184	11.222
7.118	11.182
7.054	11.139
7.019	11.116
7.032	11.065
7.053	11.038
7.138	10.929
7.095	10.942
7.184	10.940
POLYLINE BLUE
7.351	11.268
7.319	11.174
7.285	11.080
7.253	10.984
7.242	10.950
7.241	10.957
7.251	10.937
POLYLINE BLUE
7.840	11.296
7.744	11.048
7.769	11.146
7.738	11.011
POLYLINE BLUE
7.847	11.315
7.850	11.273
7.852	11.231
7.856	11.190
7.858	11.174
7.869	11.157
7.883	11.150
7.894	11.144
7.909	11.141
7.922	11.143
7.956	11.147
8.013	11.219
8.021	11.203
8.024	11.198
8.024	11.192
8.022	11.186
8.010	11.130
7.992	11.074
7.980	11.018
7.974	10.993
7.972	10.967
7.968	10.942
POLYLINE BLUE
8.152	11.238
8.059	11.001
8.085	11.099
8.051	10.949
POLYLINE BLUE
8.050	10.968
8.096	10.963
8.121	10.955
8.162	10.962
8.171	10.963
8.179	10.967
8.188	10.969
8.191	10.969
8.194	10.969
8.197	10.968
8.208	10.966
8.219	10.964
8.229	10.962
POLYLINE BLUE
8.105	11.106
8.165	11.082
8.193	11.079
8.253	11.084
POLYLINE BLUE
8.155	11.224
8.228	11.216
8.187	11.223
8.276	11.197
POLYLINE BLUE
8.389	11.207
8.360	11.147
8.331	11.087
8.302	11.027
8.328	11.095
8.350	11.165
8.379	11.233
8.381	11.236
8.386	11.231
8.389	11.228
8.392	11.224
8.393	11.219
8.395	11.214
8.397	11.204
8.401	11.194
8.401	11.183
8.402	11.155
8.401	11.127
8.399	11.099
8.386	10.965
8.337	10.964
8.392	10.969
POLYLINE BLUE
8.345	11.079
8.400	11.074
8.378	11.081
8.415	11.064
POLYLINE BLUE
8.548	11.217
8.461	10.962
8.458	11.056
8.465	10.947
POLYLINE BLUE
8.498	11.259
8.562	11.020
8.508	11.101
8.601	10.988
POLYLINE BLUE
8.677	11.221
8.686	11.143
8.665	11.085
8.637	11.011
8.631	10.995
8.622	10.981
8.615	10.965
8.609	10.948
8.604	10.931
8.599	10.913
POLYLINE BLUE
8.780	11.217
8.786	11.125
8.793	11.122
8.776	11.035
8.769	10.997
8.752	10.961
8.750	10.922
8.749	10.913
8.763	10.936
8.770	10.942
POLYLINE BLUE
8.740	11.186
8.795	11.196
8.836	11.197
8.876	11.157
8.887	11.146
8.896	11.132
8.902	11.117
8.910	11.100
8.914	11.073
8.904	11.055
8.864	10.979
8.851	10.973
8.777	10.899
8.743	10.865
8.751	10.874
8.708	10.885
POLYLINE BLUE
9.021	11.151
9.000	11.060
8.977	10.969
8.957	10.878
8.954	10.865
8.966	10.858
8.977	10.857
8.981	10.856
8.985	10.857
8.989	10.857
9.032	10.864
9.075	10.871
9.117	10.879
POLYLINE BLUE
8.940	11.008
9.051	11.016
9.042	11.013
9.137	11.045
POLYLINE BLUE
9.034	11.172
9.157	11.183
9.116	11.198
9.164	11.177
POLYLINE BLUE
9.246	11.152
9.241	11.119
9.235	11.085
9.230	11.051
9.220	11.015
9.205	10.980
9.200	10.943
9.198	10.928
9.206	10.913
9.209	10.898
POLYLINE BLUE
9.224	11.116
9.255	11.139
9.284	11.159
9.322	11.145
9.336	11.141
9.348	11.132
9.356	11.119
9.394	11.061
9.351	10.990
9.292	10.969
9.280	10.965
9.266	10.963
9.253	10.965
9.251	10.965
9.210	10.975
9.211	10.973
9.217	10.957
9.237	10.949
9.247	10.935
9.303	10.858
9.301	10.852
9.334	10.772

ELEVATION
STATIONS
0.000	0.000	0
-0.928	1.894	1
-0.692	2.081	2
-1.806	1.242	3
-0.439	-7.084	4
-3.873	-7.262	5
-6.750	-9.611	6
-9.899	-9.531	7
-2.125	-14.736	4.1
-2.598	-15.301	4.2
-1.784	-18.521	4.3
-3.618	-28.689	4.4
2.665	-30.360	4.5
3.945	-30.553	4.6
2.794	-35.847	4.7
-0.518	-39.418	4.8
-3.425	-41.780	4.9
-4.387	-42.283	4.10
-5.730	-46.834	4.11
-8.489	-47.313	4.12
-11.060	-54.105	4.13
-10.141	-54.240	4.14
-12.528	-55.505	4.15
-12.554	-55.579	4.16
-14.480	-57.404	4.17
-13.481	-57.415	4.18
-0.227	-12.582	4.1.1
1.238	-12.693	4.1.2
-2.683	-15.267	4.1.3
2.985	-14.040	4.1.2.1
4.506	-15.373	4.1.2.2
5.632	-15.330	4.1.2.3
SHOTS
0.000	0.000	-0.928	1.894
-0.928	1.894	-1.864	3.798
-0.928	1.894	-0.692	2.081
-0.692	2.081	-1.840	2.018
-0.692	2.081	-1.255	4.676
-0.692	2.081	-4.700	10.721
-0.692	2.081	-1.003	0.817
-0.692	2.081	-1.806	1.242
-1.806	1.242	-0.439	-7.084
-0.439	-7.084	-2.422	-7.849
-0.439	-7.084	-2.128	0.331
-0.439	-7.084	-3.873	-7.262
-3.873	-7.262	-3.797	-7.444
-3.873	-7.262	-5.072	-10.583
-3.873	-7.262	-5.091	1.871
-3.873	-7.262	-6.750	-9.611
-6.750	-9.611	-7.062	-9.645
-6.750	-9.611	-6.664	-9.626
-6.750	-9.611	-6.768	-11.030
-6.750	-9.611	-9.899	-9.531
-0.439	-7.084	-2.125	-14.736
-2.125	-14.736	-1.215	-19.078
-2.125	-14.736	-0.164	-15.439
-2.125	-14.736	-3.389	-14.594
-2.125	-14.736	-0.992	-14.132
-2.125	-14.736	-2.598	-15.301
-2.598	-15.301	-1.856	-15.487
-2.598	-15.301	-2.106	-17.965
-2.598	-15.301	-1.315	-11.458
-2.598	-15.301	0.934	-15.295
-2.598	-15.301	-1.784	-18.521
-1.784	-18.521	-0.885	-18.596
-1.784	-18.521	-0.532	-19.486
-1.784	-18.521	-0.616	-22.060
-1.784	-18.521	-3.634	-21.911
-1.784	-18.521	-3.618	-28.689
-3.618	-28.689	-1.182	-27.689
-3.618	-28.689	-2.552	-29.819
-3.618	-28.689	0.123	-31.856
-3.618	-28.689	-2.237	-30.103
-3.618	-28.689	2.665	-30.360
2.665	-30.360	1.521	-31.178
2.665	-30.360	3.945	-30.553
3.945	-30.553	4.393	-34.143
3.945	-30.553	3.375	-30.857
3.945	-30.553	2.794	-35.847
2.794	-35.847	0.692	-36.986
2.794	-35.847	-0.518	-39.418
-0.518	-39.418	-3.425	-41.780
-3.425	-41.780	-4.387	-42.283
-4.387	-42.283	-5.730	-46.834
-5.730	-46.834	-8.489	-47.313
-8.489	-47.313	-11.060	-54.105
-11.060	-54.105	-10.141	-54.240
-10.141	-54.240	-12.528	-55.505
-12.528	-55.505	-12.093	-55.512
-12.528	-55.505	-12.528	-57.608
-12.528	-55.505	-12.335	-54.504
-12.528	-55.505	-12.554	-55.579
-12.554	-55.579	-13.446	-56.467
-12.554	-55.579	-13.436	-56.458
-12.554	-55.579	-13.450	-56.470
-12.554	-55.579	-14.480	-57.404
-14.480	-57.404	-14.305	-56.335
-14.480	-57.404	-14.512	-58.488
-14.480	-57.404	-13.893	-57.440
-14.480	-57.404	-13.481	-57.415
-13.481	-57.415	-14.301	-57.494
-2.125	-14.736	-0.227	-12.582
-0.227	-12.582	1.238	-12.693
1.238	-12.693	-2.683	-15.267
1.238	-12.693	2.985	-14.040
2.985	-14.040	2.812	-14.065
2.985	-14.040	3.245	-16.123
2.985	-14.040	3.012	-11.705
2.985	-14.040	4.506	-15.373
4.506	-15.373	5.632	-15.330
5.632	-15.330	5.896	-15.327
5.632	-15.330	9.215	-30.374
5.632	-15.330	7.072	-11.830

