TRIP
DATE 2005-07-01 
DECLINATION     0.00
DATA
1.1	1.0	80.00	24.59	3.609	>
1.2	1.1	32.30	5.87	4.743	>
1.2		110.02	-3.62	2.090	>
1.2		13.51	7.36	2.201	>
1.2		43.61	12.12	2.620	>
1.2		41.07	29.63	2.541	>
1.2		326.52	-66.60	0.580	>
1.2		107.90	-45.84	2.400	>
1.3	1.2	88.64	4.03	4.529	>
1.3		106.13	8.39	4.680	>
1.3		95.99	6.24	4.480	>
1.3		84.93	10.72	2.870	>
1.3		229.65	81.19	2.390	>
1.4	1.3	6.98	-6.13	5.243	>
1.4		352.00	-6.44	3.140	>
1.4		15.77	-3.64	2.739	>
1.4		11.96	36.19	2.410	>
1.4		1.90	-18.27	3.870	>
1.4		2.53	-17.05	3.819	>
1.4		4.64	-26.01	1.760	>
1.4		311.57	-29.67	1.580	>
1.4		139.51	-5.58	4.331	>
1.4		101.11	3.11	2.510	>
1.4		231.23	-24.19	7.911	>
1.4		193.08	-27.03	8.800	>
1.4		198.51	-41.65	6.240	>
1.5	1.4	14.31	26.37	8.606	>
1.5		327.80	7.33	3.190	>
1.6	1.5	99.28	2.49	4.003	>
1.6		112.12	-0.05	3.290	>
1.6		100.78	28.59	2.520	>
1.6		102.23	-30.45	2.240	>
1.7	1.6	356.84	-19.88	8.859	>
1.7		12.01	-32.86	6.850	>
1.7		8.76	-35.31	4.230	>
1.7		34.49	-18.96	5.159	>
1.7		348.65	-19.98	5.429	>
1.7		306.09	-21.02	3.830	>
1.7		350.36	60.43	3.110	>
1.7		281.08	-19.60	5.590	>
1.7		294.13	78.88	9.230	>
1.7		252.91	-51.23	2.820	>
1.8	1.7	42.39	10.36	5.303	>
1.8		103.25	5.84	2.280	>
1.8		281.17	15.68	1.720	>
1.8		30.79	-3.22	3.670	>
1.8		25.93	-18.04	2.990	>
1.8		22.25	35.43	2.820	>
1.9	1.8	34.26	-23.39	5.676	>
1.9		53.40	-35.84	3.050	>
1.9		26.53	-16.18	3.420	>
1.9		71.84	-16.13	4.739	>
1.9		103.86	-4.25	3.900	>
1.9		58.33	-57.13	1.870	>
1.9		69.06	76.77	2.689	>
1.9		0.18	9.02	3.640	>
1.9		319.60	0.54	3.290	>
1.9		289.26	18.49	1.410	>
1.9		136.23	16.30	1.920	>
1.10	1.9	351.23	-30.55	4.450	>
1.10		315.91	-4.03	2.050	>
1.10		37.31	-20.17	1.650	>
1.10		82.23	-84.62	1.420	>
1.10		92.42	-3.36	2.370	>
1.10		213.49	-15.52	2.620	>
1.10		179.89	-71.77	1.620	>
1.10		154.09	-68.50	6.920	>
1.10		185.58	-25.24	3.910	>
1.10		158.89	-6.75	3.490	>
1.11	1.10	1.19	4.52	4.453	>
1.11		353.25	-20.66	4.090	>
1.11		332.01	-17.60	3.320	>
1.11		294.76	-35.65	3.320	>
1.11		8.19	-34.99	5.840	>
1.12	1.11	40.76	9.08	8.276	>
1.12		59.37	18.29	9.359	>
1.12		66.77	22.29	3.311	>
1.12		26.21	7.19	4.420	>
1.12		26.80	-5.17	5.640	>
1.12		59.88	4.86	3.330	>
1.12		60.99	4.46	3.340	>
1.12		248.25	11.42	1.581	>
1.12		246.62	-0.20	2.550	>
1.12		286.73	1.94	2.301	>
1.12		201.05	14.36	1.980	>
1.13	1.12	69.98	-4.89	6.126	>
1.13		134.70	2.50	3.601	>
1.13		126.38	18.33	1.790	>
1.13		136.19	-32.53	1.330	>

PLAN
STATIONS
4.909	6.804	1.0
6.040	10.769	1.1
1.973	0.444	1.2
-3.147	7.853	1.3
-8.270	5.719	1.4
-13.623	-8.549	1.5
-19.565	1.154	1.6
-15.687	-7.478	1.7
-16.219	-13.126	1.8
-18.568	-21.219	1.10
-18.660	-25.657	1.11
-23.995	-31.847	1.12
-29.730	-33.937	1.13
SHOTS
-23.995	-31.847	-29.730	-33.937
-29.730	-33.937	-27.173	-36.467
-29.730	-33.937	-28.362	-34.945
-29.730	-33.937	-28.954	-34.746
-18.660	-25.657	-23.995	-31.847
-23.995	-31.847	-16.348	-27.320
-23.995	-31.847	-21.180	-30.639
-23.995	-31.847	-22.058	-27.913
-23.995	-31.847	-21.462	-26.833
-23.995	-31.847	-21.125	-30.182
-23.995	-31.847	-21.083	-30.232
-23.995	-31.847	-25.434	-32.421
-23.995	-31.847	-26.336	-32.859
-23.995	-31.847	-26.197	-31.185
-23.995	-31.847	-24.684	-33.637
-18.568	-21.219	-18.660	-25.657
-18.660	-25.657	-19.110	-21.857
-18.660	-25.657	-20.145	-22.863
-18.660	-25.657	-21.110	-24.527
-18.660	-25.657	-17.978	-20.921
-19.152	-17.432	-18.568	-21.219
-18.568	-21.219	-19.991	-19.750
-18.568	-21.219	-17.629	-19.987
-18.568	-21.219	-18.436	-21.201
-18.568	-21.219	-16.204	-21.319
-18.568	-21.219	-19.961	-23.324
-18.568	-21.219	-18.567	-21.726
-18.568	-21.219	-17.460	-23.500
-18.568	-21.219	-18.912	-24.739
-18.568	-21.219	-17.320	-24.452
-19.152	-17.432	-16.219	-13.126
-19.204	-11.331	-15.687	-7.478
-19.106	-7.165	-19.565	1.154
-17.570	-7.904	-13.623	-8.549
-10.176	-1.752	-8.270	5.719
-3.780	2.679	-3.147	7.853
-2.544	0.337	1.973	0.444
3.519	6.781	6.040	10.769
1.677	6.234	4.909	6.804
POLYLINE BLACK
4.729	6.754
4.709	6.774
4.649	6.684
4.649	6.574
4.669	6.544
4.709	6.534
4.819	6.644
4.829	6.684
4.769	6.744
4.729	6.754
4.649	6.714
4.629	6.674
POLYLINE BLACK
0.589	2.104
0.509	2.104
0.429	1.944
0.429	1.844
0.549	1.724
0.649	1.704
0.989	1.864
1.049	1.984
0.989	2.064
0.909	2.104
0.729	2.124
0.529	2.064
0.429	1.984
POLYLINE BLACK
-1.251	1.224
-1.291	1.264
-1.331	1.264
-1.411	1.164
-1.411	1.084
-1.391	1.024
-1.271	0.984
-1.191	1.004
-1.111	1.084
-1.091	1.184
-1.151	1.244
-1.251	1.244
-1.271	1.184
-1.391	1.084
POLYLINE BLACK
-8.311	-8.596
-8.471	-8.676
-8.631	-8.956
-8.631	-9.116
-8.431	-9.436
-8.311	-9.396
-8.151	-9.476
-7.871	-9.316
-7.791	-9.316
-7.511	-9.036
-7.391	-8.876
-7.511	-8.756
-7.631	-8.676
-7.991	-8.636
-8.351	-8.796
POLYLINE BLACK
-6.771	1.864
POLYLINE BLACK
-24.811	-41.936
POLYLINE BLACK
-20.051	-44.976
POLYLINE BLACK
-21.611	-44.256
-21.931	-44.296
-22.011	-44.376
-22.251	-44.376
-22.451	-44.416
-22.731	-44.456
-22.811	-44.496
-22.811	-44.576
-22.731	-44.696
-22.251	-44.976
-21.651	-45.176
-21.571	-45.136
-21.371	-45.216
-21.211	-45.176
-21.051	-45.336
-21.091	-45.416
POLYLINE BLACK
-22.251	-44.456
-21.451	-44.536
-21.251	-44.616
-21.131	-44.576
-21.051	-44.616
-20.651	-44.616
-19.971	-44.816
-19.851	-44.816
-19.251	-44.976
POLYLINE BLACK
-28.931	-44.936
-28.851	-44.856
-28.691	-44.816
-28.371	-44.536
-27.971	-44.376
-27.811	-44.216
-27.691	-44.336
-27.811	-44.816
-28.331	-45.976
-28.411	-46.056
POLYLINE BLACK
-30.651	-47.456
-30.371	-47.056
-30.291	-46.856
-29.091	-45.656
-28.371	-45.016
-28.171	-44.816
-28.011	-44.696
POLYLINE BLACK
-4.731	-2.896
-4.571	-2.736
-4.691	-2.776
-5.051	-3.136
-4.651	-2.696
-5.291	-3.336
-4.931	-2.816
-5.131	-3.016
-5.331	-3.296
-4.851	-2.616
-5.131	-2.816
-5.331	-3.216
-5.131	-2.976
POLYLINE BLACK
-4.651	-2.816
-4.811	-3.016
-4.971	-3.096
-5.491	-3.616
POLYLINE BLACK
-4.971	-2.336
-4.891	-2.416
-4.771	-2.416
-4.451	-2.616
-4.371	-2.616
-4.371	-2.696
-4.771	-3.056
-4.971	-3.176
-5.011	-3.296
-5.411	-3.576
-5.571	-3.696
POLYLINE BLACK
-4.971	-2.416
-5.451	-3.416
POLYLINE BLACK
-25.251	-43.936
-25.331	-43.856
-25.411	-43.856
-25.651	-44.096
-25.651	-44.176
-25.531	-44.216
-25.251	-43.936
-25.211	-43.736
-25.291	-43.656
-25.371	-43.656
POLYLINE BLACK
-26.171	-44.256
-26.451	-44.536
-26.531	-44.776
-26.451	-44.856
-26.251	-44.856
-26.011	-44.656
-25.971	-44.376
-26.091	-44.216
-26.171	-44.216
-26.251	-44.296
POLYLINE BLACK
-25.971	-43.576
-26.251	-43.776
-26.331	-44.056
-26.131	-44.176
-25.891	-44.096
-25.771	-43.896
-25.771	-43.696
-25.891	-43.536
-26.091	-43.536
-26.331	-43.776
-26.491	-44.056
POLYLINE BLACK
-23.811	-44.296
-24.011	-44.256
-24.211	-44.256
-24.491	-44.416
-24.531	-44.496
-24.451	-44.696
-24.171	-44.696
-24.011	-44.536
-23.891	-44.496
-23.851	-44.296
-24.051	-44.136
-24.171	-44.136
POLYLINE BLACK
-25.291	-44.256
-25.451	-44.216
-25.571	-44.296
-25.651	-44.296
-25.891	-44.496
-26.091	-44.616
-26.131	-44.776
-26.051	-44.816
-25.651	-44.776
-25.091	-44.616
-24.651	-44.296
-24.611	-44.136
-24.651	-44.056
-24.931	-43.976
-25.411	-44.136
-25.531	-44.256
POLYLINE BLACK
-23.011	-45.496
-23.011	-45.416
-23.171	-45.256
-23.171	-45.176
-23.451	-44.896
-23.971	-44.736
-24.371	-44.736
-24.491	-44.696
-24.571	-44.736
-24.651	-44.696
-24.811	-44.776
-24.891	-44.736
-25.331	-44.856
-25.411	-44.936
-25.571	-44.976
-25.891	-45.296
-25.931	-45.456
-25.971	-45.656
POLYLINE BLACK
-21.971	-44.936
POLYLINE BLACK
-23.691	-42.856
-23.771	-42.896
-23.851	-42.856
-24.251	-43.256
-24.251	-43.416
-24.171	-43.576
-23.931	-43.656
-23.491	-43.656
-23.091	-43.536
-22.891	-43.536
-22.571	-43.456
-22.331	-43.456
-22.131	-43.416
-22.051	-43.416
POLYLINE BLACK
-26.891	-40.856
-27.251	-41.136
-27.611	-41.536
-27.611	-41.616
-27.811	-41.856
-27.971	-42.096
-28.291	-42.536
-28.291	-42.616
-28.571	-42.976
POLYLINE BLACK
-16.771	-36.416
-16.411	-36.656
-16.331	-36.656
-16.771	-36.376
-16.251	-36.696
-16.291	-36.616
-16.531	-36.456
-16.331	-36.576
-16.251	-36.576
-16.171	-36.656
-16.851	-36.296
POLYLINE BLACK
-16.531	-36.616
-16.291	-36.776
POLYLINE BLACK
-18.051	-36.056
-17.731	-36.376
-17.811	-36.256
-17.931	-36.256
-17.731	-36.376
-18.011	-36.176
-17.811	-36.296
-17.731	-36.416
-17.651	-36.416
-17.731	-36.376
POLYLINE BLACK
-18.171	-35.976
-18.091	-36.056
-18.011	-36.056
-17.731	-36.216
-17.571	-36.256
-17.331	-36.336
-17.771	-36.576
POLYLINE BLACK
-18.171	-35.936
-17.811	-36.456
-17.651	-36.616
POLYLINE BLACK
-24.571	-42.236
-24.651	-42.156
-24.731	-42.156
POLYLINE BLACK
-24.571	-42.356
-24.651	-42.316
POLYLINE BLACK
-25.091	-42.556
-25.171	-42.556
POLYLINE BLACK
-25.571	-42.836
POLYLINE BLACK
-25.931	-43.116
POLYLINE BLACK
-26.211	-42.636
POLYLINE BLACK
-26.171	-42.156
POLYLINE BLACK
-25.691	-41.476
-25.731	-41.556
POLYLINE BLACK
-25.531	-41.196
-25.571	-41.116
POLYLINE BLACK
-25.411	-41.036
-25.491	-40.956
POLYLINE BLACK
-25.531	-40.956
POLYLINE BLACK
-26.091	-41.236
-26.091	-41.156
POLYLINE BLACK
-26.091	-41.476
-26.211	-41.316
POLYLINE BLACK
-25.891	-41.996
-25.971	-41.716
POLYLINE BLACK
-25.491	-42.356
-25.531	-42.196
POLYLINE BLACK
-25.211	-42.116
-25.291	-41.996
-25.371	-42.076
POLYLINE BLACK
-25.251	-41.716
-25.291	-41.636
POLYLINE BLACK
-25.571	-41.756
POLYLINE BLACK
-25.931	-42.116
-25.931	-41.956
POLYLINE BLACK
-26.011	-42.516
-26.051	-42.436
POLYLINE BLACK
-25.531	-42.436
POLYLINE BLACK
-25.331	-42.476
POLYLINE BLACK
-22.731	-42.036
-22.811	-42.036
-22.891	-42.116
-22.731	-42.076
-22.691	-41.956
-22.811	-41.836
-22.891	-41.836
POLYLINE BLACK
-23.211	-41.756
-23.451	-41.956
-23.451	-42.076
-23.371	-42.196
-23.211	-42.156
-23.131	-42.116
POLYLINE BLACK
-23.291	-41.036
-23.411	-40.996
-23.651	-41.236
-23.651	-41.396
-23.531	-41.556
-23.411	-41.476
-23.411	-41.396
-23.491	-41.316
-23.691	-41.436
POLYLINE BLACK
-23.971	-40.436
-23.931	-40.316
-24.091	-40.356
-24.171	-40.396
-24.171	-40.516
-24.051	-40.556
-23.971	-40.516
-23.851	-40.556
-23.771	-40.516
-23.811	-40.396
-23.891	-40.396
-23.971	-40.476
POLYLINE BLACK
-24.531	-40.356
-24.691	-40.436
-24.811	-40.636
-24.651	-40.756
-24.491	-40.756
-24.291	-40.676
-24.291	-40.516
POLYLINE BLACK
-24.331	-41.156
-24.491	-41.316
-24.491	-41.396
-24.411	-41.476
-24.291	-41.476
-24.211	-41.516
-24.051	-41.396
-24.091	-41.196
-24.251	-41.036
-24.411	-41.076
POLYLINE BLACK
-24.051	-42.036
-24.091	-42.116
-23.971	-42.236
-23.851	-42.076
-23.891	-41.916
-24.011	-41.876
POLYLINE BLACK
-23.811	-42.396
-23.771	-42.476
-23.651	-42.356
-23.731	-42.276
-23.931	-42.316
POLYLINE BLACK
-24.811	-39.956
-24.891	-39.956
-25.291	-40.076
-25.491	-40.116
-26.091	-40.476
-26.771	-40.756
-27.011	-40.916
-27.211	-41.036
POLYLINE BLACK
-22.771	-38.836
-23.011	-39.156
-23.091	-39.196
-23.171	-39.396
-23.251	-39.396
-23.491	-39.636
-23.931	-39.796
-24.011	-39.756
-24.251	-39.876
-24.571	-39.876
-24.811	-40.036
-24.891	-40.036
-24.971	-40.116
POLYLINE BLACK
-21.931	-41.996
-22.091	-42.036
-22.171	-41.996
-22.651	-42.156
-23.331	-42.596
-23.731	-42.836
-23.931	-43.036
-24.051	-43.076
-24.251	-43.276
POLYLINE BLACK
-21.011	-40.916
-21.091	-41.116
-21.411	-41.516
-22.211	-42.156
-22.291	-42.196
POLYLINE BLACK
-20.031	-39.416
-19.911	-39.356
-19.831	-39.336
-19.831	-39.336
-19.891	-39.336
-19.931	-39.376
-19.971	-39.356
-20.051	-39.416
-20.051	-39.416
-19.971	-39.396
-19.831	-39.376
-19.891	-39.356
-20.011	-39.416
-19.931	-39.416
-19.871	-39.376
-19.791	-39.356
-19.871	-39.376
-20.011	-39.416
-20.051	-39.416
-20.011	-39.456
-19.931	-39.436
POLYLINE BLACK
-19.991	-38.996
-20.131	-39.196
-20.171	-39.376
-20.151	-39.476
-19.991	-39.636
-19.951	-39.656
-19.791	-39.596
-19.651	-39.456
-19.611	-39.336
-19.631	-39.236
-19.791	-39.036
-19.891	-39.016
-19.971	-38.996
-20.071	-39.016
-20.191	-39.136
POLYLINE BLACK
-20.971	-39.536
-21.031	-39.716
-20.911	-39.836
-20.911	-39.716
POLYLINE BLACK
-21.751	-38.996
-21.871	-38.996
-21.931	-39.116
-21.871	-39.236
-21.751	-39.236
-21.751	-39.116
-21.871	-39.116
-21.931	-39.296
POLYLINE BLACK
-22.531	-39.236
-22.651	-39.236
-22.591	-39.356
-22.531	-39.236
POLYLINE BLACK
-22.291	-40.136
-22.471	-40.436
-22.411	-40.556
-22.291	-40.556
-22.171	-40.436
-22.291	-40.376
-22.411	-40.436
POLYLINE BLACK
-22.171	-40.556
-22.231	-40.796
-22.231	-40.916
-22.111	-40.976
-21.931	-40.676
-21.991	-40.556
-22.051	-40.676
POLYLINE BLACK
-21.571	-40.976
-21.691	-41.216
-21.571	-41.336
-21.391	-41.276
-21.391	-41.036
-21.511	-40.856
-21.631	-40.856
-21.751	-40.976
POLYLINE BLACK
-21.271	-40.196
-21.391	-40.196
-21.511	-40.556
-21.331	-40.676
-21.211	-40.556
-21.271	-40.376
-21.391	-40.376
-21.511	-40.496
POLYLINE BLACK
-21.931	-39.476
-22.051	-39.596
-21.931	-39.836
-21.691	-39.836
-21.571	-39.776
-21.631	-39.656
-21.751	-39.656
POLYLINE BLACK
-22.951	-39.716
-23.011	-39.836
-22.891	-39.896
-22.771	-39.776
-22.951	-39.596
-23.071	-39.716
-22.891	-39.896
-22.651	-39.956
-22.351	-39.836
-22.411	-39.596
-22.531	-39.656
POLYLINE BLACK
-19.681	-34.286
-19.711	-34.166
-19.591	-34.106
-19.471	-34.196
-19.471	-34.376
-19.411	-34.406
-19.351	-34.346
-19.231	-34.316
-19.171	-34.286
-19.141	-34.406
-19.171	-34.586
-19.231	-34.646
-19.471	-34.706
-19.711	-35.006
-19.801	-35.246
-19.861	-35.516
-19.921	-35.696
-19.831	-35.786
-19.771	-35.966
-19.831	-36.146
-20.011	-36.266
-20.071	-36.266
-20.101	-36.116
-20.131	-35.996
-20.041	-35.876
-20.101	-35.816
-20.161	-35.816
-20.221	-35.876
-20.281	-35.876
-20.401	-35.966
-20.461	-35.966
-20.461	-35.816
-20.251	-35.606
-20.131	-35.576
-20.071	-35.546
-20.071	-35.486
-20.011	-35.426
-19.951	-35.126
-19.921	-34.976
-19.861	-34.916
-19.831	-34.796
-19.711	-34.406
-19.711	-34.286
POLYLINE BLACK
-19.671	-32.776
-19.671	-33.096
-19.711	-33.256
-19.791	-33.336
-19.791	-33.456
-19.951	-33.816
-19.991	-33.976
-20.151	-34.576
-20.151	-34.696
-20.271	-35.056
-20.271	-35.256
-20.311	-35.456
-20.431	-35.976
-20.511	-36.136
-20.511	-36.256
-20.871	-36.856
-21.191	-37.176
-21.311	-37.376
-21.391	-37.416
-21.511	-37.616
-22.031	-38.136
-22.311	-38.336
-23.111	-39.216
POLYLINE BLACK
-16.671	-36.296
-16.591	-36.336
POLYLINE BLACK
-17.351	-36.936
-17.231	-36.976
-17.071	-37.136
-16.911	-37.176
-17.031	-37.016
-17.231	-36.896
-16.951	-37.176
-16.871	-37.176
-17.191	-36.896
-17.151	-36.976
-16.871	-37.136
-17.071	-36.976
-16.871	-37.136
POLYLINE BLACK
-17.391	-36.896
-17.231	-37.056
-17.031	-37.176
POLYLINE BLACK
-17.351	-36.896
-17.071	-37.096
POLYLINE BLACK
-17.631	-37.616
POLYLINE BLACK
-17.751	-37.496
-17.671	-37.576
POLYLINE BLACK
-19.671	-37.536
-19.671	-37.536
-19.631	-37.616
-19.711	-37.536
-19.271	-37.936
-19.071	-38.056
POLYLINE BLACK
-19.511	-37.696
-18.751	-38.176
-18.951	-37.976
-19.071	-37.936
-19.511	-37.656
-19.591	-37.656
-18.791	-38.056
-18.711	-38.016
-18.911	-37.856
-19.351	-37.656
-19.551	-37.616
-19.471	-37.616
-18.911	-37.936
-18.591	-37.976
-18.791	-37.856
-19.351	-37.576
-19.431	-37.576
-18.831	-37.896
-18.711	-37.896
-18.871	-37.776
-19.311	-37.656
-18.911	-37.896
-18.751	-37.936
-18.871	-37.896
-18.991	-37.776
POLYLINE BLACK
-19.151	-38.096
-18.991	-38.256
-18.911	-38.256
POLYLINE BLACK
-20.351	-37.856
-20.351	-37.936
-20.191	-37.936
-20.191	-38.016
-20.111	-38.056
-20.151	-38.136
-20.111	-38.296
-20.111	-38.416
-19.951	-38.416
-19.791	-38.456
-19.871	-38.496
-19.791	-38.536
-19.631	-38.496
-19.791	-38.576
-19.631	-38.576
-19.631	-38.656
-19.631	-38.656
-19.431	-38.616
-19.431	-38.736
-19.511	-38.696
-19.391	-38.736
-19.311	-38.696
-19.231	-38.736
-19.671	-38.736
-19.671	-38.736
-19.351	-38.736
-19.431	-38.696
-19.751	-38.736
-19.831	-38.736
-20.031	-38.536
POLYLINE BLACK
-20.191	-37.736
-20.151	-37.896
-19.431	-38.456
-18.991	-38.776
-19.271	-38.776
-19.791	-38.856
-19.951	-38.856
POLYLINE BLACK
-20.351	-37.976
-20.351	-38.056
-20.191	-38.256
-20.031	-38.816
-19.791	-38.976
-19.711	-39.136
POLYLINE BLACK
-19.951	-37.296
-19.711	-37.656
-19.071	-38.136
-18.751	-38.296
POLYLINE BLACK
-19.751	-37.336
-19.671	-37.336
-19.391	-37.496
-19.231	-37.536
-18.791	-37.776
-18.231	-37.896
-18.071	-37.976
-18.271	-38.136
-18.351	-38.136
-18.511	-38.216
-18.631	-38.216
-18.711	-38.296
-18.871	-38.336
POLYLINE BLACK
-19.511	-32.536
POLYLINE BLACK
-17.431	-37.896
-17.151	-37.576
POLYLINE BLACK
-17.951	-37.176
-17.711	-37.376
-17.111	-37.696
-16.951	-37.736
POLYLINE BLACK
-17.991	-37.136
-17.471	-37.776
-17.391	-37.856
-17.391	-37.936
POLYLINE BLACK
-17.671	-37.376
-17.511	-37.656
POLYLINE BLACK
-16.911	-37.416
-16.671	-37.256
-16.631	-37.136
POLYLINE BLACK
-17.551	-36.656
-16.631	-37.136
-16.471	-37.176
POLYLINE BLACK
-17.551	-36.656
-17.111	-37.176
-16.991	-37.296
-16.831	-37.536
POLYLINE BLACK
-16.111	-37.016
-16.111	-36.816
-15.991	-36.656
-15.951	-36.536
-16.711	-36.216
-16.791	-36.216
-16.751	-36.376
-16.551	-36.576
-16.271	-36.856
-16.111	-36.976
POLYLINE BLACK
-15.391	-36.256
-15.211	-36.916
-15.271	-37.156
-15.571	-37.576
-15.931	-37.816
-16.171	-37.876
-16.291	-37.996
-16.591	-37.996
-16.711	-38.116
-16.951	-38.176
-17.311	-38.356
-17.551	-38.416
-17.911	-38.656
-18.091	-38.656
-18.691	-39.076
-18.931	-39.136
-19.291	-39.376
-19.411	-39.376
-19.891	-39.736
-20.011	-39.736
-20.671	-40.456
-20.851	-40.756
-20.911	-40.996
-20.971	-41.116
POLYLINE BLACK
-15.451	-36.196
-15.391	-36.316
POLYLINE BLACK
-17.251	-34.216
-17.431	-34.576
-17.431	-34.816
-17.131	-35.116
-16.891	-35.176
-16.651	-35.236
-16.111	-35.236
-15.511	-35.716
-15.271	-36.136
-15.271	-36.316
-15.091	-36.796
POLYLINE BLACK
-20.101	-29.626
POLYLINE BLACK
-17.941	-31.036
-18.001	-31.096
-19.021	-31.456
-19.171	-31.576
-19.261	-31.546
-19.471	-31.576
POLYLINE BLACK
-17.611	-31.546
-17.731	-31.666
-17.791	-31.846
-17.761	-31.966
-17.701	-32.056
-17.521	-32.086
-17.431	-32.056
-17.401	-31.906
-17.431	-31.756
-17.491	-31.726
-17.761	-31.966
POLYLINE BLACK
-16.621	-31.126
-16.861	-31.456
-17.071	-31.996
-17.071	-32.146
-16.951	-32.236
-16.651	-32.056
-16.351	-31.726
-16.261	-31.456
-16.261	-31.246
-16.351	-30.976
-16.411	-30.916
-16.711	-31.096
-16.771	-31.156
POLYLINE BLACK
-16.981	-30.736
-17.101	-30.736
-17.371	-31.006
-17.461	-31.366
-17.461	-31.516
-17.371	-31.636
-17.161	-31.666
-16.951	-31.456
-16.891	-31.336
-16.891	-31.186
-17.071	-30.886
-17.191	-30.886
-17.251	-30.916
POLYLINE BLACK
-17.521	-30.916
-17.641	-30.946
-17.791	-31.126
-17.851	-31.306
-17.791	-31.426
-17.611	-31.456
-17.401	-31.306
-17.341	-31.036
-17.461	-30.916
-17.641	-30.856
-17.791	-30.916
-17.941	-31.126
POLYLINE BLACK
-17.761	-33.286
-17.791	-33.466
-17.821	-33.676
POLYLINE BLACK
-18.301	-33.436
-18.361	-33.616
POLYLINE BLACK
-18.871	-33.346
-18.871	-33.496
-18.901	-33.616
-18.901	-33.736
POLYLINE BLACK
-19.621	-33.346
-19.531	-33.316
-19.381	-33.166
-19.291	-33.166
POLYLINE BLACK
-19.561	-32.716
-19.441	-32.746
POLYLINE BLACK
-19.291	-32.176
-19.081	-32.326
-18.991	-32.356
POLYLINE BLACK
-18.721	-31.816
-18.901	-31.936
-18.991	-31.966
-19.411	-32.356
-19.471	-32.566
POLYLINE BLACK
-19.441	-32.296
-19.441	-32.446
-19.501	-32.536
-19.471	-32.596
-19.591	-32.716
-19.681	-33.076
-19.681	-33.316
-19.651	-33.436
-19.501	-33.616
-19.381	-33.646
-19.261	-33.676
-19.111	-33.676
-19.051	-33.646
-18.931	-33.676
-18.811	-33.646
-18.721	-33.706
-18.481	-33.646
-18.301	-33.676
-18.121	-33.616
-18.061	-33.646
-17.641	-33.556
-17.521	-33.556
-17.461	-33.586
-17.401	-33.556
POLYLINE BLACK
-19.321	-32.176
POLYLINE BLACK
-17.281	-30.436
-17.221	-30.526
-17.221	-30.586
-17.161	-30.706
POLYLINE BLACK
-17.641	-30.676
-17.521	-31.066
POLYLINE BLACK
-18.031	-31.066
-17.911	-31.336
POLYLINE BLACK
-18.451	-31.336
-18.331	-31.516
-18.181	-31.726
POLYLINE BLACK
-18.721	-31.726
-18.511	-32.056
POLYLINE BLACK
-18.421	-31.366
-18.691	-31.726
-18.841	-32.056
POLYLINE BLACK
-17.101	-30.376
-17.161	-30.346
-17.341	-30.436
-17.401	-30.436
-17.731	-30.736
-18.481	-31.486
-18.541	-31.606
POLYLINE BLACK
-16.951	-33.736
-17.041	-33.886
-17.281	-34.126
-17.551	-34.696
POLYLINE BLACK
-16.741	-33.676
-16.771	-33.736
-16.831	-33.706
-16.951	-33.736
-17.191	-33.886
POLYLINE BLACK
-16.621	-33.646
-16.741	-33.676
-16.861	-33.706
-17.191	-34.066
-17.371	-34.366
-17.371	-34.426
-17.431	-34.486
-17.461	-34.636
POLYLINE BLACK
-16.861	-30.256
-16.981	-30.586
-16.981	-30.676
POLYLINE BLACK
-15.631	-31.426
-15.721	-31.426
-15.871	-31.546
POLYLINE BLACK
-15.781	-31.186
-15.811	-31.246
-15.961	-31.336
-16.021	-31.426
POLYLINE BLACK
-15.931	-30.946
-16.201	-31.216
POLYLINE BLACK
-16.111	-30.796
-16.351	-31.036
POLYLINE BLACK
-16.351	-30.586
-16.591	-30.886
POLYLINE BLACK
-16.801	-30.286
-16.831	-30.406
-16.891	-30.556
POLYLINE BLACK
-17.281	-30.286
-17.281	-30.376
-17.341	-30.526
POLYLINE BLACK
-15.931	-30.916
-16.321	-30.556
-16.471	-30.496
-16.651	-30.346
-16.771	-30.316
-16.921	-30.286
-17.161	-30.286
-17.251	-30.316
-17.371	-30.286
-17.431	-30.316
POLYLINE BLACK
-15.991	-31.156
-15.931	-31.126
POLYLINE BLACK
-15.871	-31.666
-15.811	-31.666
POLYLINE BLACK
-16.081	-32.146
-15.931	-32.236
POLYLINE BLACK
-16.501	-32.596
-16.321	-32.776
POLYLINE BLACK
-16.861	-32.956
-16.711	-33.076
-16.681	-33.166
POLYLINE BLACK
-17.161	-33.136
-17.011	-33.376
POLYLINE BLACK
-16.411	-33.166
-16.411	-33.286
-16.381	-33.346
-16.381	-33.196
-16.411	-33.076
-16.381	-33.196
-16.351	-33.256
-16.291	-33.256
-16.261	-33.136
POLYLINE BLACK
-15.871	-32.386
-15.721	-32.686
-15.721	-32.836
-15.811	-32.806
-15.931	-32.686
-15.991	-32.686
-15.871	-32.776
-15.661	-32.806
-15.601	-32.776
-15.691	-32.686
-15.751	-32.656
-15.631	-32.746
-15.691	-32.686
-15.721	-32.746
-15.631	-32.866
POLYLINE BLACK
-15.841	-32.686
-15.811	-32.776
-15.541	-32.926
POLYLINE BLACK
-15.421	-32.146
-15.481	-32.206
-15.601	-32.176
-15.481	-32.206
-15.481	-32.206
-15.541	-32.206
-15.571	-32.266
-15.451	-32.296
-15.361	-32.296
-15.301	-32.326
-15.421	-32.206
-15.481	-32.206
-15.481	-32.206
-15.541	-32.146
-15.601	-32.146
-15.541	-32.236
-15.391	-32.266
POLYLINE BLACK
-15.331	-31.666
-15.451	-31.636
-15.421	-31.696
-15.301	-31.696
-15.481	-31.636
-15.391	-31.726
-15.331	-31.696
-15.271	-31.726
POLYLINE BLACK
-15.451	-31.576
-15.361	-31.666
POLYLINE BLACK
-15.151	-31.516
-15.301	-31.606
-15.361	-31.576
-15.571	-31.636
-15.391	-31.786
-15.271	-31.786
POLYLINE BLACK
-15.151	-31.546
-15.151	-31.696
-15.181	-31.756
POLYLINE BLACK
-15.631	-32.116
-15.541	-32.266
-15.361	-32.386
-15.271	-32.296
-15.181	-32.146
-15.091	-32.056
-15.181	-32.116
-15.301	-32.086
-15.361	-32.116
-15.481	-32.086
-15.631	-32.086
POLYLINE BLACK
-15.931	-32.566
-15.871	-32.626
-15.811	-32.596
-15.661	-32.626
-15.481	-32.626
-15.421	-32.686
-15.601	-33.046
-15.661	-33.046
-15.931	-32.716
-15.991	-32.686
POLYLINE BLACK
-16.381	-33.226
-16.441	-33.046
-16.351	-33.046
-16.231	-33.136
-16.111	-33.166
-16.351	-33.406
-16.411	-33.436
POLYLINE BLACK
-16.381	-33.196
-16.381	-33.406
-16.351	-33.466
POLYLINE BLACK
-17.371	-33.616
-17.251	-33.676
-17.131	-33.646
-16.981	-33.646
-16.921	-33.706
-16.801	-33.706
-16.681	-33.676
-16.621	-33.676
-16.531	-33.616
-16.171	-33.526
-16.081	-33.466
-16.021	-33.496
-15.541	-33.196
-15.421	-33.106
-15.271	-32.836
-15.061	-32.536
-15.031	-32.386
-14.971	-32.326
-14.911	-32.086
-14.881	-31.936
-14.851	-31.696
-14.851	-31.576
-14.821	-31.366
-14.821	-31.216
-14.791	-31.096
-14.821	-30.976
-14.821	-30.886
-14.941	-30.436
-15.001	-30.376
-15.001	-30.316
-15.091	-30.196
POLYLINE BLACK
-17.581	-33.526
-17.341	-33.526
-17.101	-33.466
-17.011	-33.406
-16.891	-33.376
-16.621	-33.256
-16.441	-33.076
-16.291	-32.986
-16.261	-32.926
-16.171	-32.896
-16.021	-32.656
-15.751	-32.326
-15.511	-31.846
-15.511	-31.516
-15.691	-31.066
-15.871	-30.916
-15.931	-30.886
POLYLINE BLACK
-18.881	-29.346
-18.881	-29.466
-18.841	-29.626
-18.841	-29.826
-18.761	-30.186
-18.761	-30.426
-18.721	-30.586
-18.721	-32.026
-18.761	-32.106
POLYLINE BLACK
-16.761	-29.586
-16.841	-29.666
-16.801	-29.826
-16.641	-29.866
-16.361	-29.866
-16.121	-29.946
-15.961	-29.986
-15.881	-29.946
-15.721	-29.986
-15.561	-29.986
-15.401	-30.026
-15.321	-30.106
-15.241	-30.106
-15.241	-30.186
-15.041	-30.386
-15.041	-30.506
-15.121	-30.546
-15.241	-30.746
-15.401	-30.906
POLYLINE BLACK
-17.481	-26.786
-17.521	-26.866
POLYLINE BLACK
-17.681	-25.986
-17.761	-26.066
-17.921	-26.106
POLYLINE BLACK
-17.921	-25.466
-18.161	-25.706
POLYLINE BLACK
-18.561	-25.226
-18.681	-25.586
POLYLINE BLACK
-19.241	-25.186
-19.241	-25.306
-19.081	-25.786
POLYLINE BLACK
-16.561	-28.746
-16.641	-28.386
-16.641	-28.306
POLYLINE BLACK
-19.641	-26.146
-19.361	-25.666
-18.961	-25.426
-18.641	-25.386
-18.361	-25.466
-18.081	-25.746
-17.881	-26.346
-17.761	-26.906
-17.681	-26.986
-17.681	-27.066
-17.481	-27.306
-17.161	-27.866
-17.041	-27.986
-16.921	-28.266
-16.641	-28.666
-16.561	-28.666
-16.521	-28.786
POLYLINE BLACK
-16.481	-29.186
-16.961	-29.946
POLYLINE BLACK
-15.841	-28.506
-16.001	-28.546
-16.281	-28.586
-16.401	-28.746
-16.441	-28.906
-16.481	-29.186
-16.481	-29.266
POLYLINE BLACK
-19.521	-26.066
-19.481	-26.266
-18.921	-27.066
-18.881	-27.226
-18.761	-27.546
-18.801	-27.666
-18.721	-27.826
-18.721	-28.306
-18.681	-28.466
-18.681	-28.826
-18.761	-29.186
-18.761	-29.306
-18.841	-29.466
POLYLINE BLACK
-15.161	-28.386
-15.361	-28.426
-15.601	-28.506
-15.681	-28.466
-15.761	-28.546
-15.921	-28.506
-16.161	-28.506
-16.321	-28.386
-16.481	-28.426
-16.641	-28.346
-16.801	-27.906
-16.761	-27.826
POLYLINE BLACK
-15.501	-27.486
-15.441	-27.566
-15.441	-27.626
-15.321	-27.766
-15.261	-27.906
-15.141	-28.066
-15.121	-28.146
-15.061	-28.286
-15.021	-28.246
-15.021	-28.166
-14.981	-27.946
-14.981	-27.866
-14.961	-27.786
-14.961	-27.746
POLYLINE BLACK
-15.621	-27.166
-15.581	-27.326
-15.481	-27.526
-15.381	-27.626
POLYLINE BLACK
-16.041	-27.826
-15.961	-27.846
-15.901	-27.826
-15.861	-27.846
-15.861	-27.846
-15.921	-27.846
-16.101	-27.946
-16.181	-27.966
-16.181	-27.966
-16.141	-27.966
-16.101	-27.926
-16.001	-27.906
-15.881	-27.866
-15.921	-27.846
-16.021	-27.906
POLYLINE BLACK
-15.981	-27.666
-16.021	-27.706
-15.981	-27.846
-15.961	-27.926
-15.981	-27.826
-16.001	-27.746
-15.981	-27.786
-15.961	-27.946
-15.921	-28.046
POLYLINE BLACK
-15.581	-27.866
-15.421	-27.846
-15.341	-27.826
-15.481	-27.866
-15.521	-27.846
-15.601	-27.866
-15.501	-27.886
-15.401	-27.866
-15.241	-27.826
POLYLINE BLACK
-16.021	-27.726
-15.921	-28.006
-15.901	-28.086
POLYLINE BLACK
-16.081	-27.886
-16.001	-27.886
-15.921	-27.846
-15.861	-27.846
-15.821	-27.826
POLYLINE BLACK
-16.741	-27.886
-16.681	-27.786
-16.601	-27.726
POLYLINE BLACK
-16.821	-27.926
-16.801	-27.986
-16.721	-28.026
-16.681	-28.126
-16.501	-28.346
-16.421	-28.486
POLYLINE BLACK
-15.221	-27.566
-15.101	-28.106
-15.101	-28.346
POLYLINE BLACK
-15.401	-27.626
-15.761	-27.446
-16.121	-27.566
-16.301	-27.806
-16.301	-28.106
-16.061	-28.346
-15.701	-28.406
-15.461	-28.346
-15.101	-28.106
-14.921	-28.046
-14.861	-27.746
-15.041	-27.566
-15.461	-27.506
-15.701	-27.626
POLYLINE BLACK
-17.561	-26.966
-17.201	-26.726
POLYLINE BLACK
-17.081	-27.386
-16.481	-27.206
POLYLINE BLACK
-20.501	-24.626
-20.021	-25.226
-19.721	-25.406
-19.421	-26.066
-19.481	-26.306
-20.081	-27.326
POLYLINE BLACK
-19.661	-25.286
-19.481	-25.766
-19.361	-25.826
-19.361	-26.246
POLYLINE BLACK
-19.721	-23.246
-19.661	-23.366
-19.721	-23.546
-19.601	-23.666
-19.481	-23.426
POLYLINE BLACK
-18.461	-24.626
-18.401	-24.866
-18.281	-24.866
-18.341	-24.746
-18.461	-24.746
POLYLINE BLACK
-19.481	-24.326
-19.721	-24.566
-19.721	-24.746
-19.601	-24.986
-19.361	-25.106
-19.181	-24.866
-19.421	-24.566
-19.601	-24.506
-19.841	-24.566
POLYLINE BLACK
-18.821	-23.306
-18.821	-23.546
-18.701	-23.846
-18.581	-23.966
-18.161	-23.846
-17.921	-23.606
-17.861	-23.306
-18.041	-23.126
-18.341	-23.006
-18.701	-23.126
-18.941	-23.306
POLYLINE BLACK
-17.921	-22.706
-18.161	-22.346
-18.281	-22.346
-18.281	-22.226
-18.521	-22.166
-19.061	-22.406
-19.481	-22.826
-20.201	-23.846
-20.381	-24.626
-20.441	-24.866
-20.381	-25.046
-20.441	-25.226
POLYLINE BLACK
-16.901	-13.886
POLYLINE BLACK
-16.841	-21.446
-16.781	-21.686
-16.661	-21.746
-16.661	-21.866
-16.781	-21.986
-16.661	-22.106
-16.661	-22.526
-16.601	-22.646
-16.781	-23.126
-17.141	-23.126
-17.741	-22.886
-17.981	-22.586
-18.041	-22.226
-18.161	-22.106
POLYLINE BLACK
-17.081	-17.066
-17.681	-17.426
-18.041	-17.966
-18.101	-18.446
-17.981	-18.566
-17.741	-18.626
-17.621	-18.506
-17.261	-18.506
-16.901	-18.206
-16.661	-18.086
-16.481	-17.846
POLYLINE BLACK
-14.621	-26.966
-14.861	-27.446
-14.861	-27.686
-14.741	-27.926
-14.621	-27.986
-14.381	-27.926
-14.141	-27.446
-14.141	-27.146
-14.261	-26.786
-14.381	-26.726
-14.501	-26.786
-14.621	-26.666
-14.741	-26.726
POLYLINE BLACK
-15.641	-27.326
-15.581	-27.086
-15.341	-27.086
-14.861	-27.686
-14.801	-27.986
-14.741	-28.226
-14.621	-28.346
POLYLINE BLACK
-13.001	-23.606
-13.061	-23.846
-13.601	-24.746
-13.661	-25.286
-13.721	-25.526
-13.841	-26.186
-13.961	-26.786
-14.021	-27.266
-14.201	-27.986
-14.381	-28.226
-14.501	-28.226
-14.681	-28.346
-14.921	-28.286
-15.041	-28.346
-15.281	-28.226
-15.401	-28.286
-15.761	-28.106
-15.881	-28.286
POLYLINE BLACK
-14.621	-24.626
-14.621	-24.806
POLYLINE BLACK
-14.441	-25.526
-14.441	-25.646
-14.261	-25.406
POLYLINE BLACK
-14.081	-23.306
-14.201	-23.726
-14.081	-23.786
-14.021	-23.486
POLYLINE BLACK
-13.541	-22.406
-13.661	-22.526
-13.661	-22.706
-13.601	-22.586
POLYLINE BLACK
-13.901	-21.566
-14.021	-21.686
-13.961	-21.926
-13.781	-21.866
-13.721	-21.446
-13.841	-21.566
POLYLINE BLACK
-13.361	-20.786
-13.601	-21.146
-13.481	-21.026
-13.481	-20.906
POLYLINE BLACK
-13.181	-20.006
-13.361	-20.366
-13.361	-20.486
POLYLINE BLACK
-13.661	-19.826
-13.661	-20.246
POLYLINE BLACK
-14.141	-19.826
-14.141	-20.246
-14.081	-20.366
POLYLINE BLACK
-14.501	-20.486
-14.441	-20.726
-14.381	-20.846
POLYLINE BLACK
-14.981	-21.326
-14.801	-21.626
POLYLINE BLACK
-15.401	-22.646
-15.041	-22.946
POLYLINE BLACK
-15.761	-23.846
-15.401	-24.146
POLYLINE BLACK
-16.121	-24.746
-15.881	-24.986
POLYLINE BLACK
-12.521	-20.186
-12.701	-20.006
-12.941	-19.826
-13.781	-19.706
-14.021	-19.766
-14.501	-20.366
-14.561	-20.666
-14.741	-21.026
-14.801	-21.266
-15.041	-21.626
-15.101	-21.866
-15.461	-22.706
-15.701	-23.726
-16.061	-25.106
-16.181	-25.646
-16.241	-25.886
-16.241	-26.186
POLYLINE BLACK
-16.421	-25.526
-16.301	-25.706
POLYLINE BLACK
-16.241	-22.946
-16.181	-23.066
-15.941	-23.066
-15.761	-22.766
-15.821	-22.646
-15.941	-22.646
POLYLINE BLACK
-14.921	-21.206
-15.041	-21.446
-14.981	-21.566
-14.861	-21.446
-14.921	-21.326
POLYLINE BLACK
-14.501	-22.166
-14.621	-22.286
-14.741	-22.286
-14.981	-22.466
POLYLINE BLACK
-12.101	-19.286
-12.281	-19.586
POLYLINE BLACK
-12.761	-18.986
-12.821	-19.286
POLYLINE BLACK
-13.421	-18.566
-13.541	-18.926
POLYLINE BLACK
-14.021	-18.566
-14.081	-18.926
POLYLINE BLACK
-14.501	-18.446
-14.621	-18.686
POLYLINE BLACK
-15.401	-18.086
-15.401	-18.566
POLYLINE BLACK
-13.721	-19.706
-13.781	-19.826
POLYLINE BLACK
-16.121	-17.786
-16.121	-17.906
-15.761	-18.326
-15.641	-18.326
-15.581	-18.446
-15.461	-18.386
-14.981	-18.626
-14.321	-18.686
-14.201	-18.806
-14.081	-18.746
-13.721	-18.926
-13.361	-18.986
-13.301	-19.106
-13.181	-19.106
-12.941	-19.286
-12.461	-19.406
-12.221	-19.466
-11.981	-19.466
POLYLINE BLACK
-16.001	-17.966
-16.061	-18.506
-16.121	-18.746
-16.241	-19.406
-16.241	-20.486
-16.301	-20.786
-16.301	-21.326
-16.601	-21.806
-16.661	-22.046
-16.781	-22.286
POLYLINE BLACK
-11.621	-19.166
-12.161	-19.706
-12.701	-20.786
-12.761	-21.086
-12.941	-21.686
-12.941	-22.106
-12.761	-22.586
-12.701	-23.066
-12.761	-23.426
-13.241	-24.206
POLYLINE BLACK
-9.461	-16.806
-8.341	-16.406
-7.821	-16.166
-7.101	-15.766
-7.021	-15.766
-6.821	-15.646
-6.661	-15.646
-6.661	-15.646
-7.821	-16.126
-9.021	-16.646
-9.181	-16.766
POLYLINE BLACK
-8.701	-16.206
-8.981	-16.406
-9.061	-16.526
-9.541	-16.766
-9.701	-16.926
-9.701	-17.006
-9.621	-17.046
-9.461	-17.006
-9.181	-17.086
-8.101	-16.806
-8.021	-16.806
-8.141	-16.766
-8.381	-16.846
-8.501	-16.806
-8.821	-16.886
-9.261	-16.886
-9.501	-17.006
-9.581	-16.966
-9.341	-16.726
-8.901	-16.406
-8.501	-16.206
-8.421	-16.126
-8.461	-16.206
-8.541	-16.206
-9.381	-16.646
-9.621	-16.846
-8.861	-16.486
-8.861	-16.486
-9.661	-16.966
-9.541	-16.926
-9.141	-16.966
-8.621	-16.966
-8.461	-16.926
-8.381	-16.926
-8.661	-17.006
POLYLINE BLACK
-6.621	-15.646
-6.861	-15.766
-7.061	-15.806
-7.901	-16.126
-8.021	-16.206
-8.101	-16.206
-8.981	-16.646
-9.101	-16.766
-9.261	-16.806
-9.341	-16.846
POLYLINE BLACK
-11.581	-18.876
-11.941	-19.116
-12.781	-19.896
-13.081	-20.016
-13.141	-20.136
POLYLINE BLACK
-14.161	-15.576
-14.701	-16.416
-15.061	-16.716
-15.181	-16.716
-15.301	-16.836
-15.541	-16.836
-15.661	-16.776
-15.781	-16.896
-16.141	-16.836
-16.441	-16.896
-16.681	-16.836
-16.921	-16.896
-17.281	-16.776
-17.401	-16.656
POLYLINE BLACK
-4.381	-20.436
-4.081	-20.376
-3.661	-20.196
-3.241	-19.776
-3.541	-19.476
-3.901	-19.356
-4.381	-19.476
-4.681	-19.896
-4.681	-20.376
-4.321	-20.856
-3.901	-21.036
-3.481	-21.096
-3.001	-20.916
-2.881	-20.796
-2.941	-20.676
-3.121	-20.616
POLYLINE BLACK
-4.501	-18.576
POLYLINE BLACK
-4.441	-19.716
-4.681	-20.196
-4.861	-20.496
-4.921	-20.976
POLYLINE BLACK
-4.561	-19.956
-4.561	-20.076
POLYLINE BLACK
-5.521	-20.076
-5.401	-19.956
-5.221	-19.956
-4.981	-19.896
-4.861	-19.896
-4.741	-20.016
-4.741	-20.256
-4.981	-20.496
-5.221	-20.556
-5.521	-20.616
POLYLINE BLACK
-5.221	-20.496
-5.461	-20.556
-5.581	-20.616
-5.461	-20.616
POLYLINE BLACK
-5.221	-20.436
-5.221	-20.616
-5.101	-21.096
-5.161	-21.216
POLYLINE BLACK
-6.241	-20.076
-6.301	-20.316
-6.181	-20.496
-6.001	-20.496
-5.761	-20.556
-5.401	-20.376
-5.761	-19.596
-6.061	-19.296
-6.361	-19.236
-6.541	-19.476
POLYLINE BLACK
-7.021	-20.376
-6.841	-20.616
-6.721	-20.616
-6.661	-20.496
-6.901	-20.016
-6.901	-19.896
-6.661	-19.896
POLYLINE BLACK
-8.041	-19.896
-7.561	-20.076
POLYLINE BLACK
-7.441	-19.296
-7.501	-19.716
-7.501	-20.616
-7.441	-20.856
POLYLINE BLACK
-8.221	-20.016
-8.401	-20.016
-8.821	-19.896
-9.181	-20.016
-9.121	-20.256
-8.701	-20.496
-8.521	-20.496
-7.981	-20.736
-7.861	-20.736
-8.161	-20.916
-8.881	-21.216
-9.001	-21.216
POLYLINE BLACK
-10.741	-20.436
-10.681	-20.136
-10.501	-19.896
-10.501	-20.076
-10.561	-20.316
-10.561	-20.436
-10.441	-20.556
-10.261	-20.496
-9.901	-20.676
-9.601	-20.376
-9.601	-20.256
POLYLINE BLACK
-6.001	-18.636
-6.001	-18.756
-5.761	-18.816
-5.821	-18.576
-6.121	-17.916
-5.761	-17.976
-4.981	-17.796
POLYLINE BLACK
-6.541	-16.896
-6.601	-17.196
POLYLINE BLACK
-6.601	-17.076
POLYLINE BLACK
-6.961	-18.396
-7.201	-18.576
-6.901	-18.876
-6.481	-18.876
-6.361	-18.756
-6.421	-18.516
-6.841	-17.976
POLYLINE BLACK
-8.821	-18.876
-8.521	-18.576
-8.461	-18.696
-8.521	-18.996
-8.401	-19.056
-8.161	-18.996
-7.921	-19.176
-7.681	-19.056
-7.681	-18.756
POLYLINE BLACK
-9.361	-18.276
-9.121	-18.216
POLYLINE BLACK
-8.821	-17.316
-9.001	-17.676
-9.121	-18.036
-9.121	-18.216
-9.181	-18.516
-9.181	-18.816
-9.061	-18.936
POLYLINE BLACK
-9.661	-17.916
-10.081	-18.336
-10.201	-18.756
-10.021	-19.056
-9.901	-19.056
-9.661	-18.816
-9.541	-18.396
-9.781	-18.156
-10.021	-18.216
-10.141	-18.276
POLYLINE BLACK
-12.481	-18.276
-12.601	-18.336
-12.001	-17.976
-11.701	-18.036
-11.581	-17.976
POLYLINE BLACK
-12.061	-17.616
-12.121	-17.856
-11.941	-18.516
-11.941	-18.636
POLYLINE BLACK
-9.901	-16.596
-10.261	-16.476
-10.501	-16.536
-10.741	-16.596
-11.161	-16.776
-12.121	-17.436
-12.541	-17.856
-12.901	-18.396
-12.841	-18.636
-12.601	-18.876
-12.061	-18.756
-11.221	-18.576
-10.681	-18.156
-9.961	-17.436
-9.721	-17.076
-9.661	-16.836
-9.721	-16.536
-9.961	-16.476
-10.081	-16.356
-10.201	-16.416
POLYLINE BLACK
-12.781	-13.656
-12.841	-13.896
-12.961	-14.256
-13.441	-14.856
-13.681	-15.276
-14.161	-15.876
-14.521	-16.176
POLYLINE BLACK
-13.261	-14.976
-12.781	-15.216
-12.601	-15.156
-11.941	-14.196
-11.881	-13.776
-12.181	-13.836
-13.201	-14.616
-13.621	-15.096
-13.381	-15.036
-12.421	-14.256
-13.021	-14.856
-13.081	-14.976
-12.721	-14.556
-12.541	-14.496
-12.421	-14.376
-12.781	-15.096
-12.901	-15.216
-12.121	-14.196
-12.061	-14.076
-12.421	-14.676
-12.481	-14.796
POLYLINE BLACK
-11.461	-15.396
-12.421	-15.936
-12.601	-16.176
-11.881	-15.636
-11.581	-15.456
-11.701	-15.756
-12.181	-16.356
-11.941	-15.876
-11.641	-15.636
-11.581	-15.516
-12.061	-15.936
-12.241	-16.236
-12.481	-16.476
-11.761	-15.636
-11.701	-15.456
-11.881	-15.756
-12.061	-15.816
POLYLINE BLACK
-12.781	-16.176
-12.481	-16.476
-12.241	-16.656
-12.061	-16.356
-11.641	-15.936
-11.041	-14.856
-11.281	-15.036
-11.521	-15.096
-11.941	-15.396
-12.241	-15.576
-12.481	-15.816
-12.661	-15.876
-13.021	-16.236
POLYLINE BLACK
-10.501	-16.116
-10.981	-16.416
-11.221	-16.656
-11.341	-16.956
-11.341	-16.776
-10.621	-16.056
-10.681	-16.236
-11.101	-16.656
-11.521	-17.136
-10.921	-16.356
-10.621	-15.996
-10.921	-16.776
-11.161	-17.196
-10.321	-16.116
-10.861	-16.896
-11.101	-17.376
POLYLINE BLACK
-11.641	-17.016
-11.101	-17.316
-10.861	-17.376
-10.561	-16.956
-10.501	-16.716
-10.141	-15.636
-10.261	-15.636
-10.441	-15.876
-10.741	-15.996
-11.581	-16.896
-11.761	-17.196
POLYLINE BLACK
-12.361	-14.196
-12.481	-14.436
-12.481	-14.616
-12.241	-14.316
POLYLINE BLACK
-11.521	-13.476
-11.521	-13.596
-11.401	-13.656
-11.281	-13.356
-11.341	-13.236
-11.461	-13.236
POLYLINE BLACK
-12.301	-12.756
-12.301	-13.236
-12.181	-13.296
-11.881	-12.876
-12.001	-12.876
POLYLINE BLACK
-11.941	-11.736
-12.001	-11.856
-11.941	-11.976
-11.701	-11.916
-11.581	-11.796
-11.581	-11.676
-11.821	-11.556
-12.121	-11.856
POLYLINE BLACK
-12.241	-9.996
-12.241	-10.176
-12.421	-10.896
-12.481	-11.436
-12.541	-11.676
-12.541	-13.056
-12.781	-13.716
-12.841	-14.076
POLYLINE BLACK
-8.221	-10.596
-8.701	-10.776
-9.061	-11.256
-9.121	-11.496
-9.181	-11.736
-9.181	-12.396
-9.001	-12.936
-8.881	-13.416
-8.761	-13.896
-8.701	-14.436
-8.701	-14.796
-8.941	-15.336
-8.941	-15.456
-9.061	-15.576
-9.241	-16.356
-9.661	-16.956
-10.261	-17.436
-11.161	-18.396
-11.521	-18.816
-11.581	-19.116
-11.701	-19.236
-11.701	-19.356
POLYLINE BLACK
-13.861	-3.936
POLYLINE BLACK
-13.861	-3.996
POLYLINE BLACK
-13.921	-4.296
POLYLINE BLACK
-8.521	-8.436
-8.761	-8.256
-8.881	-8.256
POLYLINE BLACK
-10.621	-8.556
-10.261	-8.436
POLYLINE BLACK
-10.561	-8.196
-10.621	-8.436
-10.681	-8.676
-10.681	-8.856
POLYLINE BLACK
-8.941	-7.476
-9.301	-8.016
POLYLINE BLACK
-10.261	-7.596
-9.961	-7.896
POLYLINE BLACK
-9.781	-8.736
-10.141	-9.096
POLYLINE BLACK
-10.681	-8.856
-10.561	-8.856
-10.321	-9.036
-9.841	-9.216
-9.721	-9.336
POLYLINE BLACK
-8.341	-8.136
-8.341	-8.256
-8.581	-8.496
-8.641	-8.616
POLYLINE BLACK
-9.421	-7.056
-9.181	-7.176
-8.761	-7.596
-8.521	-7.716
-8.221	-7.716
-8.101	-7.776
POLYLINE BLACK
-9.841	-7.116
-10.501	-7.956
POLYLINE BLACK
-8.281	-10.596
-8.881	-11.016
-9.121	-11.376
POLYLINE BLACK
-11.581	-7.476
-11.581	-8.376
-11.701	-8.856
-11.761	-9.096
-11.941	-9.876
-12.241	-10.236
POLYLINE BLACK
-6.721	-3.636
-7.501	-4.296
-7.681	-4.596
-7.081	-3.876
-6.841	-3.636
-7.501	-4.416
-7.561	-4.536
-6.781	-3.636
-7.441	-4.296
-7.501	-4.476
-6.901	-3.636
-7.201	-3.756
-7.501	-4.296
-6.901	-3.516
-7.201	-3.756
-7.321	-3.936
-7.081	-3.516
-7.201	-3.576
-7.441	-3.996
-7.321	-3.936
-6.961	-3.276
-7.321	-3.696
-7.561	-4.056
-7.561	-4.176
-7.501	-3.936
-7.201	-3.336
-7.441	-3.696
-7.021	-3.036
-7.381	-3.636
-7.261	-3.636
-7.081	-3.396
-7.081	-3.516
-6.841	-3.336
-6.901	-3.516
POLYLINE BLACK
-7.141	-3.036
-7.321	-3.276
-7.381	-3.576
-7.621	-3.996
-7.741	-4.656
POLYLINE BLACK
-7.081	-3.156
-6.961	-3.156
-6.541	-3.396
-6.421	-3.396
-6.361	-3.516
-7.681	-4.716
POLYLINE BLACK
-4.741	-6.336
-4.921	-6.516
-5.461	-6.696
-5.581	-6.756
-5.161	-6.456
-4.741	-6.336
-5.101	-6.696
-5.101	-6.696
-4.681	-6.576
-4.801	-6.696
-5.041	-6.696
-4.921	-6.756
-4.681	-6.576
-4.921	-6.756
-5.101	-6.816
-4.801	-6.636
-4.681	-6.636
-4.561	-6.516
-4.861	-6.576
-4.981	-6.516
-5.101	-6.576
-4.861	-6.516
-4.741	-6.456
POLYLINE BLACK
-4.861	-6.456
-5.701	-6.696
-5.701	-6.696
-5.581	-6.696
POLYLINE BLACK
-4.441	-5.976
-4.261	-6.636
-4.501	-6.816
-4.801	-6.756
-5.041	-6.756
-5.281	-6.816
-5.701	-6.816
-6.061	-6.936
POLYLINE BLACK
-4.501	-6.096
-5.461	-6.576
-5.581	-6.576
POLYLINE BLACK
-5.341	-4.116
-6.181	-4.956
-5.641	-4.176
-5.521	-4.056
-6.001	-4.416
-6.121	-4.536
-5.761	-4.116
-5.941	-4.236
-6.121	-4.536
-5.821	-4.176
-6.361	-4.776
-6.421	-4.896
-5.821	-3.936
POLYLINE BLACK
-5.941	-3.696
-5.941	-3.816
-6.061	-3.936
-6.661	-5.256
-6.421	-5.196
-5.821	-4.776
-5.581	-4.416
-5.581	-4.236
POLYLINE BLACK
-5.701	-3.696
-5.521	-3.936
-5.281	-3.936
-5.161	-3.996
-6.241	-5.136
POLYLINE BLACK
-4.561	-4.896
-4.801	-5.136
-5.041	-5.196
-4.861	-4.896
-4.561	-4.656
-4.681	-4.836
-5.041	-5.076
-5.221	-5.196
-4.741	-4.716
-5.101	-5.016
-4.921	-4.716
-5.041	-4.836
-4.741	-4.596
-4.981	-4.896
-4.801	-4.836
-4.621	-4.596
POLYLINE BLACK
-4.861	-5.196
-5.041	-5.316
POLYLINE BLACK
-4.561	-4.176
-5.221	-4.956
-5.641	-5.616
-5.821	-5.796
POLYLINE BLACK
-4.501	-4.176
-4.441	-4.416
-4.321	-4.656
-4.081	-4.836
-3.961	-4.776
-4.081	-4.896
-4.261	-4.896
-4.441	-5.016
-4.561	-5.016
-4.861	-5.196
-5.101	-5.256
-5.341	-5.436
-5.581	-5.496
-5.821	-5.676
POLYLINE BLACK
-3.061	1.524
POLYLINE BLACK
-8.481	-9.116
-8.401	-9.156
-8.201	-9.036
-7.841	-8.956
-7.681	-8.916
-8.041	-9.036
-8.401	-9.076
-8.481	-9.116
-8.241	-8.996
-7.961	-8.956
POLYLINE BLACK
-6.601	-9.596
-7.001	-9.596
-7.361	-9.676
POLYLINE BLACK
-6.041	-8.876
-6.401	-8.956
-6.521	-9.036
-6.681	-9.036
POLYLINE BLACK
-6.321	-8.076
-6.401	-8.076
-6.561	-8.196
-6.921	-8.276
-7.121	-8.356
POLYLINE BLACK
-6.881	-7.556
-7.401	-7.876
-7.481	-7.956
POLYLINE BLACK
-7.841	-7.316
-8.041	-7.876
-8.081	-8.036
POLYLINE BLACK
-8.841	-7.676
-8.841	-7.876
-8.681	-8.156
-8.601	-8.236
POLYLINE BLACK
-9.401	-8.436
-9.241	-8.596
-9.081	-8.636
-8.961	-8.676
POLYLINE BLACK
-9.721	-9.476
-9.521	-9.436
-9.361	-9.396
POLYLINE BLACK
-9.161	-10.076
-9.081	-9.996
POLYLINE BLACK
-7.561	-7.356
-7.801	-7.276
-8.401	-7.476
-8.561	-7.636
-8.721	-7.676
-9.201	-8.076
-9.321	-8.276
-9.321	-8.356
-9.441	-8.516
-9.561	-8.796
-9.601	-9.276
-9.601	-9.836
-9.401	-10.156
-9.321	-10.236
-9.001	-10.316
-8.521	-10.516
POLYLINE BLACK
-7.481	-7.236
-7.121	-7.316
-6.921	-7.436
-6.841	-7.436
-6.681	-7.596
-6.601	-7.596
-6.281	-7.916
-6.161	-8.116
-6.161	-8.516
-6.241	-8.956
-6.281	-9.116
-6.401	-9.556
POLYLINE BLACK
-3.681	-6.636
-3.681	-6.716
-3.761	-6.796
-3.601	-6.556
-3.601	-6.476
-3.361	-6.156
-3.641	-6.476
-3.361	-6.316
-3.281	-6.156
POLYLINE BLACK
-3.601	-6.316
-3.801	-6.876
-4.001	-7.316
-4.121	-7.516
-4.561	-8.196
-5.001	-8.636
-5.601	-9.116
-6.001	-9.356
-6.521	-9.676
-6.601	-9.676
-6.681	-9.756
-6.761	-9.756
-7.201	-10.036
-7.241	-10.116
-7.361	-10.156
-7.561	-10.356
-8.001	-10.636
-8.161	-10.676
POLYLINE BLACK
-10.561	-6.186
-10.651	-6.396
-10.831	-6.546
-10.831	-6.606
-11.071	-6.936
-11.161	-7.086
-11.551	-7.476
-11.671	-7.506
POLYLINE BLACK
-7.201	-2.286
-7.051	-2.616
-7.081	-2.736
-7.171	-2.946
-7.561	-3.366
-8.131	-3.936
-8.371	-4.116
-8.701	-4.446
-8.791	-4.476
-9.271	-4.986
-9.421	-5.076
-9.601	-5.256
-9.691	-5.346
-10.051	-5.706
-10.141	-5.736
-10.351	-6.036
-10.531	-6.216
-10.561	-6.276
POLYLINE BLACK
-5.191	-1.176
-5.131	-1.446
-4.981	-1.776
-4.801	-2.046
-4.741	-2.016
-4.471	-2.346
-4.351	-2.436
-4.261	-2.646
-4.171	-2.736
-3.571	-3.366
-3.421	-3.606
-3.421	-3.696
-3.331	-3.846
-3.271	-4.266
-3.271	-4.386
-3.211	-4.656
-3.181	-4.776
-3.121	-5.016
-3.061	-5.286
-3.031	-5.556
-3.031	-5.766
-3.001	-5.826
-3.091	-5.946
-3.121	-6.096
-3.181	-6.276
POLYLINE BLACK
-6.811	-0.786
-6.841	-0.936
-6.931	-1.206
-6.931	-1.476
-6.961	-1.626
-6.961	-1.746
-6.991	-1.866
-6.991	-1.986
-7.051	-2.166
-6.991	-2.286
POLYLINE BLACK
-5.431	2.124
-5.611	2.004
-5.881	1.614
-6.121	1.164
-6.151	1.044
-6.271	0.774
-6.301	0.654
-6.361	0.534
-6.361	0.384
-6.421	0.264
-6.421	0.174
-6.451	0.054
-6.481	-0.096
-6.631	-0.456
-6.631	-0.546
-6.721	-0.786
-6.751	-0.906
-6.811	-1.056
POLYLINE BLACK
-5.011	1.674
-5.011	1.614
-5.071	1.614
-5.341	1.404
-5.371	1.284
-5.431	0.984
-5.431	0.414
-5.281	0.054
-5.251	-0.216
-5.251	-0.336
-5.221	-0.456
-5.221	-0.666
-5.191	-0.786
-5.191	-0.906
-5.161	-1.026
-5.161	-1.146
-5.131	-1.266
-5.131	-1.386
POLYLINE BLACK
-1.911	1.054
-2.171	1.154
-2.211	1.134
-2.391	1.194
-2.531	1.194
-2.571	1.214
-2.771	1.154
-2.851	1.174
-2.931	1.174
-2.971	1.214
-3.051	1.194
-3.231	1.254
-3.391	1.294
-3.471	1.314
-3.551	1.334
-3.671	1.374
-3.711	1.354
-3.851	1.394
-4.011	1.494
-4.111	1.514
-4.191	1.574
-4.231	1.574
-4.271	1.614
-4.351	1.614
-4.391	1.654
-4.471	1.654
-4.511	1.674
-4.611	1.654
-4.651	1.674
-4.731	1.654
-4.771	1.674
-4.951	1.634
-5.071	1.634
-5.111	1.614
-5.151	1.654
POLYLINE BLACK
-7.131	4.374
POLYLINE BLACK
-4.471	2.074
-4.551	2.034
-4.531	1.994
-4.451	2.014
-4.431	2.054
-4.511	2.074
-4.551	2.034
POLYLINE BLACK
-4.711	2.014
-4.751	1.994
-4.851	2.014
-4.931	1.974
-4.951	1.914
-4.871	1.894
-4.771	1.914
-4.751	1.994
-4.831	2.014
-4.851	1.974
POLYLINE BLACK
-5.131	2.014
-5.111	1.934
-5.031	1.914
-4.991	2.034
-5.051	2.034
-5.091	2.054
-5.171	2.034
-5.151	1.974
POLYLINE BLACK
-5.541	2.114
-5.541	2.204
-5.451	2.324
-5.421	2.414
-5.271	2.624
POLYLINE BLACK
-5.331	2.204
-5.241	2.294
-5.031	2.654
POLYLINE BLACK
-1.581	2.594
-1.671	2.594
-1.821	2.564
-1.971	2.564
-2.241	2.504
-2.361	2.504
-2.481	2.474
-2.571	2.474
-2.631	2.414
-2.871	2.414
-3.141	2.354
-3.381	2.354
-3.591	2.294
-3.891	2.234
-4.131	2.204
-4.431	2.144
-4.461	2.204
-4.581	2.174
-4.731	2.174
-4.851	2.114
-4.971	2.144
-5.091	2.144
-5.151	2.114
-5.211	2.174
-5.331	2.144
-5.391	2.144
-5.451	2.204
POLYLINE BLACK
-0.891	5.714
POLYLINE BLACK
-1.281	0.734
-1.221	0.674
-0.981	0.734
-0.921	0.914
-0.921	1.004
-0.801	1.184
-0.801	1.304
-0.861	1.304
-0.891	1.394
-0.951	1.334
-1.011	1.364
-1.161	1.274
POLYLINE BLACK
-0.591	5.264
POLYLINE BLACK
-0.591	5.294
-0.711	5.324
POLYLINE BLACK
-0.771	5.384
-0.771	5.324
POLYLINE BLACK
-0.621	2.024
-0.681	2.084
-0.801	2.054
-0.981	1.874
-1.041	1.694
-1.041	1.574
-0.951	1.304
-0.891	1.274
POLYLINE BLACK
-4.761	1.754
-4.761	1.814
-4.821	1.814
-4.821	1.754
-4.701	1.724
-4.671	1.784
-4.731	1.874
-4.761	1.784
POLYLINE BLACK
-5.631	2.384
-5.571	2.354
-5.451	2.414
-5.451	2.474
POLYLINE BLACK
-5.181	2.324
-5.181	2.384
POLYLINE BLACK
-4.401	1.604
POLYLINE BLACK
-4.341	1.754
POLYLINE BLACK
-2.661	1.934
-2.721	1.964
POLYLINE BLACK
-2.781	1.814
-2.841	1.814
POLYLINE BLACK
-2.631	1.394
POLYLINE BLACK
-2.931	1.154
POLYLINE BLACK
-3.021	1.454
POLYLINE BLACK
-2.871	2.024
POLYLINE BLACK
-3.111	2.204
POLYLINE BLACK
-3.381	2.054
-3.411	2.114
POLYLINE BLACK
-3.651	1.844
POLYLINE BLACK
-3.801	1.454
POLYLINE BLACK
-3.771	1.664
-3.831	1.634
POLYLINE BLACK
-3.651	1.904
POLYLINE BLACK
-3.621	1.904
-3.681	1.904
POLYLINE BLACK
-3.261	1.874
POLYLINE BLACK
-3.471	1.694
POLYLINE BLACK
-3.591	1.574
POLYLINE BLACK
-3.801	1.394
POLYLINE BLACK
-3.651	1.634
POLYLINE BLACK
-3.201	1.934
-3.231	1.844
POLYLINE BLACK
-2.811	1.934
POLYLINE BLACK
-3.411	1.574
POLYLINE BLACK
-2.001	1.544
-2.121	1.574
-2.241	1.574
-2.271	1.514
-2.061	1.364
-1.911	1.364
-1.821	1.454
-1.821	1.574
-2.001	1.694
-2.091	1.664
POLYLINE BLACK
-1.401	1.934
-1.401	1.874
-1.341	1.874
-1.311	2.084
-1.371	2.114
-1.371	2.054
-1.221	1.964
-1.191	2.054
-1.311	2.174
-1.431	2.204
POLYLINE BLACK
-1.611	1.994
-1.671	2.114
-1.851	2.174
-1.911	2.174
-1.971	2.114
-1.971	2.054
-1.911	1.994
-1.791	2.024
-1.791	2.084
POLYLINE BLACK
-1.251	1.124
-1.131	1.094
-1.131	1.094
-1.251	1.124
-1.371	1.064
-1.191	1.094
-1.131	1.064
POLYLINE BLACK
-0.861	1.364
-0.981	1.364
-1.041	1.394
-1.131	1.364
-1.251	1.394
-1.311	1.334
POLYLINE BLACK
-1.131	1.394
-1.371	1.304
-1.551	1.124
-1.581	0.854
-1.431	0.704
-1.251	0.644
-1.071	0.674
POLYLINE BLACK
-1.311	1.124
-1.191	1.094
-1.071	1.094
POLYLINE BLACK
-1.221	1.364
-1.521	1.154
-1.611	1.004
-1.491	1.214
-1.341	1.364
-1.221	1.364
-1.101	1.394
POLYLINE BLACK
-1.191	1.394
-1.311	1.364
-1.611	1.064
-1.641	0.944
-1.641	0.884
POLYLINE BLACK
-1.431	2.744
-1.611	2.564
-1.821	2.534
-1.881	2.534
POLYLINE BLACK
-1.011	3.284
-1.041	3.134
-1.041	2.924
-0.951	2.624
-0.831	2.504
-0.771	2.774
-0.771	3.074
-0.831	3.284
-0.951	3.404
POLYLINE BLACK
0.009	1.514
-0.141	1.784
-0.501	2.114
-0.561	2.114
-0.621	2.174
-0.741	2.204
-0.921	1.904
-0.951	1.694
POLYLINE BLACK
1.539	6.344
1.389	6.194
1.299	6.194
1.089	5.984
0.789	5.684
0.699	5.654
0.489	5.384
0.279	5.174
0.129	5.024
0.009	4.904
-0.441	4.274
-0.501	4.244
-0.531	4.124
-0.741	3.824
-0.831	3.704
-0.831	3.614
-1.101	3.194
-1.101	3.134
-1.371	2.714
-1.401	2.624
-1.521	2.534
POLYLINE BLACK
1.269	5.774
1.209	5.714
1.209	5.714
1.239	5.594
1.359	5.534
1.359	5.654
POLYLINE BLACK
-0.081	2.984
-0.081	2.984
-0.081	3.044
-0.111	2.924
-0.021	3.014
POLYLINE BLACK
-0.111	4.004
-0.201	3.884
-0.111	3.914
-0.111	4.034
-0.141	3.944
POLYLINE BLACK
-0.651	3.464
-0.711	3.404
-0.711	3.284
-0.591	3.284
-0.471	3.464
-0.501	3.554
-0.621	3.434
POLYLINE BLACK
0.489	3.944
0.399	3.854
0.489	3.944
0.459	4.034
POLYLINE BLACK
0.219	4.664
0.099	4.574
0.129	4.454
0.189	4.514
0.189	4.634
0.159	4.694
0.129	4.634
POLYLINE BLACK
0.819	4.724
0.789	4.664
0.879	4.634
0.939	4.784
0.909	4.844
0.849	4.844
POLYLINE BLACK
1.149	5.474
POLYLINE BLACK
0.789	5.564
0.729	5.564
0.609	5.414
0.609	5.294
0.699	5.384
0.729	5.444
POLYLINE BLACK
0.489	2.474
0.429	2.474
0.399	2.414
0.339	2.444
0.219	2.384
0.009	2.114
-0.111	1.784
-0.021	1.604
0.159	1.454
0.639	1.334
0.699	1.394
0.819	1.394
POLYLINE BLACK
1.209	1.574
1.059	1.604
0.939	1.634
POLYLINE BLACK
1.179	1.934
0.999	1.874
POLYLINE BLACK
0.849	2.444
0.639	2.234
POLYLINE BLACK
0.459	1.994
0.459	1.934
0.729	1.904
0.849	1.904
0.939	1.874
0.999	1.904
0.699	1.934
0.459	1.934
POLYLINE BLACK
0.519	1.364
0.639	1.544
0.639	1.604
POLYLINE BLACK
0.039	1.604
0.189	1.754
0.249	1.784
POLYLINE BLACK
-0.171	2.054
0.039	2.024
0.099	2.054
0.159	2.024
POLYLINE BLACK
-0.081	2.084
-0.021	2.084
POLYLINE BLACK
-0.141	2.324
-0.141	2.234
-0.081	2.174
POLYLINE BLACK
0.369	2.504
0.369	2.174
POLYLINE BLACK
1.899	5.744
1.809	5.654
1.569	5.444
1.479	5.294
1.359	5.174
1.299	5.024
1.149	4.784
1.149	4.724
1.059	4.604
1.029	4.484
0.969	4.424
0.939	4.304
0.729	3.794
0.639	3.674
0.609	3.554
0.339	3.134
0.249	3.014
0.219	2.894
0.189	2.774
0.279	2.684
0.309	2.594
0.639	2.534
0.819	2.504
0.969	2.414
1.209	2.144
1.239	2.024
1.329	1.784
1.329	1.514
1.149	1.424
1.029	1.424
0.909	1.394
0.789	1.394
POLYLINE BLACK
4.149	6.704
4.059	6.734
3.969	6.614
4.029	6.614
4.089	6.674
4.029	6.704
POLYLINE BLACK
4.149	6.194
4.089	6.224
4.029	6.194
4.059	6.254
3.999	6.284
3.939	6.224
POLYLINE BLACK
3.609	6.194
3.519	6.104
3.519	6.044
3.579	5.984
3.639	5.984
3.669	6.044
3.609	6.104
3.579	6.044
POLYLINE BLACK
3.849	6.884
3.789	6.884
3.699	6.764
3.759	6.734
3.849	6.824
3.759	6.914
3.699	6.854
POLYLINE BLACK
3.489	6.704
3.369	6.704
3.339	6.584
3.459	6.674
3.369	6.764
3.339	6.704
POLYLINE BLACK
3.279	7.304
3.219	7.304
3.159	7.154
3.249	7.064
3.279	7.004
POLYLINE BLACK
2.889	7.214
2.829	7.124
2.829	7.004
2.859	6.944
2.979	6.944
3.039	7.094
2.979	7.154
POLYLINE BLACK
3.249	6.614
3.189	6.644
3.099	6.554
3.159	6.524
3.159	6.584
3.219	6.404
3.219	6.404
3.249	6.494
3.189	6.704
3.189	6.644
POLYLINE BLACK
3.009	6.164
2.889	6.134
2.859	6.014
2.919	5.954
3.099	5.984
3.129	6.104
3.009	6.134
POLYLINE BLACK
2.889	6.704
2.949	6.644
2.949	6.464
2.829	6.344
POLYLINE BLACK
2.859	6.674
2.799	6.704
2.649	6.524
2.649	6.404
2.859	6.344
POLYLINE BLACK
4.659	6.704
4.629	6.764
4.629	6.704
4.749	6.644
4.779	6.584
POLYLINE BLACK
4.809	6.794
4.809	6.734
4.629	6.554
POLYLINE BLACK
4.659	6.884
4.479	6.644
4.509	6.524
4.659	6.494
5.049	6.584
5.139	6.734
4.989	6.854
4.569	6.914
POLYLINE BLACK
5.019	6.404
5.139	6.404
5.229	6.374
5.349	6.404
5.469	6.404
POLYLINE BLACK
4.899	7.064
5.079	7.004
5.139	6.944
5.319	6.914
5.379	6.854
5.529	6.824
5.589	6.854
POLYLINE BLACK
5.019	7.034
5.139	6.914
POLYLINE BLACK
1.869	5.714
2.139	5.774
2.199	5.834
2.379	5.834
2.439	5.864
2.619	5.804
2.679	5.834
2.799	5.774
2.859	5.804
3.069	5.774
3.519	5.774
3.579	5.804
3.699	5.774
3.759	5.834
3.969	5.834
4.389	6.044
4.449	6.044
4.569	6.134
4.659	6.104
4.839	6.164
4.959	6.404
5.079	6.434
5.169	6.434
POLYLINE BLACK
5.079	7.094
4.989	7.184
4.809	7.184
4.629	7.094
4.509	7.094
4.269	7.154
4.119	7.184
3.879	7.334
3.819	7.334
3.789	7.454
3.789	7.574
3.759	7.784
3.759	7.994
3.669	8.234
3.489	8.384
3.309	8.444
3.189	8.534
3.069	8.444
2.979	8.444
2.859	8.414
2.799	8.414
2.589	8.084
2.589	7.814
2.619	7.694
2.619	7.544
2.679	7.424
2.679	7.274
2.709	7.154
2.709	7.034
2.619	6.794
2.469	6.644
2.169	6.584
2.109	6.584
2.049	6.524
1.929	6.494
1.869	6.434
1.809	6.434
1.749	6.374
1.629	6.374
1.569	6.314
1.509	6.314
1.479	6.254
POLYLINE BLACK
1.149	11.744
1.149	11.804
POLYLINE BLACK
0.999	11.864
POLYLINE BLACK
6.409	7.604
POLYLINE BLACK
1.649	6.364
1.649	6.124

ELEVATION
STATIONS
9.738	-3.182	1.0
13.096	-8.908	1.1
21.745	-10.666	1.2
25.088	-14.021	1.3
35.367	-9.919	1.4
41.274	-16.829	1.5
47.312	-20.304	1.6
48.363	-13.984	1.7
54.458	-10.155	1.8
53.080	-5.640	1.10
57.519	-5.991	1.11
65.692	-7.297	1.12
71.796	-6.775	1.13
SHOTS
65.692	-7.297	71.796	-6.775
71.796	-6.775	70.293	-6.618
71.796	-6.775	70.870	-6.212
71.796	-6.775	71.353	-7.490
57.519	-5.991	65.692	-7.297
65.692	-7.297	57.269	-4.360
65.692	-7.297	62.938	-6.041
65.692	-7.297	61.447	-6.744
65.692	-7.297	60.241	-7.805
65.692	-7.297	62.556	-7.015
65.692	-7.297	62.567	-7.037
65.692	-7.297	67.240	-6.984
65.692	-7.297	68.239	-7.306
65.692	-7.297	67.520	-7.219
65.692	-7.297	67.061	-6.806
53.080	-5.640	57.519	-5.991
57.519	-5.991	53.726	-7.434
57.519	-5.991	54.751	-6.995
57.519	-5.991	57.259	-7.926
57.519	-5.991	52.771	-9.340
49.248	-7.902	53.080	-5.640
53.080	-5.640	51.409	-5.784
53.080	-5.640	51.997	-6.209
53.080	-5.640	53.071	-7.054
53.080	-5.640	53.323	-5.779
53.080	-5.640	55.208	-6.341
53.080	-5.640	53.586	-7.179
53.080	-5.640	55.341	-12.079
53.080	-5.640	56.605	-7.307
53.080	-5.640	56.291	-6.050
49.248	-7.902	54.458	-10.155
43.147	-14.938	48.363	-13.984
38.980	-17.292	47.312	-20.304
37.275	-17.003	41.274	-16.829
27.656	-13.742	35.367	-9.919
19.875	-13.461	25.088	-14.021
17.226	-10.984	21.745	-10.666
8.378	-9.393	13.096	-8.908
6.456	-4.684	9.738	-3.182
POLYLINE BLACK
30.718	-7.422
POLYLINE BLACK
36.298	-19.602
35.878	-19.542
35.458	-19.542
35.158	-19.662
35.098	-19.782
35.218	-19.902
35.758	-19.962
36.178	-19.722
36.238	-19.602
36.118	-19.542
35.638	-19.722
35.458	-19.722
35.398	-19.842
35.998	-20.442
36.358	-20.682
36.958	-21.402
37.018	-21.522
36.898	-21.582
36.238	-21.582
35.578	-21.462
35.278	-21.462
34.678	-21.282
34.678	-21.102
34.858	-20.802
36.658	-19.722
POLYLINE BLACK
34.798	-20.682
34.258	-21.222
34.018	-21.642
34.018	-21.942
34.138	-22.182
34.438	-22.242
34.798	-22.002
POLYLINE BLACK
34.558	-19.542
34.618	-20.022
34.618	-20.562
34.738	-21.102
34.858	-20.982
POLYLINE BLACK
34.258	-18.882
34.018	-18.882
33.778	-18.942
33.598	-18.942
33.358	-19.182
33.358	-19.422
33.478	-19.722
33.898	-19.962
34.018	-19.962
34.438	-19.662
34.558	-19.242
34.258	-19.062
33.898	-19.122
33.658	-19.302
POLYLINE BLACK
31.858	-17.922
31.918	-17.802
31.858	-17.682
31.738	-17.682
31.618	-17.802
31.678	-17.922
31.918	-17.862
32.158	-17.622
31.798	-17.862
31.798	-17.742
31.918	-17.862
POLYLINE BLACK
31.318	-17.862
31.318	-17.622
31.258	-17.502
30.778	-17.622
29.818	-18.582
29.578	-19.062
29.578	-19.362
29.758	-19.782
30.238	-20.382
30.958	-20.502
31.318	-20.262
31.618	-19.962
31.738	-19.542
31.738	-19.422
32.638	-20.562
32.938	-20.802
POLYLINE BLACK
37.978	-14.982
37.918	-15.282
37.918	-15.642
38.038	-16.002
38.398	-16.122
38.878	-15.642
38.938	-15.342
38.938	-15.222
38.818	-15.042
38.458	-15.042
37.918	-15.402
37.858	-15.642
38.038	-15.942
39.058	-17.082
39.598	-17.982
39.658	-18.342
39.538	-18.702
39.358	-18.882
38.638	-19.182
37.978	-19.122
37.018	-18.822
36.478	-18.642
36.358	-18.642
36.238	-18.462
36.538	-18.282
POLYLINE BLACK
36.658	-14.442
36.658	-15.162
36.838	-15.702
36.898	-15.822
37.018	-15.402
37.018	-15.042
37.078	-14.622
37.378	-14.982
37.438	-15.282
37.618	-15.882
37.618	-16.182
37.678	-16.302
POLYLINE BLACK
35.878	-13.182
35.818	-13.722
35.818	-15.402
35.938	-15.702
36.178	-15.882
36.418	-15.642
36.538	-15.342
POLYLINE BLACK
34.438	-14.442
34.318	-14.442
34.138	-14.622
34.138	-15.042
34.378	-15.582
34.678	-15.762
34.918	-15.762
35.278	-15.522
35.518	-15.222
35.518	-15.102
34.918	-14.682
34.618	-14.562
34.198	-14.742
34.138	-14.922
POLYLINE BLACK
32.338	-13.002
32.278	-13.242
32.278	-13.722
32.338	-14.262
32.398	-14.922
32.158	-14.322
32.158	-14.022
32.038	-13.662
32.038	-13.482
32.218	-13.302
32.338	-13.362
32.758	-13.302
32.938	-13.302
33.178	-13.242
33.718	-13.722
33.898	-14.022
33.958	-14.262
34.078	-14.742
33.898	-15.342
33.298	-15.642
32.938	-15.642
32.578	-15.582
32.338	-15.582
32.218	-15.522
POLYLINE BLACK
34.858	-10.962
34.798	-11.202
35.218	-12.102
35.638	-12.582
35.758	-12.582
35.818	-11.682
35.818	-11.082
35.758	-10.962
POLYLINE BLACK
35.278	-9.942
35.278	-11.202
35.338	-11.742
POLYLINE BLACK
79.658	-2.902
79.958	-2.842
80.078	-2.722
80.318	-2.662
80.558	-2.722
80.798	-2.722
POLYLINE BLACK
77.858	-4.222
78.518	-4.102
78.998	-4.042
79.238	-4.102
79.358	-4.042
79.838	-4.162
80.438	-4.282
80.678	-4.342
POLYLINE BLACK
77.858	-3.562
78.218	-3.502
78.758	-3.202
78.878	-3.262
79.298	-3.022
79.538	-3.022
80.078	-2.842
POLYLINE BLACK
76.178	-4.162
76.418	-4.102
76.538	-4.042
77.078	-4.102
77.558	-4.042
77.978	-4.162
78.098	-4.102
POLYLINE BLACK
75.458	-3.742
75.518	-3.862
75.638	-3.742
75.758	-3.802
76.418	-3.622
76.658	-3.622
76.778	-3.562
76.958	-3.622
77.198	-3.562
77.618	-3.562
77.858	-3.502
78.158	-3.502
POLYLINE BLACK
73.898	-5.182
74.438	-5.002
74.678	-4.822
74.918	-4.762
75.518	-4.522
75.638	-4.402
76.118	-4.282
76.478	-4.162
76.598	-4.042
76.898	-4.042
POLYLINE BLACK
73.238	-2.962
73.718	-3.082
74.798	-3.682
75.038	-3.682
75.518	-3.862
75.758	-3.862
75.998	-3.802
76.118	-3.802
POLYLINE BLACK
65.678	-1.942
66.038	-1.162
66.278	-0.982
66.998	-0.862
67.118	-0.922
67.238	-0.862
67.478	-0.922
67.718	-0.922
68.618	-1.282
68.858	-1.342
69.218	-1.522
69.458	-1.582
70.478	-2.062
70.718	-2.062
70.838	-2.182
70.958	-2.182
71.078	-2.302
71.558	-2.422
71.858	-2.542
72.098	-2.722
72.218	-2.722
72.578	-2.962
72.818	-3.022
72.938	-2.962
73.238	-3.022
73.358	-2.962
73.598	-3.022
73.898	-3.022
74.138	-2.902
74.258	-2.962
74.498	-2.902
75.038	-2.782
75.278	-2.722
POLYLINE BLACK
67.238	-4.642
67.538	-4.582
67.898	-4.462
68.018	-4.522
68.258	-4.402
68.618	-4.522
68.738	-4.462
68.858	-4.522
69.098	-4.462
69.998	-4.642
70.418	-4.702
70.718	-4.702
71.558	-4.882
71.798	-4.882
72.158	-5.002
72.518	-5.002
72.938	-5.122
73.418	-5.122
73.538	-5.062
73.658	-5.122
73.958	-5.062
74.198	-5.062
74.378	-5.002
74.498	-5.062
74.618	-5.002
POLYLINE BLACK
58.418	3.278
POLYLINE BLACK
58.478	-6.262
POLYLINE BLACK
57.698	-5.662
57.998	-5.722
58.418	-5.722
58.958	-5.842
59.078	-5.722
59.318	-5.782
59.678	-5.662
59.858	-5.542
60.098	-5.542
60.758	-5.302
60.998	-5.302
61.118	-5.242
61.238	-5.302
61.538	-5.242
61.658	-5.302
61.778	-5.242
61.898	-5.302
62.018	-5.242
62.138	-5.302
62.258	-5.242
62.498	-5.302
POLYLINE BLACK
62.198	-5.962
62.198	-6.082
62.078	-6.022
61.358	-6.262
61.118	-6.322
60.758	-6.322
60.518	-6.382
60.398	-6.322
60.278	-6.382
60.158	-6.322
59.738	-6.382
59.078	-6.382
58.838	-6.322
58.598	-6.382
57.998	-6.502
57.878	-6.442
57.638	-6.562
57.518	-6.502
57.218	-6.562
POLYLINE BLACK
65.138	-4.582
65.198	-4.702
65.738	-4.522
65.978	-4.522
66.098	-4.462
66.338	-4.522
66.458	-4.462
66.698	-4.522
66.938	-4.522
67.178	-4.582
67.658	-4.582
POLYLINE BLACK
65.078	-4.942
64.778	-5.422
64.718	-5.782
64.598	-5.902
64.598	-6.142
64.418	-7.042
64.418	-7.762
64.298	-8.182
64.358	-8.842
64.358	-8.962
POLYLINE BLACK
62.618	-2.122
62.978	-2.122
63.278	-2.182
64.058	-2.242
64.178	-2.182
64.298	-2.242
64.538	-2.122
65.078	-2.122
65.198	-2.062
65.318	-2.122
65.378	-1.942
65.678	-2.002
65.798	-2.002
POLYLINE BLACK
61.658	-7.762
POLYLINE BLACK
57.458	-6.922
57.698	-7.102
57.938	-7.102
POLYLINE BLACK
62.138	-3.982
62.198	-4.282
62.198	-4.642
62.318	-5.122
62.378	-5.662
62.678	-6.922
62.738	-7.222
62.798	-7.462
62.798	-7.702
62.858	-7.942
62.858	-9.022
62.918	-9.262
POLYLINE BLACK
61.958	-3.982
61.958	-4.102
62.198	-4.042
62.318	-4.102
POLYLINE BLACK
61.538	-3.742
61.718	-3.922
62.018	-3.982
62.138	-3.982
POLYLINE BLACK
57.578	-1.762
57.818	-1.702
57.998	-1.762
58.238	-1.702
59.078	-1.702
59.198	-1.822
59.558	-1.822
59.798	-1.882
60.218	-1.882
60.338	-1.822
60.578	-1.882
60.818	-1.882
61.058	-1.942
61.298	-1.942
61.418	-2.062
61.658	-2.062
62.138	-2.242
62.498	-2.242
62.678	-2.302
62.858	-2.242
63.098	-2.302
POLYLINE BLACK
57.698	-4.882
57.998	-4.642
58.478	-4.522
59.018	-4.402
59.258	-4.342
60.398	-3.982
60.638	-3.982
60.878	-3.922
61.058	-3.922
61.298	-3.862
61.538	-3.862
61.658	-3.802
61.898	-3.862
62.018	-3.802
POLYLINE BLACK
54.518	0.338
54.578	0.218
54.638	0.338
54.878	-0.622
54.878	-0.802
55.118	-1.402
55.478	-1.642
55.598	-1.582
55.718	-1.642
55.778	-1.522
56.018	-1.642
56.138	-1.582
56.498	-1.822
56.618	-2.002
56.858	-1.942
57.338	-1.942
57.578	-1.882
57.818	-1.822
58.298	-1.582
POLYLINE BLACK
51.998	-5.422
52.178	-5.422
52.538	-5.302
52.778	-5.302
52.898	-5.242
53.018	-5.302
53.498	-5.182
53.618	-5.182
53.798	-4.882
54.398	-4.642
54.638	-4.282
54.638	-3.682
54.398	-3.142
54.398	-2.902
54.278	-2.362
54.218	-1.822
54.038	-1.342
54.038	-1.102
53.978	-0.802
53.918	-0.322
54.098	0.038
54.158	0.278
POLYLINE BLACK
58.058	1.298
POLYLINE BLACK
57.218	-6.262
57.398	-6.082
57.398	-5.962
57.698	-5.602
57.758	-5.122
57.758	-4.822
57.818	-4.702
POLYLINE BLACK
56.558	-6.682
57.158	-6.202
57.278	-6.202
POLYLINE BLACK
50.918	-8.242
51.278	-8.002
51.818	-7.882
52.118	-7.762
52.298	-7.762
52.538	-7.702
52.658	-7.582
52.898	-7.582
POLYLINE BLACK
52.358	-7.582
52.658	-7.582
52.778	-7.462
52.898	-7.462
53.018	-7.342
53.258	-7.342
53.678	-7.222
53.798	-7.102
54.038	-7.042
54.158	-7.102
54.458	-7.042
54.578	-6.922
55.058	-6.922
55.298	-6.862
55.418	-6.862
55.538	-6.742
55.778	-6.802
56.078	-6.682
56.198	-6.742
56.438	-6.682
56.858	-6.682
POLYLINE BLACK
48.398	-2.722
48.578	-3.202
48.638	-3.442
48.998	-4.102
49.118	-4.222
49.358	-4.282
49.478	-4.462
49.598	-4.462
50.378	-5.242
50.858	-5.422
51.518	-5.362
51.758	-5.362
51.878	-5.422
52.118	-5.362
52.358	-5.362
POLYLINE BLACK
48.158	-1.282
48.458	-1.582
48.518	-1.822
48.578	-2.362
48.698	-3.022
POLYLINE BLACK
48.818	-7.102
48.998	-7.282
49.478	-7.582
49.838	-8.182
50.078	-8.242
50.198	-8.182
50.438	-8.242
50.918	-8.122
51.158	-8.062
POLYLINE BLACK
48.878	-7.282
49.118	-7.222
49.358	-7.402
49.478	-7.342
49.478	-7.462
49.778	-7.762
49.958	-8.422
POLYLINE BLACK
47.558	-8.002
47.678	-8.242
48.038	-8.422
48.698	-8.242
48.998	-7.942
49.058	-7.702
48.998	-7.462
49.058	-7.222
POLYLINE BLACK
47.018	5.918
46.838	5.318
46.838	5.138
46.658	4.418
47.138	5.678
47.138	5.918
46.898	5.138
46.898	4.958
46.718	4.418
46.838	4.958
47.138	5.858
46.838	5.018
46.778	4.778
46.538	3.998
POLYLINE BLACK
46.418	5.318
46.358	5.078
46.358	4.478
46.538	4.118
46.898	3.998
47.558	5.018
47.018	4.358
46.778	4.238
46.778	4.118
46.658	4.118
46.538	4.238
46.478	4.478
46.298	4.838
46.298	5.018
46.238	5.138
46.418	4.358
46.718	4.058
46.838	3.998
47.738	4.898
47.798	5.078
POLYLINE BLACK
47.138	5.858
47.018	5.618
47.018	5.438
46.898	4.898
46.898	4.658
46.838	4.418
46.898	4.178
POLYLINE BLACK
43.718	-8.302
44.018	-8.302
44.498	-8.122
44.618	-8.182
44.738	-8.062
44.858	-8.122
45.158	-8.062
45.398	-8.002
45.638	-8.062
45.938	-8.002
46.418	-8.062
46.658	-8.122
46.778	-8.062
47.318	-8.182
47.798	-8.302
47.918	-8.242
POLYLINE BLACK
48.038	3.518
48.098	3.278
48.038	2.858
48.038	2.018
47.978	1.418
48.038	0.758
48.038	-0.022
48.098	-0.322
48.098	-0.682
48.278	-1.342
48.638	-1.642
48.938	-1.762
49.298	-1.642
POLYLINE BLACK
45.278	-3.202
45.818	-2.422
45.878	-2.182
46.118	-1.642
46.118	-1.402
46.358	0.218
46.358	2.378
46.298	2.618
46.298	2.918
46.238	3.158
46.238	3.398
POLYLINE BLACK
45.338	-3.682
45.518	-3.502
45.758	-3.322
POLYLINE BLACK
39.398	-7.522
40.298	-7.522
40.658	-7.462
40.898	-7.402
41.978	-6.922
42.338	-6.682
42.998	-6.022
43.538	-5.662
43.898	-5.242
44.078	-5.182
44.258	-4.882
44.438	-4.822
44.498	-4.642
45.158	-3.982
45.518	-3.562
POLYLINE BLACK
41.798	-9.742
42.338	-9.502
42.458	-9.382
42.578	-9.382
42.938	-9.082
43.298	-8.782
43.538	-8.722
43.898	-8.482
44.138	-8.302
POLYLINE BLACK
39.158	-10.102
39.458	-10.102
39.578	-10.162
39.758	-10.042
40.118	-9.982
40.238	-10.042
40.298	-9.862
40.538	-9.922
40.658	-9.802
40.898	-9.802
41.138	-9.742
41.258	-9.802
41.378	-9.742
41.498	-9.802
41.858	-9.682
41.978	-9.742
POLYLINE BLACK
35.198	-8.062
35.438	-8.002
35.558	-7.882
35.798	-7.882
36.038	-7.822
36.638	-7.702
36.818	-7.702
36.938	-7.642
37.058	-7.702
37.298	-7.582
37.418	-7.642
37.838	-7.522
37.958	-7.582
38.198	-7.522
38.498	-7.522
38.738	-7.582
39.098	-7.582
39.518	-7.642
39.698	-7.642
39.818	-7.582
POLYLINE BLACK
34.898	-9.322
35.318	-9.442
35.498	-9.442
35.858	-9.562
36.098	-9.622
37.058	-10.102
37.178	-10.102
37.298	-10.222
37.418	-10.162
37.538	-10.282
37.778	-10.222
38.678	-10.222
38.918	-10.282
POLYLINE BLACK
25.958	-0.502
POLYLINE BLACK
33.158	-9.022
34.718	-9.322
34.838	-9.262
34.958	-9.322
POLYLINE BLACK
34.478	-9.262
34.538	-9.382
34.658	-9.262
34.778	-9.322
34.898	-9.262
POLYLINE BLACK
32.858	-6.742
32.558	-6.742
32.018	-6.322
31.838	-6.082
31.298	-5.962
31.238	-5.842
POLYLINE BLACK
32.618	-6.622
32.978	-6.982
33.638	-7.282
33.758	-7.282
34.118	-7.522
34.358	-7.582
34.718	-7.822
34.838	-7.822
35.078	-8.242
POLYLINE BLACK
27.758	-5.062
28.298	-5.002
28.718	-5.062
29.018	-5.002
29.138	-5.062
29.258	-5.002
29.558	-5.062
29.678	-5.182
30.218	-5.242
30.398	-5.242
30.938	-5.422
31.178	-5.482
31.478	-5.902
31.478	-6.262
31.538	-6.502
POLYLINE BLACK
31.598	-6.202
31.598	-6.442
31.778	-6.982
31.898	-7.102
31.898	-7.222
32.558	-7.882
32.678	-7.882
32.918	-8.062
32.978	-8.242
33.278	-8.302
33.638	-8.482
33.998	-8.482
34.238	-8.362
34.358	-8.422
34.598	-8.362
34.838	-8.362
POLYLINE BLACK
27.098	-6.262
27.338	-6.322
27.758	-6.502
27.998	-6.742
28.118	-6.742
28.658	-7.102
29.078	-7.522
29.378	-7.702
29.378	-7.822
29.558	-7.882
29.618	-8.062
30.098	-8.482
30.638	-8.962
31.418	-9.202
31.538	-9.142
31.778	-9.262
32.018	-9.202
33.218	-9.202
33.458	-9.262
33.758	-9.262
33.878	-9.322
POLYLINE BLACK
25.458	-3.482
25.818	-3.482
26.298	-3.662
26.298	-3.782
27.078	-4.562
27.198	-4.562
27.318	-4.862
POLYLINE BLACK
22.158	-6.242
22.278	-6.362
22.758	-6.122
23.358	-6.122
23.718	-6.242
23.838	-6.182
24.078	-6.242
24.438	-6.242
24.558	-6.362
25.218	-6.062
25.338	-5.942
25.698	-5.882
25.818	-5.762
26.658	-5.762
27.138	-6.362
POLYLINE BLACK
22.458	-3.242
22.818	-3.242
24.078	-3.662
24.318	-3.602
24.558	-3.662
24.798	-3.602
24.918	-3.482
25.818	-3.482
25.938	-3.542
26.058	-3.482
26.178	-3.542
26.418	-3.482
POLYLINE BLACK
18.018	-5.762
18.018	-6.242
18.078	-6.482
18.078	-6.842
18.198	-7.262
18.438	-7.202
18.678	-7.082
18.858	-6.842
18.918	-6.182
18.918	-5.942
POLYLINE BLACK
16.758	-3.962
17.118	-3.902
17.358	-3.962
17.598	-3.962
17.958	-4.142
18.138	-4.142
18.498	-4.322
18.738	-4.382
19.098	-4.562
19.338	-4.562
19.578	-4.682
19.698	-4.622
19.938	-4.682
20.178	-4.682
20.418	-4.742
20.538	-4.682
20.718	-4.802
20.958	-4.682
21.438	-4.982
21.678	-5.042
21.978	-4.502
22.038	-4.262
22.158	-3.902
22.158	-3.602
22.458	-3.122
POLYLINE BLACK
20.178	-6.062
20.418	-6.062
20.778	-6.182
21.018	-6.242
21.258	-6.182
21.378	-6.242
21.498	-6.182
21.738	-6.242
22.098	-6.302
22.338	-6.242
22.458	-6.242
POLYLINE BLACK
18.258	-6.002
18.858	-5.762
19.098	-5.822
19.638	-5.822
20.118	-6.002
20.238	-5.942
POLYLINE BLACK
17.298	-5.762
16.938	-6.362
16.878	-6.842
16.878	-6.962
16.998	-7.082
17.598	-7.082
17.958	-6.482
18.138	-6.122
18.138	-5.882
POLYLINE BLACK
12.498	-5.222
12.618	-5.282
12.858	-5.162
13.278	-5.222
13.518	-5.162
13.938	-5.222
14.418	-5.342
14.538	-5.402
14.658	-5.342
14.898	-5.402
15.318	-5.402
15.558	-5.462
15.798	-5.402
15.918	-5.462
16.158	-5.402
16.398	-5.462
16.638	-5.462
16.878	-5.522
17.118	-5.582
17.238	-5.642
17.478	-5.582
17.598	-5.642
POLYLINE BLACK
12.498	-4.262
12.558	-4.502
13.038	-4.622
13.158	-4.562
13.278	-4.622
13.518	-4.562
14.238	-4.562
14.358	-4.622
14.598	-4.562
14.838	-4.502
15.198	-4.382
15.258	-4.262
15.498	-4.262
15.978	-4.022
16.218	-4.082
16.698	-3.902
16.938	-3.962
17.418	-3.962
17.538	-3.902
17.658	-3.962
POLYLINE BLACK
17.238	3.058
POLYLINE BLACK
17.358	3.118
POLYLINE BLACK
7.818	-3.662
8.358	-4.202
8.538	-4.202
9.018	-4.502
9.198	-4.502
9.318	-4.622
9.438	-4.622
9.618	-4.742
10.158	-4.862
11.058	-5.102
11.778	-5.102
12.018	-5.162
12.558	-5.162
12.678	-5.222
POLYLINE BLACK
10.278	-2.882
10.638	-2.762
10.938	-2.762
11.058	-2.822
11.178	-2.762
11.418	-2.942
11.598	-2.942
12.018	-3.302
12.078	-3.482
12.198	-3.542
12.198	-3.662
12.378	-3.962
12.438	-4.202
12.558	-4.322
POLYLINE BLACK
10.218	-2.822
10.398	-2.582
10.398	-2.402
10.638	-1.802
10.518	-1.382
10.158	-1.142
10.038	-1.022
9.918	-1.022
POLYLINE BLACK
8.118	-2.642
8.298	-2.462
8.718	-2.402
9.078	-2.582
9.198	-2.522
9.318	-2.642
9.438	-2.582
9.558	-2.642
9.558	-2.522
9.738	-2.222
9.738	-1.742
9.438	-1.382
9.378	-1.202
POLYLINE BLACK
7.998	-3.782
7.878	-3.362
7.878	-3.242
