TRIP
DATE 2024-08-15
DECLINATION 0.0
DATA
0		273.66	-19.64	7.495	>
0		273.63	-19.62	7.416	>
0		273.90	-19.72	7.521	>
0		203.48	-18.17	4.349	>
0		203.55	-18.19	4.334	>
0		203.56	-18.10	4.342	>
0	1	203.53	-18.15	4.342	>
1		1.12	-73.25	1.676	>
1		333.06	1.96	4.564	>
1		1.84	-0.30	5.675	>
1		27.55	-0.19	4.028	>
1		267.72	-4.02	1.419	>
1		311.30	-0.25	3.946	>
1		270.86	61.90	4.555	>
1		249.34	68.01	3.217	>
1		282.74	45.42	4.152	>
1		265.26	35.10	3.288	>
1		263.82	51.65	4.425	>
1		264.23	51.75	4.427	>
1		264.74	51.84	4.417	>
1	2	264.26	51.75	4.423	>
2		146.01	9.09	1.165	>
2		222.53	19.07	4.154	>
2		258.24	-68.40	1.295	>
2		177.23	46.46	1.139	>
2		189.75	16.79	5.063	>
2		191.69	27.48	6.745	>
2		191.67	27.47	6.733	>
2		191.58	27.40	6.731	>
2	3	191.65	27.45	6.736	>
3		69.94	-58.36	1.790	>
3		45.44	3.87	1.721	>
3		17.87	-26.94	3.022	>
3		307.53	-15.00	2.536	>
3		117.52	22.47	4.161	>
3		108.76	28.19	4.077	>
3		61.24	64.58	1.827	>
3		112.37	31.78	4.259	>
3		112.37	31.70	4.269	>
3		112.24	31.88	4.273	>
3	4	112.33	31.79	4.267	>
4		275.01	-8.55	3.304	>
4		275.02	-8.43	3.300	>
4		274.48	-8.67	3.298	>
4	5	274.83	-8.55	3.301	>
5		59.28	4.71	1.771	>
5		192.97	-16.96	0.502	>
5		237.63	44.32	0.708	>
5		298.93	-75.38	0.832	>
5		264.06	-9.79	4.736	>
5		264.00	-9.70	4.720	>
5		263.87	-9.78	4.728	>
5	6	263.98	-9.76	4.728	>
6		108.89	-3.94	1.036	>
6		112.51	-61.60	0.673	>
6		121.74	37.60	0.666	>
6		261.28	-88.96	0.491	>
6		119.23	-55.88	0.699	>
6		118.71	-38.07	0.948	>
6		111.53	-10.36	1.023	>
6		114.39	5.80	0.910	>
6		117.06	26.26	0.675	>
6		194.12	8.93	3.380	>
6		194.10	8.91	3.395	>
6		194.05	9.07	3.379	>
6	7	194.09	8.97	3.385	>
7		89.58	17.48	10.559	>
7		95.08	19.41	7.843	>
7		181.69	37.09	3.511	>
7		175.25	38.22	2.971	>
7		349.25	0.63	0.811	>
7		293.79	-55.21	1.099	>
7		253.71	6.89	3.447	>
7		101.72	19.64	4.193	>
7		255.67	-19.93	1.692	>
7		244.56	11.91	5.653	>
7		244.61	11.96	5.660	>
7		244.62	11.91	5.651	>
7	8	244.60	11.93	5.655	>
8		88.87	-11.36	1.351	>
8		51.55	-15.81	1.323	>
8		349.89	20.02	3.451	>
8		24.57	10.77	2.933	>
8		327.40	8.17	1.785	>
8		222.21	-74.60	1.048	>
8		209.58	26.38	2.675	>
8		209.24	26.55	2.703	>
8		209.29	26.53	2.660	>
8		205.85	21.21	2.541	>
8		205.88	21.72	2.537	>
8		206.03	21.64	2.531	>
8	9	205.92	21.52	2.536	>
9		202.49	12.37	1.348	>
9		25.00	2.98	1.314	>
9		31.71	-62.70	1.687	>
9		188.83	75.30	2.008	>
9		255.89	56.55	3.562	>
9		290.31	59.26	2.304	>
9		105.53	-13.35	1.821	>
9		130.05	-11.21	3.208	>
9		107.47	-24.96	7.234	>
9		107.53	-24.94	7.349	>
9		107.52	-24.92	7.349	>
9		107.53	-24.87	7.356	>
9	10	107.53	-24.91	7.351	>
10		19.05	-85.25	1.809	>
10		152.79	-37.80	1.341	>
10		127.28	-29.71	8.669	>
10		127.02	-29.72	8.635	>
10		126.95	-29.54	8.618	>
10	11	127.08	-29.66	8.641	>
11		260.42	3.80	1.714	>
11		326.23	20.59	3.784	>
11		292.68	20.10	3.907	>
11		262.87	57.93	0.846	>
11		207.38	-15.24	4.048	>
11		207.28	-15.17	4.050	>
11		207.07	-15.23	4.049	>
11	12	207.24	-15.21	4.049	>
12		28.05	9.23	4.225	>
12		200.08	-80.10	0.522	>
12		171.80	23.51	3.016	>
12		24.64	5.58	3.172	>
12		177.67	22.94	2.922	>
12		161.62	-71.90	0.543	>
12		63.06	5.89	1.757	>
12		50.22	-13.55	3.304	>
12		246.62	10.73	2.716	>
12		240.58	9.99	4.631	>
12		200.90	24.34	3.535	>
12		200.90	24.36	3.534	>
12		200.85	24.49	3.530	>
12	13	200.88	24.40	3.533	>
13		104.18	0.45	1.369	>
13		297.88	11.49	0.426	>
13		186.76	-80.02	0.475	>
13		230.78	21.38	2.499	>
13		232.75	28.78	3.915	>
13		232.28	29.53	3.898	>
13		232.57	29.39	3.911	>
13	14	232.53	29.23	3.908	>
14		169.01	35.17	3.330	>
14		170.15	37.26	3.417	>
14		169.99	37.00	3.356	>
14		169.87	37.01	3.363	>
14		170.17	37.16	3.418	>
14		170.05	37.22	3.407	>
14		170.04	37.27	3.412	>
14	15	170.09	37.21	3.412	>

PLAN
STATIONS
0.000	0.000	0
-1.647	-3.783	1
-4.372	-4.056	2
-5.579	-9.911	3
-2.224	-11.289	4
-5.476	-11.014	5
-10.110	-11.503	6
-10.924	-14.746	7
-15.921	-17.119	8
-16.953	-19.242	9
-10.595	-21.250	10
-4.604	-25.777	11
-6.393	-29.251	12
-7.540	-32.257	13
-10.247	-34.331	14
-9.779	-37.008	15
SHOTS
0.000	0.000	-7.045	0.451
0.000	0.000	-6.972	0.442
0.000	0.000	-7.063	0.482
0.000	0.000	-1.647	-3.783
-1.647	-3.783	-1.638	-3.299
-1.647	-3.783	-3.714	0.284
-1.647	-3.783	-1.465	1.889
-1.647	-3.783	0.216	-0.211
-1.647	-3.783	-3.062	-3.839
-1.647	-3.783	-4.612	-1.178
-1.647	-3.783	-3.793	-3.750
-1.647	-3.783	-2.774	-4.208
-1.647	-3.783	-4.489	-3.140
-1.647	-3.783	-4.328	-4.005
-1.647	-3.783	-4.372	-4.056
-4.372	-4.056	-3.729	-5.010
-4.372	-4.056	-7.026	-6.949
-4.372	-4.056	-4.839	-4.153
-4.372	-4.056	-4.334	-4.840
-4.372	-4.056	-5.193	-8.834
-4.372	-4.056	-5.579	-9.911
-5.579	-9.911	-4.697	-9.589
-5.579	-9.911	-4.355	-8.706
-5.579	-9.911	-4.752	-7.347
-5.579	-9.911	-7.521	-8.419
-5.579	-9.911	-2.169	-11.688
-5.579	-9.911	-2.176	-11.067
-5.579	-9.911	-4.891	-9.534
-5.579	-9.911	-2.224	-11.289
-2.224	-11.289	-5.476	-11.014
-5.476	-11.014	-3.959	-10.112
-5.476	-11.014	-5.584	-11.482
-5.476	-11.014	-5.904	-11.285
-5.476	-11.014	-5.660	-10.913
-5.476	-11.014	-10.110	-11.503
-10.110	-11.503	-9.132	-11.838
-10.110	-11.503	-9.814	-11.626
-10.110	-11.503	-9.661	-11.781
-10.110	-11.503	-10.119	-11.504
-10.110	-11.503	-9.768	-11.695
-10.110	-11.503	-9.455	-11.862
-10.110	-11.503	-9.174	-11.872
-10.110	-11.503	-9.285	-11.877
-10.110	-11.503	-9.571	-11.778
-10.110	-11.503	-10.924	-14.746
-10.924	-14.746	-0.853	-14.672
-10.924	-14.746	-3.555	-15.400
-10.924	-14.746	-11.006	-17.545
-10.924	-14.746	-10.730	-17.072
-10.924	-14.746	-11.075	-13.949
-10.924	-14.746	-11.498	-14.493
-10.924	-14.746	-14.208	-15.706
-10.924	-14.746	-7.057	-15.548
-10.924	-14.746	-12.465	-15.139
-10.924	-14.746	-15.921	-17.119
-15.921	-17.119	-14.597	-17.093
-15.921	-17.119	-14.924	-16.328
-15.921	-17.119	-16.490	-13.927
-15.921	-17.119	-14.723	-14.499
-15.921	-17.119	-16.873	-15.631
-15.921	-17.119	-16.108	-17.325
-15.921	-17.119	-17.104	-19.203
-15.921	-17.119	-17.102	-19.229
-15.921	-17.119	-17.086	-19.195
-15.921	-17.119	-16.953	-19.242
-16.953	-19.242	-17.456	-20.458
-16.953	-19.242	-16.398	-18.052
-16.953	-19.242	-16.546	-18.583
-16.953	-19.242	-17.031	-19.745
-16.953	-19.242	-18.857	-19.720
-16.953	-19.242	-18.057	-18.833
-16.953	-19.242	-15.245	-19.716
-16.953	-19.242	-14.544	-21.266
-16.953	-19.242	-10.697	-21.211
-16.953	-19.242	-10.595	-21.250
-10.595	-21.250	-10.546	-21.108
-10.595	-21.250	-10.110	-22.192
-10.595	-21.250	-4.604	-25.777
-4.604	-25.777	-6.291	-26.062
-4.604	-25.777	-6.573	-22.833
-4.604	-25.777	-7.990	-24.363
-4.604	-25.777	-5.050	-25.833
-4.604	-25.777	-6.393	-29.251
-6.393	-29.251	-4.432	-25.570
-6.393	-29.251	-6.424	-29.335
-6.393	-29.251	-5.998	-31.988
-6.393	-29.251	-5.077	-26.381
-6.393	-29.251	-6.284	-31.939
-6.393	-29.251	-6.340	-29.411
-6.393	-29.251	-4.835	-28.459
-6.393	-29.251	-3.925	-27.196
-6.393	-29.251	-8.842	-30.310
-6.393	-29.251	-10.366	-31.491
-6.393	-29.251	-7.540	-32.257
-7.540	-32.257	-6.213	-32.592
-7.540	-32.257	-7.909	-32.062
-7.540	-32.257	-7.550	-32.339
-7.540	-32.257	-9.343	-33.728
-7.540	-32.257	-10.247	-34.331
-10.247	-34.331	-9.728	-37.003
-10.247	-34.331	-9.781	-37.011
-10.247	-34.331	-9.781	-36.971
-10.247	-34.331	-9.774	-36.975
-10.247	-34.331	-9.779	-37.008
POLYLINE BLACK
-6.918	0.836
-6.930	0.836
POLYLINE BLACK
-1.490	1.905
-1.490	1.905
POLYLINE BLACK
-4.529	-1.068
-4.529	-1.068
POLYLINE BLACK
-4.543	-1.093
-4.543	-1.091
POLYLINE BLACK
-4.562	-1.193
-4.556	-1.190
POLYLINE BLACK
-4.558	-1.197
-4.579	-1.240
-4.607	-1.281
-4.622	-1.326
-4.657	-1.438
-4.692	-1.551
-4.709	-1.667
-4.811	-2.363
-4.595	-2.986
-4.461	-3.696
-4.450	-3.758
-4.424	-3.817
-4.399	-3.876
-4.317	-4.067
-4.153	-4.188
-3.971	-4.276
-3.938	-4.292
-3.903	-4.306
-3.866	-4.311
-3.543	-4.351
-3.093	-4.429
-2.735	-4.370
-2.660	-4.357
-2.585	-4.338
-2.518	-4.304
-2.244	-4.166
-1.974	-4.019
-1.714	-3.854
-1.212	-3.535
-0.467	-2.229
-0.174	-1.763
-0.046	-1.559
0.040	-1.329
0.132	-1.106
0.229	-0.870
0.393	-0.468
0.301	-0.187
0.205	0.109
-0.220	0.200
-0.452	0.309
-0.702	0.427
-0.862	0.607
-0.989	0.859
-1.132	1.142
-1.229	1.444
-1.358	1.733
-1.376	1.772
-1.402	1.806
-1.428	1.840
-1.516	1.955
-1.654	2.009
-1.797	2.015
-1.976	2.022
-2.231	2.022
-2.418	1.970
-2.484	1.951
-2.547	1.923
-2.609	1.894
-2.636	1.882
-2.662	1.867
-2.684	1.846
-2.807	1.729
-2.934	1.614
-3.040	1.482
-3.147	1.349
-3.245	1.206
-3.321	1.052
-3.581	0.530
-3.475	0.483
-3.762	0.095
-3.968	-0.184
-4.197	-0.445
-4.408	-0.720
-4.435	-0.755
-4.457	-0.793
-4.474	-0.834
-4.563	-1.042
-4.603	-1.368
-4.638	-1.550
POLYLINE BLACK
-4.546	-3.051
-3.741	-3.857
-4.303	-3.320
-3.752	-3.809
-3.699	-3.856
-3.656	-3.914
-3.597	-3.952
-3.374	-4.099
-3.139	-4.226
-2.909	-4.363
POLYLINE BLACK
-4.431	-3.961
-4.548	-4.066
-4.675	-4.161
-4.781	-4.277
-4.873	-4.378
-4.935	-4.502
-5.020	-4.607
-5.154	-4.769
-5.300	-4.921
-5.438	-5.079
-5.837	-5.536
-6.228	-5.999
-6.633	-6.451
-7.034	-6.898
-6.652	-6.346
-7.012	-6.915
POLYLINE BLACK
-2.958	-4.439
-3.201	-4.530
-3.359	-4.654
-3.526	-4.853
-3.580	-4.917
-3.623	-4.989
-3.672	-5.058
POLYLINE BLACK
-5.488	-6.446
-5.463	-6.446
POLYLINE BLACK
-4.393	-8.827
-4.386	-8.821
POLYLINE BLACK
-4.912	-10.184
-4.865	-10.180
-4.818	-10.180
-4.771	-10.172
-4.679	-10.157
-4.556	-10.089
-4.490	-10.048
-4.261	-9.904
-4.157	-9.760
-4.028	-9.523
-4.003	-9.479
-3.983	-9.433
-3.968	-9.385
-3.958	-9.354
-3.956	-9.321
-3.950	-9.289
POLYLINE BLACK
-6.421	-10.276
-6.180	-10.190
POLYLINE BLACK
-5.447	-11.446
-5.359	-11.391
-5.270	-11.337
-5.181	-11.282
-5.156	-11.273
-5.132	-11.259
-5.106	-11.254
-4.752	-11.188
-4.597	-11.215
-4.174	-11.269
-4.034	-11.287
-3.898	-11.333
-3.759	-11.356
-3.651	-11.373
-3.537	-11.356
-3.433	-11.388
-3.139	-11.477
-2.858	-11.603
-2.573	-11.714
-2.551	-11.723
-2.531	-11.735
-2.512	-11.747
-2.469	-11.777
-2.429	-11.809
-2.387	-11.840
POLYLINE BLACK
-5.352	-11.415
-5.482	-11.468
-5.406	-11.427
-5.563	-11.564
POLYLINE BLACK
-10.199	-11.317
-9.975	-11.281
-9.750	-11.245
-9.526	-11.209
-9.421	-11.206
-9.314	-11.211
-9.209	-11.200
-9.054	-11.183
-8.899	-11.159
-8.747	-11.125
-8.524	-11.075
-8.554	-11.031
-8.387	-11.028
-8.241	-11.025
-8.102	-11.109
-7.961	-11.091
-7.740	-11.064
-7.530	-10.965
-7.304	-10.976
-7.136	-10.985
-6.988	-11.079
-6.817	-11.082
-6.669	-11.085
-6.481	-11.012
-6.358	-10.998
-6.110	-10.970
-5.932	-11.003
-5.688	-11.022
-5.523	-11.035
-5.713	-11.012
-5.584	-11.028
POLYLINE BLACK
-8.846	-11.922
-8.839	-11.929
POLYLINE BLACK
-8.525	-11.214
-8.568	-11.217
POLYLINE BLACK
-8.555	-11.232
-8.494	-11.318
POLYLINE BLACK
-8.883	-11.500
-8.836	-11.512
POLYLINE BLACK
-7.804	-11.228
-7.877	-11.186
POLYLINE BLACK
-8.027	-11.095
-8.082	-11.149
POLYLINE BLACK
-8.127	-11.311
-8.097	-11.326
POLYLINE BLACK
-7.384	-11.690
-7.329	-11.714
POLYLINE BLACK
-7.093	-15.445
-7.084	-15.475
POLYLINE BLACK
-7.001	-15.555
-7.171	-15.561
-7.315	-15.550
-7.475	-15.599
-7.539	-15.619
-7.601	-15.647
-7.663	-15.675
-7.872	-15.770
-8.082	-15.863
-8.287	-15.968
-8.350	-16.001
-8.452	-16.088
-8.497	-16.150
-8.556	-16.231
-8.601	-16.322
-8.662	-16.401
-8.812	-16.595
-8.734	-16.441
-8.882	-16.600
-9.000	-16.727
-9.090	-16.902
-9.262	-16.970
-9.301	-16.985
-9.342	-16.999
-9.384	-17.007
-9.637	-17.054
-9.893	-17.084
-10.145	-17.133
-10.201	-17.144
-10.255	-17.162
-10.306	-17.188
-10.748	-17.416
-10.665	-17.351
-10.874	-17.548
POLYLINE BLACK
-10.782	-17.497
-10.826	-17.510
-10.869	-17.527
-10.913	-17.536
-10.946	-17.543
-10.981	-17.545
-11.015	-17.545
-11.160	-17.543
-11.307	-17.546
-11.451	-17.529
-11.582	-17.514
-11.769	-17.467
-11.896	-17.400
-12.011	-17.340
-12.119	-17.265
-12.236	-17.208
-12.522	-17.070
-12.480	-17.127
-12.759	-17.036
-12.851	-17.005
-12.957	-16.920
-13.033	-16.879
-13.103	-16.842
-13.314	-16.794
-13.351	-16.787
-13.510	-16.758
-13.654	-16.821
-13.807	-16.848
-14.012	-16.884
-14.085	-16.861
-14.246	-16.932
-14.393	-16.997
-14.327	-16.993
-14.458	-17.024
POLYLINE BLACK
-13.918	-15.544
-14.262	-15.940
-14.069	-15.750
-14.659	-16.192
-14.672	-16.202
-14.688	-16.210
-14.703	-16.217
-14.752	-16.237
-14.803	-16.254
-14.853	-16.272
POLYLINE BLACK
-14.890	-16.278
-14.948	-16.232
-14.998	-16.202
-15.038	-16.142
-15.149	-15.973
-15.128	-15.766
-15.064	-15.585
-14.994	-15.390
-15.000	-15.501
-14.869	-15.269
-14.838	-15.213
-14.822	-15.150
-14.798	-15.090
POLYLINE BLACK
-14.361	-16.940
-14.483	-16.955
-14.705	-16.906
-14.840	-16.983
-14.871	-17.000
-14.899	-17.022
-14.928	-17.042
-14.969	-17.070
-15.007	-17.106
-15.052	-17.129
-15.183	-17.194
-15.324	-17.239
-15.454	-17.305
-15.558	-17.358
-15.676	-17.481
-15.748	-17.562
-15.820	-17.644
-15.885	-17.731
-15.954	-17.815
-15.997	-17.866
-16.028	-17.885
-16.055	-17.943
-16.134	-18.117
-16.142	-18.380
-16.081	-18.559
-16.029	-18.712
-15.949	-18.806
-15.840	-18.940
-15.131	-19.817
-15.385	-19.398
-15.155	-19.789
POLYLINE BLACK
-17.537	-20.561
-18.158	-20.044
-18.103	-20.029
-18.642	-19.723
-18.665	-19.710
-18.690	-19.701
-18.717	-19.696
-18.789	-19.683
-18.863	-19.677
-18.937	-19.668
POLYLINE BLACK
-9.153	-32.296
-8.926	-32.193
-8.702	-32.085
-8.474	-31.987
-8.403	-31.956
-8.144	-31.923
-8.154	-32.061
-8.163	-32.186
-8.298	-32.285
-8.400	-32.329
-8.474	-32.362
-8.550	-32.390
-8.627	-32.413
-8.739	-32.446
-8.846	-32.443
-8.944	-32.505
-9.139	-32.628
-9.061	-32.605
-9.235	-32.754
-9.346	-32.848
-9.559	-32.882
-9.679	-32.922
-9.710	-32.932
-9.738	-32.952
-9.769	-32.958
-9.809	-32.965
-9.801	-32.913
-9.798	-32.898
-9.792	-32.870
-9.782	-32.843
-9.771	-32.818
-9.746	-32.764
-9.720	-32.710
-9.687	-32.659
-9.592	-32.513
-9.461	-32.396
-9.311	-32.309
-9.302	-32.303
-9.291	-32.300
-9.281	-32.297
-9.209	-32.274
-9.136	-32.253
-9.064	-32.231
POLYLINE RED
-7.198	0.920
-7.291	0.769
-7.364	0.597
-7.342	0.415
-7.323	0.257
-7.194	0.149
-7.052	0.099
-6.994	0.078
-6.929	0.074
-6.872	0.099
-6.751	0.152
-6.641	0.355
-6.624	0.489
-6.612	0.580
-6.648	0.652
-6.723	0.705
-6.835	0.786
-6.938	0.815
-7.070	0.773
-7.100	0.763
-7.138	0.746
-7.164	0.725
-7.223	0.677
-7.226	0.580
-7.238	0.514
POLYLINE RED
-0.004	0.357
-0.036	0.351
-0.068	0.348
-0.099	0.340
-0.189	0.318
-0.262	0.179
-0.297	0.107
-0.342	0.012
-0.336	-0.108
-0.250	-0.179
-0.180	-0.236
-0.068	-0.252
0.018	-0.258
0.090	-0.264
0.160	-0.261
0.221	-0.221
0.263	-0.195
0.300	-0.153
0.316	-0.106
0.333	-0.056
0.355	0.019
0.357	0.077
0.359	0.172
0.266	0.287
0.181	0.321
0.101	0.354
0.013	0.303
-0.064	0.284
POLYLINE RED
-1.647	-3.355
-1.723	-3.383
-1.815	-3.409
-1.855	-3.489
-1.902	-3.584
-1.920	-3.714
-1.860	-3.809
-1.807	-3.893
-1.688	-4.099
-1.556	-4.114
-1.504	-4.121
-1.456	-4.099
-1.411	-4.075
-1.276	-4.001
-1.218	-3.833
-1.256	-3.687
-1.264	-3.654
-1.286	-3.606
-1.309	-3.580
-1.363	-3.520
-1.424	-3.467
-1.494	-3.426
-1.618	-3.356
-1.659	-3.386
-1.816	-3.407
POLYLINE BLACK
-7.000	-6.879
-7.010	-6.945
-7.016	-7.013
-7.031	-7.078
-7.051	-7.161
-7.103	-7.274
-7.153	-7.342
-7.194	-7.397
-7.244	-7.445
-7.290	-7.496
-7.382	-7.598
-7.553	-7.734
-7.563	-7.894
-7.578	-8.107
-7.489	-8.350
-7.437	-8.529
-7.418	-8.592
-7.386	-8.651
-7.354	-8.710
-7.238	-8.922
-7.182	-8.949
-7.126	-9.134
-7.059	-9.358
-7.016	-9.733
-6.833	-9.944
-6.662	-10.141
-6.157	-10.301
-5.994	-10.379
-5.829	-10.458
-5.614	-10.620
-5.571	-10.813
-5.553	-10.895
-5.567	-10.982
-5.585	-11.063
POLYLINE BLACK
-3.635	-5.030
-3.713	-5.106
-3.758	-5.137
-3.808	-5.231
-3.862	-5.332
-3.898	-5.442
-3.958	-5.539
-4.022	-5.643
-4.118	-5.727
-4.181	-5.833
-4.423	-6.238
-4.434	-6.280
-4.533	-6.638
-4.560	-6.735
-4.741	-7.220
-4.731	-7.473
-4.729	-7.530
-4.722	-7.586
-4.709	-7.641
-4.614	-8.062
-4.545	-8.357
-4.259	-8.700
POLYLINE BLACK
-4.328	-8.664
-4.238	-8.812
-4.149	-8.960
-4.060	-9.107
-4.031	-9.169
-4.017	-9.240
-3.974	-9.293
-3.752	-9.565
-3.513	-9.823
-3.270	-10.076
-3.176	-10.173
-3.061	-10.249
-2.963	-10.342
-2.893	-10.407
-2.793	-10.589
-2.750	-10.642
-2.707	-10.696
-2.655	-10.743
-2.602	-10.788
-2.448	-10.917
-2.342	-10.951
-2.153	-11.051
-2.147	-11.054
-2.142	-11.058
-2.137	-11.062
-2.104	-11.090
-2.070	-11.118
-2.037	-11.146
POLYLINE BLACK
-1.890	-11.194
-1.096	-11.743
-1.384	-11.487
-0.967	-11.888
POLYLINE BLACK
-2.337	-11.887
-2.308	-11.925
-2.285	-11.969
-2.249	-12.003
-2.126	-12.118
-1.988	-12.216
-1.865	-12.330
-1.756	-12.431
-1.693	-12.592
-1.628	-12.715
POLYLINE BLACK
-9.507	-11.905
-9.619	-11.969
-9.645	-12.040
-9.722	-12.131
-9.760	-12.176
-9.797	-12.190
-9.838	-12.234
-9.894	-12.291
-9.964	-12.391
-9.977	-12.474
-10.020	-12.752
-9.987	-12.797
-10.069	-13.007
-10.108	-13.105
-10.189	-13.175
-10.222	-13.276
-10.288	-13.470
-10.171	-13.746
-10.032	-13.882
-9.830	-14.079
-9.289	-14.186
-9.141	-14.212
-7.700	-14.461
-8.567	-14.271
-7.719	-14.278
-7.527	-14.279
-6.961	-14.467
-6.933	-14.472
-6.746	-14.504
-6.555	-14.507
-6.365	-14.507
-4.975	-14.502
-5.938	-14.493
-4.969	-14.387
-4.712	-14.359
-4.296	-14.478
-4.110	-14.490
-3.801	-14.509
-3.492	-14.489
-3.183	-14.488
POLYLINE BLACK
-7.046	-15.511
-6.474	-15.599
-6.647	-15.611
-6.046	-15.536
-5.810	-15.507
-5.579	-15.436
-5.342	-15.431
-4.896	-15.423
-4.451	-15.492
-4.005	-15.499
-3.885	-15.500
-3.765	-15.477
-3.647	-15.457
-3.396	-15.413
-3.437	-15.377
-3.235	-15.385
-3.199	-15.387
-3.162	-15.389
-3.128	-15.402
-3.090	-15.416
-3.058	-15.444
-3.023	-15.466
POLYLINE BLACK
-3.107	-14.486
-2.793	-14.464
-2.478	-14.447
-2.163	-14.419
-2.136	-14.417
-2.110	-14.405
-2.084	-14.396
-2.016	-14.372
-1.949	-14.341
-1.879	-14.321
-1.781	-14.294
-1.679	-14.279
-1.579	-14.257
POLYLINE BLACK
-2.844	-15.421
-2.390	-15.446
-2.611	-15.445
-1.779	-15.318
-1.737	-15.311
-1.696	-15.295
-1.658	-15.277
-1.539	-15.222
-1.424	-15.157
-1.307	-15.097
POLYLINE BLACK
-5.607	-10.044
-5.808	-9.949
-5.764	-9.958
-5.993	-9.903
-6.009	-9.899
-6.038	-9.906
-6.053	-9.912
-6.159	-9.957
-6.216	-10.127
-6.138	-10.219
-6.098	-10.266
-6.030	-10.254
-5.976	-10.266
-5.919	-10.280
-5.849	-10.322
-5.787	-10.288
-5.731	-10.257
-5.676	-10.225
-5.622	-10.190
-5.602	-10.177
-5.551	-10.127
-5.541	-10.103
-5.538	-10.097
-5.548	-10.092
-5.551	-10.087
-5.570	-10.058
-5.590	-10.030
-5.609	-10.002
POLYLINE BLACK
-4.888	-10.215
-4.831	-10.267
-4.685	-10.382
-4.747	-10.482
-4.763	-10.509
-4.787	-10.531
-4.815	-10.544
-4.866	-10.569
-4.932	-10.561
-4.984	-10.575
-5.090	-10.602
-5.305	-10.734
-5.398	-10.595
-5.488	-10.460
-5.298	-10.349
-5.216	-10.278
-5.150	-10.221
-5.111	-10.174
-5.019	-10.161
-4.946	-10.152
-4.892	-10.184
-4.825	-10.213
POLYLINE BLACK
-5.688	-10.231
-5.611	-10.291
-5.545	-10.322
-5.449	-10.332
-5.416	-10.336
-5.359	-10.338
-5.321	-10.328
-5.284	-10.318
-5.246	-10.306
-5.209	-10.295
POLYLINE BLACK
-9.527	-11.943
-9.324	-11.769
-9.322	-11.789
-8.979	-11.729
-8.782	-11.694
-8.583	-11.670
-8.384	-11.646
-8.332	-11.640
-8.233	-11.676
-8.200	-11.686
-8.158	-11.699
-8.129	-11.717
-8.084	-11.710
-7.971	-11.691
-7.890	-11.593
-7.781	-11.565
-7.696	-11.543
-7.597	-11.546
-7.513	-11.573
-7.435	-11.598
-7.384	-11.651
-7.297	-11.648
-7.184	-11.645
-7.221	-11.630
-7.081	-11.605
-6.998	-11.591
-6.784	-11.612
-6.748	-11.619
-6.621	-11.642
-6.494	-11.707
-6.372	-11.748
-6.305	-11.770
-6.223	-11.716
-6.165	-11.709
-6.052	-11.696
-5.938	-11.703
-5.825	-11.691
-5.719	-11.681
-5.608	-11.625
-5.528	-11.556
-5.502	-11.533
-5.481	-11.505
-5.457	-11.479
POLYLINE BLACK
-8.280	-11.398
-8.281	-11.404
POLYLINE BLACK
-8.033	-11.410
-8.039	-11.413
POLYLINE BLACK
-7.657	-11.282
-7.654	-11.282
POLYLINE BLACK
-7.492	-11.228
-7.496	-11.231
POLYLINE BLACK
-7.691	-11.065
-7.669	-11.062
POLYLINE BLACK
-7.862	-11.154
-7.844	-11.151
POLYLINE BLACK
-8.075	-11.423
-8.067	-11.429
POLYLINE BLACK
-8.152	-11.594
-8.147	-11.578
POLYLINE BLACK
-8.379	-11.521
-8.366	-11.520
POLYLINE BLACK
-8.552	-11.408
-8.543	-11.411
POLYLINE BLACK
-8.733	-11.517
-8.715	-11.505
POLYLINE BLACK
-8.369	-11.184
-8.373	-11.190
POLYLINE BLACK
-8.413	-11.178
-8.418	-11.193
POLYLINE BLACK
-8.201	-11.362
-8.192	-11.356
POLYLINE BLACK
-7.938	-11.322
-7.939	-11.325
POLYLINE BLACK
-7.817	-11.218
-7.817	-11.218
POLYLINE BLACK
-8.067	-11.213
-8.070	-11.217
POLYLINE BLACK
-8.271	-11.193
-8.236	-11.187
POLYLINE BLACK
-8.358	-11.245
-8.354	-11.252
POLYLINE BLACK
-8.442	-11.377
-8.437	-11.377
POLYLINE BLACK
-8.427	-11.475
-8.391	-11.478
POLYLINE BLACK
-8.523	-11.592
-8.523	-11.593
POLYLINE BLACK
-8.681	-11.630
-8.675	-11.633
POLYLINE BLACK
-8.791	-11.332
-8.782	-11.332
POLYLINE BLACK
-8.803	-11.279
-8.795	-11.276
POLYLINE BLACK
-8.861	-11.295
-8.822	-11.294
POLYLINE BLACK
-8.660	-11.426
-8.621	-11.423
POLYLINE BLACK
-8.580	-11.439
-8.559	-11.437
POLYLINE BLACK
-8.135	-11.349
-8.067	-11.356
POLYLINE BLACK
-7.855	-11.405
-7.787	-11.383
POLYLINE BLACK
-10.991	-14.750
-11.244	-14.873
-11.624	-14.974
-11.820	-15.205
-11.876	-15.270
-11.943	-15.463
-11.948	-15.478
-11.992	-15.607
-11.980	-15.724
-12.071	-15.820
-12.147	-15.900
-12.319	-15.927
-12.395	-15.957
-12.453	-15.980
-12.532	-16.009
-12.533	-16.083
-12.534	-16.130
-12.520	-16.193
-12.503	-16.229
-12.439	-16.368
-12.366	-16.504
-12.292	-16.638
-12.283	-16.656
-12.268	-16.671
-12.254	-16.685
-12.234	-16.705
-12.178	-16.748
-12.149	-16.753
-11.874	-16.801
-11.597	-16.842
-11.320	-16.877
-11.296	-16.881
-11.223	-16.881
-11.186	-16.866
-11.063	-16.816
-10.871	-16.561
-10.855	-16.546
-10.815	-16.509
-10.769	-16.481
-10.723	-16.454
-10.644	-16.407
-10.506	-16.371
-10.426	-16.366
-10.293	-16.357
-10.159	-16.370
-10.025	-16.370
-9.998	-16.369
-9.962	-16.350
-9.944	-16.330
-9.801	-16.184
-9.658	-15.750
-9.633	-15.687
-9.617	-15.648
-9.604	-15.584
-9.608	-15.537
-9.610	-15.516
-9.613	-15.496
-9.619	-15.476
-9.675	-15.294
-9.732	-15.113
-9.793	-14.933
-9.812	-14.877
-9.875	-14.828
-9.922	-14.798
-9.947	-14.783
-10.001	-14.759
-10.032	-14.757
-10.858	-14.721
-10.605	-14.653
-10.940	-14.753
POLYLINE BLACK
-12.113	-15.865
-11.775	-15.905
-11.463	-15.687
-11.128	-15.711
-11.076	-15.715
-11.029	-15.732
-10.987	-15.763
-10.741	-15.945
-10.496	-16.130
-10.249	-16.312
-10.236	-16.322
-10.221	-16.329
-10.207	-16.338
-10.167	-16.368
-10.126	-16.398
-10.086	-16.428
POLYLINE BLACK
-11.077	-15.637
-10.238	-15.230
-10.666	-15.489
-9.820	-14.818
POLYLINE BLACK
-11.181	-15.618
-11.740	-15.096
POLYLINE BLACK
-10.162	-11.290
-10.201	-11.308
-10.241	-11.324
-10.279	-11.346
-10.370	-11.398
-10.501	-11.582
-10.526	-11.614
-10.555	-11.653
-10.582	-11.694
-10.599	-11.739
-10.638	-11.845
-10.670	-11.955
-10.693	-12.067
-10.777	-12.484
-10.821	-12.910
-10.918	-13.325
-10.968	-13.534
-11.065	-14.067
-11.310	-14.287
-11.382	-14.351
-11.467	-14.414
-11.558	-14.452
-11.612	-14.475
-11.717	-14.497
-11.771	-14.543
-11.849	-14.610
-11.920	-14.685
-11.995	-14.756
-12.014	-14.774
-12.032	-14.794
-12.053	-14.811
-12.139	-14.878
-12.214	-14.886
-12.314	-14.955
-12.408	-15.019
-12.493	-15.129
-12.605	-15.178
-12.620	-15.185
-12.635	-15.190
-12.651	-15.193
-12.752	-15.210
-12.854	-15.220
-12.954	-15.239
-13.132	-15.273
-13.310	-15.303
-13.484	-15.351
-13.506	-15.357
-13.776	-15.436
-13.872	-15.513
-13.903	-15.537
-13.936	-15.578
-13.961	-15.608
POLYLINE BLACK
-15.985	-14.190
-16.016	-14.264
-16.046	-14.338
-16.079	-14.411
-16.094	-14.446
-16.116	-14.478
-16.131	-14.514
-16.159	-14.580
-16.166	-14.668
-16.135	-14.736
-16.032	-14.952
-16.020	-14.982
-15.859	-15.162
-15.790	-15.239
-15.690	-15.310
-15.593	-15.231
-15.576	-15.218
-15.565	-15.202
-15.556	-15.183
-15.508	-15.084
-15.470	-14.980
-15.417	-14.884
-15.387	-14.832
-15.188	-14.637
-15.221	-14.503
-15.236	-14.439
-15.251	-14.375
-15.274	-14.313
-15.293	-14.264
-15.322	-14.219
-15.345	-14.172
-15.367	-14.127
-15.389	-14.082
-15.410	-14.036
-15.448	-13.955
-15.446	-13.939
-15.495	-13.877
-15.515	-13.852
-15.551	-13.834
-15.581	-13.827
-15.661	-13.813
-15.740	-13.799
-15.820	-13.785
-15.827	-13.786
-15.835	-13.786
-15.842	-13.788
-15.869	-13.795
-15.890	-13.817
-15.898	-13.844
-15.965	-14.081
-15.950	-14.011
-15.978	-14.190
POLYLINE BLACK
-16.358	-17.172
-16.372	-17.097
-16.376	-17.018
-16.401	-16.946
-16.737	-15.957
-16.565	-16.556
-16.848	-15.855
-17.090	-15.255
-16.718	-16.007
-17.126	-15.234
POLYLINE BLACK
-14.744	-14.881
-14.469	-14.046
-14.622	-14.420
-14.310	-13.750
POLYLINE BLACK
-17.162	-14.941
-17.232	-14.373
-17.268	-14.413
-17.244	-14.058
-17.240	-14.004
-17.230	-13.952
-17.230	-13.898
-17.229	-13.855
-17.237	-13.812
-17.242	-13.769
-17.255	-13.647
-17.270	-13.524
-17.284	-13.402
POLYLINE BLACK
-14.918	-14.062
-14.936	-14.108
-14.950	-14.156
-14.971	-14.200
-14.987	-14.234
-15.011	-14.264
-15.031	-14.295
-15.051	-14.327
-15.070	-14.353
-15.069	-14.393
-15.067	-14.448
-15.018	-14.540
-14.952	-14.502
-14.913	-14.480
-14.876	-14.455
-14.837	-14.432
-14.795	-14.408
-14.787	-14.414
-14.755	-14.384
-14.650	-14.285
-14.615	-14.110
-14.579	-13.984
-14.575	-13.971
-14.579	-13.951
-14.591	-13.942
-14.605	-13.932
-14.630	-13.932
-14.644	-13.935
-14.703	-13.948
-14.762	-13.961
-14.820	-13.979
-14.862	-13.992
-14.901	-14.011
-14.942	-14.027
POLYLINE BLACK
-14.933	-13.997
-14.885	-13.978
-14.879	-14.227
-14.810	-14.262
-14.774	-14.280
-14.681	-14.273
-14.662	-14.273
POLYLINE BLACK
-14.858	-14.221
-15.062	-14.438
POLYLINE BLACK
-16.701	-14.055
-16.801	-14.164
-16.900	-14.273
-17.000	-14.381
-17.003	-14.388
-17.007	-14.395
-17.010	-14.402
-17.032	-14.470
-16.928	-14.520
-16.890	-14.543
-16.831	-14.577
-16.767	-14.597
-16.702	-14.569
-16.674	-14.558
-16.647	-14.542
-16.619	-14.532
-16.567	-14.513
-16.508	-14.517
-16.481	-14.463
-16.445	-14.392
-16.436	-14.261
-16.429	-14.215
-16.425	-14.188
-16.452	-14.160
-16.474	-14.148
-16.542	-14.112
-16.612	-14.078
-16.681	-14.043
POLYLINE BLACK
-17.019	-14.413
-16.891	-14.356
-16.768	-14.266
-16.623	-14.286
-16.546	-14.297
-16.482	-14.331
-16.410	-14.355
POLYLINE BLACK
-16.704	-14.321
-16.828	-14.550
POLYLINE BLACK
-16.533	-14.725
-16.555	-14.808
-16.579	-14.890
-16.599	-14.974
-16.655	-15.208
-16.327	-15.421
-16.218	-15.525
-16.213	-15.530
-16.203	-15.527
-16.199	-15.523
-16.192	-15.515
-16.190	-15.504
-16.189	-15.494
-16.174	-15.383
-16.160	-15.272
-16.150	-15.161
-16.148	-15.145
-16.158	-15.117
-16.166	-15.103
-16.186	-15.069
-16.227	-15.045
-16.251	-15.019
-16.270	-14.999
-16.284	-14.975
-16.301	-14.953
-16.331	-14.913
-16.358	-14.870
-16.391	-14.833
-16.435	-14.785
-16.486	-14.742
-16.533	-14.697
POLYLINE BLACK
-16.587	-15.000
-16.520	-15.052
-16.413	-15.200
-16.294	-15.179
-16.287	-15.177
-16.281	-15.175
-16.274	-15.172
-16.238	-15.155
-16.203	-15.138
-16.168	-15.121
POLYLINE BLACK
-16.345	-15.127
-16.252	-15.497
POLYLINE BLACK
-18.635	-18.644
-18.879	-18.557
-19.142	-18.542
-19.396	-18.576
-19.434	-18.581
-19.470	-18.592
-19.506	-18.599
POLYLINE BLACK
-19.108	-19.676
-19.231	-19.661
-19.432	-19.618
-19.578	-19.638
-19.625	-19.645
-19.670	-19.659
-19.716	-19.670
POLYLINE BLACK
-18.967	-18.552
-18.884	-18.678
-18.800	-18.804
-18.719	-18.931
-18.684	-18.986
-18.770	-19.074
-18.793	-19.098
-18.865	-19.172
-18.939	-19.244
-19.017	-19.312
-19.081	-19.367
-19.154	-19.410
-19.218	-19.464
-19.307	-19.540
-19.261	-19.536
-19.350	-19.585
POLYLINE BLACK
-16.386	-17.069
-16.353	-17.361
-16.357	-17.209
-16.460	-17.703
-16.482	-17.810
-16.537	-17.937
-16.632	-18.001
-16.689	-18.039
-16.838	-18.081
-16.861	-18.091
-16.896	-18.105
-16.942	-18.147
-16.965	-18.174
-17.087	-18.316
-17.071	-18.530
-17.215	-18.657
-17.389	-18.812
-17.735	-18.784
-17.902	-18.800
-18.087	-18.818
-18.271	-18.734
-18.440	-18.676
POLYLINE BLACK
-17.143	-19.182
-17.685	-19.448
-17.241	-19.213
-17.632	-19.454
-17.726	-19.512
-17.824	-19.564
-17.920	-19.622
-17.925	-19.626
-17.930	-19.632
-17.934	-19.637
-17.953	-19.662
-17.960	-19.695
-17.956	-19.725
-17.948	-19.782
-17.940	-19.839
-17.928	-19.895
-17.924	-19.914
-17.899	-19.971
-17.883	-19.985
-17.745	-20.111
-17.603	-20.231
-17.460	-20.352
-17.448	-20.362
-17.420	-20.372
-17.405	-20.375
-17.381	-20.380
-17.354	-20.380
-17.330	-20.375
-17.193	-20.348
-17.055	-20.320
-16.919	-20.288
-16.730	-20.244
-16.642	-20.032
-16.514	-19.916
-16.421	-19.833
-16.308	-19.775
-16.208	-19.701
-16.199	-19.695
-16.194	-19.686
-16.188	-19.677
-16.160	-19.636
-16.151	-19.570
-16.166	-19.523
-16.187	-19.455
-16.213	-19.389
-16.239	-19.323
-16.243	-19.314
-16.249	-19.306
-16.255	-19.298
-16.301	-19.240
-16.403	-19.217
-16.468	-19.210
-16.673	-19.189
-16.879	-19.179
-17.084	-19.164
POLYLINE BLACK
-17.928	-19.594
-17.633	-19.681
-17.333	-19.626
-17.035	-19.655
POLYLINE BLACK
-17.038	-19.621
-17.108	-19.988
-17.053	-19.736
-17.253	-20.362
POLYLINE BLACK
-17.048	-19.612
-16.250	-19.271
POLYLINE BLACK
-18.516	-19.020
-18.601	-19.062
-18.727	-19.126
-18.724	-19.241
-18.722	-19.330
-18.678	-19.472
-18.601	-19.526
-18.452	-19.632
-18.185	-19.483
-18.117	-19.338
-18.109	-19.320
-18.104	-19.300
-18.097	-19.282
-18.082	-19.237
-18.067	-19.193
-18.051	-19.149
-18.041	-19.121
-18.024	-19.098
-18.036	-19.068
-18.055	-19.018
-18.159	-18.981
-18.187	-18.963
-18.232	-18.935
-18.242	-18.912
-18.285	-18.899
-18.394	-18.865
-18.489	-18.959
-18.560	-19.024
POLYLINE BLACK
-18.450	-18.943
-18.461	-19.008
-18.485	-19.076
-18.457	-19.139
-18.408	-19.246
-18.208	-19.237
-18.121	-19.240
POLYLINE BLACK
-18.409	-19.182
-18.594	-19.407
-18.512	-19.323
-18.641	-19.448
POLYLINE BLACK
-18.469	-19.607
-18.469	-19.607
POLYLINE BLACK
-18.506	-19.621
-18.252	-19.519
-18.177	-19.438
-18.055	-19.699
-18.028	-19.757
-18.003	-19.817
-17.979	-19.877
-17.975	-19.888
-17.977	-19.906
-17.982	-19.917
-18.004	-19.963
-18.089	-19.980
-18.124	-19.994
POLYLINE BLACK
-18.527	-19.540
-18.564	-19.747
POLYLINE BLACK
-18.484	-19.634
-18.248	-19.768
-18.334	-19.708
-18.215	-19.794
POLYLINE BLACK
-18.225	-19.794
-18.117	-20.034
POLYLINE BLACK
-18.176	-19.763
-18.221	-19.512
POLYLINE BLACK
-17.599	-20.492
-17.079	-20.492
-17.009	-20.446
-16.652	-20.526
-16.601	-20.538
-16.552	-20.556
-16.501	-20.567
-16.423	-20.584
-16.341	-20.589
-16.264	-20.610
-16.229	-20.620
-16.001	-20.697
-15.935	-20.754
-15.918	-20.768
-15.691	-21.022
-15.560	-21.086
-15.440	-21.144
-15.295	-21.135
-15.168	-21.160
-15.085	-21.175
-14.933	-21.262
-14.884	-21.282
-14.755	-21.334
-14.465	-21.314
-14.408	-21.318
-14.294	-21.324
-14.202	-21.450
-14.084	-21.473
-14.064	-21.477
-14.042	-21.478
-14.021	-21.480
-13.710	-21.507
-13.399	-21.523
-13.089	-21.559
-12.424	-21.636
-13.412	-21.585
-12.661	-21.682
-12.483	-21.704
-12.302	-21.696
-12.123	-21.710
-11.958	-21.722
-11.846	-21.871
-11.687	-21.903
-11.226	-21.996
-10.762	-22.077
-10.300	-22.169
-10.278	-22.173
-10.256	-22.181
-10.237	-22.192
-10.188	-22.221
-10.142	-22.256
-10.095	-22.289
POLYLINE BLACK
-11.791	-21.489
-11.324	-21.402
-11.600	-21.441
-10.734	-21.449
-10.661	-21.449
-10.581	-21.519
-10.532	-21.557
-10.397	-21.663
-10.262	-21.769
-10.129	-21.878
-10.123	-21.883
-10.119	-21.891
-10.117	-21.899
-10.103	-21.952
-10.210	-21.989
-10.244	-21.992
-10.317	-22.000
-10.391	-22.005
-10.464	-22.006
-10.540	-22.007
-10.633	-21.973
-10.693	-21.928
-10.714	-21.912
-10.815	-21.792
-10.890	-21.777
-10.906	-21.775
-10.928	-21.775
-10.943	-21.779
-11.029	-21.807
-11.112	-21.841
-11.199	-21.867
-11.228	-21.875
-11.260	-21.879
-11.290	-21.881
-11.428	-21.892
-11.546	-21.816
-11.662	-21.754
-11.752	-21.704
-11.843	-21.654
-11.933	-21.604
-11.992	-21.578
-12.053	-21.556
-12.110	-21.527
-12.138	-21.512
-12.109	-21.492
-12.097	-21.487
-12.075	-21.475
-12.051	-21.467
-12.026	-21.460
-11.960	-21.442
-11.858	-21.438
-11.797	-21.441
-11.774	-21.443
-11.753	-21.452
-11.730	-21.458
POLYLINE BLACK
-10.765	-21.440
-10.924	-21.484
-11.082	-21.528
-11.240	-21.571
-11.242	-21.578
-11.248	-21.584
-11.246	-21.590
-11.244	-21.600
-11.238	-21.609
-11.230	-21.615
-11.201	-21.641
-11.170	-21.666
-11.137	-21.687
-11.059	-21.736
-10.974	-21.762
-10.889	-21.794
POLYLINE BLACK
-12.102	-21.485
-11.783	-21.458
-11.485	-21.621
-11.169	-21.609
POLYLINE BLACK
-14.017	-21.105
-13.837	-21.042
-13.657	-20.978
-13.477	-20.918
-13.408	-20.895
-13.345	-20.932
-13.293	-20.975
-13.229	-21.028
-13.173	-21.091
-13.106	-21.139
-13.048	-21.181
-12.979	-21.207
-12.918	-21.243
-12.902	-21.252
-12.908	-21.276
-12.916	-21.286
-13.022	-21.421
-13.219	-21.399
-13.360	-21.341
-13.419	-21.317
-13.471	-21.278
-13.527	-21.249
-13.533	-21.246
-13.541	-21.244
-13.548	-21.243
-13.607	-21.236
-13.659	-21.288
-13.727	-21.288
-13.803	-21.288
-13.880	-21.282
-13.956	-21.278
-13.973	-21.277
-13.996	-21.261
-14.001	-21.244
-14.018	-21.189
-14.033	-21.134
-14.048	-21.079
POLYLINE BLACK
-13.592	-21.207
-13.552	-21.150
-13.452	-21.066
-13.462	-20.977
-13.465	-20.954
-13.472	-20.931
-13.477	-20.908
POLYLINE BLACK
-13.491	-21.077
-12.947	-21.295
-13.143	-21.329
-12.934	-21.288
POLYLINE BLACK
-10.605	-21.160
-10.758	-21.093
-10.914	-21.032
-11.064	-20.958
-11.174	-20.904
-11.275	-20.834
-11.384	-20.777
-11.404	-20.766
-11.426	-20.758
-11.448	-20.754
-11.595	-20.732
-11.745	-20.721
-11.892	-20.698
-11.913	-20.695
-11.933	-20.688
-11.952	-20.678
-12.185	-20.552
-12.220	-20.488
-12.425	-20.440
-12.575	-20.404
-12.511	-20.450
-12.703	-20.421
-12.808	-20.406
-12.912	-20.379
-13.015	-20.354
-13.072	-20.340
-13.113	-20.282
-13.160	-20.255
-13.240	-20.209
-13.318	-20.155
-13.407	-20.129
-15.255	-19.731
-13.651	-20.110
-14.413	-19.883
-14.457	-19.870
-14.508	-19.869
-14.553	-19.872
-14.581	-19.875
-14.608	-19.884
-14.636	-19.882
-14.787	-19.873
-14.906	-19.847
-15.048	-19.796
-15.103	-19.776
-15.154	-19.748
-15.207	-19.724
POLYLINE BLACK
-4.441	-25.526
-4.516	-25.418
-4.584	-25.304
-4.667	-25.202
-4.917	-24.898
-4.909	-24.999
-5.023	-24.793
-5.133	-24.595
-5.069	-24.705
-5.152	-24.450
-5.158	-24.432
-5.167	-24.416
-5.178	-24.400
-5.237	-24.310
-5.298	-24.220
-5.362	-24.134
-5.456	-24.007
-5.649	-23.987
-5.735	-23.847
-5.793	-23.753
-5.713	-23.633
-5.760	-23.525
-5.801	-23.432
-5.879	-23.404
-5.950	-23.325
-6.363	-22.858
-5.825	-23.339
-6.459	-22.796
-6.519	-22.745
-6.614	-22.741
-6.682	-22.720
-6.772	-22.692
-6.838	-22.611
-6.933	-22.592
-6.972	-22.584
-7.013	-22.582
-7.053	-22.578
-7.103	-22.573
-7.103	-22.581
-7.144	-22.568
-7.230	-22.540
-7.288	-22.459
-7.376	-22.433
-7.477	-22.403
-7.591	-22.445
-7.678	-22.400
-7.687	-22.396
-7.695	-22.391
-7.702	-22.385
-7.851	-22.250
-8.003	-22.118
-8.146	-21.976
-8.252	-21.870
-8.226	-21.845
-8.318	-21.777
-8.408	-21.712
-8.543	-21.671
-8.637	-21.644
-8.708	-21.623
-8.959	-21.549
-9.091	-21.555
-9.195	-21.560
-9.299	-21.575
-9.403	-21.581
-9.465	-21.584
-9.526	-21.548
-9.576	-21.518
-9.609	-21.499
-9.623	-21.482
-9.662	-21.475
-9.757	-21.457
-9.854	-21.448
-9.950	-21.430
-9.968	-21.426
-9.986	-21.418
-10.003	-21.409
-10.063	-21.375
-10.118	-21.331
-10.180	-21.299
-10.226	-21.275
-10.275	-21.260
-10.324	-21.243
-10.337	-21.239
-10.518	-21.198
-10.551	-21.156
-10.564	-21.140
-10.574	-21.122
-10.586	-21.105
POLYLINE BLACK
-6.289	-26.002
-6.397	-25.754
-6.378	-25.722
-6.565	-25.584
-6.613	-25.549
-6.669	-25.525
-6.714	-25.485
-6.773	-25.434
-6.826	-25.376
-6.873	-25.314
-7.050	-25.077
-6.973	-25.104
-7.124	-24.960
-7.212	-24.876
-7.482	-24.776
-7.504	-24.764
-7.540	-24.745
-7.573	-24.721
-7.602	-24.694
-7.725	-24.578
-7.843	-24.458
-7.961	-24.336
-7.972	-24.324
-7.981	-24.310
-7.987	-24.295
-8.020	-24.218
-8.043	-24.138
-8.078	-24.063
-8.082	-24.053
-8.211	-23.752
-8.300	-23.648
-8.353	-23.587
-8.497	-23.556
-8.544	-23.536
-8.585	-23.518
-8.633	-23.464
-8.655	-23.437
-8.750	-23.320
-8.841	-23.200
-8.932	-23.080
-8.963	-23.039
-8.960	-22.974
-8.971	-22.927
-8.983	-22.874
-9.016	-22.813
-9.058	-22.777
-9.293	-22.580
-9.180	-22.700
-9.462	-22.509
-9.576	-22.432
-9.681	-22.343
-9.795	-22.265
-9.816	-22.250
-9.841	-22.239
-9.866	-22.230
-9.898	-22.219
-9.932	-22.211
-9.966	-22.205
-10.046	-22.192
-10.146	-22.212
-10.214	-22.160
POLYLINE BLACK
-6.044	-31.920
-6.028	-31.886
-6.007	-31.853
-5.996	-31.818
-5.918	-31.572
-5.931	-30.979
-5.924	-30.912
-5.897	-30.666
-5.790	-30.488
-5.737	-30.247
-5.705	-30.099
-5.699	-29.947
-5.673	-29.798
-5.669	-29.773
-5.661	-29.747
-5.648	-29.724
-5.546	-29.539
-5.445	-29.353
-5.329	-29.176
-5.092	-28.815
-5.017	-28.839
-4.858	-28.474
-4.801	-28.342
-4.726	-28.009
-4.605	-27.838
-4.517	-27.713
-4.444	-27.656
-4.317	-27.562
-4.050	-27.365
-4.237	-27.538
-4.069	-27.374
POLYLINE BLACK
-4.449	-25.556
-4.440	-25.582
-4.428	-25.608
-4.420	-25.635
-4.413	-25.662
-4.412	-25.702
-4.416	-25.728
-4.452	-25.940
-4.443	-25.961
-4.515	-26.114
-4.533	-26.154
-4.562	-26.190
-4.575	-26.231
-4.608	-26.333
-4.635	-26.437
-4.654	-26.542
-4.693	-26.757
-4.639	-26.637
-4.655	-26.819
-4.666	-26.941
-4.691	-27.061
-4.703	-27.183
-4.715	-27.311
-4.661	-27.492
-4.514	-27.517
-4.479	-27.523
-4.441	-27.519
-4.408	-27.505
-4.397	-27.501
-4.386	-27.496
-4.377	-27.489
-4.283	-27.413
-4.192	-27.335
-4.100	-27.257
POLYLINE BLACK
-3.797	-26.885
-3.743	-27.437
-3.743	-27.226
-3.750	-27.517
POLYLINE BLACK
-3.728	-26.818
-3.709	-26.941
-3.690	-27.064
-3.670	-27.187
-3.663	-27.231
-3.652	-27.275
-3.649	-27.320
-3.646	-27.353
-3.651	-27.387
-3.653	-27.420
POLYLINE BLACK
-3.873	-27.134
-3.673	-27.019
-3.773	-27.084
-3.574	-26.936
POLYLINE BLACK
-3.888	-27.335
-3.716	-27.262
-3.606	-27.174
-3.478	-27.056
POLYLINE BLACK
2.933	-26.736
2.969	-27.006
2.925	-26.860
3.109	-27.158
POLYLINE BLACK
3.527	-26.703
3.390	-26.856
3.280	-26.942
3.193	-27.106
3.181	-27.127
3.173	-27.150
3.166	-27.173
3.164	-27.181
3.160	-27.192
3.165	-27.198
3.215	-27.265
3.272	-27.326
3.326	-27.390
POLYLINE BLACK
2.360	-27.135
2.473	-27.146
POLYLINE BLACK
2.392	-26.830
2.543	-26.905
POLYLINE BLACK
-6.287	-26.037
-6.166	-26.613
-6.271	-26.045
-6.200	-26.693
-6.190	-26.788
-6.130	-26.873
-6.135	-26.971
-6.144	-27.144
-6.188	-27.140
-6.234	-27.371
-6.245	-27.427
-6.262	-27.761
-6.322	-27.898
-6.339	-27.937
-6.358	-27.976
-6.385	-28.009
-6.797	-28.517
-6.878	-28.679
-7.277	-28.987
-7.354	-29.047
-7.441	-29.092
-7.514	-29.156
-8.784	-30.275
-7.450	-29.231
-8.796	-30.212
-8.810	-30.222
-8.820	-30.235
-8.830	-30.249
-8.860	-30.291
-8.883	-30.338
-8.914	-30.378
-8.938	-30.408
-9.035	-30.512
-9.085	-30.535
-9.268	-30.618
-9.458	-30.684
-9.641	-30.766
-9.726	-30.804
-9.857	-30.935
-9.902	-30.983
-10.036	-31.127
-10.157	-31.282
-10.292	-31.426
-10.426	-31.569
-10.577	-31.607
-10.756	-31.667
POLYLINE BLACK
-10.795	-32.586
-10.763	-32.595
-10.731	-32.598
-10.702	-32.616
-10.609	-32.674
-10.570	-32.796
-10.605	-32.899
-10.627	-32.960
-10.708	-33.080
-10.722	-33.107
-10.761	-33.184
-10.789	-33.267
-10.831	-33.342
-11.068	-33.763
-10.894	-33.430
-11.008	-33.594
-11.076	-33.691
-11.081	-33.880
-11.094	-34.004
POLYLINE BLACK
-10.961	-32.557
-11.532	-32.596
-11.068	-32.550
-11.472	-32.618
-11.516	-32.625
-11.561	-32.628
-11.606	-32.633
POLYLINE BLACK
-10.887	-31.693
-11.356	-31.813
-11.172	-31.781
-11.433	-31.821
POLYLINE BLACK
-6.043	-31.842
-6.027	-32.018
-6.109	-32.172
-6.151	-32.337
-6.166	-32.398
-6.170	-32.461
-6.184	-32.522
-6.201	-32.598
-6.282	-32.707
-6.343	-32.750
-6.864	-33.114
-6.462	-32.809
-6.858	-33.032
-6.905	-33.059
-6.950	-33.090
-6.989	-33.127
-7.030	-33.166
-7.184	-33.368
-7.294	-33.431
-7.502	-33.548
-7.716	-33.656
-7.923	-33.776
-7.952	-33.793
-7.977	-33.816
-8.000	-33.841
-8.320	-34.198
-8.269	-34.157
-8.499	-34.670
-8.512	-34.700
-8.523	-34.752
-8.521	-34.788
-8.520	-34.805
-8.518	-34.822
-8.514	-34.838
-8.501	-34.888
-8.489	-34.939
-8.471	-34.987
-8.464	-35.010
-8.452	-35.031
-8.439	-35.051
-8.317	-35.223
-8.299	-35.253
-8.147	-35.373
-8.108	-35.404
-8.058	-35.427
-8.013	-35.450
POLYLINE BLACK
-7.716	-35.549
-7.460	-35.641
-7.208	-35.745
-6.948	-35.824
-6.847	-35.855
-6.563	-35.856
-6.469	-35.859
POLYLINE BLACK
-7.766	-37.493
-7.471	-37.476
-7.280	-37.457
-6.990	-37.472
-6.877	-37.478
-6.765	-37.499
-6.652	-37.506
-6.568	-37.511
-6.482	-37.478
-6.404	-37.458
POLYLINE BLACK
-8.318	-36.155
-8.176	-36.229
-8.031	-36.298
-7.893	-36.378
-7.843	-36.407
-7.800	-36.448
-7.753	-36.480
-7.746	-36.485
-7.738	-36.487
-7.731	-36.489
-7.694	-36.498
-7.669	-36.495
-7.628	-36.491
-7.510	-36.480
-7.393	-36.463
-7.274	-36.455
-7.241	-36.453
-7.206	-36.454
-7.173	-36.462
-6.796	-36.551
-7.008	-36.518
-6.703	-36.624
-6.525	-36.682
-6.346	-36.740
-6.168	-36.798
-6.165	-36.802
-6.161	-36.805
-6.160	-36.809
-6.158	-36.821
-6.172	-36.836
-6.179	-36.841
-6.205	-36.859
-6.230	-36.879
-6.260	-36.891
-6.487	-36.983
-6.718	-37.066
-6.949	-37.151
-6.978	-37.162
-7.031	-37.167
-7.061	-37.153
-7.215	-37.082
-7.364	-37.001
-7.518	-36.929
-7.535	-36.922
-7.554	-36.917
-7.573	-36.915
-7.741	-36.905
-7.910	-36.905
-8.078	-36.895
-8.213	-36.886
-8.257	-36.748
-8.306	-36.643
-8.347	-36.557
-8.349	-36.477
-8.353	-36.380
-8.366	-36.056
-8.328	-36.400
-8.362	-36.134
POLYLINE BLACK
-7.754	-36.493
-7.716	-36.569
-7.525	-36.583
-7.498	-36.689
-7.481	-36.752
-7.551	-36.898
-7.567	-36.940
POLYLINE BLACK
-7.503	-36.657
-7.279	-36.687
-7.097	-36.847
-6.877	-36.887
-6.861	-36.889
-6.845	-36.891
-6.829	-36.889
-6.637	-36.868
-6.446	-36.842
-6.255	-36.817
-6.242	-36.815
-6.230	-36.809
-6.216	-36.807
-6.178	-36.801
-6.139	-36.796
-6.101	-36.790
POLYLINE BLACK
-5.415	-36.861
-5.435	-36.905
-5.606	-36.871
-5.668	-36.901
-5.712	-36.921
-5.745	-36.971
-5.747	-37.020
-5.749	-37.075
-5.749	-37.130
-5.748	-37.185
-5.748	-37.215
-5.702	-37.226
-5.681	-37.230
-5.625	-37.238
-5.516	-37.266
-5.443	-37.253
-5.328	-37.231
-5.181	-37.177
-5.199	-37.033
-5.205	-36.988
-5.213	-36.943
-5.219	-36.898
-5.222	-36.883
-5.224	-36.870
-5.235	-36.859
-5.264	-36.828
-5.367	-36.821
-5.388	-36.818
POLYLINE BLACK
-5.381	-36.780
-5.397	-36.819
-5.410	-36.859
-5.430	-36.897
-5.456	-36.945
-5.491	-36.988
-5.519	-37.035
-5.524	-37.043
-5.523	-37.055
-5.519	-37.063
-5.505	-37.094
-5.443	-37.114
-5.424	-37.121
-5.371	-37.140
-5.321	-37.140
-5.265	-37.146
POLYLINE BLACK
-5.495	-37.025
-5.746	-37.171
POLYLINE BLACK
-5.884	-36.268
-5.707	-36.320
-5.529	-36.370
-5.351	-36.424
-5.330	-36.431
-5.331	-36.465
-5.339	-36.480
-5.354	-36.509
-5.391	-36.612
-5.445	-36.638
-5.496	-36.664
-5.551	-36.660
-5.610	-36.664
-5.662	-36.667
-5.714	-36.668
-5.766	-36.667
-5.773	-36.667
-5.779	-36.665
-5.785	-36.662
-5.836	-36.643
-5.903	-36.569
-5.934	-36.542
-5.969	-36.512
-6.028	-36.474
-6.024	-36.420
-6.021	-36.372
-5.950	-36.326
-5.928	-36.306
-5.905	-36.286
-5.882	-36.267
-5.859	-36.248
POLYLINE BLACK
-5.908	-36.248
-5.887	-36.333
-5.728	-36.403
-5.718	-36.481
-5.710	-36.542
-5.787	-36.628
-5.823	-36.672
POLYLINE BLACK
-5.719	-36.466
-5.395	-36.456
-5.529	-36.472
-5.314	-36.439
POLYLINE BLACK
-7.573	-35.983
-7.681	-35.966
-7.789	-35.951
-7.897	-35.932
-7.912	-35.930
-7.976	-35.899
-8.003	-35.921
-8.034	-35.945
-8.006	-36.024
-7.993	-36.049
-7.986	-36.062
-7.977	-36.074
-7.969	-36.086
-7.964	-36.093
-7.889	-36.245
-7.827	-36.252
-7.701	-36.266
-7.574	-36.278
-7.448	-36.288
-7.436	-36.289
-7.424	-36.287
-7.413	-36.284
-7.343	-36.270
-7.269	-36.230
-7.225	-36.174
-7.189	-36.128
-7.240	-36.064
-7.285	-36.046
-7.385	-36.006
-7.487	-35.968
-7.588	-35.929
POLYLINE BLACK
-7.573	-35.924
-7.633	-35.997
-7.657	-36.032
-7.602	-36.114
-7.591	-36.131
-7.570	-36.153
-7.553	-36.163
-7.395	-36.250
-7.482	-36.187
-7.414	-36.238
POLYLINE BLACK
-7.613	-36.081
-7.847	-36.154
-7.749	-36.109
-7.915	-36.199
POLYLINE BLACK
-7.953	-37.445
-8.097	-37.417
-8.284	-37.327
-8.443	-37.366
-8.665	-37.420
-8.500	-37.426
-8.839	-37.553
-9.095	-37.649
-9.358	-37.722
-9.619	-37.802
-9.635	-37.806
-9.652	-37.807
-9.669	-37.806
-9.862	-37.804
-10.173	-37.597
-10.266	-37.561
-10.422	-37.501
-10.704	-37.458
-10.868	-37.471
-11.136	-37.492
-11.402	-37.539
-11.668	-37.578
-11.694	-37.581
-11.719	-37.588
-11.744	-37.599
-11.779	-37.614
-11.812	-37.636
-11.846	-37.654
POLYLINE BLACK
-9.928	-37.012
-10.040	-37.031
-10.151	-37.050
-10.262	-37.069
-10.358	-37.073
-10.455	-37.069
-10.550	-37.081
-10.609	-37.089
-10.666	-37.111
-10.723	-37.129
-10.743	-37.135
-10.743	-37.167
-10.738	-37.182
-10.712	-37.263
-10.650	-37.333
-10.577	-37.374
-10.510	-37.412
-10.439	-37.442
-10.372	-37.478
-10.348	-37.491
-10.326	-37.510
-10.302	-37.523
-10.290	-37.530
-10.277	-37.536
-10.263	-37.539
-10.154	-37.560
-10.045	-37.575
-9.936	-37.595
-9.894	-37.603
-9.876	-37.617
-9.833	-37.606
-9.820	-37.602
-9.808	-37.597
-9.796	-37.592
-9.730	-37.566
-9.667	-37.534
-9.600	-37.511
-9.569	-37.500
-9.536	-37.495
-9.504	-37.490
-9.443	-37.480
-9.386	-37.497
-9.330	-37.520
-9.300	-37.532
-9.276	-37.559
-9.243	-37.550
-9.232	-37.546
-9.217	-37.538
-9.209	-37.530
-9.091	-37.412
-8.976	-37.290
-8.857	-37.173
-8.804	-37.121
-8.627	-36.993
-8.657	-36.889
-8.680	-36.810
-8.767	-36.764
-8.821	-36.711
-8.848	-36.684
-8.888	-36.610
-8.941	-36.596
-8.988	-36.584
-9.039	-36.592
-9.085	-36.602
-9.197	-36.625
-9.306	-36.657
-9.417	-36.684
-9.430	-36.687
-9.444	-36.688
-9.457	-36.692
-9.582	-36.731
-9.584	-36.815
-9.654	-36.913
-9.688	-36.962
-9.749	-36.987
-9.805	-36.998
-9.822	-37.001
-9.839	-37.000
-9.856	-37.001
POLYLINE BLACK
0.000	-0.000
0.000	-0.000
POLYLINE BLACK
-9.502	-37.470
-9.443	-37.387
-9.384	-37.304
-9.325	-37.222
-9.323	-37.217
-9.321	-37.213
-9.320	-37.208
-9.315	-37.184
-9.328	-37.160
-9.344	-37.143
-9.444	-37.032
-9.612	-37.021
-9.749	-36.994
POLYLINE BLACK
-9.272	-37.112
-9.273	-37.112
POLYLINE BLACK
-9.865	-36.999
-10.301	-37.549
POLYLINE BLACK
-9.345	-37.176
-9.002	-37.074
-9.010	-37.101
-8.762	-36.966
-8.744	-36.956
-8.725	-36.945
-8.711	-36.930
-8.688	-36.906
-8.671	-36.878
-8.651	-36.852
POLYLINE BLACK
-11.128	-34.034
-11.113	-34.137
-11.097	-34.246
-11.178	-34.325
-11.197	-34.344
-11.217	-34.363
-11.239	-34.378
-11.458	-34.517
-11.674	-34.660
-11.900	-34.786
-11.971	-34.825
-12.162	-34.896
-12.267	-34.886
-12.327	-34.880
-12.463	-34.816
-12.468	-34.814
POLYLINE BLACK
-12.131	-37.645
-12.330	-37.645
-12.529	-37.644
-12.728	-37.644
-12.755	-37.639
-12.782	-37.637
-12.808	-37.629
-12.835	-37.621
-12.862	-37.611
-12.887	-37.598
-13.021	-37.530
-13.151	-37.456
-13.283	-37.386
POLYLINE BLACK
-12.693	-34.759
-12.792	-34.791
-12.902	-34.807
-13.005	-34.781
-13.161	-34.743
-13.315	-34.630
-13.442	-34.558
POLYLINE BLACK
-13.354	-37.378
-13.510	-37.410
-13.498	-37.400
-13.681	-37.485
-13.714	-37.500
-13.742	-37.522
-13.773	-37.541
POLYLINE BLACK
-13.730	-36.479
-13.657	-36.455
-13.543	-36.351
-13.441	-36.353
-13.426	-36.353
-13.412	-36.355
-13.397	-36.357
-13.353	-36.362
-13.309	-36.370
-13.264	-36.373
-13.200	-36.376
-13.109	-36.338
-13.061	-36.323
POLYLINE BLACK
-13.467	-35.765
-13.441	-35.775
-13.367	-35.799
-13.341	-35.828
-13.159	-36.025
-13.255	-35.944
-13.100	-36.142
-13.087	-36.158
-13.070	-36.171
-13.055	-36.186
-13.021	-36.218
-12.986	-36.249
-12.952	-36.281
POLYLINE BLACK
-5.318	-28.548
-5.660	-28.780
-6.003	-29.009
-6.343	-29.244
-6.471	-29.331
-6.495	-29.695
-6.503	-29.740
-6.513	-29.793
-6.516	-29.848
-6.519	-29.902
-6.520	-29.908
-6.517	-29.914
-6.515	-29.920
-6.486	-29.991
-6.310	-29.988
-6.255	-29.982
-6.122	-29.967
-6.120	-29.780
-6.082	-29.689
-6.038	-29.584
-5.990	-29.480
-5.937	-29.379
-5.889	-29.289
-5.799	-29.217
-5.710	-29.170
-5.668	-29.148
-5.622	-29.133
-5.580	-29.111
-5.538	-29.089
-5.490	-29.040
-5.473	-28.994
-5.360	-28.677
-5.379	-28.756
-5.349	-28.527
POLYLINE BLACK
-4.664	-27.979
-4.805	-28.057
-4.941	-28.146
-5.088	-28.213
-5.250	-28.286
-5.427	-28.344
-5.606	-28.355
-5.754	-28.365
-5.827	-28.333
-5.987	-28.321
-6.056	-28.316
-6.149	-28.336
-6.211	-28.359
-6.434	-28.440
-6.465	-28.522
-6.728	-28.655
-6.821	-28.702
-6.924	-28.727
-7.022	-28.762
POLYLINE BLACK
-6.568	-23.474
-6.577	-23.502
POLYLINE RED
-13.889	-37.192
-14.032	-37.180
-13.909	-37.188
-14.138	-37.186
-14.176	-37.185
-14.214	-37.181
-14.252	-37.182
-14.359	-37.185
-14.466	-37.197
-14.573	-37.197
-14.634	-37.197
-14.694	-37.187
-14.755	-37.183
POLYLINE RED
-14.591	-37.090
-14.696	-37.115
-14.653	-37.100
-14.790	-37.172
-14.799	-37.177
-14.807	-37.183
-14.815	-37.190
-14.816	-37.191
-14.817	-37.193
-14.818	-37.195
-14.820	-37.203
-14.810	-37.211
-14.804	-37.214
-14.675	-37.270
-14.657	-37.293
-14.552	-37.301
POLYLINE RED
-14.436	-37.243
-14.428	-37.349
-14.445	-37.311
-14.413	-37.365
POLYLINE RED
-14.404	-37.347
-14.322	-37.334
POLYLINE RED
-14.412	-37.285
-14.348	-37.274
POLYLINE RED
-14.427	-37.216
-14.385	-37.225
-14.348	-37.219
-14.308	-37.210
POLYLINE RED
-14.273	-37.204
-14.174	-37.344
POLYLINE RED
-14.185	-37.194
-14.251	-37.321
-14.220	-37.269
-14.273	-37.352
POLYLINE RED
-14.108	-37.214
-14.087	-37.315
POLYLINE RED
-14.131	-37.208
-14.103	-37.204
-14.074	-37.199
-14.045	-37.197
-14.037	-37.196
-13.968	-37.202
-13.992	-37.227
-13.996	-37.230
-13.999	-37.233
-14.003	-37.235
-14.080	-37.279
-14.056	-37.269
-14.123	-37.288
POLYLINE RED
-13.922	-37.198
-13.920	-37.221
-13.934	-37.285
-13.903	-37.305
-13.900	-37.306
-13.897	-37.309
-13.894	-37.309
-13.877	-37.311
-13.860	-37.311
-13.844	-37.311
POLYLINE RED
-13.755	-37.221
-13.759	-37.225
-13.789	-37.247
-13.798	-37.262
-13.812	-37.286
-13.784	-37.314
-13.760	-37.314
-13.748	-37.313
-13.737	-37.308
-13.728	-37.301
-13.708	-37.286
-13.706	-37.265
-13.720	-37.244
-13.723	-37.240
-13.725	-37.235
-13.729	-37.232
-13.748	-37.217
-13.768	-37.203
-13.787	-37.188

ELEVATION
STATIONS
0.000	0.000	0
-1.647	-1.353	1
-4.372	2.121	2
-5.579	5.226	3
-2.224	7.473	4
-5.476	6.982	5
-10.110	6.181	6
-10.924	6.709	7
-15.921	7.877	8
-16.953	8.808	9
-10.595	5.712	10
-4.604	1.436	11
-6.393	0.374	12
-7.540	1.833	13
-10.247	3.742	14
-9.779	5.805	15
SHOTS
0.000	0.000	-7.045	-2.519
0.000	0.000	-6.972	-2.490
0.000	0.000	-7.063	-2.538
0.000	0.000	-1.647	-1.353
-1.647	-1.353	-1.638	-2.958
-1.647	-1.353	-3.714	-1.197
-1.647	-1.353	-1.465	-1.382
-1.647	-1.353	0.216	-1.366
-1.647	-1.353	-3.062	-1.452
-1.647	-1.353	-4.612	-1.370
-1.647	-1.353	-3.793	2.665
-1.647	-1.353	-2.774	1.630
-1.647	-1.353	-4.489	1.605
-1.647	-1.353	-4.328	0.538
-1.647	-1.353	-4.372	2.121
-4.372	2.121	-3.729	2.305
-4.372	2.121	-7.026	3.478
-4.372	2.121	-4.839	0.917
-4.372	2.121	-4.334	2.946
-4.372	2.121	-5.193	3.583
-4.372	2.121	-5.579	5.226
-5.579	5.226	-4.697	3.702
-5.579	5.226	-4.355	5.342
-5.579	5.226	-4.752	3.856
-5.579	5.226	-7.521	4.569
-5.579	5.226	-2.169	6.816
-5.579	5.226	-2.176	7.152
-5.579	5.226	-4.891	6.876
-5.579	5.226	-2.224	7.473
-2.224	7.473	-5.476	6.982
-5.476	6.982	-3.959	7.128
-5.476	6.982	-5.584	6.836
-5.476	6.982	-5.904	7.477
-5.476	6.982	-5.660	6.177
-5.476	6.982	-10.110	6.181
-10.110	6.181	-9.132	6.110
-10.110	6.181	-9.814	5.589
-10.110	6.181	-9.661	6.588
-10.110	6.181	-10.119	5.690
-10.110	6.181	-9.768	5.603
-10.110	6.181	-9.455	5.597
-10.110	6.181	-9.174	5.997
-10.110	6.181	-9.285	6.273
-10.110	6.181	-9.571	6.480
-10.110	6.181	-10.924	6.709
-10.924	6.709	-0.853	9.881
-10.924	6.709	-3.555	9.315
-10.924	6.709	-11.006	8.826
-10.924	6.709	-10.730	8.547
-10.924	6.709	-11.075	6.718
-10.924	6.709	-11.498	5.806
-10.924	6.709	-14.208	7.123
-10.924	6.709	-7.057	8.118
-10.924	6.709	-12.465	6.132
-10.924	6.709	-15.921	7.877
-15.921	7.877	-14.597	7.611
-15.921	7.877	-14.924	7.517
-15.921	7.877	-16.490	9.059
-15.921	7.877	-14.723	8.425
-15.921	7.877	-16.873	8.131
-15.921	7.877	-16.108	6.867
-15.921	7.877	-17.104	9.066
-15.921	7.877	-17.102	9.085
-15.921	7.877	-17.086	9.065
-15.921	7.877	-16.953	8.808
-16.953	8.808	-17.456	9.097
-16.953	8.808	-16.398	8.876
-16.953	8.808	-16.546	7.309
-16.953	8.808	-17.031	10.750
-16.953	8.808	-18.857	11.780
-16.953	8.808	-18.057	10.788
-16.953	8.808	-15.245	8.387
-16.953	8.808	-14.544	8.184
-16.953	8.808	-10.697	5.755
-16.953	8.808	-10.595	5.712
-10.595	5.712	-10.546	3.909
-10.595	5.712	-10.110	4.890
-10.595	5.712	-4.604	1.436
-4.604	1.436	-6.291	1.550
-4.604	1.436	-6.573	2.767
-4.604	1.436	-7.990	2.779
-4.604	1.436	-5.050	2.153
-4.604	1.436	-6.393	0.374
-6.393	0.374	-4.432	1.052
-6.393	0.374	-6.424	-0.141
-6.393	0.374	-5.998	1.577
-6.393	0.374	-5.077	0.682
-6.393	0.374	-6.284	1.513
-6.393	0.374	-6.340	-0.142
-6.393	0.374	-4.835	0.554
-6.393	0.374	-3.925	-0.401
-6.393	0.374	-8.842	0.879
-6.393	0.374	-10.366	1.177
-6.393	0.374	-7.540	1.833
-7.540	1.833	-6.213	1.844
-7.540	1.833	-7.909	1.918
-7.540	1.833	-7.550	1.365
-7.540	1.833	-9.343	2.744
-7.540	1.833	-10.247	3.742
-10.247	3.742	-9.728	5.660
-10.247	3.742	-9.781	5.810
-10.247	3.742	-9.781	5.761
-10.247	3.742	-9.774	5.766
-10.247	3.742	-9.779	5.805

