TRIP
DATE 2023-07-25
DECLINATION 0.0
DATA
0		5.71	-35.33	17.448	>
0		5.71	-35.58	17.193	>
0		5.89	-35.71	17.254	>
0		5.77	-35.65	17.260	>
0	1	5.79	-35.65	17.236	>
1		130.52	10.61	7.107	>
1		129.24	10.63	7.098	>
1		129.27	10.67	7.100	>
1	2	129.68	10.64	7.102	>
2		350.13	-0.20	0.971	>
2		23.62	12.76	1.885	>
2		318.45	-84.55	1.661	>
2		255.39	78.60	8.708	>
2		34.11	7.57	3.715	>
2		34.21	7.61	3.724	>
2		33.98	7.56	3.718	>
2	13	34.10	7.58	3.719	>
13		292.61	7.25	0.373	>
13		211.04	80.83	2.328	>
13		216.39	-74.34	1.593	>
13		207.80	2.54	3.460	>
13		212.53	-1.45	1.715	>
13		212.67	-2.22	1.688	>
13		204.48	-1.01	3.426	>
13		197.87	0.85	2.619	>
13		184.34	-2.76	2.321	>
13		169.82	6.80	1.057	>
13		172.53	-82.40	5.739	>
13		172.08	-82.42	5.733	>
13		171.52	-82.36	5.739	>
13	13.1	172.05	-82.39	5.737	>
13.1		99.55	1.02	3.055	>
13.1		82.28	1.55	3.657	>
13.1		58.17	1.25	3.048	>
13.1		26.78	3.80	2.862	>
13.1		2.08	6.41	3.146	>
13.1		329.80	9.94	2.552	>
13.1		97.94	-32.79	4.886	>
13.1		97.92	-32.79	4.877	>
13.1		97.95	-32.85	4.879	>
13.1	13.2	97.94	-32.81	4.881	>
13.2		128.32	-17.78	4.931	>
13.2		135.41	-20.10	4.935	>
13.2		135.44	-20.15	4.936	>
13.2		135.43	-20.15	4.937	>
13.2		185.86	-84.57	16.010	>
13.2		186.77	-84.63	16.013	>
13.2		186.77	-84.59	16.021	>
13.2	13.2.1	135.43	-20.13	4.936	>
13.2.1		307.82	15.05	3.086	>
13.2.1		298.07	17.40	2.520	>
13.2.1		287.64	15.01	2.313	>
13.2.1		85.25	2.86	1.755	>
13.2.1		15.06	2.18	3.118	>
13.2.1		352.62	6.45	2.800	>
13.2.1		318.18	11.76	4.113	>
13.2.1		309.17	12.90	3.077	>
13.2.1		205.96	-62.52	4.174	>
13.2.1		205.96	-62.50	4.186	>
13.2.1		206.00	-62.44	4.184	>
13.2.1		35.22	0.78	2.765	>
13.2.1		35.11	0.82	2.762	>
13.2.1		35.18	0.80	2.766	>
13.2.1	13.2.666	205.98	-62.49	4.181	>
13.2.1	13.2.1.1	35.17	0.80	2.764	>
13.2.1.1		254.88	56.67	11.554	>
13.2.1.1		254.76	57.04	11.583	>
13.2.1.1		254.82	56.95	11.538	>
13.2.1.1		275.50	60.90	8.585	>
13.2.1.1		275.44	60.66	8.556	>
13.2.1.1		275.41	60.69	8.554	>
13.2.1.1		254.93	-62.75	1.461	>
13.2.1.1	13.2.1.2	254.82	56.89	11.558	>
13.2.1.1	13.2.1.1.1	275.45	60.75	8.565	>
13.2	13.3	186.47	-84.59	16.015	>
13.3		191.40	5.47	1.867	>
13.3		91.67	51.77	1.261	>
13.3		31.50	43.71	2.520	>
13.3		340.72	40.25	5.356	>
13.3		322.28	44.65	4.366	>
13.3		281.93	48.38	3.481	>
13.3		244.62	47.96	3.332	>
13.3		220.39	39.98	4.416	>
13.3		204.42	30.53	5.104	>
13.3		190.01	35.29	3.520	>
13.3		167.09	7.89	1.841	>
13.3		153.30	0.39	3.570	>
13.3		150.82	-4.58	7.472	>
13.3		146.24	-3.14	8.982	>
13.3		142.12	-6.44	13.434	>
13.3		138.89	-3.07	7.718	>
13.3		135.98	-62.41	18.816	>
13.3		140.15	-63.01	18.874	>
13.3		142.08	-61.65	18.900	>
13.3		143.23	-63.22	18.733	>
13.3		142.31	-63.15	18.764	>
13.3	13.4	141.82	-62.62	18.836	>
13.4		133.60	-53.95	18.720	>
13.4		141.60	-63.09	18.697	>
13.4		141.36	-62.92	18.695	>
13.4		142.05	-62.74	18.408	>
13.4		141.73	-62.60	18.612	>
13.4		143.29	-58.29	18.680	>
13.4		54.45	-15.40	3.111	>
13.4		54.57	-15.21	3.096	>
13.4		54.60	-15.45	3.095	>
13.4	13.5	54.54	-15.35	3.101	>
13.5		29.90	19.21	2.411	>
13.5		30.01	19.45	2.412	>
13.5		30.16	19.28	2.409	>
13.5	13.6	30.02	19.31	2.411	>
13.6		79.66	-37.68	2.685	>
13.6		80.17	-37.40	2.694	>
13.6		80.00	-37.52	2.688	>
13.6	13.7	79.94	-37.53	2.689	>

PLAN
STATIONS
0.000	0.000	0
1.414	13.935	1
6.786	9.479	2
8.853	12.531	13
8.958	11.779	13.1
13.021	11.212	13.2
16.273	7.911	13.2.1
15.427	6.175	13.2.666
17.865	10.170	13.2.1.1
11.771	8.517	13.2.1.2
13.699	10.568	13.2.1.1.1
12.851	9.712	13.3
18.205	2.903	13.4
20.641	4.637	13.5
21.779	6.607	13.6
23.878	6.979	13.7
SHOTS
0.000	0.000	1.417	14.165
0.000	0.000	1.414	13.935
1.414	13.935	6.786	9.479
6.786	9.479	6.619	10.435
6.786	9.479	7.522	11.163
6.786	9.479	6.681	9.597
6.786	9.479	5.120	9.044
6.786	9.479	8.853	12.531
8.853	12.531	8.511	12.674
8.853	12.531	8.661	12.213
8.853	12.531	8.598	12.185
8.853	12.531	7.241	9.474
8.853	12.531	7.931	11.086
8.853	12.531	7.942	11.111
8.853	12.531	7.433	9.414
8.853	12.531	8.049	10.039
8.853	12.531	8.677	10.220
8.853	12.531	9.038	11.498
8.853	12.531	8.958	11.779
8.958	11.779	11.970	11.272
8.958	11.779	12.580	12.270
8.958	11.779	11.547	13.386
8.958	11.779	10.244	14.328
8.958	11.779	9.071	14.903
8.958	11.779	7.693	13.951
8.958	11.779	13.021	11.212
13.021	11.212	16.705	8.301
13.021	11.212	16.273	7.911
16.273	7.911	13.919	9.738
16.273	7.911	14.151	9.042
16.273	7.911	14.144	8.588
16.273	7.911	18.020	8.056
16.273	7.911	17.082	10.919
16.273	7.911	15.916	10.670
16.273	7.911	13.588	10.912
16.273	7.911	13.948	9.805
16.273	7.911	15.427	6.175
16.273	7.911	17.865	10.170
17.865	10.170	17.219	9.996
17.865	10.170	11.771	8.517
17.865	10.170	13.699	10.568
13.021	11.212	12.851	9.712
12.851	9.712	12.483	7.890
12.851	9.712	13.630	9.689
12.851	9.712	13.802	11.265
12.851	9.712	11.501	13.571
12.851	9.712	10.950	12.169
12.851	9.712	10.588	10.190
12.851	9.712	10.834	8.755
12.851	9.712	10.658	7.135
12.851	9.712	11.033	5.708
12.851	9.712	12.351	6.883
12.851	9.712	13.258	7.934
12.851	9.712	14.454	6.523
12.851	9.712	16.482	3.209
12.851	9.712	17.834	2.255
12.851	9.712	21.046	-0.825
12.851	9.712	17.917	3.905
12.851	9.712	18.906	3.446
12.851	9.712	18.031	3.006
12.851	9.712	18.205	2.903
18.205	2.903	26.182	-4.695
18.205	2.903	23.462	-3.729
18.205	2.903	23.518	-3.744
18.205	2.903	23.390	-3.745
18.205	2.903	23.510	-3.822
18.205	2.903	24.073	-4.968
18.205	2.903	20.641	4.637
20.641	4.637	21.779	6.607
21.779	6.607	23.878	6.979
POLYLINE BLACK
8.589	12.661
8.557	12.610
8.517	12.566
8.505	12.505
8.504	12.501
8.508	12.496
8.509	12.492
POLYLINE BLACK
8.571	12.686
8.496	12.562
8.476	12.520
8.388	12.409
8.359	12.372
8.308	12.365
8.273	12.337
8.221	12.295
8.174	12.247
8.125	12.202
POLYLINE BLACK
9.092	12.391
9.007	12.346
9.052	12.365
8.957	12.334
POLYLINE BLACK
9.036	12.616
8.992	12.556
8.936	12.483
8.944	12.402
8.970	12.148
9.001	12.064
9.079	11.777
9.097	11.712
9.120	11.688
9.120	11.623
9.121	11.290
9.087	11.288
9.005	10.863
8.990	10.782
8.989	10.660
8.926	10.590
8.868	10.526
8.802	10.469
8.743	10.405
8.687	10.344
8.638	10.258
8.561	10.215
8.397	10.124
8.225	10.047
8.061	9.957
8.033	9.942
8.009	9.922
7.986	9.900
7.855	9.777
7.730	9.646
7.599	9.523
7.583	9.508
7.564	9.498
7.546	9.488
7.493	9.459
7.427	9.464
7.369	9.456
7.298	9.447
7.228	9.431
7.156	9.425
7.053	9.417
6.905	9.410
6.812	9.476
6.795	9.488
6.780	9.502
6.764	9.514
POLYLINE BLACK
7.508	11.040
7.184	10.767
7.321	10.864
7.114	10.725
POLYLINE BLACK
7.040	10.671
6.824	10.533
6.925	10.582
6.746	10.510
POLYLINE BLACK
6.711	10.438
6.695	10.434
POLYLINE BLACK
6.667	10.417
6.666	10.417
POLYLINE BLACK
7.743	11.187
7.752	11.254
7.748	11.271
7.774	11.327
7.777	11.335
7.789	11.356
7.788	11.348
7.770	11.245
7.544	11.076
7.533	11.066
7.528	11.062
7.532	11.077
7.532	11.082
7.547	11.106
7.559	11.132
7.577	11.154
7.657	11.248
7.748	11.332
7.825	11.429
7.866	11.482
7.902	11.540
7.930	11.601
8.251	12.304
7.840	11.582
8.282	12.345
8.290	12.360
8.302	12.373
8.315	12.384
8.354	12.419
8.397	12.450
8.438	12.482
POLYLINE BLACK
8.605	12.670
8.600	12.669
8.588	12.667
8.587	12.676
8.587	12.678
8.587	12.683
8.586	12.685
8.584	12.688
8.579	12.684
8.578	12.685
8.578	12.686
8.579	12.688
8.580	12.689
8.581	12.689
8.580	12.687
8.580	12.686
8.585	12.693
8.589	12.701
8.594	12.708
8.597	12.712
8.601	12.715
8.604	12.718
POLYLINE BLACK
8.660	12.732
8.647	12.726
8.635	12.720
8.623	12.713
8.617	12.709
8.612	12.705
8.606	12.701
8.606	12.701
8.605	12.700
8.605	12.700
8.600	12.700
8.598	12.705
8.593	12.705
8.585	12.706
8.574	12.699
8.567	12.695
POLYLINE BLACK
8.565	12.698
8.568	12.692
8.571	12.685
8.574	12.679
8.579	12.671
8.592	12.655
8.599	12.650
8.612	12.639
8.652	12.617
8.664	12.611
8.675	12.606
8.696	12.605
8.706	12.603
8.725	12.600
8.732	12.598
8.747	12.589
8.766	12.577
8.785	12.565
8.805	12.553
8.808	12.552
8.818	12.550
8.819	12.549
8.832	12.544
8.841	12.536
8.854	12.534
8.855	12.534
8.855	12.534
8.856	12.534
8.858	12.534
8.860	12.535
8.862	12.536
POLYLINE BLACK
8.866	12.530
8.870	12.528
8.873	12.526
8.877	12.524
8.879	12.523
8.881	12.522
8.884	12.522
8.895	12.519
8.909	12.514
8.921	12.514
8.923	12.514
8.925	12.515
8.928	12.515
8.932	12.515
8.936	12.516
8.940	12.516
8.944	12.517
8.948	12.516
8.952	12.517
8.955	12.517
8.958	12.518
8.961	12.519
8.967	12.519
8.967	12.518
8.972	12.518
8.978	12.518
8.983	12.523
8.988	12.526
POLYLINE BLACK
8.589	12.711
8.591	12.733
8.594	12.755
8.595	12.777
8.596	12.786
8.593	12.800
8.596	12.810
8.599	12.817
8.602	12.824
8.605	12.830
POLYLINE BLACK
8.652	12.637
8.675	12.703
8.663	12.677
8.683	12.718
POLYLINE BLACK
8.710	12.620
8.734	12.653
8.703	12.608
8.743	12.680
8.746	12.685
8.751	12.690
8.755	12.695
POLYLINE BLACK
8.773	12.586
8.776	12.587
8.778	12.589
8.781	12.590
8.782	12.591
8.783	12.592
8.784	12.594
8.798	12.615
8.812	12.636
8.826	12.658
POLYLINE BLACK
8.823	12.548
8.826	12.549
8.828	12.551
8.830	12.552
8.832	12.553
8.835	12.556
8.836	12.558
8.843	12.572
8.849	12.587
8.857	12.600
8.860	12.605
8.864	12.609
8.867	12.614
POLYLINE BLACK
8.883	12.524
8.887	12.535
8.892	12.545
8.896	12.555
8.898	12.561
8.899	12.567
8.902	12.573
8.907	12.584
8.914	12.595
8.920	12.605
POLYLINE BLACK
8.953	12.536
8.962	12.575
POLYLINE BLACK
9.060	12.160
9.061	12.203
9.055	12.254
9.069	12.297
9.083	12.340
9.113	12.368
9.138	12.404
9.161	12.438
9.168	12.504
9.150	12.540
9.142	12.557
9.132	12.573
9.123	12.589
POLYLINE BLACK
9.108	12.594
9.099	12.602
POLYLINE BLACK
9.040	12.412
9.048	12.482
9.049	12.446
9.034	12.522
POLYLINE BLACK
9.136	12.291
9.108	12.306
9.080	12.322
9.051	12.337
9.040	12.342
9.027	12.345
9.017	12.353
9.009	12.359
9.004	12.369
8.997	12.378
POLYLINE BLACK
8.999	12.381
9.010	12.392
POLYLINE BLACK
9.030	12.450
9.070	12.150
9.035	12.332
9.162	11.928
9.175	11.889
9.214	11.775
9.198	11.812
9.168	11.882
9.146	11.956
9.119	12.028
9.098	12.081
9.070	12.133
9.054	12.188
9.041	12.231
9.035	12.276
9.030	12.321
9.026	12.364
9.024	12.408
9.025	12.452
9.026	12.468
9.033	12.512
9.034	12.497
9.038	12.450
9.029	12.403
9.032	12.356
9.041	12.220
9.054	11.989
9.129	11.858
9.149	11.822
9.169	11.806
9.198	11.775
POLYLINE BLACK
13.114	11.200
13.150	11.147
13.183	11.092
13.222	11.042
13.730	10.382
12.535	12.116
13.748	10.256
13.779	10.209
13.951	10.011
13.972	9.911
13.987	9.841
13.980	9.769
13.983	9.697
POLYLINE BLACK
13.996	9.866
13.950	9.898
13.904	9.929
13.858	9.961
13.777	9.999
13.689	10.024
13.615	10.075
13.563	10.110
13.530	10.168
13.487	10.214
POLYLINE BLACK
13.738	10.371
13.307	10.521
POLYLINE BLACK
13.426	10.843
13.151	10.735
13.267	10.754
13.089	10.737
POLYLINE BLACK
13.187	11.036
12.861	10.744
POLYLINE BLACK
13.002	12.054
13.176	11.604
13.097	11.763
13.201	11.561
POLYLINE BLACK
12.876	12.101
12.931	12.020
13.093	11.789
13.133	11.701
13.200	11.554
13.253	11.202
13.266	11.090
13.267	11.082
13.249	11.088
13.244	11.094
13.088	11.260
13.058	11.567
12.983	11.744
12.729	12.339
12.662	12.333
12.221	12.858
POLYLINE BLACK
8.542	12.785
8.512	12.807
8.479	12.826
8.451	12.850
8.429	12.868
8.408	12.888
8.392	12.911
8.303	13.038
8.222	13.170
8.136	13.299
POLYLINE BLACK
7.675	14.075
7.674	14.135
POLYLINE BLACK
7.882	13.968
7.892	13.914
7.905	13.789
7.940	13.725
8.007	13.605
8.071	13.484
8.150	13.371
8.204	13.312
8.258	13.253
8.312	13.194
8.321	13.194
8.336	13.185
8.337	13.194
8.341	13.212
8.330	13.230
8.323	13.247
8.263	13.398
8.186	13.403
8.070	13.547
8.016	13.614
7.970	13.687
7.933	13.764
7.866	13.904
7.813	14.051
7.757	14.197
7.750	14.217
7.747	14.239
7.745	14.260
7.741	14.307
7.750	14.355
7.755	14.401
POLYLINE BLACK
7.811	13.917
7.817	13.967
7.817	14.018
7.830	14.066
7.853	14.132
7.877	14.198
7.901	14.264
7.906	14.270
7.918	14.288
7.917	14.280
7.897	14.201
7.871	14.124
7.848	14.046
7.815	13.934
7.795	13.903
7.790	13.795
7.788	13.745
7.800	13.676
7.823	13.632
7.827	13.626
7.840	13.622
7.845	13.628
7.855	13.640
7.855	13.659
7.858	13.675
7.878	13.809
7.813	13.933
7.781	14.061
7.772	14.097
7.775	14.151
7.781	14.188
7.800	14.296
7.882	14.350
7.963	14.416
POLYLINE BLACK
11.870	15.081
11.870	15.080
POLYLINE BLACK
7.927	14.329
7.975	14.366
8.023	14.403
8.071	14.440
8.127	14.477
8.187	14.508
8.239	14.550
8.275	14.580
8.303	14.620
8.335	14.655
POLYLINE BLACK
8.381	14.612
8.433	14.645
8.486	14.677
8.538	14.710
8.576	14.741
8.609	14.777
8.650	14.802
8.718	14.835
8.786	14.869
8.854	14.902
8.879	14.913
8.905	14.921
8.928	14.935
9.000	14.976
9.053	15.034
9.114	15.090
POLYLINE BLACK
9.239	14.939
9.299	14.919
9.336	14.898
9.395	14.896
9.455	14.894
9.511	14.922
9.572	14.916
9.630	14.910
9.693	14.873
9.745	14.854
9.766	14.847
9.787	14.843
9.808	14.837
9.843	14.824
9.878	14.811
9.914	14.798
POLYLINE BLACK
9.936	14.628
10.141	14.569
10.267	14.346
10.474	14.307
POLYLINE BLACK
10.039	14.733
10.152	14.630
10.264	14.527
10.377	14.424
10.423	14.371
10.465	14.313
10.515	14.263
10.558	14.220
10.607	14.183
10.656	14.148
10.731	14.094
10.829	14.065
10.911	14.033
POLYLINE BLACK
11.092	13.906
11.164	13.870
11.237	13.835
11.310	13.799
11.355	13.779
11.402	13.762
11.447	13.739
11.554	13.684
11.659	13.625
11.765	13.567
POLYLINE BLACK
10.829	14.159
10.908	14.104
10.985	14.046
11.067	13.994
11.093	13.978
11.124	13.969
11.152	13.956
11.205	13.933
11.260	13.914
11.312	13.888
11.340	13.873
11.367	13.855
11.391	13.834
11.489	13.752
11.584	13.666
11.678	13.579
11.691	13.565
11.702	13.549
11.711	13.532
11.730	13.498
11.744	13.461
11.761	13.425
POLYLINE BLACK
11.535	13.609
11.587	13.562
11.637	13.513
11.691	13.469
11.943	13.261
11.798	13.426
12.076	13.110
12.287	12.872
12.230	12.869
12.428	12.755
POLYLINE BLACK
16.490	12.429
16.527	11.967
16.563	11.505
16.599	11.043
16.612	10.982
16.616	10.918
16.638	10.859
16.662	10.794
16.704	10.737
16.736	10.677
POLYLINE BLACK
16.591	10.705
16.659	10.640
16.724	10.573
16.793	10.511
16.812	10.494
16.838	10.505
16.849	10.523
16.885	10.581
16.881	10.669
16.877	10.734
16.874	10.768
16.849	10.857
16.844	10.874
POLYLINE BLACK
15.952	13.503
15.925	13.485
15.897	13.468
15.871	13.449
15.815	13.408
15.801	13.321
15.848	13.269
15.973	13.135
16.154	13.185
16.202	12.972
16.227	12.864
16.161	12.883
16.086	12.918
16.068	12.927
16.001	12.964
15.992	12.991
15.978	13.034
15.978	13.081
15.971	13.126
POLYLINE BLACK
16.292	13.349
16.280	13.282
16.269	13.216
16.297	13.151
16.308	13.124
16.348	13.021
16.387	12.978
16.438	12.922
16.536	12.959
16.564	13.020
16.590	13.076
16.586	13.177
16.586	13.216
16.587	13.266
16.584	13.333
16.552	13.377
16.528	13.411
16.470	13.443
16.432	13.411
16.394	13.380
16.387	13.314
16.427	13.281
16.497	13.221
16.627	13.056
16.744	13.139
16.776	13.162
16.801	13.209
16.800	13.249
16.793	13.745
16.800	13.432
16.774	13.658
16.773	13.662
16.776	13.651
16.778	13.647
16.820	13.485
16.856	13.322
16.904	13.162
16.915	13.126
16.935	13.093
16.953	13.060
16.961	13.045
16.967	13.027
16.982	13.019
17.008	13.005
17.040	13.005
17.069	12.998
POLYLINE BLACK
17.152	13.932
17.175	13.773
17.196	13.614
17.222	13.456
17.227	13.429
17.235	13.402
17.245	13.375
17.259	13.338
17.278	13.303
17.294	13.267
POLYLINE BLACK
17.367	13.525
17.344	13.437
17.320	13.350
17.300	13.262
17.288	13.215
17.341	13.164
17.388	13.168
17.443	13.173
17.442	13.263
17.496	13.260
17.514	13.259
17.522	13.249
17.535	13.239
17.572	13.212
17.632	13.155
17.684	13.156
17.747	13.156
17.786	13.245
17.804	13.288
17.861	13.422
17.876	13.617
17.808	13.750
17.798	13.769
17.780	13.792
17.762	13.806
17.713	13.844
17.590	13.894
17.536	13.836
17.499	13.798
17.489	13.745
17.480	13.694
17.476	13.669
17.470	13.572
17.485	13.545
17.520	13.487
17.569	13.440
17.612	13.388
POLYLINE BLACK
17.603	13.569
17.626	13.534
17.646	13.497
17.671	13.464
17.686	13.443
17.704	13.424
17.724	13.409
17.990	13.200
18.098	13.208
18.470	13.120
18.487	13.116
18.526	13.116
18.528	13.142
18.530	13.162
18.523	13.168
18.510	13.180
18.468	13.216
18.426	13.252
18.384	13.288
POLYLINE BLACK
17.141	12.531
17.193	12.586
17.239	12.629
17.312	12.588
17.335	12.575
17.355	12.559
17.372	12.539
17.395	12.512
17.414	12.477
17.411	12.440
17.404	12.361
17.306	12.316
17.298	12.237
17.294	12.203
17.321	12.175
17.347	12.157
17.425	12.104
17.504	12.109
17.590	12.146
17.628	12.162
17.664	12.184
17.701	12.204
POLYLINE BLACK
18.086	12.651
18.070	12.588
18.053	12.551
18.058	12.492
18.065	12.386
18.139	12.268
18.240	12.227
18.270	12.215
18.304	12.215
18.336	12.222
18.413	12.239
18.441	12.302
18.460	12.374
18.497	12.517
18.471	12.566
18.369	12.672
18.352	12.690
18.333	12.706
18.313	12.721
18.296	12.734
18.227	12.754
18.210	12.732
18.172	12.683
18.139	12.630
18.104	12.580
POLYLINE BLACK
18.695	12.945
18.698	12.750
18.689	12.669
18.766	12.456
18.773	12.435
18.805	12.434
18.824	12.423
POLYLINE BLACK
19.090	12.843
18.969	12.764
18.986	12.786
18.897	12.690
18.478	12.240
18.985	12.758
18.635	12.437
18.631	12.433
18.645	12.434
18.650	12.436
18.669	12.441
18.686	12.450
18.705	12.455
18.738	12.464
18.777	12.465
18.810	12.461
18.897	12.450
18.893	12.433
18.994	12.400
19.139	12.352
19.218	12.480
19.297	12.574
POLYLINE BLACK
19.346	12.975
19.348	12.905
19.346	12.834
19.351	12.764
19.353	12.732
19.360	12.699
19.368	12.668
19.371	12.654
19.395	12.560
19.429	12.553
19.446	12.550
19.462	12.573
19.467	12.583
19.527	12.706
19.588	12.829
19.649	12.952
19.654	12.957
19.659	12.963
19.666	12.966
19.717	12.987
19.766	12.883
19.777	12.851
19.782	12.836
19.785	12.821
19.789	12.805
19.795	12.779
19.792	12.760
19.808	12.740
19.843	12.695
19.917	12.728
19.951	12.755
19.988	12.784
20.005	12.818
20.031	12.859
20.044	12.879
20.045	12.919
20.069	12.921
20.089	12.922
20.063	12.881
20.063	12.861
20.063	12.785
20.113	12.705
20.196	12.714
20.263	12.722
20.324	12.767
20.354	12.827
20.445	13.008
20.456	13.224
20.288	13.364
20.253	13.393
20.211	13.425
20.166	13.440
20.135	13.450
20.099	13.447
20.068	13.438
19.917	13.395
19.903	13.188
19.937	13.063
19.954	13.000
19.995	12.965
20.041	12.923
POLYLINE BLACK
20.492	12.910
20.507	12.885
20.520	12.859
20.536	12.834
20.592	12.746
20.741	12.846
20.788	12.868
POLYLINE BLACK
18.310	11.526
18.257	11.526
18.195	11.537
18.149	11.502
18.075	11.446
18.055	11.303
18.121	11.234
18.193	11.159
18.350	11.163
18.376	11.048
18.401	10.937
18.271	10.918
18.199	10.968
18.162	10.994
18.162	11.017
18.137	11.065
POLYLINE BLACK
18.636	11.831
18.618	11.760
18.568	11.616
18.573	11.520
18.579	11.394
18.618	11.261
18.643	11.141
18.644	11.137
18.641	11.147
18.639	11.150
18.625	11.203
18.610	11.255
18.598	11.308
18.587	11.358
18.604	11.434
18.668	11.434
18.731	11.434
18.793	11.432
18.855	11.429
18.914	11.427
18.922	11.416
18.971	11.427
19.022	11.438
19.062	11.475
19.103	11.505
POLYLINE BLACK
19.270	11.246
19.345	11.498
19.491	11.714
19.546	11.974
19.554	12.014
19.512	11.900
19.499	11.861
19.490	11.834
19.481	11.806
19.482	11.778
19.488	11.342
19.430	11.453
19.540	11.279
POLYLINE BLACK
19.736	11.829
19.735	11.889
19.725	11.977
19.807	11.973
19.826	11.972
19.842	11.968
19.859	11.958
19.921	11.923
19.959	11.837
19.952	11.767
19.948	11.718
19.931	11.669
19.901	11.629
19.891	11.617
19.880	11.606
19.869	11.594
19.855	11.579
19.832	11.569
19.826	11.549
19.823	11.540
19.842	11.540
19.851	11.539
19.876	11.537
19.901	11.542
19.925	11.541
19.944	11.539
19.963	11.536
19.982	11.531
20.079	11.504
20.128	11.416
20.073	11.324
20.048	11.282
19.999	11.247
19.955	11.229
19.854	11.188
19.744	11.156
19.636	11.190
19.578	11.208
19.468	11.293
19.452	11.304
POLYLINE BLACK
13.143	11.158
13.255	11.136
13.370	11.120
13.460	11.044
13.665	10.871
13.544	10.930
13.692	10.870
POLYLINE BLACK
13.678	10.983
13.735	10.960
13.878	10.885
13.975	10.877
14.104	10.866
14.230	10.929
14.347	10.978
POLYLINE BLACK
14.239	10.978
14.341	10.994
14.366	10.988
14.452	11.028
14.542	11.070
14.625	11.129
14.719	11.161
14.873	11.214
15.035	11.242
15.194	11.283
POLYLINE BLACK
15.003	11.259
15.075	11.246
15.147	11.234
15.220	11.221
15.252	11.216
15.284	11.214
15.315	11.205
15.367	11.189
15.417	11.168
15.466	11.145
15.495	11.132
15.523	11.117
15.547	11.097
15.992	10.740
15.575	11.029
15.976	10.763
POLYLINE BLACK
15.862	10.790
15.892	10.771
15.921	10.750
15.952	10.733
15.972	10.721
16.020	10.706
16.043	10.706
16.649	10.701
16.456	10.672
16.809	10.746
POLYLINE BLACK
16.563	10.655
17.169	10.994
16.627	10.701
17.001	10.886
17.083	10.927
17.165	10.990
17.263	10.973
17.325	10.963
17.374	10.915
17.424	10.882
POLYLINE BLACK
17.296	10.859
17.531	10.614
17.684	10.312
17.784	9.988
POLYLINE BLACK
17.508	10.396
17.633	10.004
17.778	9.618
17.883	9.220
17.942	8.996
17.965	8.764
17.997	8.535
18.002	8.496
18.001	8.455
17.993	8.416
17.983	8.361
17.960	8.309
17.943	8.256
POLYLINE BLACK
13.955	9.881
14.051	9.704
14.056	9.712
14.122	9.495
14.137	9.445
14.145	9.393
14.156	9.342
POLYLINE BLACK
14.089	9.837
14.079	9.629
14.070	9.421
14.060	9.213
14.066	9.173
14.065	9.131
14.077	9.092
14.103	9.006
14.137	8.923
14.173	8.841
14.189	8.803
14.231	8.742
14.264	8.710
14.328	8.647
14.420	8.630
14.502	8.604
POLYLINE BLACK
14.126	9.100
14.113	9.010
14.096	8.958
14.107	8.876
14.126	8.740
14.270	8.616
14.363	8.542
14.673	8.294
14.759	8.265
15.147	8.131
15.198	8.114
15.251	8.104
15.304	8.098
15.369	8.091
15.434	8.094
15.498	8.092
POLYLINE BLACK
15.485	8.129
15.700	7.967
15.513	8.101
15.788	7.928
15.806	7.917
15.826	7.895
15.825	7.872
15.820	7.783
15.820	7.934
15.805	7.834
15.804	7.830
15.813	7.838
15.817	7.840
15.839	7.868
15.862	7.897
15.884	7.925
POLYLINE BLACK
15.843	8.031
15.805	7.932
15.767	7.834
15.730	7.735
15.727	7.716
15.709	7.691
15.722	7.677
15.733	7.665
15.736	7.705
15.745	7.719
15.776	7.767
15.808	7.815
15.840	7.863
POLYLINE BLACK
16.443	7.503
16.711	7.901
16.472	7.748
16.421	7.629
16.411	7.606
16.418	7.568
16.395	7.557
16.378	7.549
16.382	7.594
16.386	7.612
16.401	7.675
16.428	7.735
16.449	7.796
POLYLINE BLACK
16.487	7.877
16.516	7.904
16.543	7.932
16.573	7.958
16.676	8.045
17.044	7.989
17.052	7.989
17.110	7.989
17.167	8.002
17.224	8.003
17.318	8.005
17.528	7.982
17.658	8.012
17.768	8.037
17.898	8.133
17.974	8.217
18.039	8.289
18.077	8.360
18.127	8.442
POLYLINE BLACK
15.861	7.822
15.852	7.769
15.847	7.703
15.790	7.679
15.750	7.662
15.709	7.655
15.675	7.625
15.633	7.588
15.593	7.538
15.567	7.489
15.466	7.298
15.414	6.996
15.434	6.779
15.518	5.870
15.469	6.062
15.589	5.644
POLYLINE BLACK
16.551	7.702
16.473	7.586
16.337	7.542
16.252	7.434
16.232	7.409
16.213	7.383
16.199	7.354
16.057	7.060
15.878	6.783
15.895	6.449
15.907	6.187
15.933	6.075
16.009	5.819
16.026	5.762
16.103	5.650
16.126	5.613
POLYLINE BLUE
12.350	9.230
12.252	9.235
12.172	9.249
12.077	9.228
11.819	9.170
11.338	8.860
11.276	8.822
11.213	8.784
11.164	8.729
11.110	8.679
11.050	8.624
11.032	8.518
11.017	8.449
11.010	8.414
11.010	8.364
11.017	8.328
11.030	8.253
11.095	8.193
11.155	8.151
11.210	8.111
11.308	8.032
11.389	8.011
11.444	7.996
11.500	7.983
11.556	7.977
11.629	7.968
11.961	7.987
11.962	7.987
12.070	7.991
12.052	7.977
12.160	8.008
12.300	8.048
12.301	8.093
12.423	8.184
12.484	8.229
12.554	8.262
12.613	8.309
12.696	8.373
12.758	8.447
12.811	8.536
12.837	8.579
12.867	8.643
12.874	8.696
12.897	8.859
12.900	8.959
12.778	9.078
12.776	9.081
12.664	9.195
12.614	9.211
12.456	9.262
12.466	9.254
12.322	9.265
POLYLINE BLUE
11.281	8.704
11.361	8.586
POLYLINE BLUE
11.863	9.011
11.925	8.821
POLYLINE BLUE
11.577	8.966
11.607	8.877
11.659	8.814
11.721	8.747
POLYLINE BLUE
12.293	9.185
12.226	8.942
POLYLINE BLUE
12.672	9.207
12.554	9.067
12.627	9.141
12.442	8.998
POLYLINE BLUE
12.925	8.882
12.700	8.970
12.794	8.965
12.653	8.958
POLYLINE BLUE
12.709	8.457
12.466	8.706
POLYLINE BLUE
12.539	8.146
12.427	8.479
POLYLINE BLUE
12.168	8.139
12.136	8.327
12.150	8.292
12.079	8.427
POLYLINE BLUE
11.843	7.993
11.856	8.046
11.869	8.099
11.881	8.152
11.887	8.169
11.895	8.186
11.900	8.204
11.911	8.249
11.918	8.294
11.927	8.339
POLYLINE BLUE
11.535	8.027
11.596	8.181
11.677	8.232
11.804	8.336
POLYLINE BLUE
11.455	8.165
11.471	8.220
11.482	8.281
11.526	8.321
11.560	8.351
11.625	8.373
11.655	8.387
11.684	8.400
11.712	8.415
11.741	8.430
POLYLINE BLUE
11.127	8.124
11.147	8.150
11.165	8.177
11.186	8.203
11.245	8.273
11.364	8.265
11.440	8.273
POLYLINE BLUE
11.106	8.353
11.254	8.444
11.304	8.433
11.473	8.453
POLYLINE BLUE
11.893	8.611
12.069	8.607
12.122	8.653
12.302	8.732
POLYLINE BLUE
12.108	8.916
12.131	8.721
12.123	8.707
12.225	8.473
12.230	8.461
12.250	8.465
12.262	8.461
POLYLINE BLUE
14.154	10.921
14.109	10.934
14.079	10.950
14.036	10.947
13.979	10.943
13.925	10.903
13.882	10.874
13.803	10.820
13.777	10.730
13.780	10.638
13.781	10.608
13.782	10.577
13.790	10.549
13.833	10.385
13.862	10.287
13.973	10.168
14.040	10.095
14.124	10.073
14.222	10.053
14.331	10.032
14.594	9.957
14.730	10.035
14.792	10.070
14.867	10.113
14.905	10.178
14.963	10.277
14.964	10.445
14.913	10.547
14.878	10.614
14.840	10.679
14.798	10.742
14.782	10.767
14.761	10.789
14.739	10.809
14.703	10.842
14.665	10.872
14.624	10.899
14.533	10.960
14.420	10.994
14.311	10.999
14.271	11.001
14.231	10.999
14.191	11.001
14.168	11.002
14.146	11.007
14.123	11.008
14.076	11.009
14.033	10.989
13.990	10.973
POLYLINE BLUE
14.145	11.011
14.196	10.765
14.166	10.865
14.222	10.704
POLYLINE BLUE
14.436	10.930
14.363	10.846
14.404	10.900
14.326	10.759
POLYLINE BLUE
14.797	10.931
14.690	10.886
14.754	10.908
14.603	10.877
POLYLINE BLUE
14.867	10.701
14.734	10.709
14.812	10.701
14.631	10.731
POLYLINE BLUE
14.900	10.388
14.771	10.430
14.765	10.455
14.711	10.579
POLYLINE BLUE
14.794	10.086
14.720	10.179
14.696	10.282
14.666	10.393
POLYLINE BLUE
14.613	10.101
14.575	10.212
14.581	10.312
14.587	10.426
POLYLINE BLUE
14.215	10.141
14.396	10.392
POLYLINE BLUE
14.036	10.233
14.215	10.370
14.138	10.304
14.271	10.426
POLYLINE BLUE
13.861	10.517
14.009	10.459
14.012	10.471
14.168	10.516
POLYLINE BLUE
14.369	10.555
14.424	10.571
14.513	10.590
14.564	10.630
14.609	10.666
14.648	10.709
14.690	10.748
POLYLINE BLUE
14.480	10.822
14.639	10.468
14.566	10.599
14.673	10.416
POLYLINE BLUE
14.235	11.315
14.368	11.364
14.463	11.381
14.569	11.457
14.619	11.492
14.665	11.532
14.713	11.570
POLYLINE BLUE
14.477	11.652
14.574	11.326
14.514	11.470
14.643	11.215
POLYLINE BLUE
12.368	7.679
12.711	7.740
12.596	7.709
13.075	7.883
13.112	7.897
13.147	7.916
13.180	7.937
13.295	8.007
13.315	8.044
13.416	8.148
POLYLINE BLUE
12.862	8.223
12.892	8.156
12.921	8.090
12.950	8.023
12.986	7.947
13.027	7.872
13.058	7.794
13.304	7.165
12.944	7.979
13.192	7.431
POLYLINE RED
12.875	9.661
12.863	9.529
12.871	9.561
12.827	9.409
12.823	9.396
12.817	9.384
12.811	9.372
12.799	9.346
12.783	9.321
12.773	9.294
12.743	9.212
12.719	9.127
12.690	9.044
12.659	8.953
12.677	9.060
12.645	8.907
12.630	8.836
12.620	8.763
12.606	8.691
12.593	8.623
12.574	8.557
12.563	8.489
12.552	8.418
12.551	8.345
12.540	8.274
12.530	8.213
12.510	8.153
12.500	8.092
12.490	8.024
12.500	8.005
12.503	7.945
12.503	7.935
12.502	7.925
12.502	7.915
12.502	7.911
12.503	7.921
12.503	7.925
POLYLINE RED
12.887	9.692
12.882	9.684
12.851	9.637
12.846	9.611
12.841	9.585
12.842	9.528
12.842	9.511
12.841	9.510
12.841	9.514
12.841	9.515
12.840	9.532
12.839	9.549
12.837	9.566
12.834	9.583
12.830	9.600
12.827	9.617
12.826	9.625
12.828	9.637
12.830	9.644
12.834	9.654
12.840	9.667
12.847	9.676
12.862	9.695
12.886	9.709
12.910	9.713
12.912	9.713
12.913	9.712
12.914	9.712
12.925	9.706
12.935	9.701
12.946	9.695
POLYLINE RED
12.949	9.656
12.962	9.661
12.999	9.677
13.022	9.678
13.096	9.678
13.121	9.678
13.194	9.670
13.227	9.666
13.261	9.655
13.295	9.656
13.378	9.658
13.460	9.668
13.543	9.677
13.569	9.679
13.596	9.694
13.615	9.712
13.621	9.716
13.625	9.722
13.629	9.727
13.658	9.768
13.664	9.781
13.675	9.833
13.678	9.847
13.678	9.861
13.679	9.875
POLYLINE BLACK
13.305	9.636
13.447	9.642
13.442	9.633
13.572	9.670
13.602	9.679
13.637	9.693
13.662	9.714
13.737	9.774
13.788	9.922
13.796	10.014
13.816	10.248
13.824	10.483
13.847	10.717
13.859	10.830
13.892	10.856
13.887	10.946
13.880	11.056
13.807	11.226
13.748	11.320
13.724	11.359
13.694	11.394
13.664	11.429
13.565	11.545
13.450	11.707
13.311	11.799
13.163	11.897
13.013	11.993
12.861	12.086
12.819	12.112
12.771	12.130
12.729	12.156
12.675	12.190
12.613	12.257
12.578	12.305
12.513	12.397
12.437	12.593
12.398	12.666
12.329	12.791
12.258	12.916
12.175	13.033
12.111	13.124
12.031	13.204
11.958	13.289
11.945	13.303
11.922	13.319
11.904	13.326
11.863	13.344
11.828	13.345
11.782	13.352
POLYLINE BLACK
11.607	13.561
11.483	13.458
11.448	13.388
11.402	13.235
POLYLINE BLACK
11.275	13.155
11.229	13.086
11.158	13.001
11.131	12.914
11.121	12.882
11.116	12.849
11.109	12.816
POLYLINE BLACK
10.997	12.507
11.010	12.438
10.977	12.389
10.964	12.326
10.960	12.302
10.956	12.277
10.952	12.252
POLYLINE BLACK
10.978	12.009
10.916	11.825
POLYLINE BLACK
10.900	11.584
10.812	11.407
10.865	11.527
10.772	11.214
POLYLINE BLACK
10.725	10.937
10.754	10.927
10.589	10.613
10.612	10.496
10.615	10.480
10.620	10.466
10.623	10.450
POLYLINE BLACK
12.539	7.833
12.544	7.693
12.553	7.552
12.553	7.412
12.553	7.388
12.547	7.365
12.541	7.342
12.538	7.329
12.491	7.079
12.438	6.988
12.429	6.972
12.419	6.957
12.406	6.943
12.098	6.619
11.790	6.292
11.475	5.974
11.445	5.944
11.408	5.923
11.372	5.900
11.297	5.851
11.218	5.856
11.137	5.889
11.019	5.936
10.939	6.077
10.879	6.168
10.765	6.339
10.768	6.374
10.710	6.562
POLYLINE BLACK
11.149	5.849
11.169	5.824
11.186	5.795
11.213	5.778
11.329	5.704
11.631	5.866
11.663	5.880
11.702	5.896
11.790	5.946
11.830	5.984
11.908	6.060
11.962	6.204
12.002	6.278
POLYLINE BLACK
11.331	5.795
11.202	5.810
11.064	5.812
10.954	5.889
10.878	5.944
10.804	6.080
10.777	6.167
10.729	6.322
10.689	6.478
10.651	6.635
10.643	6.668
10.638	6.702
10.640	6.735
10.656	7.107
10.650	7.036
10.730	7.318
POLYLINE BLACK
10.770	7.324
10.760	7.368
10.745	7.412
10.740	7.456
10.733	7.507
10.732	7.558
10.735	7.609
10.744	7.812
10.748	8.017
10.776	8.218
10.796	8.360
10.865	8.494
10.877	8.637
10.896	8.877
10.891	9.119
10.869	9.359
10.852	9.545
10.804	9.728
10.761	9.910
10.641	10.418
10.656	10.109
10.653	10.393
POLYLINE BLACK
9.304	11.620
9.347	11.443
9.343	11.435
9.426	11.236
9.441	11.202
9.461	11.172
9.480	11.140
9.506	11.097
9.559	11.099
9.603	11.096
POLYLINE BLACK
9.341	11.377
9.419	11.178
9.363	11.304
9.512	11.043
9.541	10.993
9.588	10.893
9.647	10.864
9.788	10.795
9.939	10.748
10.075	10.669
10.525	10.408
10.546	10.310
10.856	9.900
POLYLINE RED
12.588	7.944
12.679	7.890
12.708	7.884
12.805	7.889
POLYLINE RED
12.588	8.218
12.693	8.129
12.703	8.148
12.854	8.138
POLYLINE RED
12.619	8.575
12.848	8.479
12.742	8.512
12.933	8.466
POLYLINE RED
12.695	8.818
12.749	8.780
12.807	8.719
12.877	8.708
12.928	8.700
12.962	8.709
13.018	8.714
POLYLINE RED
12.786	9.067
12.978	8.942
12.889	8.990
13.047	8.915
POLYLINE RED
12.931	9.215
13.000	9.147
12.962	9.180
13.047	9.116
POLYLINE RED
12.870	9.510
13.094	9.345
12.993	9.398
13.157	9.325
POLYLINE RED
14.121	6.687
14.028	6.803
13.736	6.959
13.676	7.157
13.645	7.260
13.617	7.366
13.596	7.472
13.586	7.517
13.597	7.565
13.584	7.609
13.562	7.680
13.523	7.744
13.492	7.811
POLYLINE RED
13.343	7.773
13.249	7.825
POLYLINE RED
12.969	7.825
12.876	7.925
POLYLINE RED
15.217	5.884
15.143	6.122
POLYLINE RED
13.347	7.520
13.612	7.451
13.719	7.102
13.920	6.954
13.947	6.934
13.976	6.917
14.005	6.898
POLYLINE RED
13.181	7.569
13.230	7.517
13.274	7.460
13.327	7.413
13.455	7.301
13.606	7.215
13.725	7.094
14.538	6.266
13.837	6.815
14.312	6.458
POLYLINE RED
14.301	6.509
15.048	5.978
14.695	6.270
15.307	5.348
15.340	5.298
15.440	5.210
15.486	5.167
POLYLINE RED
15.508	5.127
16.025	4.112
15.806	4.459
16.358	3.642
16.403	3.576
16.453	3.512
16.498	3.445
16.570	3.341
16.607	3.252
16.699	3.177
16.793	3.100
16.860	3.080
16.977	3.024
POLYLINE RED
16.901	2.882
17.816	2.256
16.820	2.975
17.804	2.121
17.955	1.989
18.125	1.879
18.285	1.759
18.710	1.320
19.110	0.858
19.558	0.444
19.882	0.145
20.250	-0.102
20.595	-0.377
20.631	-0.406
20.665	-0.437
20.700	-0.468
20.770	-0.515
20.843	-0.558
20.911	-0.609
20.964	-0.649
21.009	-0.699
21.063	-0.738
21.087	-0.755
21.114	-0.779
21.143	-0.775
21.189	-0.768
21.226	-0.732
21.267	-0.710
POLYLINE RED
21.131	-0.421
20.874	0.156
20.971	0.048
20.755	0.345
20.710	0.406
20.659	0.463
20.619	0.527
20.551	0.638
20.514	0.769
20.431	0.869
20.064	1.315
19.660	1.730
19.275	2.160
POLYLINE RED
18.515	3.215
18.138	3.802
18.701	2.935
17.865	4.132
17.843	4.165
17.831	4.203
17.813	4.238
POLYLINE RED
18.435	3.299
18.462	3.250
18.481	3.197
18.515	3.153
18.656	2.967
18.816	2.796
18.957	2.610
19.549	1.824
19.018	2.408
19.567	1.837
POLYLINE RED
13.321	9.265
13.632	9.051
13.960	8.818
14.145	8.483
POLYLINE RED
17.950	4.198
17.712	4.368
17.636	4.498
17.486	4.766
17.467	4.799
17.453	4.836
17.444	4.873
17.428	4.934
17.423	4.998
17.413	5.060
POLYLINE RED
17.613	4.735
17.452	4.859
17.283	4.975
17.131	5.109
17.020	5.206
16.930	5.324
16.826	5.427
16.771	5.481
16.706	5.525
16.652	5.581
16.625	5.609
16.587	5.637
16.583	5.676
16.580	5.699
16.627	5.659
16.646	5.644
16.862	5.478
17.067	5.297
17.285	5.134
17.298	5.123
17.274	5.167
17.264	5.181
17.232	5.224
17.197	5.265
17.161	5.304
16.774	5.720
16.385	6.134
15.995	6.546
15.934	6.610
15.865	6.664
15.808	6.731
15.678	6.883
15.562	7.047
15.436	7.202
15.418	7.224
15.397	7.244
15.375	7.261
15.329	7.296
15.278	7.326
15.230	7.358
POLYLINE RED
16.104	6.400
15.510	7.104
15.752	6.877
15.108	7.432
14.835	7.666
14.816	7.535
14.881	7.718
POLYLINE RED
14.792	8.100
14.848	7.941
14.851	7.896
14.952	7.757
15.070	7.596
15.235	7.444
15.392	7.326
15.404	7.317
15.388	7.356
15.381	7.369
15.367	7.393
15.350	7.418
15.328	7.437
14.978	7.732
14.615	8.013
14.265	8.309
14.236	8.334
14.211	8.366
14.190	8.399
14.142	8.475
14.102	8.556
14.058	8.634
POLYLINE RED
17.063	1.633
17.193	2.514
17.056	1.442
17.109	2.471
17.117	2.628
17.134	2.785
17.166	2.940
17.170	2.961
17.186	2.901
17.193	2.880
17.206	2.835
17.222	2.791
17.225	2.744
17.236	2.594
17.246	2.442
17.234	2.292
17.223	2.152
17.189	2.014
17.159	1.876
17.036	1.308
17.041	1.153
16.822	0.728
16.800	0.686
16.772	0.646
16.740	0.612
16.449	0.294
16.509	0.349
16.262	0.179
POLYLINE RED
17.309	2.696
17.134	2.510
16.965	2.320
16.784	2.140
16.762	2.118
16.814	2.195
16.832	2.221
16.885	2.293
16.938	2.364
16.996	2.433
17.129	2.589
17.265	2.743
17.404	2.894
17.411	2.902
17.422	2.905
17.432	2.906
17.496	2.913
17.531	2.753
17.532	2.748
17.633	2.322
17.619	2.262
17.652	1.820
POLYLINE RED
15.385	0.290
15.060	-0.012
14.989	-0.464
14.853	-0.869
14.849	-0.881
14.734	-1.147
14.802	-1.172
14.812	-1.176
14.824	-1.169
14.834	-1.168
14.911	-1.111
14.991	-1.059
15.063	-0.997
15.280	-0.810
15.388	-0.493
15.490	-0.247
15.526	-0.159
15.547	-0.054
15.548	0.042
15.550	0.351
15.536	0.034
15.521	0.260
15.517	0.310
15.521	0.360
15.522	0.409
POLYLINE RED
15.804	0.417
15.965	0.601
16.025	0.626
16.266	0.680
16.377	0.705
16.507	0.628
16.539	0.520
16.562	0.441
16.613	0.324
16.587	0.230
16.557	0.125
16.463	0.075
16.477	-0.052
16.481	-0.092
16.499	-0.128
16.527	-0.157
16.627	-0.258
16.734	-0.190
16.781	-0.074
16.812	0.001
16.818	0.102
16.722	0.125
16.696	0.131
16.667	0.130
16.642	0.117
16.594	0.091
16.560	0.015
16.538	-0.022
POLYLINE RED
15.458	0.240
15.368	0.417
15.399	0.625
15.313	0.802
15.172	1.095
14.756	1.276
14.459	1.108
14.425	1.089
14.399	1.053
14.387	1.016
14.353	0.913
14.408	0.813
14.510	0.777
14.617	0.740
14.703	0.800
14.750	0.895
14.774	0.942
14.782	1.001
14.758	1.050
14.740	1.089
14.667	1.114
14.648	1.125
POLYLINE RED
15.104	-0.126
15.107	-0.073
15.113	-0.021
15.113	0.031
15.113	0.157
15.019	0.277
14.914	0.336
14.844	0.376
14.774	0.421
14.697	0.447
14.530	0.502
14.126	0.644
13.886	0.598
13.764	0.575
13.681	0.534
13.572	0.469
13.516	0.436
13.456	0.391
13.415	0.337
13.340	0.236
13.316	0.073
13.409	-0.025
13.444	-0.062
13.506	-0.094
13.538	-0.120
13.632	-0.199
13.676	-0.301
13.590	-0.403
13.563	-0.435
13.532	-0.456
13.495	-0.477
13.378	-0.543
13.253	-0.585
13.157	-0.679
13.083	-0.752
13.027	-0.869
12.987	-0.954
12.915	-1.108
12.878	-1.309
13.029	-1.430
13.283	-1.634
13.599	-1.382
13.828	-1.263
13.982	-1.183
14.143	-1.115
14.296	-1.032
14.383	-0.985
14.481	-0.851
14.577	-0.829
14.645	-0.813
14.717	-0.819
14.786	-0.814
POLYLINE RED
15.593	-0.235
15.777	-0.186
15.832	0.025
16.005	0.088
16.231	0.171
16.519	0.064
16.642	-0.142
16.654	-0.162
16.992	-0.669
17.042	-0.903
17.096	-1.161
17.140	-1.420
17.190	-1.679
17.201	-1.742
17.232	-1.835
17.202	-1.899
17.174	-1.960
17.080	-1.945
17.031	-1.933
16.786	-1.874
16.666	-1.650
16.518	-1.471
16.375	-1.298
16.143	-1.406
16.128	-1.611
16.126	-1.637
16.123	-1.663
16.128	-1.688
16.162	-1.834
16.213	-1.975
16.246	-2.120
16.294	-2.327
16.188	-2.537
15.958	-2.529
15.826	-2.525
15.699	-2.418
15.629	-2.313
15.552	-2.198
15.526	-2.050
15.521	-1.914
15.517	-1.816
15.537	-1.717
15.520	-1.620
15.469	-1.418
15.418	-1.216
15.366	-1.014
15.358	-0.985
15.348	-0.957
15.343	-0.928
15.326	-0.832
15.343	-0.774
15.354	-0.670
POLYLINE RED
19.354	3.161
19.299	3.173
19.244	3.191
19.188	3.198
19.036	3.216
18.835	3.201
18.699	3.131
18.621	3.092
18.568	3.041
18.505	2.979
18.430	2.905
18.410	2.803
18.409	2.702
18.408	2.632
18.413	2.549
18.469	2.499
18.498	2.473
18.553	2.444
18.593	2.447
18.699	2.454
18.946	2.456
19.092	2.514
19.115	2.524
19.137	2.535
19.157	2.548
19.213	2.587
19.266	2.627
19.318	2.670
19.414	2.750
19.435	2.907
19.394	3.018
19.373	3.076
19.338	3.144
19.279	3.172
19.175	3.221
19.034	3.152
18.938	3.121
POLYLINE RED
21.730	4.920
21.578	4.932
21.426	4.949
21.274	4.956
21.125	4.963
20.878	4.869
20.764	4.765
20.668	4.679
20.566	4.467
20.610	4.337
20.632	4.273
20.688	4.218
20.742	4.179
20.776	4.154
20.840	4.123
20.881	4.118
21.218	4.074
21.435	4.113
21.759	4.213
21.801	4.226
21.841	4.244
21.879	4.264
21.995	4.326
22.099	4.455
22.177	4.540
22.236	4.605
22.276	4.724
22.216	4.798
22.114	4.928
21.853	4.923
21.723	4.943
21.707	4.946
21.691	4.951
21.675	4.957
21.600	4.989
21.526	5.024
21.451	5.058
POLYLINE RED
22.460	7.052
22.148	7.053
21.902	6.948
21.656	6.763
21.606	6.725
21.574	6.653
21.559	6.595
21.514	6.425
21.518	6.234
21.660	6.108
21.760	6.018
21.895	5.999
22.026	5.984
22.375	5.946
22.595	6.057
22.929	6.195
23.020	6.233
23.195	6.388
23.178	6.501
23.165	6.584
23.048	6.718
23.025	6.748
23.008	6.771
22.956	6.807
22.933	6.816
22.837	6.856
22.653	6.945
22.517	6.950
22.389	6.955
22.313	6.921
22.183	6.886
POLYLINE RED
25.279	8.000
25.165	7.977
25.051	7.955
24.938	7.932
24.833	7.923
24.726	7.926
24.623	7.905
24.400	7.860
24.213	7.773
24.016	7.662
23.758	7.517
23.825	7.218
23.919	6.992
23.983	6.837
24.056	6.684
24.136	6.536
24.169	6.477
24.210	6.422
24.256	6.374
24.457	6.164
24.619	6.008
24.908	5.989
25.013	5.983
25.150	5.989
25.250	6.027
25.593	6.158
25.804	6.288
26.045	6.560
26.136	6.662
26.214	6.781
26.193	6.923
26.171	7.070
26.169	7.209
26.060	7.316
25.921	7.453
25.731	7.544
25.540	7.582
24.896	7.708
24.782	7.761
24.264	7.679
POLYLINE RED
25.997	7.311
26.023	7.791
25.995	7.754
26.241	8.364
26.342	8.615
26.560	8.857
26.746	9.043
26.795	9.092
26.846	9.140
26.906	9.171
27.203	9.323
27.518	9.439
27.814	9.591
27.833	9.601
27.774	9.606
27.753	9.606
27.402	9.603
27.051	9.608
26.701	9.583
26.576	9.574
26.455	9.537
26.334	9.504
26.271	9.487
26.112	9.486
26.151	9.434
26.192	9.378
26.286	9.473
26.356	9.475
26.682	9.483
27.008	9.454
27.334	9.463
27.450	9.466
27.562	9.499
27.677	9.511
27.693	9.513
27.709	9.509
27.723	9.504
27.905	9.445
27.624	9.017
27.593	8.954
27.519	8.803
27.506	8.600
27.529	8.435

ELEVATION
STATIONS
0.000	0.000	0
1.414	-10.044	1
6.786	-8.733	2
8.853	-8.243	13
8.958	-13.929	13.1
13.021	-16.574	13.2
16.273	-18.273	13.2.1
15.427	-21.981	13.2.666
17.865	-18.234	13.2.1.1
11.771	-8.553	13.2.1.2
13.699	-10.761	13.2.1.1.1
12.851	-32.518	13.3
18.205	-49.244	13.4
20.641	-50.065	13.5
21.779	-49.267	13.6
23.878	-50.906	13.7
SHOTS
0.000	0.000	1.417	-10.089
0.000	0.000	1.414	-10.044
1.414	-10.044	6.786	-8.733
6.786	-8.733	6.619	-8.737
6.786	-8.733	7.522	-8.317
6.786	-8.733	6.681	-10.387
6.786	-8.733	5.120	-0.197
6.786	-8.733	8.853	-8.243
8.853	-8.243	8.511	-8.196
8.853	-8.243	8.661	-5.945
8.853	-8.243	8.598	-9.777
8.853	-8.243	7.241	-8.089
8.853	-8.243	7.931	-8.286
8.853	-8.243	7.942	-8.308
8.853	-8.243	7.433	-8.303
8.853	-8.243	8.049	-8.204
8.853	-8.243	8.677	-8.355
8.853	-8.243	9.038	-8.118
8.853	-8.243	8.958	-13.929
8.958	-13.929	11.970	-13.875
8.958	-13.929	12.580	-13.830
8.958	-13.929	11.547	-13.863
8.958	-13.929	10.244	-13.740
8.958	-13.929	9.071	-13.578
8.958	-13.929	7.693	-13.489
8.958	-13.929	13.021	-16.574
13.021	-16.574	16.705	-18.080
13.021	-16.574	16.273	-18.273
16.273	-18.273	13.919	-17.472
16.273	-18.273	14.151	-17.519
16.273	-18.273	14.144	-17.674
16.273	-18.273	18.020	-18.185
16.273	-18.273	17.082	-18.155
16.273	-18.273	15.916	-17.958
16.273	-18.273	13.588	-17.435
16.273	-18.273	13.948	-17.586
16.273	-18.273	15.427	-21.981
16.273	-18.273	17.865	-18.234
17.865	-18.234	17.219	-19.533
17.865	-18.234	11.771	-8.553
17.865	-18.234	13.699	-10.761
13.021	-16.574	12.851	-32.518
12.851	-32.518	12.483	-32.340
12.851	-32.518	13.630	-31.527
12.851	-32.518	13.802	-30.777
12.851	-32.518	11.501	-29.057
12.851	-32.518	10.950	-29.449
12.851	-32.518	10.588	-29.916
12.851	-32.518	10.834	-30.043
12.851	-32.518	10.658	-29.680
12.851	-32.518	11.033	-29.925
12.851	-32.518	12.351	-30.484
12.851	-32.518	13.258	-32.265
12.851	-32.518	14.454	-32.494
12.851	-32.518	16.482	-33.114
12.851	-32.518	17.834	-33.009
12.851	-32.518	21.046	-34.024
12.851	-32.518	17.917	-32.931
12.851	-32.518	18.906	-49.195
12.851	-32.518	18.031	-49.260
12.851	-32.518	18.205	-49.244
18.205	-49.244	26.182	-64.380
18.205	-49.244	23.462	-65.916
18.205	-49.244	23.518	-65.890
18.205	-49.244	23.390	-65.608
18.205	-49.244	23.510	-65.768
18.205	-49.244	24.073	-65.136
18.205	-49.244	20.641	-50.065
20.641	-50.065	21.779	-49.267
21.779	-49.267	23.878	-50.906

