TRIP
DATE 2024-08-12
DECLINATION 0.0
DATA
0		281.56	75.48	21.343	>
0		272.23	73.81	21.655	>
0		226.88	-3.55	1.100	>
0		153.19	-26.59	6.854	>
0		153.19	-26.63	6.856	>
0		153.13	-26.60	6.870	>
0	1	153.17	-26.61	6.860	>
1		212.21	76.25	8.740	>
1		100.34	15.67	0.829	>
1		257.71	9.46	0.882	>
1		173.74	-15.01	5.374	>
1		173.68	-15.02	5.352	>
1		173.73	-15.12	5.377	>
1	2	173.72	-15.05	5.368	>
2		258.02	79.87	3.036	>
2		246.49	-68.58	0.749	>
2		120.86	41.29	0.651	>
2		161.08	-25.44	8.536	>
2		160.85	-25.39	8.532	>
2		160.94	-25.36	8.536	>
2	3	160.96	-25.40	8.535	>
3		165.64	76.99	0.930	>
3		272.74	62.68	8.264	>
3		120.43	-77.99	1.758	>
3		162.76	-17.65	3.404	>
3		162.37	-16.76	3.348	>
3		162.17	-16.75	3.394	>
3		66.05	5.79	0.921	>
3		38.10	82.51	1.706	>
3		53.18	-64.90	2.029	>
3		159.21	-2.13	3.635	>
3		159.60	-2.19	3.640	>
3		159.38	-2.25	3.636	>
3	4	159.40	-2.19	3.637	>
4		128.99	-77.21	2.081	>
4		135.62	-57.50	8.904	>
4		142.09	-15.49	2.840	>
4		154.61	-8.02	3.901	>
4		172.14	-6.90	5.245	>
4		172.01	-6.65	5.274	>
4		172.09	-6.65	5.246	>
4	5	172.08	-6.73	5.255	>

PLAN
STATIONS
0.000	0.000	0
2.768	-5.473	1
3.335	-10.626	2
5.851	-17.914	3
7.130	-21.316	4
7.849	-26.485	5
SHOTS
0.000	0.000	-5.242	1.072
0.000	0.000	-6.035	0.235
0.000	0.000	-0.801	-0.750
0.000	0.000	2.768	-5.473
2.768	-5.473	1.661	-7.231
2.768	-5.473	3.553	-5.617
2.768	-5.473	1.918	-5.659
2.768	-5.473	3.335	-10.626
3.335	-10.626	2.813	-10.737
3.335	-10.626	3.084	-10.735
3.335	-10.626	3.755	-10.877
3.335	-10.626	5.851	-17.914
5.851	-17.914	5.903	-18.117
5.851	-17.914	2.062	-17.733
5.851	-17.914	6.167	-18.099
5.851	-17.914	6.812	-21.012
5.851	-17.914	6.822	-20.969
5.851	-17.914	6.846	-21.008
5.851	-17.914	6.688	-17.542
5.851	-17.914	5.988	-17.739
5.851	-17.914	6.540	-17.398
5.851	-17.914	7.130	-21.316
7.130	-21.316	7.488	-21.605
7.130	-21.316	10.477	-24.735
7.130	-21.316	8.811	-23.475
7.130	-21.316	8.786	-24.805
7.130	-21.316	7.849	-26.485
POLYLINE BLACK
-5.830	-13.190
-5.880	-13.066
POLYLINE BLACK
-5.208	1.080
-5.197	0.973
-5.185	0.866
-5.174	0.759
-5.172	0.583
-5.181	0.408
-5.167	0.233
-5.160	0.148
-5.134	0.065
-5.111	-0.017
-5.087	-0.102
-5.042	-0.212
-4.973	-0.274
-4.882	-0.356
-4.619	-0.432
-4.599	-0.439
-4.568	-0.451
-4.534	-0.456
-4.501	-0.457
-4.324	-0.462
-4.147	-0.450
-3.969	-0.456
-3.580	-0.471
-3.190	-0.480
-2.802	-0.519
-2.172	-0.582
-2.353	-0.611
-2.006	-0.668
-1.155	-0.808
-1.692	-0.669
-0.488	-1.089
-0.466	-1.097
-0.445	-1.110
-0.427	-1.125
-0.274	-1.247
-0.100	-1.479
0.001	-1.596
POLYLINE BLACK
0.672	-0.388
0.633	-0.356
0.591	-0.328
0.556	-0.293
0.397	-0.135
0.318	-0.064
0.225	0.118
0.158	0.250
0.135	0.367
0.046	0.475
0.027	0.498
0.003	0.517
-0.018	0.538
-0.113	0.632
-0.206	0.729
-0.304	0.819
-0.326	0.839
-0.352	0.856
-0.379	0.868
-0.514	0.926
-0.686	0.991
-0.838	1.004
-1.039	1.022
-1.242	1.028
-1.444	1.036
-1.536	1.040
-1.565	1.021
-1.647	1.047
-1.691	1.061
-1.734	1.080
-1.777	1.099
-1.813	1.114
-1.845	1.138
-1.882	1.149
-1.957	1.172
-2.033	1.191
-2.110	1.202
-3.028	1.338
-2.399	1.215
-3.324	1.321
-3.426	1.333
-3.528	1.352
-3.628	1.377
-3.707	1.398
-3.811	1.470
-3.901	1.469
-3.937	1.469
-4.483	1.440
-4.611	1.455
-4.971	1.496
-4.690	1.533
-4.964	1.477
POLYLINE BLACK
-5.783	1.883
-5.766	1.926
-5.752	1.970
-5.732	2.012
-5.704	2.069
-5.666	2.129
-5.603	2.151
-5.467	2.197
-5.331	2.076
-5.314	1.944
-5.298	1.813
-5.348	1.638
-5.398	1.521
-5.424	1.460
-5.461	1.406
-5.492	1.348
POLYLINE BLACK
-5.500	1.369
-5.418	1.370
POLYLINE BLACK
-5.424	0.993
-5.449	0.906
POLYLINE BLACK
-4.303	-0.003
-3.965	0.605
-4.150	0.460
-3.951	0.612
POLYLINE BLACK
-4.105	-0.076
-3.799	-0.140
-3.530	0.102
-3.235	0.099
-3.192	0.098
-3.149	0.093
-3.106	0.088
-3.078	0.084
-3.051	0.072
-3.022	0.073
-3.016	0.073
-3.009	0.083
-3.011	0.089
-3.016	0.104
-3.029	0.114
-3.040	0.124
-3.139	0.219
-3.236	0.316
-3.340	0.405
-3.458	0.508
-3.608	0.547
-3.747	0.611
POLYLINE BLACK
-2.060	0.308
-2.063	-0.039
-2.050	0.140
-2.105	-0.228
POLYLINE BLACK
-2.048	-0.236
-1.896	-0.221
-1.744	-0.199
-1.590	-0.191
-1.440	-0.184
-1.290	-0.192
-1.140	-0.191
-1.111	-0.191
-1.083	-0.186
-1.055	-0.187
-1.008	-0.189
-0.962	-0.207
-0.916	-0.200
-0.904	-0.198
-0.926	-0.176
-0.936	-0.168
-0.971	-0.137
-1.008	-0.108
-1.048	-0.086
-1.140	-0.034
-1.231	0.021
-1.331	0.054
-1.555	0.127
-1.955	0.159
-2.178	0.184
POLYLINE BLACK
-1.018	-0.855
-0.554	-0.210
-0.716	-0.351
-0.162	0.127
0.450	0.654
-0.177	0.076
0.141	0.371
POLYLINE BLACK
-0.240	-0.100
-0.177	-0.244
-0.219	-0.156
-0.103	-0.357
POLYLINE BLACK
-0.385	-0.445
-0.321	-0.599
-0.363	-0.515
-0.250	-0.693
POLYLINE BLACK
-0.770	-0.610
-0.687	-0.733
-0.607	-0.802
-0.492	-0.880
POLYLINE BLACK
-0.899	-0.873
-0.839	-1.035
-0.834	-1.047
-0.702	-1.139
POLYLINE BLACK
0.576	-0.468
0.637	-0.584
0.693	-0.702
0.757	-0.815
0.880	-1.029
1.011	-1.238
1.138	-1.449
1.602	-2.327
2.059	-3.208
2.530	-4.082
2.566	-4.149
2.611	-4.211
2.659	-4.270
2.729	-4.357
2.780	-4.369
2.825	-4.458
2.947	-4.703
3.063	-4.951
3.182	-5.198
POLYLINE BLACK
0.480	-2.786
0.245	-2.461
0.137	-2.079
0.009	-1.704
-0.015	-1.636
-0.125	-1.329
-0.036	-1.267
-0.025	-1.259
-0.009	-1.255
0.004	-1.257
0.058	-1.262
0.113	-1.270
0.168	-1.277
POLYLINE BLACK
0.175	-1.335
0.172	-1.807
0.187	-1.354
0.120	-1.932
0.113	-2.001
0.138	-2.072
0.154	-2.136
POLYLINE BLACK
0.614	-2.893
0.750	-3.775
0.658	-3.260
1.184	-4.983
1.200	-5.035
1.247	-5.097
1.279	-5.144
POLYLINE BLACK
1.577	-5.378
2.666	-6.853
1.358	-5.053
2.045	-6.065
2.076	-6.111
2.117	-6.149
2.153	-6.191
POLYLINE BLACK
0.455	-1.161
0.423	-1.176
0.391	-1.190
0.360	-1.207
0.255	-1.265
0.475	-1.507
0.316	-1.553
0.227	-1.578
0.137	-1.601
0.047	-1.625
POLYLINE BLACK
0.842	-0.372
0.795	-0.333
POLYLINE BLACK
0.437	-1.397
0.552	-1.564
0.656	-1.740
0.783	-1.899
0.887	-2.029
1.010	-2.144
1.128	-2.262
1.147	-2.281
1.158	-2.260
1.160	-2.246
1.162	-2.230
1.162	-2.214
1.159	-2.199
1.133	-2.077
1.107	-1.954
1.073	-1.834
1.030	-1.682
0.973	-1.534
0.929	-1.383
0.918	-1.348
0.930	-1.284
0.885	-1.265
0.872	-1.260
0.849	-1.258
0.836	-1.261
0.695	-1.293
0.556	-1.329
0.416	-1.363
POLYLINE BLACK
1.511	-3.411
1.531	-3.457
1.545	-3.505
1.570	-3.548
1.717	-3.801
1.869	-4.051
2.026	-4.297
2.030	-4.303
2.041	-4.296
2.043	-4.290
2.049	-4.274
2.048	-4.257
2.047	-4.241
2.033	-3.932
2.017	-3.623
1.999	-3.315
1.994	-3.230
1.885	-3.188
1.814	-3.207
1.642	-3.252
1.591	-3.303
1.458	-3.417
POLYLINE BLACK
2.962	-4.999
2.749	-5.059
2.792	-5.036
2.525	-5.215
2.362	-5.324
2.203	-5.506
2.155	-5.700
2.091	-5.959
2.378	-6.091
2.595	-6.014
2.844	-5.925
2.937	-5.788
3.126	-5.575
3.149	-5.549
3.170	-5.521
3.184	-5.489
3.227	-5.392
3.260	-5.291
3.296	-5.191
3.303	-5.172
3.295	-5.150
3.276	-5.141
3.246	-5.128
3.200	-5.136
3.172	-5.144
3.086	-5.168
3.001	-5.195
2.916	-5.220
POLYLINE BLACK
2.888	-6.057
2.862	-6.176
2.889	-6.115
2.781	-6.225
POLYLINE BLACK
2.773	-6.228
2.745	-6.282
POLYLINE BLACK
2.732	-6.292
2.714	-6.306
POLYLINE BLACK
2.675	-6.289
2.583	-6.300
POLYLINE BLACK
2.359	-6.343
2.296	-6.352
POLYLINE BLACK
3.274	-5.636
3.103	-5.791
2.743	-6.119
2.625	-6.214
2.581	-6.249
2.528	-6.269
2.479	-6.296
POLYLINE BLACK
2.625	-6.708
2.662	-6.756
POLYLINE BLACK
2.693	-6.366
2.788	-6.646
2.730	-6.532
2.845	-6.720
POLYLINE BLACK
2.874	-6.347
3.012	-6.594
2.922	-6.537
3.065	-6.603
POLYLINE BLACK
2.996	-6.175
3.057	-6.301
3.016	-6.225
3.131	-6.396
POLYLINE BLACK
3.258	-6.079
3.278	-6.198
3.261	-6.133
3.317	-6.271
POLYLINE BLACK
3.258	-5.406
3.100	-5.243
3.281	-5.335
3.332	-5.380
3.346	-5.393
3.362	-5.406
3.371	-5.423
3.513	-5.674
3.646	-5.929
3.784	-6.182
POLYLINE BLACK
3.815	-7.108
3.799	-7.218
3.818	-7.177
3.781	-7.238
POLYLINE BLACK
3.841	-7.072
3.841	-7.128
3.847	-7.185
3.841	-7.241
3.796	-7.717
3.721	-8.191
3.689	-8.669
3.683	-8.752
3.774	-9.474
3.774	-9.498
3.775	-9.842
3.730	-10.185
3.723	-10.529
3.721	-10.618
3.741	-10.707
3.747	-10.796
3.749	-10.835
3.747	-10.874
3.747	-10.913
POLYLINE BLACK
3.943	-7.553
3.930	-7.566
POLYLINE BLACK
3.936	-6.460
3.928	-6.383
3.920	-6.307
3.912	-6.231
3.903	-6.175
3.890	-6.119
3.885	-6.063
3.883	-6.033
3.887	-6.002
3.888	-5.972
POLYLINE BLACK
3.962	-7.287
3.975	-7.271
POLYLINE BLACK
3.876	-7.116
3.930	-6.760
3.933	-6.536
3.869	-6.229
POLYLINE BLACK
2.264	-6.727
2.246	-6.967
2.196	-7.206
2.210	-7.446
2.247	-8.131
2.357	-8.810
2.416	-9.493
2.460	-10.008
2.476	-10.524
2.517	-11.039
2.542	-11.360
2.547	-11.149
2.548	-11.125
POLYLINE BLACK
2.583	-10.712
3.135	-10.788
3.148	-10.810
3.788	-10.785
3.838	-10.783
3.884	-10.757
3.931	-10.743
POLYLINE BLACK
2.744	-10.801
2.745	-10.724
POLYLINE BLACK
2.910	-10.103
2.907	-10.753
2.701	-10.782
2.956	-10.725
POLYLINE BLACK
3.265	-10.260
3.270	-10.412
3.275	-10.563
3.280	-10.714
3.284	-10.732
3.285	-10.751
3.293	-10.767
3.301	-10.784
3.315	-10.797
3.326	-10.812
POLYLINE BLACK
3.484	-10.275
3.543	-10.486
3.532	-10.403
3.546	-10.568
3.548	-10.602
3.548	-10.637
3.554	-10.670
3.558	-10.695
3.563	-10.722
3.576	-10.744
3.594	-10.770
3.622	-10.788
3.644	-10.810
POLYLINE BLACK
2.653	-7.299
2.606	-7.344
2.566	-7.371
2.536	-7.425
2.514	-7.463
2.502	-7.508
2.506	-7.553
2.512	-7.618
2.537	-7.683
2.578	-7.733
2.627	-7.795
2.724	-7.828
2.788	-7.770
2.876	-7.689
2.912	-7.550
2.880	-7.435
2.872	-7.408
2.853	-7.381
2.824	-7.374
2.761	-7.358
2.673	-7.426
2.635	-7.446
POLYLINE BLACK
3.347	-7.559
3.300	-7.613
3.257	-7.665
3.245	-7.737
3.239	-7.778
3.236	-7.805
3.247	-7.842
3.254	-7.868
3.277	-7.890
3.302	-7.898
3.417	-7.936
3.518	-7.823
3.475	-7.712
3.463	-7.682
3.443	-7.658
3.411	-7.648
3.356	-7.631
3.257	-7.657
3.218	-7.662
POLYLINE BLACK
2.754	-8.402
2.702	-8.510
2.668	-8.608
2.679	-8.729
2.683	-8.773
2.691	-8.817
2.702	-8.860
2.709	-8.889
2.720	-8.916
2.732	-8.943
2.742	-8.965
2.762	-8.991
2.779	-9.008
2.797	-9.024
2.822	-9.045
2.849	-9.046
2.950	-9.050
3.025	-8.807
3.010	-8.734
3.004	-8.701
2.976	-8.686
2.944	-8.691
2.936	-8.693
2.929	-8.696
2.923	-8.700
2.866	-8.730
2.810	-8.762
2.754	-8.793
POLYLINE BLACK
3.303	-9.003
3.268	-9.104
3.236	-9.161
3.230	-9.259
3.228	-9.299
3.229	-9.362
3.264	-9.393
3.319	-9.440
3.437	-9.395
3.479	-9.350
3.535	-9.291
3.524	-9.220
3.454	-9.182
3.411	-9.159
3.383	-9.146
3.338	-9.138
3.326	-9.136
3.314	-9.134
3.302	-9.135
3.241	-9.139
3.180	-9.145
3.120	-9.150
POLYLINE BLACK
2.714	-9.404
2.695	-9.462
2.667	-9.517
2.666	-9.579
2.666	-9.625
2.681	-9.668
2.705	-9.708
2.744	-9.775
2.803	-9.792
2.872	-9.762
2.910	-9.746
2.941	-9.721
2.963	-9.686
2.997	-9.631
2.985	-9.486
2.910	-9.472
2.860	-9.462
2.784	-9.521
2.759	-9.535
POLYLINE BLACK
3.190	-8.343
3.173	-8.439
3.173	-8.529
3.208	-8.621
3.217	-8.645
3.238	-8.692
3.261	-8.715
3.313	-8.765
3.411	-8.763
3.459	-8.710
3.463	-8.706
3.499	-8.657
3.494	-8.650
3.469	-8.617
3.430	-8.599
3.398	-8.573
POLYLINE BLACK
3.545	-5.987
3.504	-5.965
3.463	-5.933
3.414	-5.937
3.317	-5.944
3.197	-6.099
3.164	-6.176
3.048	-6.446
3.027	-6.538
3.055	-6.817
3.059	-6.857
3.076	-6.909
3.097	-6.944
3.140	-7.017
3.213	-7.063
3.288	-7.100
3.437	-7.173
3.598	-7.166
3.745	-7.087
3.745	-7.087
3.896	-7.001
3.914	-6.961
3.933	-6.921
3.936	-6.876
3.948	-6.833
POLYLINE BLACK
3.273	-6.883
3.144	-7.114
3.104	-7.034
3.157	-7.125
POLYLINE BLACK
3.572	-6.758
3.602	-6.818
3.595	-7.022
3.679	-7.100
3.704	-7.125
3.733	-7.146
3.760	-7.169
POLYLINE BLACK
3.548	-6.739
3.844	-6.758
3.715	-6.769
3.937	-6.730
POLYLINE BLACK
3.530	-6.260
3.661	-6.023
POLYLINE BLACK
3.579	-6.519
3.733	-6.482
3.781	-6.448
3.900	-6.357
POLYLINE BLACK
3.212	-6.665
3.331	-6.624
3.271	-6.651
3.389	-6.581
POLYLINE BLACK
3.372	-6.694
3.206	-6.678
3.306	-6.691
3.074	-6.647
POLYLINE BLACK
3.441	-6.636
3.342	-6.597
3.304	-6.594
3.400	-6.600
3.459	-6.603
3.518	-6.607
3.578	-6.611
POLYLINE BLACK
3.633	-6.568
3.417	-6.619
3.502	-6.566
3.541	-6.619
3.574	-6.664
3.464	-6.618
3.572	-6.654
POLYLINE BLACK
6.199	-18.077
6.095	-17.773
5.990	-17.468
5.885	-17.164
5.775	-16.940
5.642	-16.726
5.554	-16.492
5.438	-16.184
5.385	-15.855
5.276	-15.544
5.121	-15.104
4.915	-14.684
4.764	-14.243
4.604	-13.777
4.490	-13.296
4.342	-12.826
4.252	-12.541
4.136	-12.264
4.051	-11.977
3.967	-11.695
3.903	-11.408
3.836	-11.121
3.831	-11.103
3.826	-10.945
3.789	-10.907
3.764	-10.882
3.727	-10.871
3.696	-10.852
POLYLINE BLACK
2.982	-11.879
2.885	-11.677
2.777	-11.479
2.690	-11.272
2.658	-11.194
2.651	-11.109
2.624	-11.030
2.618	-11.011
2.558	-10.877
2.561	-10.990
2.563	-11.043
2.563	-11.096
2.570	-11.149
2.577	-11.196
2.593	-11.241
2.604	-11.288
POLYLINE BLACK
3.315	-11.461
3.355	-11.562
3.384	-11.667
3.433	-11.764
3.527	-11.947
3.633	-12.123
3.741	-12.297
3.746	-12.306
3.747	-12.278
3.747	-12.268
3.727	-12.014
3.706	-11.760
3.681	-11.506
3.677	-11.471
3.631	-11.476
3.609	-11.480
3.493	-11.497
3.378	-11.515
3.262	-11.533
POLYLINE BLACK
3.755	-12.903
3.880	-13.193
3.999	-13.487
4.132	-13.774
4.194	-13.908
4.262	-14.039
4.339	-14.165
4.351	-14.186
4.331	-14.119
4.327	-14.095
4.282	-13.808
4.238	-13.520
4.190	-13.233
4.188	-13.218
4.172	-13.194
4.163	-13.183
4.078	-13.084
3.932	-13.120
3.823	-13.136
POLYLINE BLACK
4.860	-14.657
4.849	-14.688
4.835	-14.718
4.826	-14.750
4.796	-14.858
4.898	-15.073
4.910	-15.124
4.919	-15.166
4.921	-15.372
4.924	-15.398
4.927	-15.435
4.937	-15.471
4.943	-15.508
POLYLINE BLACK
4.710	-15.724
4.683	-15.754
POLYLINE BLACK
4.688	-15.754
4.355	-15.154
4.738	-15.826
4.531	-15.498
4.519	-15.478
4.510	-15.455
4.500	-15.434
POLYLINE BLACK
4.537	-15.144
4.669	-15.406
4.802	-15.667
4.934	-15.929
4.949	-15.968
4.981	-16.087
4.981	-16.045
4.982	-15.847
4.960	-15.650
4.935	-15.453
4.925	-15.368
4.908	-15.144
4.780	-15.103
4.739	-15.089
4.701	-15.098
4.660	-15.106
4.571	-15.123
4.502	-15.137
4.419	-15.158
POLYLINE BLACK
5.102	-16.687
5.254	-17.009
5.405	-17.331
5.556	-17.654
5.558	-17.646
5.563	-17.639
5.563	-17.631
5.546	-17.470
5.515	-17.311
5.503	-17.150
5.498	-17.090
5.503	-17.029
5.510	-16.969
5.524	-16.852
5.550	-16.738
5.567	-16.622
5.568	-16.615
5.566	-16.607
5.564	-16.600
5.550	-16.559
5.494	-16.560
5.460	-16.562
5.346	-16.569
5.243	-16.623
5.141	-16.670
POLYLINE BLACK
3.131	-12.374
3.160	-12.630
3.158	-12.776
3.256	-13.016
3.315	-13.130
3.374	-13.244
3.433	-13.358
3.447	-13.383
3.463	-13.406
3.474	-13.432
3.485	-13.458
3.493	-13.485
3.501	-13.512
3.536	-13.632
3.558	-13.757
3.605	-13.873
3.675	-14.043
3.799	-14.174
3.833	-14.355
3.851	-14.447
3.857	-14.540
3.868	-14.633
3.883	-14.756
3.878	-14.883
3.910	-15.003
4.000	-15.345
4.116	-15.680
4.234	-16.013
4.336	-16.300
4.461	-16.579
4.571	-16.863
4.577	-16.880
4.581	-16.898
4.583	-16.916
4.587	-16.957
4.586	-16.999
4.587	-17.041
POLYLINE BLACK
4.689	-17.359
4.608	-17.359
POLYLINE BLACK
4.635	-17.110
4.660	-17.010
POLYLINE BLACK
4.730	-17.081
4.737	-17.122
4.756	-17.171
4.747	-17.216
4.734	-17.289
4.644	-17.335
4.587	-17.367
4.463	-17.435
4.260	-17.396
4.151	-17.382
3.898	-17.352
3.784	-17.259
3.520	-17.168
3.467	-17.150
3.411	-17.144
3.356	-17.136
3.331	-17.132
3.287	-17.139
3.263	-17.147
3.137	-17.186
3.013	-17.234
2.886	-17.270
2.853	-17.279
2.819	-17.284
2.784	-17.282
2.503	-17.262
2.224	-17.224
1.943	-17.202
1.481	-17.165
2.127	-17.246
1.719	-17.191
POLYLINE BLACK
2.455	-17.996
2.569	-18.001
2.683	-17.995
2.795	-18.012
4.853	-18.324
0.170	-17.851
4.749	-18.252
POLYLINE BLACK
5.553	-18.487
5.656	-18.548
POLYLINE BLACK
5.087	-18.232
5.155	-18.259
5.224	-18.286
5.293	-18.313
5.389	-18.342
5.489	-18.364
5.583	-18.401
5.648	-18.426
5.706	-18.465
5.767	-18.499
5.795	-18.515
5.832	-18.549
5.841	-18.582
5.857	-18.642
5.873	-18.704
5.880	-18.766
5.908	-19.021
5.897	-19.407
6.005	-19.666
6.308	-20.387
6.215	-20.022
6.515	-20.517
6.732	-20.932
6.635	-20.773
6.786	-21.007
POLYLINE BLACK
4.156	-17.668
4.095	-17.681
4.034	-17.694
3.973	-17.707
3.949	-17.715
3.926	-17.727
3.901	-17.732
3.840	-17.744
3.778	-17.750
3.717	-17.759
POLYLINE BLACK
2.136	-17.533
2.132	-17.533
POLYLINE BLACK
1.981	-17.670
1.988	-17.734
POLYLINE BLACK
2.522	-18.006
2.507	-17.996
POLYLINE BLACK
2.031	-17.887
2.352	-17.829
2.208	-17.844
2.460	-17.829
POLYLINE BLACK
0.933	-17.352
0.960	-17.312
0.985	-17.271
1.014	-17.233
1.039	-17.201
1.078	-17.169
1.113	-17.149
1.227	-17.083
1.309	-17.082
1.395	-17.185
1.423	-17.220
1.444	-17.264
1.447	-17.310
1.457	-17.443
1.346	-17.615
1.288	-17.730
POLYLINE BLACK
1.207	-18.292
1.263	-18.202
1.245	-18.249
1.265	-18.154
POLYLINE BLACK
2.478	-17.469
2.464	-17.554
2.446	-17.638
2.435	-17.723
2.430	-17.759
2.476	-17.746
2.492	-17.742
2.594	-17.713
2.695	-17.679
2.799	-17.655
2.854	-17.642
3.053	-17.650
3.074	-17.649
3.087	-17.649
3.110	-17.643
3.113	-17.626
3.121	-17.580
3.050	-17.538
3.017	-17.527
2.933	-17.500
2.740	-17.484
2.653	-17.535
2.619	-17.554
2.602	-17.582
2.577	-17.613
POLYLINE BLACK
3.883	-17.548
3.869	-17.615
3.855	-17.681
3.840	-17.748
3.837	-17.763
3.772	-17.977
3.871	-17.688
3.878	-17.667
3.890	-17.601
3.886	-17.623
3.874	-17.694
3.856	-17.765
3.845	-17.836
3.844	-17.843
3.846	-17.850
3.848	-17.857
3.856	-17.878
3.878	-17.887
3.899	-17.889
4.150	-17.922
4.401	-17.946
4.651	-17.985
4.736	-17.998
4.817	-18.032
4.902	-18.045
4.909	-18.046
4.898	-18.030
4.897	-18.023
4.845	-17.982
4.795	-17.938
4.741	-17.901
4.711	-17.880
4.680	-17.862
4.646	-17.850
4.632	-17.845
4.133	-17.633
3.944	-17.660
3.914	-17.664
3.885	-17.673
3.855	-17.680
POLYLINE BLACK
6.362	-18.041
6.389	-18.097
6.421	-18.151
6.443	-18.210
6.490	-18.337
6.525	-18.467
6.566	-18.595
6.696	-18.924
6.829	-19.251
6.956	-19.581
7.385	-20.697
7.139	-20.285
7.421	-20.734
POLYLINE BLACK
6.531	-19.687
6.407	-19.525
6.241	-19.377
6.247	-19.161
6.248	-19.088
6.278	-19.017
6.251	-18.946
6.246	-18.934
6.239	-18.922
6.233	-18.911
6.171	-18.797
6.105	-18.685
6.044	-18.569
6.024	-18.531
6.017	-18.475
6.026	-18.433
6.041	-18.407
6.032	-18.422
6.055	-18.390
POLYLINE BLACK
6.080	-18.720
6.178	-18.882
6.280	-19.041
6.375	-19.204
6.475	-19.375
6.388	-19.332
6.583	-19.523
6.595	-19.535
6.584	-19.488
6.582	-19.471
6.559	-19.283
6.535	-19.096
6.508	-18.909
6.504	-18.883
6.480	-18.854
6.461	-18.839
6.351	-18.751
6.263	-18.809
6.147	-18.859
POLYLINE BLACK
3.824	-12.509
3.841	-12.540
3.857	-12.573
3.876	-12.603
3.909	-12.655
3.984	-12.653
4.032	-12.627
4.058	-12.613
4.062	-12.604
4.085	-12.582
4.126	-12.541
4.168	-12.501
4.209	-12.460
POLYLINE BLACK
3.479	-12.637
3.490	-12.602
3.497	-12.566
3.510	-12.532
3.518	-12.511
3.529	-12.492
3.541	-12.474
3.603	-12.382
3.659	-12.354
3.770	-12.359
3.795	-12.360
3.820	-12.362
3.843	-12.370
3.890	-12.387
3.933	-12.413
3.978	-12.435
POLYLINE BLACK
3.943	-14.744
3.965	-14.680
3.989	-14.619
4.045	-14.577
4.124	-14.517
4.239	-14.427
4.346	-14.484
4.417	-14.521
4.438	-14.633
4.465	-14.688
4.489	-14.738
4.563	-14.719
4.598	-14.698
4.620	-14.686
4.641	-14.666
4.655	-14.646
4.712	-14.565
4.767	-14.483
4.823	-14.401
POLYLINE BLACK
5.149	-16.176
5.177	-16.225
5.240	-16.405
5.332	-16.408
5.394	-16.410
5.479	-16.307
5.494	-16.293
5.544	-16.243
5.595	-16.165
5.635	-16.107
POLYLINE BLACK
4.855	-16.503
4.871	-16.399
4.882	-16.277
4.967	-16.202
4.996	-16.176
5.029	-16.153
5.067	-16.147
5.138	-16.136
5.278	-16.187
5.310	-16.195
POLYLINE BLACK
5.846	-18.391
5.732	-18.470
5.804	-18.443
5.615	-18.413
POLYLINE BLACK
5.537	-18.299
5.537	-18.280
POLYLINE BLACK
5.526	-18.240
5.528	-18.221
POLYLINE BLACK
5.437	-18.028
5.488	-17.969
5.542	-17.898
5.619	-17.867
5.715	-17.829
5.829	-17.876
5.896	-17.949
5.928	-17.984
5.926	-18.001
5.956	-18.043
5.983	-18.080
6.027	-18.119
6.074	-18.123
6.157	-18.131
6.296	-18.004
6.320	-17.988
POLYLINE BLACK
6.485	-20.113
6.485	-20.081
6.483	-20.048
6.485	-20.016
6.489	-19.946
6.565	-19.898
6.630	-19.904
6.655	-19.906
6.682	-19.915
6.703	-19.926
6.772	-19.960
6.846	-20.046
6.891	-20.084
6.898	-20.090
6.917	-20.094
6.926	-20.095
6.994	-20.101
7.075	-20.026
7.118	-19.997
POLYLINE BLACK
2.723	-32.613
2.675	-32.532
POLYLINE BLACK
2.660	-32.596
2.660	-32.596
POLYLINE BLACK
2.645	-32.721
2.645	-32.722
POLYLINE BLACK
2.578	-32.749
2.660	-32.624
POLYLINE BLACK
4.616	-22.335
4.754	-22.361
4.890	-22.406
5.030	-22.413
5.551	-22.439
6.251	-22.351
6.653	-21.975
6.662	-21.966
6.864	-21.786
6.905	-21.687
6.979	-21.508
7.033	-21.367
6.988	-21.176
6.973	-21.109
6.919	-21.039
6.889	-20.988
POLYLINE BLACK
8.896	-22.708
8.874	-22.647
POLYLINE BLACK
7.544	-20.759
7.723	-21.250
8.039	-21.690
8.413	-22.052
8.626	-22.258
8.874	-22.428
9.083	-22.639
9.614	-23.173
9.181	-22.843
9.555	-23.325
9.805	-23.649
10.229	-23.940
10.532	-24.167
10.587	-24.209
10.661	-24.207
10.719	-24.238
10.872	-24.320
11.016	-24.418
11.167	-24.504
11.185	-24.515
11.210	-24.498
11.220	-24.485
11.234	-24.467
11.266	-24.395
11.267	-24.395
POLYLINE BLACK
8.658	-26.475
8.660	-25.933
8.676	-26.226
8.550	-25.471
8.522	-25.302
8.465	-25.155
8.574	-25.006
8.614	-24.951
8.696	-24.905
8.744	-24.878
8.868	-24.808
9.037	-24.754
9.181	-24.756
9.486	-24.761
9.451	-24.790
9.704	-24.842
10.296	-24.965
9.412	-24.725
10.412	-25.064
10.512	-25.098
10.691	-25.095
10.780	-25.107
10.808	-25.110
10.837	-25.116
10.862	-25.130
11.006	-25.209
11.144	-25.299
11.285	-25.384
POLYLINE BLACK
11.765	-24.801
11.747	-24.780
POLYLINE BLACK
7.791	-25.992
7.803	-25.812
7.770	-25.677
7.713	-25.514
POLYLINE BLACK
7.648	-26.563
7.694	-26.197
7.832	-25.756
7.717	-25.374
7.709	-25.347
7.698	-25.321
7.684	-25.297
7.605	-25.158
7.526	-25.016
7.401	-24.912
7.309	-24.836
7.207	-24.772
7.108	-24.706
7.091	-24.694
7.071	-24.685
7.051	-24.678
7.030	-24.670
7.009	-24.665
6.987	-24.662
6.822	-24.637
6.655	-24.630
6.493	-24.595
6.333	-24.560
6.177	-24.510
6.025	-24.451
5.840	-24.379
5.667	-24.279
5.483	-24.205
5.326	-24.142
5.308	-24.194
5.136	-24.155
4.781	-24.075
4.824	-24.015
4.575	-24.035
POLYLINE BLACK
11.416	-25.438
11.598	-25.492
11.679	-25.533
11.708	-25.728
11.722	-25.817
11.712	-25.908
11.767	-25.986
11.815	-26.054
11.905	-26.101
11.986	-26.115
12.115	-26.136
12.245	-26.158
12.376	-26.172
12.503	-26.187
12.432	-26.166
12.497	-26.165
12.524	-26.165
12.550	-26.166
12.577	-26.167
POLYLINE BLACK
11.652	-24.576
11.763	-24.631
11.836	-24.722
11.922	-24.807
11.939	-24.824
11.959	-24.838
11.974	-24.856
12.016	-24.905
12.063	-24.980
12.082	-25.040
12.117	-25.145
12.127	-25.348
12.236	-25.435
12.320	-25.502
12.443	-25.497
12.543	-25.514
12.760	-25.551
12.427	-25.512
12.730	-25.543
POLYLINE BLACK
13.221	-25.521
13.279	-25.512
13.334	-25.502
13.389	-25.526
13.444	-25.551
13.486	-25.597
13.519	-25.647
13.581	-25.741
13.617	-25.854
13.555	-25.957
13.483	-26.075
13.322	-26.137
13.285	-26.259
13.265	-26.324
13.300	-26.408
13.310	-26.462
POLYLINE BLACK
13.202	-26.902
13.217	-26.979
POLYLINE BLACK
7.341	-24.847
8.956	-24.742
7.489	-24.820
8.221	-24.807
8.318	-24.805
8.415	-24.794
8.511	-24.795
8.647	-24.796
8.709	-24.813
8.838	-24.837
POLYLINE BLACK
7.595	-24.579
7.593	-24.455
POLYLINE BLACK
7.667	-24.470
7.781	-24.761
7.722	-24.651
7.818	-24.813
POLYLINE BLACK
8.035	-24.589
8.102	-24.866
POLYLINE BLACK
8.303	-24.395
8.353	-24.677
8.338	-24.548
8.355	-24.781
POLYLINE BLACK
8.670	-24.568
8.684	-24.889
POLYLINE BLACK
7.922	-24.702
7.796	-24.659
7.868	-24.686
7.709	-24.614
POLYLINE BLACK
7.604	-24.566
7.577	-24.560
POLYLINE BLACK
7.518	-24.534
7.447	-24.500
POLYLINE BLACK
7.498	-24.579
7.582	-24.773
POLYLINE BLACK
6.738	-22.051
7.537	-22.091
7.059	-22.101
8.167	-21.915
POLYLINE BLACK
7.085	-22.353
7.123	-22.153
POLYLINE BLACK
7.500	-22.366
7.518	-22.093
7.494	-22.195
7.533	-22.054
POLYLINE BLACK
7.797	-22.310
7.814	-21.969
7.780	-22.112
7.860	-21.875
POLYLINE BLACK
6.847	-22.506
6.861	-22.412
6.876	-22.319
6.891	-22.226
6.897	-22.206
6.901	-22.184
6.910	-22.165
6.928	-22.127
6.952	-22.091
6.972	-22.055
POLYLINE BLACK
8.179	-22.154
8.132	-21.885
POLYLINE BLACK
7.551	-24.529
7.604	-24.763
POLYLINE BLACK
9.291	-24.843
9.453	-23.426
9.484	-23.931
9.436	-23.332
POLYLINE BLACK
9.544	-23.966
9.614	-23.996
9.679	-24.017
9.754	-24.008
9.760	-24.007
9.766	-24.005
9.772	-24.003
9.794	-23.996
9.815	-23.988
9.837	-23.980
POLYLINE BLACK
9.442	-24.233
9.724	-24.194
POLYLINE BLACK
9.284	-24.541
9.399	-24.580
9.501	-24.573
9.617	-24.558
POLYLINE BLACK
9.485	-24.783
9.670	-24.804
POLYLINE BLACK
9.488	-23.954
9.884	-23.943
POLYLINE BLACK
5.198	-22.852
5.336	-22.473
POLYLINE BLACK
4.949	-24.184
4.999	-23.528
4.952	-23.966
5.251	-22.734
5.262	-22.686
5.290	-22.662
5.320	-22.621
POLYLINE BLACK
5.365	-22.796
5.453	-22.847
5.632	-22.929
5.739	-22.901
5.766	-22.894
5.792	-22.883
5.819	-22.874
POLYLINE BLACK
5.047	-23.546
5.218	-23.538
5.282	-23.520
5.427	-23.547
5.450	-23.551
5.472	-23.559
5.495	-23.567
5.541	-23.582
5.586	-23.598
5.632	-23.613
POLYLINE BLACK
5.147	-23.976
5.384	-24.028
5.248	-24.004
5.558	-24.039
POLYLINE BLACK
5.654	-23.260
5.334	-23.193
5.532	-23.249
5.078	-23.036
POLYLINE BLACK
5.837	-22.662
5.455	-22.542
5.625	-22.582
5.330	-22.527
POLYLINE BLACK
6.904	-24.356
7.178	-23.060
7.060	-23.522
7.208	-22.955
POLYLINE BLACK
7.728	-22.994
7.587	-22.909
7.621	-22.918
7.447	-22.868
7.423	-22.861
7.398	-22.854
7.374	-22.855
7.346	-22.855
7.320	-22.866
7.293	-22.871
POLYLINE BLACK
7.694	-23.345
7.202	-23.295
POLYLINE BLACK
7.655	-23.613
7.135	-23.605
7.331	-23.644
7.057	-23.577
POLYLINE BLACK
7.483	-23.940
6.925	-23.918
POLYLINE BLACK
7.359	-24.104
6.908	-24.123
7.084	-24.162
6.819	-24.077
POLYLINE BLACK
7.348	-24.305
7.143	-24.270
7.254	-24.294
7.016	-24.229
POLYLINE BLACK
2.935	-22.972
2.921	-22.906
2.903	-22.865
2.909	-22.804
2.921	-22.664
3.048	-22.526
3.145	-22.436
3.188	-22.397
3.281	-22.336
3.340	-22.383
3.373	-22.410
3.389	-22.463
3.399	-22.500
3.449	-22.696
3.351	-22.897
3.265	-23.065
3.238	-23.117
3.204	-23.166
3.176	-23.218
3.165	-23.239
3.157	-23.316
3.177	-23.330
3.203	-23.349
3.233	-23.362
3.261	-23.378
POLYLINE BLACK
3.069	-24.065
3.002	-24.110
POLYLINE BLACK
5.228	-27.318
6.801	-26.906
6.113	-27.025
7.275	-26.874
POLYLINE BLACK
7.258	-27.001
7.266	-26.956
7.279	-26.922
7.273	-26.880
7.263	-26.805
7.191	-26.737
7.146	-26.689
7.108	-26.650
7.065	-26.617
7.024	-26.582
7.003	-26.564
6.933	-26.523
6.959	-26.531
7.022	-26.547
7.083	-26.576
7.138	-26.612
7.250	-26.684
7.353	-26.772
7.459	-26.854
7.466	-26.859
7.475	-26.877
7.478	-26.885
7.520	-26.998
7.355	-27.179
7.288	-27.255
POLYLINE BLACK
2.119	-26.538
2.070	-26.591
2.023	-26.641
2.051	-26.715
2.061	-26.742
2.076	-26.767
2.096	-26.788
2.190	-26.892
2.304	-26.885
2.418	-26.819
2.447	-26.802
2.496	-26.766
2.518	-26.736
2.539	-26.706
2.558	-26.674
2.575	-26.641
2.599	-26.594
2.616	-26.545
2.607	-26.493
2.580	-26.340
2.491	-26.314
2.354	-26.361
2.330	-26.369
2.271	-26.397
2.263	-26.427
2.257	-26.456
2.259	-26.486
2.257	-26.515
POLYLINE BLACK
3.196	-26.296
3.117	-26.330
3.038	-26.361
2.961	-26.396
2.891	-26.429
2.900	-26.479
2.955	-26.520
2.972	-26.532
2.990	-26.544
3.010	-26.554
3.097	-26.596
3.254	-26.630
3.257	-26.758
3.259	-26.864
3.186	-26.951
3.084	-26.975
3.063	-26.980
3.038	-26.996
3.022	-26.983
2.994	-26.962
2.992	-26.921
2.977	-26.889
POLYLINE BLACK
3.722	-26.899
3.666	-26.717
3.687	-26.814
3.662	-26.609
POLYLINE BLACK
3.501	-26.373
4.334	-26.213
4.020	-26.247
4.435	-26.208
POLYLINE BLACK
0.577	-28.064
0.613	-28.098
0.648	-28.140
0.699	-28.149
0.850	-28.178
0.984	-28.017
0.990	-27.876
0.992	-27.825
0.960	-27.773
0.941	-27.731
POLYLINE BLACK
0.945	-27.856
0.920	-27.842
0.895	-27.827
0.869	-27.815
0.798	-27.782
0.772	-27.930
0.764	-27.958
POLYLINE BLACK
0.832	-28.110
0.826	-28.238
0.812	-28.367
0.813	-28.495
0.814	-28.564
0.828	-28.631
0.839	-28.699
0.849	-28.761
0.877	-28.713
0.889	-28.687
0.900	-28.663
0.910	-28.638
0.920	-28.614
POLYLINE BLACK
1.328	-27.852
1.342	-27.898
POLYLINE BLACK
1.270	-28.689
1.494	-27.768
POLYLINE BLACK
1.364	-28.332
1.918	-27.857
1.701	-28.012
1.978	-27.820
POLYLINE BLACK
1.517	-28.169
1.746	-28.648
1.633	-28.473
1.807	-28.723
POLYLINE BLACK
2.317	-28.664
2.361	-28.386
2.331	-28.536
2.414	-28.216
POLYLINE BLACK
2.494	-27.953
2.810	-27.940
2.677	-27.959
2.897	-27.915
POLYLINE BLACK
2.982	-27.954
2.843	-27.953
POLYLINE BLACK
2.830	-27.955
2.790	-27.958
POLYLINE BLACK
2.537	-27.999
2.374	-27.950
2.472	-27.975
2.239	-27.937
POLYLINE BLACK
2.788	-28.826
2.850	-28.686
POLYLINE BLACK
4.506	-26.928
4.525	-26.856
POLYLINE BLACK
4.288	-28.310
4.226	-28.396
4.162	-28.480
4.103	-28.568
4.089	-28.590
4.120	-28.613
4.136	-28.617
4.166	-28.626
4.197	-28.635
4.228	-28.639
4.335	-28.652
4.442	-28.658
4.549	-28.668
POLYLINE BLACK
4.114	-28.130
4.360	-28.153
4.336	-28.152
4.561	-28.093
POLYLINE BLACK
4.980	-28.262
4.986	-28.242
4.995	-28.189
5.015	-28.163
5.035	-28.138
5.069	-28.132
5.099	-28.134
5.215	-28.143
5.330	-28.154
5.446	-28.165
POLYLINE BLACK
4.917	-28.852
4.924	-28.774
4.931	-28.695
4.938	-28.617
4.937	-28.599
4.938	-28.581
4.934	-28.563
4.908	-28.451
4.885	-28.409
4.842	-28.303
POLYLINE BLACK
4.905	-28.640
5.392	-28.495
5.177	-28.533
5.544	-28.491
POLYLINE BLACK
4.963	-28.795
5.258	-28.742
5.307	-28.708
5.526	-28.748
POLYLINE BLACK
0.153	-29.505
0.173	-29.620
0.188	-29.735
0.212	-29.848
0.214	-29.858
0.235	-29.964
0.276	-29.972
0.318	-29.981
0.377	-29.883
0.386	-29.855
0.442	-29.690
0.491	-29.522
0.541	-29.355
0.550	-29.325
0.543	-29.288
0.562	-29.264
0.571	-29.252
0.577	-29.290
0.580	-29.304
0.587	-29.339
0.591	-29.374
0.592	-29.410
0.592	-29.501
0.583	-29.591
0.583	-29.682
0.583	-29.726
0.589	-29.773
0.606	-29.815
0.627	-29.866
0.707	-29.936
0.762	-29.888
0.768	-29.883
0.774	-29.878
0.777	-29.872
0.864	-29.679
0.945	-29.483
1.033	-29.291
1.059	-29.234
1.103	-29.194
1.143	-29.148
POLYLINE BLACK
1.710	-29.394
1.668	-29.363
1.616	-29.310
1.557	-29.333
1.433	-29.381
1.405	-29.531
1.400	-29.647
1.396	-29.761
1.420	-29.878
1.530	-29.933
1.549	-29.943
1.578	-29.952
1.600	-29.952
1.751	-29.954
1.754	-29.939
1.897	-29.868
POLYLINE BLACK
2.204	-29.408
2.176	-29.519
2.152	-29.631
2.121	-29.741
2.112	-29.774
2.094	-29.803
2.085	-29.835
2.083	-29.841
2.085	-29.847
2.088	-29.852
2.114	-29.898
2.280	-29.883
2.294	-29.882
2.379	-29.876
2.464	-29.865
2.548	-29.857
POLYLINE BLACK
1.872	-29.311
1.900	-29.309
POLYLINE BLACK
1.923	-29.311
2.367	-29.251
POLYLINE BLACK
2.950	-29.942
2.954	-29.921
POLYLINE BLACK
4.109	-29.981
4.096	-29.789
4.083	-29.598
4.070	-29.406
4.063	-29.362
4.050	-29.319
4.048	-29.275
4.048	-29.269
4.061	-29.274
4.065	-29.277
4.118	-29.320
4.070	-29.299
4.107	-29.322
4.196	-29.376
4.348	-29.250
4.311	-29.153
4.300	-29.126
4.280	-29.104
4.257	-29.087
4.160	-29.016
4.032	-29.105
3.946	-29.145
POLYLINE BLACK
4.467	-29.528
4.461	-29.593
4.445	-29.662
4.475	-29.724
4.532	-29.843
4.688	-29.884
4.795	-29.806
4.840	-29.772
4.856	-29.708
4.863	-29.656
4.892	-29.442
4.726	-29.438
4.553	-29.448
POLYLINE BLACK
5.174	-29.857
5.225	-29.714
5.275	-29.571
5.326	-29.427
5.341	-29.401
5.349	-29.368
5.372	-29.347
5.379	-29.340
5.382	-29.366
5.384	-29.376
5.387	-29.396
5.383	-29.416
5.385	-29.436
5.386	-29.448
5.393	-29.465
5.404	-29.472
5.426	-29.489
5.469	-29.471
5.491	-29.470
5.571	-29.463
5.634	-29.503
5.650	-29.583
5.674	-29.706
5.694	-29.829
5.717	-29.952
POLYLINE BLACK
6.014	-29.879
6.003	-29.860

ELEVATION
STATIONS
0.000	0.000	0
2.768	-3.072	1
3.335	-4.466	2
5.851	-8.126	3
7.130	-8.265	4
7.849	-8.881	5
SHOTS
0.000	0.000	-5.242	20.661
0.000	0.000	-6.035	20.796
0.000	0.000	-0.801	-0.068
0.000	0.000	2.768	-3.072
2.768	-3.072	1.661	5.417
2.768	-3.072	3.553	-2.848
2.768	-3.072	1.918	-2.927
2.768	-3.072	3.335	-4.466
3.335	-4.466	2.813	-1.477
3.335	-4.466	3.084	-5.163
3.335	-4.466	3.755	-4.036
3.335	-4.466	5.851	-8.126
5.851	-8.126	5.903	-7.220
5.851	-8.126	2.062	-0.784
5.851	-8.126	6.167	-9.846
5.851	-8.126	6.812	-9.159
5.851	-8.126	6.822	-9.092
5.851	-8.126	6.846	-9.105
5.851	-8.126	6.688	-8.034
5.851	-8.126	5.988	-6.435
5.851	-8.126	6.540	-9.964
5.851	-8.126	7.130	-8.265
7.130	-8.265	7.488	-10.295
7.130	-8.265	10.477	-15.775
7.130	-8.265	8.811	-9.024
7.130	-8.265	8.786	-8.809
7.130	-8.265	7.849	-8.881

