TRIP
DATE 2005-07-01 
DECLINATION     0.00
DATA
1.0	1.1	110.66	-41.39	3.631	>
1.1		183.07	-4.86	2.232	>
1.1		240.51	-7.09	3.152	>
1.1		335.67	-6.35	4.288	>
1.1		294.77	-10.91	1.337	>
1.1	1.2	141.66	-78.55	6.203	>
1.2		230.17	4.74	3.157	>
1.2		272.42	4.86	3.871	>
1.2		319.19	5.42	2.267	>
1.2	1.3	321.50	23.05	4.045	>
1.3		87.94	4.96	1.874	>
1.3		66.81	-58.25	1.197	>
1.3		286.49	10.72	0.323	>
1.3		61.28	68.06	3.916	>
1.3	1.4	19.74	17.32	3.956	>
1.4		287.44	-77.07	1.223	>
1.4		256.50	16.17	0.865	>
1.4		328.10	17.19	1.113	>
1.4		271.98	69.66	3.580	>
1.4	1.5	314.28	45.08	2.534	>
1.5		74.88	0.50	0.575	>
1.5		197.69	11.34	1.235	>
1.5		217.56	11.49	2.179	>
1.5		231.25	14.25	1.434	>
1.5		306.22	18.10	1.271	>
1.5		182.51	79.56	3.149	>
1.5	1.6	17.45	-3.30	2.101	>
1.6		290.05	-1.43	4.359	>
1.6		326.22	1.04	1.493	>
1.6		232.26	17.89	0.817	>
1.6	1.7	283.78	-81.69	11.995	>
1.7		171.93	2.41	1.426	>
1.7		244.52	-10.78	1.988	>
1.7		115.28	2.12	1.755	>
1.7		125.76	-58.67	1.432	>
1.7	1.8	237.65	-66.99	5.566	>
1.8		72.57	-0.65	3.352	>
1.8		38.26	1.53	1.874	>
1.8		51.43	-57.62	2.489	>
1.8		89.75	-45.42	2.888	>
1.8	1.9	92.94	-24.72	3.931	>
1.9		225.98	6.12	1.407	>
1.9		129.45	-1.49	0.614	>
1.9		18.18	37.29	1.253	>
1.9	1.10	146.54	-52.01	7.326	>
1.10		47.92	4.05	0.878	>
1.10		350.95	-0.61	1.398	>
1.10		261.20	0.41	1.130	>
1.10		250.00	3.08	1.379	>
1.10	1.11	137.18	-41.46	5.156	>
1.11		245.80	-2.47	0.650	>
1.11		156.61	3.54	0.825	>
1.11		184.46	64.07	0.764	>
1.11	1.12	183.62	-68.89	2.682	>
1.12		34.48	-2.65	0.605	>
1.12		24.01	-77.72	1.837	>
1.12	1.13	123.41	-19.39	3.656	>
1.13	1.14	42.70	-14.12	2.709	>
1.5	2.0	0.00	0.00	0.000	>
2.0		309.65	64.92	5.309	>
2.0	2.1	313.45	64.97	5.362	>
2.1		63.28	3.53	0.341	>
2.1		324.28	82.65	0.857	>
2.1		1.63	-68.21	1.417	>
2.1	2.2	320.90	44.06	4.488	>
1.2	3.0	0.00	0.00	0.000	>
3.0	3.1	229.02	0.49	3.047	>
3.1		90.00	-11.23	0.539	>
3.1		49.52	-76.31	1.516	>
3.1	3.2	140.19	-80.59	6.362	>
3.2		282.19	10.99	1.553	>
3.2		333.80	7.11	1.285	>
3.2		180.07	16.01	2.495	>
3.2		151.91	27.99	4.557	>
3.2	3.3	175.94	18.39	2.799	>
3.3		84.25	6.14	2.429	>
3.3		338.65	-2.48	3.513	>
3.3		359.15	-31.27	2.137	>
3.3	3.4	36.85	-9.51	5.181	>
3.3	4.0	0.00	0.00	0.000	>
4.0	4.1	89.24	78.63	11.522	>
4.1		230.80	-17.27	1.927	>
4.1		276.18	-5.45	1.578	>
4.1		311.60	-0.96	0.417	>
4.1	4.2	329.98	-46.79	3.603	>
4.2		269.44	-1.25	0.920	>
4.2		68.11	13.16	1.138	>
4.2	4.3	14.38	-47.64	4.656	>

PLAN
STATIONS
0.000	0.000	1.0
2.549	-0.961	1.1
3.313	-1.927	1.2
0.996	0.986	1.3
2.272	4.541	1.4
0.991	5.790	1.5
1.620	7.791	1.6
-0.064	8.204	1.7
-1.902	7.040	1.8
1.664	6.857	1.9
4.150	3.095	1.10
6.776	0.261	1.11
6.715	-0.703	1.12
9.594	-2.602	1.13
11.376	-0.671	1.14
0.991	5.790	2.0
-0.656	7.350	2.1
-2.690	9.853	2.2
3.313	-1.927	3.0
1.013	-3.925	3.1
1.679	-4.724	3.2
1.867	-7.373	3.3
4.932	-3.284	3.4
1.867	-7.373	4.0
4.139	-7.343	4.1
2.905	-5.207	4.2
3.684	-2.168	4.3
SHOTS
2.905	-5.207	3.684	-2.168
4.139	-7.343	2.905	-5.207
2.905	-5.207	1.985	-5.216
2.905	-5.207	3.933	-4.794
1.867	-7.373	4.139	-7.343
4.139	-7.343	2.713	-8.506
4.139	-7.343	2.577	-7.174
4.139	-7.343	3.827	-7.066
1.867	-7.373	1.867	-7.373
1.867	-7.373	4.932	-3.284
1.679	-4.724	1.867	-7.373
1.867	-7.373	4.270	-7.131
1.867	-7.373	0.589	-4.104
1.867	-7.373	1.840	-5.547
1.013	-3.925	1.679	-4.724
1.679	-4.724	0.189	-4.402
1.679	-4.724	1.116	-3.580
1.679	-4.724	1.676	-7.122
1.679	-4.724	3.574	-8.274
3.313	-1.927	1.013	-3.925
1.013	-3.925	1.542	-3.925
1.013	-3.925	1.286	-3.692
3.313	-1.927	3.313	-1.927
-0.656	7.350	-2.690	9.853
0.991	5.790	-0.656	7.350
-0.656	7.350	-0.352	7.503
-0.656	7.350	-0.720	7.439
-0.656	7.350	-0.641	7.876
0.991	5.790	0.991	5.790
0.991	5.790	-0.742	7.226
9.594	-2.602	11.376	-0.671
6.715	-0.703	9.594	-2.602
6.776	0.261	6.715	-0.703
6.715	-0.703	7.057	-0.205
6.715	-0.703	6.874	-0.346
4.150	3.095	6.776	0.261
6.776	0.261	6.184	-0.005
6.776	0.261	7.103	-0.495
6.776	0.261	6.750	-0.072
1.664	6.857	4.150	3.095
4.150	3.095	4.800	3.682
4.150	3.095	3.930	4.476
4.150	3.095	3.033	2.922
4.150	3.095	2.856	2.624
-1.902	7.040	1.664	6.857
1.664	6.857	0.658	5.885
1.664	6.857	2.138	6.467
1.664	6.857	1.975	7.804
-0.064	8.204	-1.902	7.040
-1.902	7.040	1.296	8.044
-1.902	7.040	-0.742	8.511
-1.902	7.040	-0.860	7.871
-1.902	7.040	0.125	7.049
1.620	7.791	-0.064	8.204
-0.064	8.204	0.136	6.793
-0.064	8.204	-1.827	7.364
-0.064	8.204	1.522	7.455
-0.064	8.204	0.540	7.769
0.991	5.790	1.620	7.791
1.620	7.791	-2.473	9.285
1.620	7.791	0.790	9.032
1.620	7.791	1.005	7.315
2.272	4.541	0.991	5.790
0.991	5.790	1.546	5.940
0.991	5.790	0.623	4.636
0.991	5.790	-0.311	4.097
0.991	5.790	-0.093	4.920
0.991	5.790	0.016	6.504
0.991	5.790	0.966	5.220
0.996	0.986	2.272	4.541
2.272	4.541	2.011	4.623
2.272	4.541	1.464	4.347
2.272	4.541	1.710	5.444
2.272	4.541	1.028	4.584
3.313	-1.927	0.996	0.986
0.996	0.986	2.862	1.053
0.996	0.986	1.575	1.234
0.996	0.986	0.692	1.076
0.996	0.986	2.279	1.689
2.549	-0.961	3.313	-1.927
3.313	-1.927	0.897	-3.942
3.313	-1.927	-0.541	-1.764
3.313	-1.927	1.838	-0.219
0.000	0.000	2.549	-0.961
2.549	-0.961	2.430	-3.182
2.549	-0.961	-0.174	-2.501
2.549	-0.961	0.793	2.922
2.549	-0.961	1.357	-0.411
POLYLINE BLACK
21.125	-9.240
21.125	-8.640
21.425	-7.890
22.175	-7.890
22.475	-8.940
22.475	-10.140
22.325	-10.590
22.625	-10.590
23.075	-11.340
23.075	-12.390
22.925	-12.990
22.325	-13.440
22.025	-13.290
POLYLINE BLACK
20.525	-12.390
20.525	-13.440
20.675	-14.040
20.825	-14.640
POLYLINE BLACK
16.925	-8.040
16.925	-8.790
16.775	-9.840
16.775	-10.590
17.375	-11.040
18.725	-9.990
19.025	-11.340
19.025	-12.990
POLYLINE BLACK
12.925	-11.490
13.725	-11.690
13.925	-11.590
POLYLINE BLACK
12.925	-10.490
13.225	-10.490
13.425	-10.590
13.825	-10.490
14.025	-10.590
POLYLINE BLACK
10.325	-10.790
10.325	-9.790
10.525	-9.290
10.725	-9.490
10.925	-9.490
11.225	-9.990
11.425	-10.990
11.325	-11.490
11.225	-11.990
10.925	-12.390
10.925	-12.390
11.325	-12.390
POLYLINE BLACK
9.625	-11.890
9.625	-12.890
POLYLINE BLACK
7.425	-12.190
8.325	-10.090
8.625	-9.690
8.625	-11.990
8.725	-12.190
POLYLINE GREEN
4.465	-4.070
POLYLINE GREEN
4.825	-3.590
4.765	-3.770
4.555	-3.890
4.495	-3.890
4.315	-4.190
4.285	-4.310
3.955	-4.970
3.925	-5.090
3.715	-5.810
3.625	-5.990
3.595	-6.110
3.565	-6.230
3.565	-6.410
3.535	-6.470
3.625	-6.710
3.685	-6.770
3.715	-6.890
4.015	-6.890
4.045	-6.980
4.105	-6.980
4.255	-7.130
4.315	-7.340
4.315	-7.580
4.225	-7.670
4.105	-7.700
3.865	-7.880
3.775	-8.000
3.775	-8.060
3.565	-8.360
3.445	-8.450
3.325	-8.450
3.205	-8.420
2.995	-8.420
2.875	-8.450
2.755	-8.450
2.695	-8.420
2.635	-8.450
2.545	-8.360
2.395	-8.330
2.335	-8.270
2.275	-8.270
2.095	-8.030
2.005	-7.790
1.885	-7.670
1.705	-7.280
1.255	-6.740
1.225	-6.620
1.105	-6.440
0.865	-6.200
0.655	-5.930
0.595	-5.900
0.565	-5.780
0.475	-5.480
0.445	-5.360
0.415	-5.240
0.415	-5.150
0.385	-5.030
0.325	-4.970
0.295	-4.700
0.235	-4.520
0.235	-4.430
0.205	-4.310
POLYLINE GREEN
4.945	-3.650
4.975	-3.320
5.035	-3.080
5.095	-3.020
POLYLINE GREEN
2.575	-4.670
2.695	-4.640
2.755	-4.610
2.875	-4.640
3.055	-4.640
3.115	-4.610
3.175	-4.640
3.445	-4.580
3.565	-4.550
3.625	-4.580
3.925	-4.340
4.435	-3.800
4.465	-3.650
4.645	-3.350
4.735	-3.230
4.735	-3.170
4.855	-3.170
4.855	-3.110
4.915	-3.140
4.975	-3.080
5.035	-3.110
POLYLINE GREEN
2.275	-5.090
2.305	-4.940
2.365	-4.910
2.395	-4.820
2.575	-4.670
2.755	-4.640
POLYLINE GREEN
1.705	-4.610
1.705	-4.700
1.735	-4.820
1.735	-5.240
1.765	-5.360
1.855	-5.510
1.975	-5.570
2.035	-5.540
2.095	-5.570
2.245	-5.420
2.305	-5.180
2.305	-5.090
2.395	-4.850
POLYLINE GREEN
-0.245	-2.480
-0.085	-2.740
-0.045	-2.780
0.035	-2.780
0.075	-2.800
0.155	-2.780
0.355	-2.860
0.395	-2.900
0.435	-2.900
0.595	-3.020
0.735	-3.320
0.755	-3.420
0.895	-3.780
0.915	-3.880
0.915	-4.040
0.895	-4.120
0.775	-4.220
0.655	-4.260
0.575	-4.240
0.495	-4.240
0.455	-4.220
0.375	-4.240
0.255	-4.240
0.175	-4.260
0.135	-4.380
POLYLINE GREEN
-0.165	-2.660
-0.105	-2.740
-0.005	-2.740
0.035	-2.780
POLYLINE GREEN
0.855	-4.300
0.895	-4.480
0.895	-4.560
0.915	-4.600
POLYLINE GREEN
0.855	-4.320
POLYLINE GREEN
1.815	-3.760
1.795	-3.800
1.715	-3.800
1.575	-3.940
1.555	-4.040
1.575	-4.120
1.695	-4.400
1.715	-4.500
1.755	-4.620
1.755	-4.680
1.815	-4.840
POLYLINE GREEN
3.015	-2.820
2.735	-3.060
2.495	-3.100
2.015	-3.500
1.775	-3.740
1.735	-3.820
POLYLINE BLACK
13.785	-0.200
13.815	-0.020
13.905	0.190
13.965	0.250
14.115	0.070
14.115	-0.050
14.085	-0.140
13.995	-0.200
13.875	-0.410
13.815	-0.470
13.965	-0.620
13.995	-0.710
POLYLINE BLACK
13.905	-0.260
13.875	-0.560
13.875	-0.650
POLYLINE BLACK
13.215	-0.410
13.305	-0.380
13.395	-0.440
13.515	-0.470
POLYLINE BLACK
13.275	-0.560
13.365	-0.530
13.575	-0.140
13.605	-0.290
13.635	-0.560
13.635	-0.710
POLYLINE BLACK
13.275	-0.140
POLYLINE BLACK
13.185	-0.440
13.215	-0.560
13.245	-0.800
POLYLINE BLACK
12.585	-0.770
12.675	-0.320
12.705	-0.470
12.705	-0.590
12.735	-0.650
12.825	-0.530
12.885	-0.380
12.945	-0.320
12.945	-0.590
POLYLINE BLACK
12.225	-0.440
12.105	-0.560
12.075	-0.770
12.105	-0.830
12.195	-0.860
12.255	-0.830
12.315	-0.860
12.405	-0.710
12.435	-0.560
12.435	-0.440
12.315	-0.230
POLYLINE BLACK
11.685	-0.350
11.725	-0.310
11.905	-0.510
11.905	-0.610
11.865	-0.710
11.785	-0.730
POLYLINE BLACK
11.685	-0.350
11.705	-0.470
11.705	-0.670
11.745	-0.810
POLYLINE BLACK
11.305	-2.990
POLYLINE BLACK
11.245	-3.150
11.265	-3.250
11.265	-3.330
11.285	-3.410
11.285	-3.490
11.305	-3.590
POLYLINE BLACK
10.765	-3.410
10.845	-3.210
10.845	-3.110
10.845	-3.110
10.825	-3.210
10.825	-3.310
10.865	-3.490
10.885	-3.530
10.965	-3.430
11.005	-3.250
11.025	-3.170
POLYLINE BLACK
10.385	-3.030
10.445	-3.010
10.565	-3.070
10.605	-3.070
POLYLINE BLACK
10.525	-3.070
10.525	-3.430
POLYLINE BLACK
10.165	-3.350
10.345	-3.330
POLYLINE BLACK
10.105	-3.370
10.165	-3.350
10.165	-3.310
10.285	-3.190
10.305	-3.070
10.325	-3.030
10.305	-3.270
10.325	-3.370
10.345	-3.450
POLYLINE BLACK
9.765	-2.990
9.965	-3.010
10.045	-3.010
10.085	-3.030
POLYLINE BLACK
9.965	-3.090
9.925	-3.310
9.945	-3.430
POLYLINE BLACK
9.685	-3.030
9.605	-2.970
9.565	-2.970
9.505	-3.070
9.545	-3.170
9.665	-3.250
9.805	-3.250
9.825	-3.290
9.785	-3.390
9.745	-3.430
POLYLINE BLACK
9.385	-2.970
9.345	-2.930
9.265	-2.950
9.185	-3.090
9.165	-3.170
9.205	-3.270
9.285	-3.290
9.385	-3.250
9.445	-3.150
9.445	-3.070
POLYLINE BLUE
9.565	-2.630
9.645	-2.690
9.685	-2.670
9.725	-2.710
9.805	-2.710
10.005	-2.590
10.205	-2.370
POLYLINE BLUE
7.365	-0.370
7.425	-0.370
7.465	-0.470
7.725	-0.650
7.785	-0.710
8.185	-1.110
8.525	-1.470
8.565	-1.470
8.705	-1.610
8.785	-1.670
8.825	-1.650
8.945	-1.750
9.085	-1.850
9.205	-1.910
9.345	-1.930
9.465	-2.010
9.465	-2.050
9.545	-2.170
9.585	-2.270
9.585	-2.230
POLYLINE BLUE
6.940	-0.910
6.960	-0.950
7.100	-1.010
7.200	-1.110
7.280	-1.130
7.360	-1.250
7.460	-1.350
7.520	-1.410
7.600	-1.430
7.600	-1.490
7.680	-1.510
7.840	-1.610
8.180	-1.830
8.260	-1.850
8.500	-1.970
8.540	-1.950
8.580	-1.990
8.620	-1.990
8.700	-2.070
8.740	-2.050
8.980	-2.190
9.320	-2.510
9.360	-2.490
9.480	-2.570
9.520	-2.570
9.560	-2.610
9.640	-2.610
9.680	-2.630
9.720	-2.610
9.800	-2.630
POLYLINE BLUE
6.940	0.290
6.940	0.150
7.000	-0.050
7.000	-0.110
7.080	-0.230
7.160	-0.250
7.240	-0.270
7.280	-0.270
POLYLINE BLUE
6.440	-0.330
6.540	-0.450
6.560	-0.530
6.640	-0.670
6.720	-0.750
6.720	-0.790
6.880	-0.890
6.960	-0.870
7.040	-0.930
7.160	-0.930
7.200	-0.970
POLYLINE BLUE
4.160	2.710
4.720	2.150
4.920	1.950
4.920	1.830
5.360	1.390
5.480	1.190
5.600	1.070
5.840	0.750
5.840	0.670
5.920	0.590
5.960	0.430
6.240	-0.050
6.520	-0.450
POLYLINE BLUE
4.840	4.270
4.920	3.830
4.920	3.670
5.040	3.150
5.120	3.070
5.120	2.990
5.600	2.310
5.800	2.110
5.800	2.030
6.200	1.470
6.360	1.310
6.680	0.830
6.720	0.670
6.920	0.310
6.920	0.150
6.960	0.070
POLYLINE BLUE
4.800	0.670
4.960	0.590
POLYLINE BLUE
4.920	0.430
4.920	0.590
4.960	0.870
4.960	0.990
5.080	0.630
5.160	0.470
POLYLINE BLUE
4.680	0.830
4.680	0.670
4.600	0.590
4.600	0.510
4.680	0.470
POLYLINE BLUE
4.560	0.950
4.560	0.390
POLYLINE BLUE
4.280	0.870
4.320	0.750
4.280	0.590
4.280	0.270
4.440	0.390
POLYLINE BLUE
3.960	0.630
4.040	0.630
POLYLINE BLUE
4.080	0.630
4.040	0.910
4.080	0.710
4.200	0.510
4.240	0.350
POLYLINE BLUE
3.680	0.910
3.600	0.910
3.520	0.670
3.520	0.550
3.640	0.470
3.720	0.470
3.760	0.390
POLYLINE BLUE
3.400	1.990
3.800	1.630
POLYLINE BLUE
3.400	1.870
3.280	1.710
3.200	1.430
POLYLINE BLUE
3.360	1.870
3.520	1.510
3.640	1.350
3.800	1.070
3.880	0.990
POLYLINE BLUE
3.360	3.790
3.360	3.710
3.520	3.510
3.520	3.350
3.480	3.150
3.240	3.030
2.920	3.150
2.760	3.150
2.520	3.030
2.440	2.790
2.480	2.630
2.640	2.190
2.640	1.990
2.960	1.790
3.120	1.750
3.200	1.710
3.280	1.750
3.360	1.710
3.680	1.910
3.800	2.070
3.840	2.350
3.880	2.590
4.040	2.710
4.200	2.750
4.280	2.710
4.360	2.750
POLYLINE BLUE
2.200	7.710
2.640	6.950
2.640	6.870
2.840	6.630
2.880	6.270
3.160	5.710
3.160	5.590
3.520	4.990
3.640	4.870
3.720	4.710
3.880	4.590
4.040	4.550
4.200	4.430
4.280	4.430
4.440	4.310
4.520	4.310
4.680	4.190
4.760	4.190
4.800	4.110
4.880	4.110
4.960	4.030
POLYLINE BLUE
1.760	6.430
2.320	5.710
2.480	5.430
2.480	5.350
2.560	5.270
2.600	5.070
2.720	4.910
3.000	4.310
3.360	3.950
3.600	3.510
3.640	3.350
3.920	3.070
4.160	2.990
4.320	2.870
POLYLINE BLUE
15.880	23.830
17.280	23.830
17.680	24.030
POLYLINE BLUE
11.680	25.230
12.280	24.830
12.680	24.830
POLYLINE BLUE
11.680	26.430
13.480	26.630
13.880	26.830
13.280	26.030
12.280	23.030
12.280	22.230
POLYLINE BLUE
9.680	22.430
9.280	21.030
POLYLINE BLUE
4.680	24.630
5.080	24.630
5.680	25.230
6.880	25.430
7.480	25.830
7.880	25.830
8.280	26.230
POLYLINE BLUE
7.680	25.830
7.680	24.830
7.280	23.630
7.280	23.030
7.080	22.230
7.080	21.830
POLYLINE GREEN
25.680	18.630
25.680	18.030
24.880	17.230
24.080	15.630
24.080	13.830
24.480	12.630
25.280	12.830
26.080	13.630
26.080	14.630
25.480	15.230
24.680	15.430
23.680	16.030
23.280	15.830
POLYLINE GREEN
22.680	13.030
22.680	12.030
POLYLINE GREEN
17.680	14.230
18.480	15.630
20.080	17.830
20.080	16.630
19.880	15.830
19.880	15.230
19.680	14.230
19.680	13.630
19.480	12.630
19.480	12.230
POLYLINE GREEN
9.080	15.830
9.480	17.030
9.880	17.430
11.080	17.230
11.480	16.830
11.480	16.030
11.080	14.630
9.680	12.630
9.480	12.230
9.680	11.830
10.280	12.030
10.680	11.830
12.080	12.030
13.480	11.630
POLYLINE GREEN
0.240	4.490
POLYLINE GREEN
13.620	14.240
14.670	14.240
15.570	13.940
POLYLINE GREEN
8.670	12.740
8.370	11.990
8.370	11.240
POLYLINE GREEN
4.920	13.040
5.370	13.790
5.970	14.690
6.870	16.040
6.720	14.690
6.570	13.190
6.570	12.440
POLYLINE BLUE
1.720	6.520
1.810	6.430
1.930	6.370
2.080	6.040
2.110	5.920
2.140	5.800
2.140	5.740
POLYLINE BLUE
2.380	7.630
POLYLINE BLUE
0.070	8.290
0.370	8.170
0.430	8.110
0.580	8.080
0.700	8.050
0.760	7.990
0.820	8.020
0.880	7.930
1.000	7.960
1.240	7.900
1.300	7.840
1.480	7.840
1.540	7.870
1.660	7.780
1.750	7.750
1.810	7.780
2.050	7.690
2.080	7.630
2.200	7.600
2.260	7.570
2.320	7.600
2.350	7.540
2.470	7.510
2.590	7.450
POLYLINE BLUE
-0.290	6.760
-0.170	6.700
-0.050	6.730
0.190	6.670
0.460	6.610
0.520	6.640
0.640	6.610
0.820	6.610
1.000	6.550
1.090	6.580
1.210	6.550
1.330	6.550
1.390	6.580
1.450	6.550
1.570	6.580
1.870	6.520
2.050	6.460
2.050	6.400
2.140	6.310
POLYLINE BLUE
-1.760	6.790
-1.610	6.700
-1.490	6.700
-1.310	6.640
-1.130	6.640
-0.980	6.670
-0.860	6.700
-0.740	6.730
-0.500	6.760
-0.320	6.760
-0.200	6.790
POLYLINE BLUE
-0.680	6.680
-0.760	6.680
POLYLINE BLUE
-0.120	6.720
-0.120	6.800
0.160	7.120
0.200	7.280
0.200	7.360
POLYLINE BLUE
-0.480	6.760
-0.560	6.720
-0.800	6.800
POLYLINE BLUE
0.360	7.000
0.280	6.920
0.120	6.880
0.080	6.800
-0.160	6.800
-0.240	6.720
-0.400	6.760
-0.640	6.760
POLYLINE BLUE
0.120	8.240
-0.200	8.280
-0.520	8.200
-0.840	7.960
-1.000	8.000
-1.320	7.880
-1.480	7.840
-1.640	7.800
-1.880	7.480
-1.880	7.360
-1.960	7.200
-1.960	7.080
-1.920	7.000
POLYLINE GREEN
0.520	7.480
0.360	7.640
0.120	7.840
0.040	7.840
-0.240	8.120
-0.280	8.400
POLYLINE GREEN
-2.240	9.480
-2.080	9.560
-2.040	9.640
-1.960	9.560
-1.800	9.600
-1.760	9.520
-1.680	9.560
-1.520	9.520
-1.360	9.520
-1.200	9.480
-1.000	9.480
-0.760	9.400
-0.600	9.400
-0.440	9.360
-0.200	9.400
-0.120	9.320
0.120	9.320
0.200	9.360
0.520	9.280
0.680	9.240
0.960	9.160
POLYLINE GREEN
1.640	7.800
1.520	7.920
1.520	8.280
1.440	8.520
0.840	9.080
POLYLINE GREEN
0.640	7.040
0.800	7.280
0.840	7.560
0.760	7.520
0.400	7.680
0.240	7.720
0.160	7.680
0.000	7.800
-0.160	7.760
-0.600	7.960
-0.680	8.040
-1.040	8.120
-1.160	8.240
-1.320	8.280
-1.400	8.360
-1.480	8.360
-1.560	8.440
-1.720	8.440
-2.080	8.720
-2.280	8.920
-2.320	9.040
-2.400	9.080
-2.400	9.440
-2.360	9.520
POLYLINE GREEN
1.560	6.480
1.640	6.920
1.640	7.040
1.720	7.280
1.720	7.600
1.760	7.760
1.600	7.960
POLYLINE GREEN
1.560	6.080
1.520	6.240
1.600	6.520
1.600	6.600
POLYLINE GREEN
-0.240	4.640
-0.240	4.840
-0.200	4.920
-0.120	4.920
0.000	5.120
0.000	5.280
0.040	5.360
0.000	5.520
0.000	5.880
-0.040	6.040
-0.040	6.320
0.080	6.560
0.320	6.720
0.720	7.080
0.800	7.280
POLYLINE GREEN
0.800	1.080
0.720	1.640
0.720	1.840
0.840	2.080
0.880	2.240
0.960	2.320
1.000	2.520
1.120	2.760
1.120	2.920
1.240	3.360
1.240	3.480
1.320	3.800
1.400	4.200
1.360	4.280
1.200	4.320
0.720	4.480
0.240	4.360
-0.240	4.080
-0.320	4.320
-0.320	4.680
-0.240	4.840
POLYLINE GREEN
2.280	5.000
2.280	5.000
2.080	5.480
1.920	5.600
1.840	5.600
1.800	5.680
1.720	5.680
1.720	5.760
1.520	5.960
1.480	6.200
POLYLINE GREEN
2.640	1.360
2.680	1.640
2.520	2.280
2.440	2.680
2.400	3.160
2.400	3.680
2.360	3.960
2.360	4.520
2.400	4.680
2.360	4.840
2.360	5.040
POLYLINE GREEN
1.440	0.480
1.400	0.600
1.520	0.720
1.680	0.760
1.720	0.840
1.800	0.800
1.880	0.840
2.080	0.800
2.120	0.720
2.280	0.760
2.360	0.720
2.520	0.800
2.600	0.760
2.680	0.840
2.760	0.840
2.840	1.080
2.800	1.240
2.720	1.400
2.720	1.600
POLYLINE GREEN
1.560	0.400
1.440	0.600
1.480	0.760
1.480	0.840
POLYLINE GREEN
1.320	-0.600
1.080	0.040
0.960	0.280
0.960	0.360
0.880	0.440
0.880	0.560
0.800	0.800
0.920	1.160
0.960	1.240
POLYLINE GREEN
2.040	-0.240
1.880	-0.160
1.760	0.080
1.640	0.200
1.560	0.480
1.560	0.400
POLYLINE GREEN
0.360	-2.920
0.400	-3.000
0.480	-2.960
0.600	-3.120
0.640	-3.280
0.680	-3.560
POLYLINE GREEN
1.360	-0.440
1.480	-0.680
1.320	-0.920
0.840	-1.120
0.520	-1.360
0.160	-1.720
0.080	-1.760
0.040	-1.880
-0.040	-1.880
-0.280	-2.200
-0.320	-2.480
-0.280	-2.640
POLYLINE GREEN
1.800	-0.080
1.800	-0.160
1.920	-0.160
2.080	-0.240
2.280	-0.440
2.600	-0.640
2.800	-1.000
2.880	-1.040
2.920	-1.160
3.120	-1.360
3.280	-1.560
3.320	-1.720
3.400	-2.040
3.400	-2.280
3.120	-2.840
POLYLINE BLACK
-0.240	-2.200
-0.400	-2.120
-0.640	-1.800
-0.640	-1.680
-0.760	-1.240
-0.840	-0.600
-0.880	-0.520
-0.840	-0.440
-0.880	-0.360
-0.800	0.000
-0.640	0.160
-0.480	0.200
-0.400	0.120
-0.240	0.160
-0.040	0.160
0.040	0.200
0.200	0.120
POLYLINE BLACK
-0.200	0.120
-0.040	0.160
0.120	0.120
0.280	0.120
0.520	-0.040
0.600	-0.040
0.640	-0.120
0.720	-0.120
0.880	-0.240
0.960	-0.200
1.200	-0.280
1.360	-0.280
1.480	-0.120
1.120	0.560
0.920	1.000
0.840	1.480
0.840	1.600
0.800	1.760
0.760	1.960
0.600	2.600
0.600	3.000
0.680	3.160
0.840	3.200
1.080	3.040
1.400	2.440
1.480	2.240
1.640	2.000
1.760	1.720
1.840	1.640
1.880	1.480
1.920	1.280
1.960	1.120
2.120	0.600
2.120	0.400
2.200	0.160
2.280	0.080
2.280	0.000
2.520	-0.400
2.640	-0.840
2.680	-1.000
2.760	-1.440
2.760	-2.000
2.680	-2.320
2.640	-2.480
2.560	-2.840
2.400	-3.000
2.360	-3.120
2.200	-3.160
2.040	-3.200
1.640	-3.120
1.280	-2.960
1.200	-2.960
1.120	-2.880
1.040	-2.920
0.880	-2.800
0.720	-2.760
0.640	-2.680
0.560	-2.720
0.400	-2.600
0.320	-2.600
0.240	-2.520
0.160	-2.560
0.080	-2.480
-0.080	-2.440
-0.240	-2.360
-0.360	-2.200
POLYLINE BLACK
-0.240	0.400

ELEVATION
STATIONS
0.000	0.000	1.0
2.724	-2.401	1.1
3.955	-8.481	1.2
7.677	-6.897	1.3
11.454	-5.719	1.4
13.243	-3.925	1.5
15.341	-4.046	1.6
17.075	-15.915	1.7
19.251	-21.038	1.8
22.822	-22.682	1.9
27.332	-28.456	1.10
31.196	-31.870	1.11
32.162	-34.372	1.12
35.611	-35.586	1.13
38.238	-36.247	1.14
13.243	-3.925	2.0
15.511	0.933	2.1
18.737	4.054	2.2
3.955	-8.481	3.0
7.002	-8.455	3.1
8.042	-14.731	3.2
10.698	-13.848	3.3
15.808	-14.704	3.4
10.698	-13.848	4.0
12.970	-2.552	4.1
15.437	-5.178	4.2
18.575	-8.618	4.3
SHOTS
15.437	-5.178	18.575	-8.618
12.970	-2.552	15.437	-5.178
15.437	-5.178	15.536	-5.198
15.437	-5.178	15.834	-4.919
10.698	-13.848	12.970	-2.552
12.970	-2.552	11.527	-3.124
12.970	-2.552	11.410	-2.702
12.970	-2.552	13.365	-2.559
10.698	-13.848	10.698	-13.848
10.698	-13.848	15.808	-14.704
8.042	-14.731	10.698	-13.848
10.698	-13.848	12.338	-13.588
10.698	-13.848	7.345	-14.000
10.698	-13.848	8.874	-14.957
7.002	-8.455	8.042	-14.731
8.042	-14.731	6.870	-14.435
8.042	-14.731	6.802	-14.572
8.042	-14.731	10.433	-14.043
8.042	-14.731	11.718	-12.592
3.955	-8.481	7.002	-8.455
7.002	-8.455	6.898	-8.560
7.002	-8.455	6.643	-9.928
3.955	-8.481	3.955	-8.481
15.511	0.933	18.737	4.054
13.243	-3.925	15.511	0.933
15.511	0.933	15.410	0.954
15.511	0.933	15.620	1.783
15.511	0.933	15.910	-0.383
13.243	-3.925	13.243	-3.925
13.243	-3.925	15.489	0.883
35.611	-35.586	38.238	-36.247
32.162	-34.372	35.611	-35.586
31.196	-31.870	32.162	-34.372
32.162	-34.372	31.654	-34.400
32.162	-34.372	31.795	-36.167
27.332	-28.456	31.196	-31.870
31.196	-31.870	31.274	-31.898
31.196	-31.870	31.930	-31.819
31.196	-31.870	31.529	-31.183
22.822	-22.682	27.332	-28.456
27.332	-28.456	27.267	-28.394
27.332	-28.456	26.060	-28.471
27.332	-28.456	26.813	-28.448
27.332	-28.456	26.930	-28.382
19.251	-21.038	22.822	-22.682
22.822	-22.682	22.184	-22.532
22.822	-22.682	23.409	-22.698
22.822	-22.682	22.652	-21.923
17.075	-15.915	19.251	-21.038
19.251	-21.038	16.010	-21.076
19.251	-21.038	17.485	-20.988
19.251	-21.038	17.926	-23.140
19.251	-21.038	21.274	-23.095
15.341	-4.046	17.075	-15.915
17.075	-15.915	17.121	-15.855
17.075	-15.915	19.014	-16.287
17.075	-15.915	15.357	-15.850
17.075	-15.915	16.385	-17.138
13.243	-3.925	15.341	-4.046
15.341	-4.046	19.670	-4.155
15.341	-4.046	16.439	-4.019
15.341	-4.046	15.048	-3.795
11.454	-5.719	13.243	-3.925
13.243	-3.925	13.259	-3.920
13.243	-3.925	12.368	-3.682
13.243	-3.925	12.117	-3.491
13.243	-3.925	12.752	-3.572
13.243	-3.925	14.035	-3.530
13.243	-3.925	12.777	-0.828
7.677	-6.897	11.454	-5.719
11.454	-5.719	11.698	-6.911
11.454	-5.719	11.444	-5.478
11.454	-5.719	12.485	-5.390
11.454	-5.719	12.047	-2.362
3.955	-8.481	7.677	-6.897
7.677	-6.897	7.268	-6.735
7.677	-6.897	7.931	-7.915
7.677	-6.897	7.796	-6.837
7.677	-6.897	8.496	-3.265
2.724	-2.401	3.955	-8.481
3.955	-8.481	3.976	-8.220
3.955	-8.481	6.482	-8.153
3.955	-8.481	6.210	-8.267
0.000	0.000	2.724	-2.401
2.724	-2.401	4.344	-2.590
2.724	-2.401	1.045	-2.790
2.724	-2.401	-0.464	-2.875
2.724	-2.401	1.414	-2.654
POLYLINE GREEN
13.070	-1.740
13.190	-1.740
13.730	-2.460
14.150	-2.880
14.270	-2.880
14.330	-3.060
15.050	-3.480
15.110	-3.600
15.230	-3.600
15.530	-3.900
15.590	-4.140
POLYLINE GREEN
13.070	-3.240
13.190	-3.180
13.430	-3.540
13.970	-4.140
13.970	-4.260
14.270	-4.560
14.690	-4.980
14.870	-5.160
14.990	-5.160
15.110	-5.280
15.350	-5.340
15.470	-5.400
15.530	-5.580
15.650	-5.580
15.770	-5.700
POLYLINE GREEN
12.950	-1.800
12.950	-2.100
13.010	-2.340
13.250	-2.520
13.370	-2.460
POLYLINE GREEN
13.010	-1.560
12.950	-1.860
13.010	-2.100
POLYLINE GREEN
11.210	-2.340
11.510	-2.040
11.750	-1.980
POLYLINE GREEN
11.270	-4.440
11.270	-4.620
11.150	-4.740
11.090	-4.980
11.150	-5.220
11.090	-5.460
11.090	-5.700
11.150	-6.000
11.090	-6.240
11.210	-6.780
11.090	-7.140
11.090	-7.320
10.970	-7.800
10.970	-7.980
10.910	-8.220
10.910	-9.000
10.850	-9.240
10.790	-9.480
10.670	-9.960
10.490	-10.800
10.190	-11.400
9.770	-11.700
9.530	-11.700
POLYLINE GREEN
13.790	-8.220
POLYLINE GREEN
11.180	-2.470
11.180	-2.560
11.210	-2.680
11.540	-3.130
11.600	-3.250
11.600	-3.730
11.480	-4.120
11.420	-4.180
11.420	-4.240
11.150	-4.600
POLYLINE GREEN
11.840	-12.490
11.600	-12.430
11.480	-11.950
11.480	-11.710
11.660	-11.050
11.660	-10.810
11.960	-9.910
12.260	-8.710
12.500	-7.810
12.620	-7.450
12.620	-7.270
12.740	-6.790
12.860	-6.190
12.860	-5.830
12.920	-5.590
13.040	-4.870
13.040	-4.390
13.160	-3.910
13.160	-2.590
13.280	-2.470
13.340	-2.230
13.340	-2.230
POLYLINE BLACK
15.060	-14.950
15.300	-14.890
15.420	-14.950
15.660	-14.890
POLYLINE BLACK
14.640	-14.170
15.000	-14.290
15.060	-14.470
15.300	-14.470
15.540	-14.530
15.660	-14.470
15.780	-14.530
POLYLINE BLACK
14.400	-14.770
14.880	-14.770
15.120	-14.950
15.240	-14.890
POLYLINE BLACK
13.920	-14.050
14.160	-14.170
14.280	-14.350
14.280	-14.230
14.520	-14.230
14.640	-14.170
14.760	-14.290
15.000	-14.290
POLYLINE BLACK
8.640	-15.070
9.180	-15.310
9.300	-15.250
9.420	-15.310
9.660	-15.130
10.020	-15.130
10.140	-15.010
10.380	-14.950
10.860	-14.710
11.100	-14.650
11.580	-14.530
11.820	-14.590
12.180	-14.590
12.420	-14.650
12.660	-14.710
12.780	-14.650
13.020	-14.710
13.500	-14.590
13.740	-14.650
13.980	-14.710
14.100	-14.650
14.340	-14.770
14.460	-14.710
14.580	-14.770
POLYLINE BLACK
11.520	-12.370
12.000	-12.970
12.480	-13.210
12.600	-13.510
12.720	-13.570
12.780	-13.750
12.900	-13.750
13.080	-13.930
13.200	-13.930
13.260	-14.050
13.380	-13.990
13.860	-14.110
14.220	-14.110
POLYLINE BLACK
6.240	-8.050
6.840	-8.470
6.960	-8.470
7.020	-8.350
7.260	-8.350
7.500	-8.470
7.620	-8.710
7.620	-8.710
7.800	-8.950
7.800	-9.310
7.860	-9.550
7.860	-9.790
8.340	-10.930
8.760	-11.350
8.880	-11.290
9.300	-11.650
9.300	-11.770
9.360	-11.650
9.360	-11.770
POLYLINE BLACK
7.020	-14.890
7.140	-14.830
7.380	-14.890
7.620	-14.830
7.860	-14.890
8.100	-14.890
8.580	-15.010
8.940	-15.010
9.420	-14.830
POLYLINE BLACK
4.440	-8.890
4.680	-8.950
4.800	-9.070
5.160	-9.130
5.280	-9.310
5.760	-9.430
6.000	-9.490
6.600	-10.150
6.720	-10.810
6.720	-11.050
6.780	-11.410
6.780	-14.170
6.960	-14.650
7.260	-15.010
POLYLINE BLACK
6.840	-7.930
6.600	-8.110
POLYLINE BLACK
7.920	-7.870
7.680	-7.870
7.560	-7.810
7.440	-7.870
7.200	-7.810
6.960	-7.870
6.840	-7.990
POLYLINE BLACK
15.900	-0.310
15.960	-0.550
POLYLINE BLACK
15.780	-2.470
15.840	-2.770
15.900	-3.010
16.140	-3.070
16.260	-3.070
16.380	-3.190
POLYLINE BLACK
17.040	-0.790
17.040	-1.270
16.680	-2.110
16.680	-2.530
16.440	-2.890
16.080	-2.950
16.020	-3.070
POLYLINE BLACK
15.300	-1.030
15.480	-1.510
15.720	-1.870
15.720	-2.890
POLYLINE BLACK
15.780	-0.730
15.780	-0.850
15.840	-0.730
POLYLINE BLACK
18.420	6.050
18.360	6.410
POLYLINE BLACK
17.520	7.130
17.520	7.430
17.640	7.790
17.880	8.090
18.120	8.150
18.300	7.910
18.300	7.670
17.880	6.770
18.000	6.590
18.360	6.710
18.840	7.190
POLYLINE BLACK
15.780	2.030
15.900	2.030
16.200	2.390
16.560	3.530
16.980	4.190
17.160	4.430
17.160	4.610
17.400	5.630
17.400	5.870
POLYLINE BLACK
19.380	-4.870
19.440	-4.630
19.620	-4.090
19.740	-3.970
19.740	-3.490
19.500	-3.010
19.500	-2.590
19.440	-2.350
19.440	-1.090
19.380	-0.790
19.320	-0.190
19.200	-0.070
19.200	0.170
18.960	1.130
18.960	1.550
19.200	2.510
19.200	2.990
19.140	3.230
19.020	3.770
18.660	4.610
18.660	4.730
18.540	4.850
18.540	4.970
POLYLINE BLACK
15.480	-0.850
15.540	-0.730
16.140	-0.610
16.260	-0.730
16.800	-0.790
17.040	-0.850
17.280	-0.850
POLYLINE BLACK
15.000	1.190
15.120	1.190
15.300	1.430
15.540	1.910
16.020	1.910
POLYLINE BLACK
15.360	-1.030
15.360	-0.790
15.600	-0.610
15.840	-0.550
16.320	-0.670
16.440	-0.790
16.560	-0.790
16.680	-0.910
16.920	-0.910
16.980	-0.790
POLYLINE BLACK
13.680	-0.670
14.160	-0.550
14.340	-0.370
14.700	0.410
14.760	0.650
15.180	1.070
15.540	1.070
POLYLINE BLACK
38.010	-34.620
38.010	-34.620
POLYLINE BLACK
38.010	-34.830
38.040	-34.980
38.040	-35.130
38.100	-35.310
POLYLINE BLACK
37.470	-35.220
37.470	-34.920
37.530	-34.710
37.680	-35.250
37.740	-35.250
37.830	-35.190
37.860	-34.980
POLYLINE BLACK
37.140	-34.740
37.350	-34.800
POLYLINE BLACK
37.170	-34.740
37.230	-34.800
37.260	-34.980
37.290	-35.130
POLYLINE BLACK
36.870	-34.980
POLYLINE BLACK
36.750	-35.160
36.840	-34.980
36.840	-34.830
36.870	-34.710
37.050	-35.130
POLYLINE BLACK
36.360	-34.620
36.570	-34.710
POLYLINE BLACK
36.510	-34.650
36.510	-34.800
36.600	-35.160
36.630	-35.220
POLYLINE BLACK
35.640	-35.220
35.610	-34.950
35.700	-34.860
35.820	-34.980
POLYLINE BLACK
36.120	-34.830
36.060	-34.800
36.030	-34.860
36.300	-35.070
36.360	-35.190
36.270	-35.310
36.210	-35.310
36.150	-35.250
36.150	-35.100
36.180	-35.010
POLYLINE BLACK
35.670	-35.160
35.760	-35.340
35.820	-35.340
35.910	-35.190
35.910	-34.950
POLYLINE BLACK
35.760	-36.120
35.880	-36.210
36.150	-36.240
36.270	-36.330
36.510	-36.360
36.630	-36.390
36.750	-36.420
36.990	-36.480
37.110	-36.540
37.170	-36.510
37.200	-36.600
37.320	-36.570
POLYLINE BLACK
35.700	-35.520
35.760	-35.610
35.880	-35.640
36.030	-35.700
36.420	-35.700
36.480	-35.730
36.600	-35.700
36.660	-35.700
36.720	-35.760
37.050	-35.760
37.290	-35.820
37.500	-35.820
37.560	-35.880
37.680	-35.910
37.800	-35.940
37.860	-35.940
37.920	-36.000
38.040	-36.000
38.280	-36.090
38.460	-36.240
38.520	-36.240
POLYLINE BLUE
35.280	-35.910
35.250	-35.850
35.340	-35.760
35.610	-35.820
35.760	-35.910
35.880	-36.270
35.730	-36.270
35.580	-36.180
35.460	-36.030
35.400	-35.820
35.550	-35.730
35.700	-35.790
35.880	-35.970
35.910	-36.090
35.760	-36.120
35.640	-36.090
35.550	-35.940
35.640	-35.820
35.760	-35.790
35.850	-35.940
35.820	-36.060
35.760	-36.090
35.550	-36.000
35.490	-35.940
35.670	-35.910
35.820	-35.880
35.880	-35.910
35.760	-36.030
35.670	-36.000
35.610	-36.030
35.490	-35.910
35.490	-35.790
35.610	-35.700
35.670	-35.700
35.790	-35.820
35.760	-35.940
35.610	-36.030
35.520	-36.000
35.460	-36.030
35.370	-36.000
35.340	-35.790
35.520	-35.640
35.670	-35.700
35.730	-35.790
35.730	-35.910
35.700	-36.000
35.550	-36.030
35.400	-36.000
35.310	-35.880
35.310	-35.820
35.370	-35.760
35.610	-35.700
35.760	-35.910
35.640	-36.030
35.490	-36.060
35.370	-36.060
35.220	-35.910
35.310	-35.820
35.550	-35.820
35.670	-35.970
35.670	-36.030
35.550	-36.120
35.370	-36.120
35.310	-36.060
35.310	-35.940
35.520	-35.820
35.700	-35.850
35.880	-36.000
35.880	-36.180
35.790	-36.330
35.670	-36.360
35.550	-36.240
35.520	-36.090
35.550	-36.000
35.700	-35.940
35.910	-36.000
35.970	-36.060
35.910	-36.180
POLYLINE BLACK
32.550	-36.510
32.790	-36.390
32.850	-36.420
32.970	-36.330
33.090	-36.360
33.210	-36.330
33.450	-36.300
33.540	-36.300
33.720	-36.240
33.840	-36.270
33.990	-36.210
34.050	-36.240
34.170	-36.210
34.410	-36.030
34.560	-36.000
34.620	-35.940
34.710	-35.940
34.830	-35.880
35.040	-35.880
35.100	-35.850
35.280	-35.940
35.430	-35.910
35.550	-35.970
35.730	-36.150
POLYLINE BLACK
34.290	-36.180
POLYLINE BLACK
33.240	-36.330
33.330	-36.360
33.570	-36.270
33.690	-36.180
33.810	-36.210
33.960	-36.210
34.020	-36.180
34.080	-36.210
34.140	-36.180
POLYLINE BLACK
31.660	-31.080
31.860	-31.280
31.980	-31.760
31.980	-31.880
32.100	-32.120
32.100	-32.480
32.060	-32.640
32.060	-33.120
32.100	-33.400
32.100	-34.080
32.180	-34.320
32.340	-34.360
32.500	-34.400
32.540	-34.480
32.860	-34.520
33.020	-34.560
33.180	-34.520
33.260	-34.600
33.420	-34.640
33.500	-34.600
33.580	-34.680
33.740	-34.680
33.980	-34.800
34.140	-34.840
34.660	-35.080
34.740	-35.160
34.820	-35.120
35.060	-35.280
35.140	-35.280
35.180	-35.360
35.260	-35.320
35.300	-35.400
35.380	-35.360
35.860	-35.680
POLYLINE BLACK
31.580	-34.640
31.540	-34.960
31.540	-35.160
31.620	-35.400
31.660	-35.560
31.780	-36.000
32.020	-36.320
32.260	-36.440
32.340	-36.440
32.420	-36.560
32.500	-36.520
32.580	-36.600
POLYLINE BLACK
30.860	-31.880
31.180	-32.280
31.220	-32.440
31.460	-32.840
31.500	-33.000
31.540	-33.160
31.620	-33.440
31.580	-33.600
31.660	-34.040
31.660	-34.440
31.500	-34.800
POLYLINE BLACK
28.900	-29.280
29.300	-29.600
29.540	-29.800
29.620	-29.800
29.900	-30.040
30.140	-30.200
30.220	-30.320
30.300	-30.320
30.780	-30.720
30.940	-30.840
31.020	-30.840
31.260	-31.040
31.420	-31.080
31.500	-31.120
31.580	-31.080
31.820	-31.160
POLYLINE BLACK
27.540	-28.280
27.580	-28.440
27.980	-28.800
28.220	-28.960
28.300	-28.960
28.620	-29.160
28.820	-29.200
28.860	-29.280
29.020	-29.320
29.100	-29.360
POLYLINE BLACK
26.260	-29.120
26.260	-29.200
26.460	-29.480
27.460	-30.000
27.540	-30.080
27.740	-30.120
28.180	-30.240
28.260	-30.320
28.580	-30.400
28.740	-30.520
28.820	-30.480
29.180	-30.720
29.260	-30.680
29.300	-30.760
29.380	-30.760
29.700	-30.960
29.820	-31.080
29.980	-31.200
30.060	-31.400
30.140	-31.480
30.220	-31.480
30.500	-31.680
30.540	-31.760
30.820	-31.760
30.980	-31.880
31.060	-31.840
31.140	-31.920
31.300	-31.920
31.380	-32.000
POLYLINE BLACK
23.180	-23.560
23.180	-23.720
23.340	-24.280
23.500	-24.560
23.700	-24.680
23.740	-24.880
23.940	-25.080
24.060	-25.280
24.260	-25.400
24.420	-25.640
24.540	-25.800
24.620	-26.000
24.700	-26.000
24.820	-26.200
25.100	-26.480
25.220	-26.720
25.460	-27.040
25.620	-27.200
25.700	-27.200
25.900	-27.480
25.940	-27.640
26.020	-27.880
26.020	-28.080
26.060	-28.240
26.060	-28.600
26.100	-28.760
26.140	-29.040
26.300	-29.160
POLYLINE BLACK
23.900	-23.000
23.980	-23.080
24.020	-23.240
24.300	-23.520
24.580	-23.640
24.580	-23.760
24.620	-23.840
24.740	-23.840
25.180	-24.400
25.540	-24.920
25.700	-25.200
26.140	-25.720
26.540	-26.480
26.620	-26.560
26.620	-26.680
26.740	-26.920
26.780	-27.080
27.140	-27.680
27.220	-27.800
27.260	-27.960
27.340	-28.200
27.420	-28.320
27.500	-28.640
27.460	-28.760
POLYLINE BLACK
21.860	-22.980
21.980	-22.860
22.220	-22.920
22.460	-22.860
22.580	-22.860
22.760	-23.040
23.060	-23.340
23.180	-23.760
23.300	-23.880
POLYLINE BLACK
23.000	-21.360
23.420	-22.380
23.480	-22.620
23.720	-22.980
24.020	-23.220
24.140	-23.220
POLYLINE BLACK
19.520	-20.040
19.520	-20.640
19.700	-21.000
20.060	-21.120
20.240	-21.120
20.720	-21.300
20.960	-21.300
21.080	-21.360
21.320	-21.300
21.560	-21.300
21.620	-21.420
21.740	-21.360
22.460	-21.600
22.700	-21.540
23.180	-21.720
23.300	-21.660
POLYLINE BLACK
16.160	-21.360
16.160	-21.480
16.460	-21.840
16.460	-22.020
17.480	-23.220
18.080	-23.220
18.200	-23.340
18.320	-23.220
19.040	-23.100
19.280	-23.160
19.520	-23.100
19.820	-23.280
20.060	-23.220
20.180	-23.280
20.720	-23.160
20.960	-23.160
21.200	-23.100
21.320	-23.160
21.440	-23.040
21.680	-23.040
POLYLINE BLACK
17.960	-23.340
17.720	-23.280
POLYLINE BLACK
16.400	-16.980
16.700	-17.820
16.700	-18.060
16.640	-18.300
16.460	-19.080
16.220	-19.800
16.220	-20.220
16.100	-20.580
16.040	-21.060
16.160	-21.480
POLYLINE BLACK
18.680	-16.020
18.680	-16.200
19.040	-16.800
19.040	-16.920
19.160	-17.040
19.160	-17.220
19.340	-17.700
19.460	-18.360
19.400	-18.840
19.400	-19.080
19.460	-19.320
19.460	-19.740
19.520	-19.980
19.520	-20.400
19.460	-20.700
19.460	-21.120
19.400	-21.240
POLYLINE BLACK
23.780	-8.160
POLYLINE BLACK
19.400	-4.800
19.340	-5.160
19.280	-5.400
19.220	-5.640
19.220	-5.880
19.040	-6.660
19.040	-6.960
18.980	-7.380
18.980	-8.220
18.860	-8.460
18.800	-9.240
18.620	-9.720
18.620	-9.900
18.560	-10.140
18.560	-10.380
18.380	-11.220
18.440	-11.460
18.380	-11.880
18.440	-12.120
18.440	-12.420
18.500	-12.660
18.560	-13.200
18.560	-13.500
18.620	-13.800
18.620	-15.900
18.740	-16.380
18.860	-16.440
POLYLINE BLACK
14.540	-4.380
14.780	-4.200
14.900	-4.200
15.200	-4.560
15.320	-4.920
15.320	-5.760
15.380	-6.180
15.380	-6.420
15.320	-6.540
15.380	-6.780
15.320	-7.020
15.380	-7.320
15.320	-7.620
15.320	-8.280
15.260	-8.520
15.200	-9.060
15.200	-10.560
15.140	-10.800
15.140	-12.600
15.200	-12.840
15.260	-13.380
15.320	-13.620
15.320	-14.640
15.260	-14.880
15.260	-15.600
15.440	-16.140
15.860	-16.620
15.980	-16.860
16.220	-16.920
16.340	-17.040
16.460	-16.980
16.520	-17.100
16.760	-17.040
17.000	-17.160
17.240	-17.100
POLYLINE BLACK
13.200	-4.120
13.440	-4.040
13.840	-4.160
13.920	-4.240
14.080	-4.240
14.240	-4.280
14.640	-4.280
14.720	-4.320
14.800	-4.280
14.880	-4.320
14.960	-4.280
15.040	-4.320
15.200	-4.280
15.360	-4.280
POLYLINE BLACK
12.040	-2.280
12.400	-1.880
12.520	-1.720
12.560	-1.560
12.520	-1.360
12.520	-1.040
12.600	-0.800
12.720	-0.760
12.760	-0.640
12.920	-0.680
13.000	-0.600
13.440	-0.600
13.600	-0.640
13.680	-0.640
13.720	-0.720
13.880	-0.680
14.120	-0.760
POLYLINE BLACK
11.760	-6.920
11.760	-6.840
12.120	-6.240
12.240	-5.640
12.600	-4.960
12.840	-4.560
12.920	-4.520
12.920	-4.440
13.200	-4.040
13.440	-3.960
13.520	-3.960
POLYLINE BLACK
8.360	-3.000
8.520	-3.040
8.600	-3.000
8.800	-3.040
8.960	-3.040
9.400	-2.880
9.480	-2.880
9.560	-2.800
9.720	-2.760
9.920	-2.720
10.080	-2.680
10.400	-2.520
10.680	-2.520
10.920	-2.440
11.080	-2.440
11.160	-2.400
11.240	-2.440
11.400	-2.400
11.800	-2.400
11.960	-2.320
12.040	-2.360
12.280	-2.280
POLYLINE BLACK
8.840	-7.640
9.080	-7.520
9.240	-7.480
9.320	-7.400
9.480	-7.400
9.800	-7.280
9.960	-7.240
10.040	-7.280
10.280	-7.200
10.480	-7.240
10.800	-7.040
10.880	-6.960
11.400	-6.880
11.720	-6.880
11.800	-6.840
POLYLINE BLACK
8.120	-7.840
8.200	-7.760
8.360	-7.760
8.600	-7.640
8.760	-7.600
8.920	-7.520
POLYLINE BLACK
3.840	-5.520
3.840	-5.760
3.880	-5.920
3.920	-6.120
4.080	-6.280
4.240	-6.400
4.320	-6.400
4.720	-6.640
4.960	-6.760
5.080	-6.720
5.240	-6.760
5.320	-6.720
5.360	-6.800
5.800	-6.760
6.080	-6.760
6.320	-6.680
6.520	-6.440
6.560	-6.280
6.600	-6.040
6.680	-5.720
6.680	-5.600
6.760	-5.440
6.760	-5.320
6.880	-5.000
6.960	-4.560
6.960	-4.320
6.880	-3.960
7.000	-3.680
7.000	-3.480
7.040	-3.320
7.200	-3.200
7.280	-3.200
7.360	-3.120
7.440	-3.160
7.720	-3.080
8.280	-3.080
8.360	-3.040
8.440	-3.120
8.520	-3.040
8.600	-3.080
POLYLINE BLACK
0.820	-5.940
1.000	-6.420
1.240	-6.660
1.300	-6.900
1.540	-7.740
1.840	-8.220
2.320	-8.460
2.560	-8.400
2.680	-8.520
2.800	-8.520
3.040	-8.700
3.280	-8.640
3.520	-8.760
3.760	-8.700
3.880	-8.760
4.060	-8.700
4.300	-8.760
4.540	-8.760
4.780	-8.820
4.900	-8.820
POLYLINE BLACK
3.760	-0.480
4.060	-1.140
4.120	-1.380
4.300	-1.860
4.300	-2.280
4.360	-2.400
4.240	-2.760
4.300	-3.180
4.120	-3.360
3.940	-3.540
3.820	-4.200
3.820	-5.400
3.760	-5.820
3.760	-5.940
POLYLINE BLACK
0.380	-5.700
0.620	-6.100
0.980	-6.460
1.060	-6.660
1.300	-7.060
1.540	-7.740
1.620	-7.820
1.660	-8.140
1.580	-8.340
1.420	-8.500
1.420	-8.420
1.340	-8.500
POLYLINE BLACK
5.940	-4.060
POLYLINE BLACK
4.540	-1.140
POLYLINE BLACK
0.220	-3.980
0.220	-4.180
0.380	-4.540
0.380	-4.900
0.420	-5.060
0.420	-5.180
0.460	-5.340
0.460	-5.580
0.420	-5.740
0.420	-5.980
POLYLINE BLACK
0.020	-0.100
-0.100	-0.260
-0.100	-0.420
-0.260	-1.020
-0.260	-1.380
-0.300	-1.540
-0.300	-2.140
-0.340	-2.340
-0.340	-2.700
-0.380	-2.860
-0.220	-3.580
-0.180	-3.740
-0.060	-3.940
0.060	-4.060
0.100	-4.140
