TRIP
DATE 2005-07-01 
DECLINATION     0.00
DATA
0.0	1.0	188.41	19.91	5.917	>
1.0	1.1	312.40	2.65	9.349	>
1.1		210.71	85.32	1.440	>
1.1		103.91	-5.44	4.070	>
1.1		147.92	-0.17	6.800	>
1.1		277.52	53.20	1.620	>
1.1		17.23	15.64	4.190	>
1.1		306.44	43.25	1.200	>
1.1	1.2	336.91	42.76	4.286	>
1.2		188.02	-75.44	0.570	>
1.2		197.22	-74.30	0.549	>
1.2		326.24	-21.83	0.250	>
1.2		166.68	20.26	0.500	>
1.2		265.30	61.87	0.311	>
1.3	1.2	78.27	-28.57	1.389	>
1.3		71.61	-2.79	0.390	>
1.3		71.57	87.74	0.240	>
1.3		290.18	20.32	0.631	>
1.3		21.45	-75.49	0.600	>
1.3	1.4	342.09	1.38	3.360	>
1.4	1.5	13.14	-6.25	2.213	>
1.4		85.14	3.15	0.710	>
1.4		85.87	54.30	0.500	>
1.4		79.17	-54.32	0.840	>
1.4		287.29	75.83	1.099	>
1.4		268.15	-6.89	0.250	>
1.4		79.14	-84.38	1.030	>
1.5	1.6	10.03	-28.54	2.549	>
1.6	1.7	349.40	-4.08	11.403	>

PLAN
STATIONS
0.000	0.000	0.0
-0.814	-5.503	1.0
-7.711	0.794	1.1
-8.945	3.689	1.2
-10.139	3.441	1.3
-11.172	6.637	1.4
-10.672	8.779	1.5
-10.282	10.984	1.6
-12.375	22.164	1.7
SHOTS
-10.282	10.984	-12.375	22.164
-10.672	8.779	-10.282	10.984
-11.172	6.637	-10.672	8.779
-10.139	3.441	-11.172	6.637
-11.172	6.637	-10.466	6.697
-11.172	6.637	-10.881	6.658
-11.172	6.637	-10.691	6.729
-11.172	6.637	-11.429	6.717
-11.172	6.637	-11.420	6.629
-11.172	6.637	-11.073	6.656
-8.945	3.689	-10.139	3.441
-10.139	3.441	-9.769	3.564
-10.139	3.441	-10.130	3.444
-10.139	3.441	-10.694	3.645
-10.139	3.441	-10.084	3.581
-7.711	0.794	-8.945	3.689
-8.945	3.689	-8.965	3.547
-8.945	3.689	-8.989	3.547
-8.945	3.689	-9.074	3.882
-8.945	3.689	-8.837	3.233
-8.945	3.689	-9.091	3.677
-0.814	-5.503	-7.711	0.794
-7.711	0.794	-7.771	0.693
-7.711	0.794	-3.778	-0.180
-7.711	0.794	-4.100	-4.968
-7.711	0.794	-8.673	0.921
-7.711	0.794	-6.516	4.648
-7.711	0.794	-8.414	1.313
0.000	0.000	-0.814	-5.503
POLYLINE BLACK
-8.627	3.145
-8.597	3.115
-8.567	3.085
-8.577	3.095
-8.527	3.065
-8.647	3.155
-8.617	3.155
-8.547	3.105
-8.537	3.085
-8.597	3.125
-8.527	3.065
-8.647	3.145
-8.567	3.115
-8.527	3.085
-8.517	3.055
-8.577	3.105
-8.517	3.065
-8.537	3.085
-8.637	3.135
-8.657	3.155
-8.517	3.075
-8.487	3.045
-8.557	3.095
-8.647	3.145
-8.617	3.145
-8.577	3.115
-8.647	3.155
-8.507	3.075
-8.577	3.125
-8.577	3.125
-8.557	3.115
POLYLINE BLACK
-8.577	3.325
-8.567	3.285
-8.467	3.215
-8.487	3.215
-8.587	3.315
-8.467	3.235
-8.457	3.215
-8.547	3.285
-8.527	3.285
-8.447	3.205
-8.517	3.245
-8.597	3.335
-8.467	3.225
-8.557	3.285
-8.597	3.325
-8.607	3.355
-8.457	3.245
-8.487	3.245
-8.597	3.355
-8.577	3.325
-8.467	3.265
-8.437	3.225
-8.537	3.325
-8.457	3.275
-8.437	3.235
-8.467	3.245
-8.617	3.355
-8.497	3.265
-8.477	3.255
-8.497	3.255
-8.587	3.325
-8.597	3.345
-8.517	3.325
-8.427	3.275
-8.417	3.255
POLYLINE BLACK
-8.447	3.645
-8.417	3.555
-8.417	3.535
-8.357	3.475
-8.357	3.455
-8.417	3.505
-8.337	3.425
-8.337	3.445
-8.397	3.495
-8.367	3.455
-8.467	3.535
-8.467	3.535
-8.357	3.465
-8.347	3.445
-8.437	3.495
-8.477	3.535
-8.407	3.495
-8.347	3.435
-8.457	3.515
-8.477	3.545
-8.387	3.475
-8.447	3.515
-8.427	3.515
-8.367	3.475
-8.487	3.565
-8.437	3.555
-8.317	3.455
-8.337	3.455
-8.437	3.505
-8.457	3.525
-8.337	3.435
-8.347	3.465
-8.377	3.475
-8.387	3.495
-8.327	3.435
-8.407	3.485
-8.327	3.435
-8.347	3.465
-8.447	3.515
-8.357	3.465
POLYLINE BLACK
-10.547	8.985
-10.547	8.975
-10.557	8.955
-10.557	8.945
-10.562	8.965
-10.557	8.985
-10.557	8.975
-10.567	8.955
-10.567	8.940
-10.557	8.965
-10.552	8.995
-10.542	9.020
-10.542	9.010
-10.567	8.970
-10.577	8.945
-10.572	8.990
-10.567	9.005
-10.567	8.985
POLYLINE BLACK
-10.592	9.035
-10.592	9.025
-10.612	8.995
-10.597	9.030
-10.597	9.030
-10.617	9.000
-10.607	9.020
-10.607	9.020
-10.607	9.010
-10.607	9.010
-10.602	9.030
-10.622	8.980
-10.622	8.970
-10.622	8.985
-10.617	9.005
-10.597	9.020
-10.612	8.985
-10.612	9.000
-10.597	9.020
-10.612	8.990
POLYLINE BLACK
-10.667	9.090
-10.667	9.070
-10.662	9.060
-10.672	9.055
-10.682	9.035
-10.682	9.025
-10.662	9.070
-10.662	9.090
-10.677	9.050
-10.692	9.030
-10.692	9.020
POLYLINE BLACK
-10.737	9.135
-10.732	9.115
-10.707	9.110
-10.627	9.070
-10.587	9.035
-10.577	9.030
-10.562	9.010
-10.537	9.000
-10.507	9.000
-10.497	8.995
-10.492	8.985
POLYLINE BLACK
-10.617	9.030
-10.482	8.970
-10.512	8.970
-10.572	8.985
-10.602	9.015
-10.647	9.030
-10.662	9.060
-10.662	9.030
POLYLINE BLACK
-11.187	6.660
-11.172	6.690
-11.217	6.870
-11.217	6.990
-11.232	7.050
-11.232	7.260
-11.217	7.335
-11.217	7.485
-11.187	7.545
-11.172	7.680
-11.112	7.920
-11.097	7.980
-11.097	8.010
-10.932	8.355
-10.902	8.385
-10.902	8.445
-10.887	8.505
-10.842	8.565
-10.842	8.610
-10.812	8.670
-10.812	8.700
-10.782	8.760
-10.782	8.790
-10.767	8.850
-10.767	8.910
-10.752	8.940
-10.752	9.045
-10.737	9.105
-10.737	9.195
-10.722	9.270
-10.722	9.300
-10.707	9.360
-10.707	9.435
-10.662	9.600
-10.662	9.630
-10.632	9.750
-10.632	9.795
-10.602	9.930
-10.602	9.960
-10.512	10.095
-10.467	10.230
-10.512	10.395
-10.527	10.530
-10.482	10.695
-10.482	10.800
-10.437	10.905
-10.347	11.025
-10.287	11.175
-10.227	11.265
POLYLINE BLACK
-10.612	8.945
-10.572	8.805
-10.552	8.855
-10.552	8.915
-10.532	9.005
-10.512	9.085
-10.482	9.225
-10.482	9.265
-10.462	9.305
-10.462	9.335
-10.422	9.445
-10.402	9.595
-10.392	9.645
-10.392	9.705
-10.382	9.745
-10.382	9.795
-10.352	9.925
-10.352	9.965
-10.312	10.135
-10.292	10.245
-10.292	10.275
-10.282	10.315
-10.282	10.355
-10.252	10.495
-10.242	10.575
-10.242	10.635
-10.222	10.725
-10.222	10.765
-10.212	10.805
-10.212	10.845
-10.202	10.865
-10.212	10.905
-10.212	10.955
-10.222	10.995
-10.232	11.035
-10.262	11.095
-10.272	11.175
-10.272	11.235
-10.262	11.265
POLYLINE BLACK
-10.792	7.085
-10.702	6.860
-10.732	6.890
-10.732	6.920
-10.747	6.980
-10.762	7.145
-10.762	7.355
-10.747	7.415
-10.747	7.730
-10.732	7.805
-10.732	7.925
-10.717	7.985
-10.717	8.135
-10.702	8.195
-10.702	8.255
-10.687	8.330
-10.687	8.390
-10.657	8.510
-10.657	8.555
-10.582	8.825
POLYLINE BLACK
-10.237	4.250
-10.147	4.025
-10.102	3.965
-10.147	4.025
-10.147	4.070
-10.192	4.160
-10.192	4.190
-10.267	4.400
-10.267	4.430
-10.327	4.550
-10.357	4.715
-10.372	4.775
-10.402	4.940
-10.417	5.000
-10.417	5.075
-10.432	5.135
-10.417	5.270
-10.447	5.360
-10.507	5.450
-10.507	5.525
-10.477	5.585
-10.477	5.675
-10.462	5.735
-10.462	5.810
-10.477	5.840
-10.477	5.915
-10.492	5.975
-10.462	6.095
-10.522	6.260
-10.522	6.290
-10.582	6.500
-10.597	6.560
-10.612	6.635
-10.732	6.875
POLYLINE BLACK
-10.432	4.070
-10.312	3.800
-10.312	3.800
-10.312	3.830
-10.387	4.010
-10.432	4.070
-10.447	4.145
-10.477	4.175
-10.507	4.280
-10.567	4.415
-10.567	4.445
-10.642	4.610
-10.642	4.640
-10.687	4.820
-10.687	4.850
-10.732	5.000
-10.732	5.045
-10.747	5.105
-10.747	5.150
-10.762	5.210
-10.777	5.345
-10.792	5.405
-10.792	5.435
-10.822	5.510
-10.867	5.570
-10.867	5.600
-10.987	5.750
-11.047	5.840
-11.047	5.885
-11.092	5.975
-11.092	6.080
-11.107	6.140
-11.107	6.440
-11.122	6.500
-11.122	6.575
-11.152	6.665
POLYLINE BLACK
-9.842	3.615
-9.872	3.615
-9.882	3.620
-9.902	3.615
-9.912	3.620
-9.922	3.615
-9.942	3.620
-9.952	3.615
-9.962	3.620
-9.982	3.615
-9.992	3.620
-10.002	3.615
-10.012	3.620
-10.042	3.610
-10.082	3.640
-10.092	3.660
-10.092	3.670
-10.097	3.690
-10.097	3.700
-10.102	3.720
-10.102	3.745
-10.107	3.765
-10.107	3.815
-10.127	3.870
-10.137	3.880
-10.137	3.890
-10.162	3.940
-10.182	3.970
POLYLINE BLACK
-10.117	3.375
-10.167	3.405
-10.177	3.405
-10.207	3.425
-10.257	3.445
-10.277	3.445
-10.307	3.455
-10.342	3.460
-10.362	3.465
-10.372	3.465
-10.382	3.475
-10.422	3.485
-10.447	3.485
-10.487	3.505
-10.497	3.505
-10.517	3.520
-10.527	3.520
-10.577	3.545
-10.587	3.555
-10.597	3.555
-10.627	3.580
-10.632	3.590
-10.642	3.590
-10.662	3.610
-10.672	3.610
-10.677	3.620
-10.687	3.620
-10.687	3.630
-10.697	3.640
-10.697	3.650
-10.692	3.670
-10.672	3.690
-10.657	3.690
-10.647	3.700
-10.627	3.700
-10.607	3.705
-10.567	3.695
-10.557	3.700
-10.537	3.695
-10.512	3.690
-10.492	3.685
-10.472	3.665
-10.462	3.665
-10.432	3.650
-10.397	3.650
-10.382	3.630
-10.372	3.635
-10.347	3.620
-10.337	3.620
-10.317	3.610
-10.307	3.610
-10.287	3.595
-10.277	3.595
-10.257	3.585
-10.237	3.600
-10.232	3.620
-10.232	3.630
-10.247	3.670
-10.262	3.690
-10.262	3.700
-10.277	3.730
-10.277	3.750
-10.292	3.790
-10.292	3.800
-10.302	3.810
POLYLINE BLACK
-8.990	3.297
-8.976	3.262
-8.990	3.255
-9.018	3.262
-9.081	3.255
-9.123	3.262
-9.165	3.248
-9.193	3.255
-9.228	3.248
-9.256	3.248
-9.284	3.241
-9.298	3.241
-9.319	3.227
-9.375	3.227
-9.389	3.220
-9.417	3.227
-9.438	3.227
-9.494	3.213
-9.522	3.213
-9.536	3.206
-9.606	3.206
-9.634	3.199
-9.648	3.206
-9.676	3.199
-9.704	3.206
-9.718	3.199
-9.802	3.199
-9.858	3.220
-9.893	3.213
-9.907	3.213
-9.949	3.248
-9.991	3.283
-10.005	3.283
-10.047	3.311
-10.061	3.332
-10.089	3.353
-10.103	3.353
-10.110	3.367
-10.152	3.402
-10.159	3.416
-10.145	3.416
POLYLINE BLACK
-9.095	3.878
-9.081	3.864
-9.095	3.850
-9.109	3.850
-9.130	3.822
-9.256	3.745
-9.284	3.724
-9.298	3.731
-9.340	3.710
-9.354	3.710
-9.382	3.682
-9.396	3.682
-9.424	3.675
-9.445	3.675
-9.473	3.661
-9.501	3.661
-9.578	3.633
-9.592	3.633
-9.620	3.619
-9.634	3.619
-9.648	3.605
-9.662	3.605
-9.690	3.584
-9.704	3.584
-9.718	3.570
-9.746	3.577
-9.760	3.577
-9.788	3.563
-9.830	3.591
-9.858	3.612
-9.865	3.626
POLYLINE BLACK
-9.004	3.227
-8.969	3.248
-8.955	3.234
-8.927	3.248
-8.913	3.241
-8.899	3.248
-8.885	3.241
-8.871	3.248
-8.815	3.227
-8.801	3.227
-8.794	3.213
-8.752	3.178
-8.731	3.150
-8.717	3.143
-8.689	3.094
-8.689	3.080
-8.661	3.010
-8.661	2.989
-8.647	2.961
-8.647	2.947
-8.626	2.863
-8.626	2.842
-8.612	2.786
-8.612	2.772
-8.605	2.744
-8.605	2.716
-8.598	2.688
-8.598	2.632
POLYLINE BLACK
-8.227	3.486
-8.276	3.549
-8.290	3.549
-8.367	3.605
-8.451	3.675
-8.507	3.703
-8.563	3.745
-8.591	3.766
-8.605	3.766
-8.647	3.794
-8.703	3.822
-8.717	3.822
-8.759	3.843
-8.773	3.843
-8.815	3.864
-8.829	3.878
-8.843	3.878
-8.871	3.885
-8.885	3.885
-8.913	3.906
-8.927	3.906
-8.955	3.913
-8.983	3.913
-8.997	3.920
-9.025	3.913
-9.039	3.913
-9.067	3.892
-9.081	3.892
-9.088	3.878
-9.102	3.878
-9.116	3.850
POLYLINE BLACK
-8.485	3.580
-8.485	3.550
-8.395	3.475
-8.350	3.460
-8.305	3.400
-8.305	3.355
POLYLINE BLACK
-8.620	3.400
-8.515	3.250
-8.470	3.190
-8.440	3.175
POLYLINE BLACK
-8.725	3.190
-8.725	3.160
-8.590	3.010
-8.515	2.920
POLYLINE BLACK
-9.410	1.730
-9.390	1.690
-9.290	1.850
-9.150	1.990
-9.110	2.090
-9.050	2.170
-9.010	2.170
-8.830	2.350
-8.690	2.490
-8.650	2.490
-8.550	2.630
-8.530	2.750
-8.550	2.790
POLYLINE BLACK
-4.350	0.710
-4.390	0.710
-4.530	0.810
-4.650	0.830
-4.910	0.690
-4.950	0.670
-5.110	0.770
POLYLINE BLACK
-3.930	1.550
-4.050	1.710
-4.090	1.710
-4.150	1.610
-4.230	1.490
-4.230	1.450
-4.270	1.410
-4.390	1.430
-4.550	1.570
POLYLINE BLACK
-5.050	1.230
-5.030	1.190
-5.030	1.270
-5.050	1.330
-5.110	1.390
-5.150	1.390
-5.230	1.230
-5.270	1.070
-5.310	1.090
-5.350	1.070
-5.470	1.130
-5.570	1.130
POLYLINE BLACK
-6.190	1.370
-6.190	1.330
-6.310	1.550
-6.310	1.610
-6.370	1.670
-6.430	1.670
-6.550	1.630
-6.630	1.610
-6.690	1.550
-6.730	1.430
-6.730	1.390
-6.770	1.370
-6.990	1.450
-7.110	1.550
-7.170	1.550
POLYLINE BLACK
-2.550	2.900
-2.450	2.950
-0.900	1.900
-0.200	1.200
0.200	0.500
0.350	0.400
0.650	-0.150
1.250	-1.000
1.700	-1.600
1.900	-1.800
2.400	-2.600
3.200	-3.450
3.400	-3.800
3.400	-3.900
POLYLINE BLACK
-6.700	3.450
-7.000	3.700
-7.150	3.550
-7.300	3.100
-7.300	3.000
-7.400	3.050
-7.550	3.300
POLYLINE BLACK
-4.050	2.250
-4.350	2.450
-4.550	2.400
-4.750	2.200
-4.850	1.900
-4.950	1.850
POLYLINE BLACK
-4.900	3.000
-5.100	3.200
-5.300	3.200
-5.400	3.250
-5.600	2.950
-5.750	2.400
-6.000	2.650
POLYLINE BLACK
-8.950	1.750
-8.900	1.950
-8.600	2.600
-8.550	2.800
-8.300	3.350
-7.800	4.050
-7.350	4.650
-6.950	4.800
-6.750	4.850
-6.450	4.750
-6.350	4.650
-6.150	4.700
-6.000	4.500
-5.900	4.500
-5.400	4.200
-4.550	3.850
-4.150	3.700
-4.050	3.600
-3.850	3.600
-3.400	3.350
-3.200	3.300
-3.000	3.250
-2.800	3.100
-2.700	3.200
-2.300	3.050
-2.200	3.050
-2.200	3.050
POLYLINE BLACK
-6.800	9.750
POLYLINE BLACK
-6.950	-7.500
POLYLINE BLACK
-8.550	-1.300
-8.750	-1.300
-8.950	-1.100
-8.950	-0.800
-8.850	-0.500
-8.750	-0.400
-8.750	-0.300
-9.200	-0.100
-9.300	-0.100
-9.300	0.100
-9.250	0.200
POLYLINE BLACK
-7.550	-1.750
-7.550	-1.550
-7.350	-1.250
-7.550	-1.050
-7.850	-0.950
-8.000	-0.750
-8.000	-0.500
-7.850	-0.300
POLYLINE BLACK
-9.200	-4.800
-9.100	-4.600
-9.100	-4.350
-9.300	-4.050
-9.500	-4.000
-9.650	-3.600
-9.450	-3.300
POLYLINE BLACK
-8.250	-3.400
-8.250	-3.500
-8.200	-3.300
-8.250	-3.050
-8.450	-2.900
-8.650	-2.850
-8.800	-2.800
-8.850	-2.550
-8.650	-2.250
-8.400	-2.000
POLYLINE BLACK
-6.900	-4.100
-6.900	-4.200
-7.150	-4.150
-7.450	-4.000
-7.500	-3.800
-7.250	-3.350
-7.250	-2.800
-7.300	-2.700
POLYLINE BLACK
-5.600	-4.150
-5.600	-3.450
-5.650	-3.350
-5.850	-3.300
-6.000	-3.050
-6.000	-2.750
-5.850	-2.450
POLYLINE BLACK
-7.250	-6.250
-7.250	-6.050
-7.550	-5.850
-7.650	-5.850
-7.700	-5.650
-7.600	-5.450
POLYLINE BLACK
-5.350	-6.450
-5.350	-6.200
-5.500	-5.900
-5.950	-5.750
-6.000	-5.550
-5.750	-5.150
POLYLINE BLACK
-3.750	-6.400
-3.700	-6.500
-3.700	-6.150
-3.800	-5.900
-4.100	-5.800
-4.300	-5.800
-4.400	-5.750
-4.500	-5.800
-4.700	-5.650
-4.600	-5.350
-4.500	-5.250
POLYLINE BLACK
-3.000	1.400
-2.750	0.850
-2.650	0.750
POLYLINE BLACK
-3.650	0.450
-3.250	0.100
-3.050	-0.050
POLYLINE BLACK
-4.150	-0.150
-4.100	-0.350
-3.800	-0.800
POLYLINE BLACK
-4.450	-1.650
-4.000	-1.950
POLYLINE BLACK
-4.350	-3.050
-4.450	-3.100
-4.300	-3.100
-4.200	-3.200
-4.000	-3.200
-3.900	-3.150
POLYLINE BLACK
-4.000	-4.450
-3.500	-3.800
POLYLINE BLACK
-3.050	-4.800
-3.350	-4.400
-3.350	-4.300
-3.500	-4.050
-3.750	-3.350
-3.750	-3.100
-3.800	-2.900
-3.800	-2.150
-3.850	-1.950
-3.850	-1.650
-3.550	-1.000
-2.800	0.200
-2.700	0.200
-2.350	0.700
-2.250	0.750
POLYLINE BLACK
-9.900	-6.400
-10.000	-6.500
-10.700	-5.900
-10.800	-5.650
-11.100	-5.250
-11.150	-4.850
-11.150	-4.400
-11.100	-4.300
-11.150	-4.100
-11.000	-3.350
-10.900	-2.950
-10.650	-2.250
-10.550	-2.150
-10.500	-1.950
-10.250	-1.300
-10.150	-1.200
-10.100	-1.000
-10.050	-0.800
-10.000	-0.600
-9.900	-0.150
-9.900	0.600
-9.800	1.000
-9.450	1.500
-9.300	1.800
POLYLINE BLACK
-1.450	-7.200
-1.400	-7.400
-1.600	-7.600
-1.850	-7.550
-2.050	-7.450
-2.150	-7.500
-2.750	-7.300
-2.950	-7.300
-3.250	-7.400
-3.350	-7.650
-3.600	-8.050
-3.700	-8.050
-3.900	-8.200
-4.100	-8.200
-4.700	-8.000
-4.800	-7.900
-5.500	-7.750
-5.900	-7.850
-6.400	-8.050
-6.500	-7.950
-6.600	-8.000
-6.800	-7.950
-6.900	-7.850
-7.300	-7.750
-8.100	-7.250
-8.650	-6.700
-8.750	-6.700
-8.850	-6.600
-9.050	-6.600
-9.250	-6.550
-9.550	-6.550
-9.850	-6.400
-10.250	-6.300
-10.500	-6.050

ELEVATION
STATIONS
0.000	0.000	0.0
5.563	2.015	1.0
14.903	2.447	1.1
18.050	5.357	1.2
19.270	6.021	1.3
22.629	6.102	1.4
24.829	5.861	1.5
27.069	4.643	1.6
38.443	3.832	1.7
SHOTS
27.069	4.643	38.443	3.832
24.829	5.861	27.069	4.643
22.629	6.102	24.829	5.861
19.270	6.021	22.629	6.102
22.629	6.102	22.468	6.141
22.629	6.102	22.559	6.508
22.629	6.102	22.567	5.420
22.629	6.102	22.784	7.168
22.629	6.102	22.698	6.072
22.629	6.102	22.616	5.077
18.050	5.357	19.270	6.021
19.270	6.021	18.882	6.002
19.270	6.021	19.261	6.261
19.270	6.021	19.701	6.240
19.270	6.021	19.319	5.440
14.903	2.447	18.050	5.357
18.050	5.357	17.949	4.805
18.050	5.357	17.993	4.828
18.050	5.357	18.206	5.264
18.050	5.357	17.587	5.530
18.050	5.357	18.194	5.631
5.563	2.015	14.903	2.447
14.903	2.447	14.861	3.882
14.903	2.447	11.332	2.061
14.903	2.447	8.360	2.427
14.903	2.447	15.477	3.744
14.903	2.447	17.952	3.577
14.903	2.447	15.654	3.269
0.000	0.000	5.563	2.015
POLYLINE BLACK
22.785	5.755
22.815	5.695
22.965	5.665
23.205	5.755
23.295	5.755
23.415	5.725
23.535	5.815
23.655	5.845
23.775	5.905
23.895	5.875
23.955	5.905
24.075	5.875
24.255	5.875
24.375	5.845
24.615	5.815
24.735	5.845
24.855	5.815
24.915	5.845
25.035	5.815
25.095	5.755
25.215	5.725
25.335	5.695
25.725	5.275
25.725	5.215
25.845	5.125
26.055	5.095
26.115	5.125
26.175	5.005
26.235	5.005
26.295	4.945
26.355	4.945
26.535	4.795
26.595	4.795
26.685	4.705
26.925	4.555
26.985	4.555
27.105	4.465
27.165	4.465
27.255	4.375
POLYLINE BLACK
15.075	2.545
15.105	2.485
15.465	2.485
15.525	2.425
15.825	2.605
15.915	2.695
15.975	2.695
16.095	2.815
16.785	3.295
16.875	3.505
17.505	4.165
17.805	4.495
17.805	4.555
17.865	4.525
18.015	4.675
18.255	4.825
18.405	4.915
18.645	5.065
18.705	5.065
19.005	5.365
19.185	5.545
19.245	5.545
19.455	5.755
19.575	5.755
19.635	5.815
19.815	5.815
19.875	5.875
20.115	5.815
20.295	5.815
20.385	5.785
20.445	5.815
20.565	5.785
20.625	5.815
20.805	5.755
20.865	5.785
21.045	5.725
21.165	5.725
21.345	5.665
21.465	5.695
21.585	5.665
21.705	5.665
21.765	5.635
21.825	5.665
21.945	5.635
22.065	5.665
22.125	5.635
22.425	5.725
22.545	5.755
22.665	5.665
22.785	5.665
22.845	5.635
22.965	5.665
POLYLINE BLACK
16.005	2.515
16.575	3.085
16.665	3.265
17.055	3.445
17.235	3.595
POLYLINE BLACK
15.705	2.485
15.765	2.455
15.825	2.485
15.885	2.455
16.335	2.605
16.395	2.605
POLYLINE BLACK
27.255	5.875
27.465	5.845
POLYLINE BLACK
22.695	6.745
22.815	6.685
23.025	6.655
23.355	6.565
23.415	6.595
23.775	6.475
24.075	6.325
24.225	6.295
24.405	6.235
24.585	6.235
24.765	6.145
24.945	6.145
25.125	6.085
25.455	6.085
26.055	5.755
26.205	5.785
26.385	5.665
26.445	5.605
26.505	5.605
26.655	5.455
26.775	5.395
26.835	5.425
26.865	5.365
27.045	5.365
27.315	5.485
27.435	5.515
27.465	5.575
27.525	5.545
27.645	5.605
POLYLINE BLACK
17.205	5.815
17.265	5.695
17.445	5.845
17.565	5.875
17.925	5.815
18.195	5.905
18.285	5.905
18.735	6.055
18.855	6.145
18.975	6.175
19.035	6.235
19.155	6.235
19.215	6.295
19.485	6.355
19.605	6.325
19.935	6.385
20.205	6.385
20.265	6.415
20.385	6.385
20.505	6.385
20.655	6.355
20.955	6.415
21.075	6.475
21.225	6.475
21.345	6.565
21.405	6.535
21.435	6.595
21.615	6.595
21.735	6.565
21.975	6.655
22.065	6.595
22.245	6.625
22.305	6.595
22.665	6.685
22.905	6.565
POLYLINE BLACK
-0.600	1.950
-0.500	1.950
-0.050	2.100
0.450	2.350
1.000	2.550
1.100	2.650
1.200	2.650
1.900	2.900
2.150	2.950
2.450	3.050
2.650	3.200
2.800	3.200
3.250	3.400
3.900	3.500
4.400	3.600
4.700	3.500
4.800	3.550
4.900	3.500
5.050	3.600
5.250	3.600
5.350	3.550
5.750	3.650
6.000	3.700
6.500	4.050
6.600	4.050
6.750	4.250
7.100	4.250
7.200	4.300
7.450	4.250
8.100	4.250
8.350	4.150
8.650	4.100
8.800	4.000
9.800	3.750
9.900	3.700
10.000	3.750
10.200	3.700
10.400	3.700
10.550	3.550
10.950	3.650
11.150	3.700
11.300	3.700
11.400	3.650
11.600	3.700
11.800	3.650
11.900	3.600
12.250	3.650
12.500	3.600
12.800	3.600
12.900	3.650
13.000	3.600
13.100	3.650
13.450	3.600
13.700	3.700
13.900	3.650
14.100	3.700
14.450	3.750
15.150	3.900
15.350	3.950
15.850	4.400
16.350	4.900
16.550	4.950
16.750	5.250
17.000	5.450
17.150	5.700
17.300	5.700
17.350	5.800
POLYLINE BLACK
5.750	2.200
5.850	1.850
5.750	1.800
5.550	1.850
4.850	1.350
4.600	1.200
4.400	1.150
4.200	1.000
4.000	0.950
3.550	0.650
3.450	0.650
2.950	0.300
2.350	-0.300
2.150	-0.300
1.800	-0.200
1.600	-0.250
1.400	-0.250
1.300	-0.200
1.200	-0.250
1.100	-0.200
0.900	-0.350
0.550	-0.350
0.350	-0.300
0.150	-0.300
-0.050	-0.250
POLYLINE BLACK
5.200	2.800
5.650	1.950
5.750	2.000
5.950	1.950
6.050	2.050
6.650	2.050
6.750	1.950
6.950	1.900
7.150	1.850
7.250	1.850
7.550	1.650
7.850	1.650
8.050	1.600
8.250	1.650
8.350	1.600
8.450	1.650
8.550	1.600
9.150	1.750
9.400	1.750
9.500	1.800
9.700	1.750
10.000	1.750
10.300	1.850
10.500	1.850
10.600	1.900
10.700	1.850
10.800	1.900
11.000	1.850
11.350	1.900
11.550	1.900
11.750	1.850
12.150	1.800
12.350	1.850
12.550	1.900
12.700	1.950
12.900	1.900
13.100	1.900
13.200	2.000
13.600	2.050
14.100	2.050
14.300	2.100
14.400	2.200
14.600	2.250
15.000	2.500
15.100	2.500
15.200	2.600
