TRIP
DATE 2024-08-15
DECLINATION 0.0
DATA
0		60.01	0.14	1.841	>
0		259.50	6.68	5.467	>
0		259.44	6.72	5.476	>
0		259.48	6.71	5.469	>
0	1	259.47	6.70	5.471	>
1		213.41	3.70	4.468	>
1		213.20	3.82	4.466	>
1		213.28	3.82	4.478	>
1	2	213.30	3.78	4.471	>
2		155.53	23.23	2.308	>
2		56.65	-3.02	5.429	>
2		42.08	-3.78	5.477	>
2		9.05	-6.19	2.690	>
2		148.10	27.59	2.847	>
2		103.58	6.47	2.205	>
2		37.11	-67.09	3.508	>
2		36.12	-66.73	3.504	>
2		36.00	-66.72	3.507	>
2	3	36.41	-66.84	3.506	>
3		247.78	-7.31	1.699	>
3		164.45	-2.11	1.429	>
3		228.64	2.00	2.671	>
3		228.80	2.46	2.671	>
3		229.01	2.29	2.672	>
3	4	228.82	2.25	2.671	>
4		224.53	-21.96	1.356	>
4		166.81	-54.18	1.356	>
4		145.58	37.43	0.521	>
4		141.61	-1.47	1.953	>
4		157.17	-4.34	2.802	>
4		157.23	-3.81	2.797	>
4		157.23	-4.09	2.803	>
4		210.63	-7.96	4.137	>
4	5	157.21	-4.08	2.801	>
5		225.42	-6.09	6.566	>
5		247.23	-3.37	6.701	>
5		261.78	-0.49	6.344	>
5		283.13	-3.57	6.652	>
5		296.42	-1.86	2.477	>
5		260.51	-17.50	4.427	>
5		251.91	-17.77	5.400	>
5		252.13	-17.79	5.366	>
5		251.71	-17.74	5.379	>
5	6	251.92	-17.77	5.382	>
6		140.98	-4.77	10.158	>
6		159.17	-1.61	9.102	>
6		184.63	76.60	2.275	>
6		272.53	6.40	8.812	>
6		236.18	4.18	7.741	>
6		172.33	-61.80	16.840	>
6		172.62	-61.91	8.059	>
6		172.36	-61.72	16.833	>
6		172.90	-61.93	8.027	>
6		173.03	-61.89	8.018	>
6		173.05	-61.88	8.031	>
6	7	172.99	-61.90	8.025	>
7		187.44	-7.68	4.211	>
7		134.30	1.90	5.759	>
7		115.50	3.94	4.826	>
7		91.14	8.39	2.939	>
7		82.96	9.48	3.008	>
7		209.87	-4.65	3.507	>
7		138.77	-76.36	18.574	>
7		139.76	-76.53	18.551	>
7		140.60	-76.42	18.567	>
7	8	139.71	-76.44	18.564	>
8		19.42	-1.91	4.494	>
8		343.10	0.23	4.878	>
8		313.20	-0.12	3.807	>
8		348.48	-61.73	1.616	>
8		348.90	-9.48	4.878	>
8		354.96	-8.21	5.403	>
8		269.26	62.62	4.568	>
8		275.73	34.24	3.749	>
8		253.47	50.15	2.130	>
8		23.03	18.07	4.297	>
8		22.74	18.35	4.341	>
8		23.13	18.23	4.321	>
8	9	22.97	18.22	4.320	>
9		15.74	3.73	1.300	>
9		50.47	78.44	1.456	>
9		75.17	-35.54	0.917	>
9		94.73	19.54	7.594	>
9		94.79	19.43	7.590	>
9		94.83	19.59	7.565	>
9	10	94.78	19.52	7.583	>
10		338.35	-3.20	1.280	>
10		359.12	-60.96	1.362	>
10		353.27	45.77	0.934	>
10		96.62	-15.05	1.268	>
10		11.23	0.25	3.683	>
10		11.13	0.35	3.677	>
10		11.39	0.23	3.672	>
10	11	11.25	0.27	3.677	>
11		112.25	5.74	1.232	>
11		316.29	-47.18	5.546	>
11		316.01	-47.29	5.554	>
11		315.75	-47.29	5.535	>
11		23.22	13.27	2.529	>
11		22.74	13.65	2.533	>
11		22.88	13.66	2.538	>
11	11.1	316.02	-47.25	5.545	>
11.1		161.78	3.81	2.176	>
11.1		195.80	0.96	2.107	>
11.1		230.95	-4.72	2.275	>
11.1		252.43	-2.77	2.195	>
11.1		278.78	3.15	1.847	>
11.1		350.28	2.26	1.036	>
11.1		218.28	-54.44	1.729	>
11.1		245.31	4.76	4.878	>
11.1		75.31	31.30	3.701	>
11	12	22.95	13.53	2.533	>
12		230.05	-36.24	0.417	>
12		178.91	-24.20	0.557	>
12		207.38	-53.29	0.595	>
12		14.53	-12.47	2.258	>
12		14.21	-12.61	2.253	>
12		14.85	-12.62	2.259	>
12	13	14.53	-12.57	2.257	>
13		125.93	21.96	2.380	>
13		80.67	-53.44	2.587	>
13		86.01	-12.11	3.845	>
13		101.65	-11.47	4.618	>
13		94.53	-10.45	6.962	>
13		95.46	-10.63	6.940	>
13		95.25	-10.21	6.938	>
13		171.46	44.64	5.986	>
13		171.45	44.43	5.979	>
13		171.39	44.54	5.978	>
13	14	95.08	-10.43	6.947	>
14		279.59	5.61	4.240	>
14		274.26	21.92	1.367	>
14		287.86	-31.19	2.752	>
14		36.75	67.67	0.626	>
14		334.38	-34.91	5.061	>
14		21.30	-20.80	11.996	>
14		20.76	-20.43	11.946	>
14		20.78	-20.53	12.017	>
14		20.85	-20.54	11.987	>
14		20.80	-20.47	12.090	>
14		20.78	-20.48	12.064	>
14		20.15	-20.42	9.193	>
14		20.62	-20.63	11.999	>
14		20.62	-20.56	12.022	>
14		20.53	-20.56	12.020	>
14	15	20.59	-20.58	12.014	>
15		182.80	20.38	6.495	>
15		172.02	20.69	4.903	>
15		202.52	24.16	4.157	>
15		116.38	-10.56	2.517	>
15		99.26	24.85	10.029	>
15		99.40	25.15	10.026	>
15		99.61	25.31	10.042	>
15	16	99.42	25.10	10.032	>
16		173.89	1.84	2.816	>
16		175.01	-1.19	2.736	>
16		175.72	0.24	2.726	>
16		175.86	0.37	2.723	>
16	17	175.53	-0.19	2.728	>
13	13.1	171.43	44.54	5.981	>
13.1		306.94	32.47	4.944	>
13.1		281.87	33.88	7.547	>
13.1		260.21	39.84	9.083	>
13.1		223.83	39.62	0.586	>
13.1		236.21	40.36	9.837	>
13.1		224.49	39.42	7.634	>
13.1		220.02	18.89	2.876	>
13.1		358.19	-46.81	1.476	>
13.1		332.67	-40.37	1.819	>

PLAN
STATIONS
0.000	0.000	0
-5.342	-0.993	1
-7.791	-4.721	2
-6.972	-3.612	3
-8.981	-5.369	4
-7.899	-7.945	5
-12.771	-9.536	6
-12.310	-13.288	7
-9.495	-16.608	8
-7.894	-12.830	9
-0.771	-13.426	10
-0.054	-9.820	11
-2.668	-7.111	11.1
0.906	-7.551	12
1.459	-5.419	13
8.264	-6.024	14
12.219	4.504	15
21.181	3.017	16
21.394	0.297	17
2.094	-9.635	13.1
SHOTS
0.000	0.000	1.595	0.920
0.000	0.000	-5.342	-0.993
-5.342	-0.993	-7.791	-4.721
-7.791	-4.721	-6.912	-6.652
-7.791	-4.721	-3.262	-1.741
-7.791	-4.721	-4.128	-0.665
-7.791	-4.721	-7.370	-2.080
-7.791	-4.721	-6.457	-6.864
-7.791	-4.721	-5.661	-5.236
-7.791	-4.721	-6.972	-3.612
-6.972	-3.612	-8.532	-4.249
-6.972	-3.612	-6.589	-4.988
-6.972	-3.612	-8.981	-5.369
-8.981	-5.369	-9.863	-6.266
-8.981	-5.369	-8.800	-6.142
-8.981	-5.369	-8.747	-5.711
-8.981	-5.369	-7.769	-6.900
-8.981	-5.369	-11.069	-8.895
-8.981	-5.369	-7.899	-7.945
-7.899	-7.945	-12.550	-12.527
-7.899	-7.945	-14.067	-10.534
-7.899	-7.945	-14.178	-8.852
-7.899	-7.945	-14.365	-6.436
-7.899	-7.945	-10.116	-6.843
-7.899	-7.945	-12.063	-8.641
-7.899	-7.945	-12.771	-9.536
-12.771	-9.536	-6.398	-17.400
-12.771	-9.536	-9.536	-18.039
-12.771	-9.536	-12.813	-10.061
-12.771	-9.536	-21.519	-9.149
-12.771	-9.536	-19.185	-13.833
-12.771	-9.536	-11.709	-17.421
-12.771	-9.536	-12.283	-13.299
-12.771	-9.536	-11.711	-17.441
-12.771	-9.536	-12.310	-13.288
-12.310	-13.288	-12.850	-17.426
-12.310	-13.288	-8.190	-17.307
-12.310	-13.288	-7.964	-15.361
-12.310	-13.288	-9.403	-13.345
-12.310	-13.288	-9.365	-12.924
-12.310	-13.288	-14.051	-16.319
-12.310	-13.288	-9.495	-16.608
-9.495	-16.608	-8.001	-12.372
-9.495	-16.608	-10.912	-11.941
-9.495	-16.608	-12.270	-14.002
-9.495	-16.608	-9.648	-15.858
-9.495	-16.608	-10.421	-11.887
-9.495	-16.608	-9.965	-11.281
-9.495	-16.608	-11.595	-16.635
-9.495	-16.608	-12.578	-16.299
-9.495	-16.608	-10.803	-16.997
-9.495	-16.608	-7.894	-12.830
-7.894	-12.830	-7.542	-11.582
-7.894	-12.830	-7.669	-12.645
-7.894	-12.830	-7.172	-12.639
-7.894	-12.830	-0.771	-13.426
-0.771	-13.426	-1.243	-12.238
-0.771	-13.426	-0.781	-12.765
-0.771	-13.426	-0.848	-12.779
-0.771	-13.426	0.445	-13.567
-0.771	-13.426	-0.054	-9.820
-0.054	-9.820	1.081	-10.284
-0.054	-9.820	-2.668	-7.111
-2.668	-7.111	-1.989	-9.173
-2.668	-7.111	-3.241	-9.138
-2.668	-7.111	-4.428	-8.539
-2.668	-7.111	-4.758	-7.773
-2.668	-7.111	-4.490	-6.830
-2.668	-7.111	-2.842	-6.091
-2.668	-7.111	-3.291	-7.900
-2.668	-7.111	-7.084	-9.142
-2.668	-7.111	0.391	-6.309
-0.054	-9.820	0.906	-7.551
0.906	-7.551	0.648	-7.767
0.906	-7.551	0.916	-8.059
0.906	-7.551	0.743	-7.867
0.906	-7.551	1.459	-5.419
1.459	-5.419	3.246	-6.714
1.459	-5.419	2.979	-5.169
1.459	-5.419	5.209	-5.157
1.459	-5.419	5.891	-6.333
1.459	-5.419	8.264	-6.024
8.264	-6.024	4.103	-5.321
8.264	-6.024	6.999	-5.930
8.264	-6.024	6.023	-5.302
8.264	-6.024	8.406	-5.834
8.264	-6.024	6.469	-2.282
8.264	-6.024	11.232	2.064
8.264	-6.024	12.219	4.504
12.219	4.504	11.922	-1.577
12.219	4.504	12.855	-0.038
12.219	4.504	10.766	1.001
12.219	4.504	14.436	3.405
12.219	4.504	21.181	3.017
21.181	3.017	21.481	0.219
21.181	3.017	21.394	0.297
1.459	-5.419	2.094	-9.635
2.094	-9.635	-1.240	-7.128
2.094	-9.635	-4.037	-8.346
2.094	-9.635	-4.779	-10.821
2.094	-9.635	1.781	-9.961
2.094	-9.635	-4.136	-13.804
2.094	-9.635	-2.039	-13.842
2.094	-9.635	0.344	-11.719
2.094	-9.635	2.062	-8.625
2.094	-9.635	1.458	-8.404
POLYLINE BLACK
2.170	0.015
2.146	0.021
POLYLINE BLACK
2.319	0.094
2.299	0.099
POLYLINE BLACK
1.659	-8.247
1.668	-8.338
1.684	-8.430
1.688	-8.522
1.690	-8.569
1.689	-8.618
1.678	-8.665
1.636	-8.849
1.599	-9.037
1.529	-9.212
1.406	-9.518
1.332	-9.604
1.177	-9.809
POLYLINE BLACK
0.000	-0.000
0.000	-0.000
POLYLINE BLACK
-7.262	-12.062
-7.245	-12.000
POLYLINE BLACK
-7.515	-9.586
-7.030	-10.630
POLYLINE RED
-7.883	-7.875
-7.944	-8.025
POLYLINE BLACK
-7.105	-10.474
-7.038	-10.911
-7.010	-10.941
-7.065	-11.457
-7.082	-11.609
-7.103	-11.765
-7.161	-11.907
-7.444	-12.594
-7.568	-12.708
-7.958	-13.237
POLYLINE BLACK
-10.066	-6.508
-10.121	-6.604
-10.175	-6.728
-10.289	-6.770
-10.454	-6.831
-10.583	-6.779
-10.723	-6.685
-11.505	-6.163
-12.281	-5.633
-13.060	-5.107
POLYLINE BLACK
-14.260	-5.555
-14.279	-5.974
-14.216	-6.498
-14.440	-6.894
-14.715	-7.381
-15.360	-7.707
-15.758	-7.974
-15.824	-8.018
-15.899	-8.051
-15.975	-8.077
-16.399	-8.219
-16.823	-8.366
-17.257	-8.476
-17.601	-8.564
-17.952	-8.627
-18.304	-8.669
-18.906	-8.740
-19.513	-8.767
-20.117	-8.814
-20.537	-8.847
-21.046	-8.846
-21.411	-9.037
-21.471	-9.069
-21.544	-9.132
-21.594	-9.172
POLYLINE BLACK
-21.438	-9.024
-21.475	-9.076
-21.518	-9.125
-21.548	-9.181
-21.582	-9.245
-21.610	-9.313
-21.630	-9.383
-21.710	-9.672
-21.779	-9.965
-21.758	-10.268
-21.717	-10.845
-21.573	-11.398
-21.422	-11.954
-21.377	-12.120
-21.309	-12.280
-21.262	-12.445
-21.151	-12.827
-21.036	-13.208
-20.948	-13.597
-20.585	-15.204
-20.939	-14.112
-20.674	-14.891
POLYLINE RED
-10.730	-7.101
-10.730	-7.203
-10.959	-7.327
-10.868	-7.373
-10.778	-7.419
-10.730	-7.000
-10.730	-7.101
POLYLINE RED
-10.735	-7.214
-10.735	-7.279
-10.875	-7.367
-10.815	-7.393
-10.756	-7.420
-10.735	-7.148
-10.735	-7.214
POLYLINE BLACK
-12.716	-16.656
-12.695	-16.477
POLYLINE BLACK
-11.711	-17.238
-11.554	-17.120
-11.633	-17.171
-11.476	-17.083
POLYLINE YELLOW
-8.286	-13.095
-8.283	-13.077
POLYLINE YELLOW
-12.230	-16.824
-12.230	-16.830
POLYLINE YELLOW
-0.051	-9.797
-0.079	-9.937
-0.082	-10.085
-0.134	-10.218
-0.452	-11.037
-0.639	-11.350
-1.173	-12.007
-1.228	-12.075
-1.306	-12.120
-1.373	-12.177
POLYLINE BLACK
0.651	-9.943
0.634	-9.946
POLYLINE BLACK
0.519	-8.058
0.488	-8.069
0.456	-8.078
0.425	-8.090
0.365	-8.112
0.363	-8.207
0.369	-8.257
0.371	-8.278
0.379	-8.304
0.399	-8.315
0.410	-8.322
0.428	-8.324
0.440	-8.321
0.500	-8.305
0.560	-8.288
0.619	-8.268
0.641	-8.261
0.654	-8.237
0.651	-8.216
0.648	-8.198
0.639	-8.184
0.628	-8.171
0.588	-8.122
0.547	-8.073
0.507	-8.024
POLYLINE BLACK
0.757	-7.957
0.781	-7.875
0.804	-7.792
0.894	-7.768
0.922	-7.760
0.952	-7.758
0.979	-7.769
1.003	-7.779
1.020	-7.798
1.034	-7.820
1.080	-7.889
1.011	-7.943
0.961	-7.982
0.887	-8.038
0.865	-8.025
0.757	-8.046
POLYLINE BLACK
0.574	-8.260
0.565	-8.302
0.553	-8.342
0.546	-8.384
0.526	-8.504
0.695	-8.557
0.748	-8.418
0.754	-8.404
0.775	-8.343
0.761	-8.322
0.743	-8.296
0.713	-8.279
0.688	-8.257
POLYLINE BLACK
0.624	-7.750
0.579	-7.626
0.537	-7.498
0.640	-7.392
0.672	-7.360
0.717	-7.329
0.758	-7.310
0.863	-7.263
0.925	-7.273
1.050	-7.243
1.087	-7.235
1.140	-7.192
1.185	-7.214
1.242	-7.243
1.270	-7.366
1.281	-7.406
1.300	-7.476
1.315	-7.547
1.329	-7.618
1.331	-7.628
1.329	-7.638
1.328	-7.648
1.308	-7.781
1.153	-7.815
1.042	-7.801
0.914	-7.785
0.787	-7.767
0.660	-7.750
POLYLINE RED
1.215	-7.297
1.140	-7.284
1.068	-7.274
1.035	-7.354
1.017	-7.397
1.004	-7.438
1.002	-7.484
0.993	-7.629
1.069	-7.725
1.195	-7.786
1.247	-7.812
1.308	-7.829
1.367	-7.822
1.452	-7.812
1.528	-7.761
1.583	-7.699
1.622	-7.655
1.641	-7.598
1.647	-7.540
1.667	-7.362
1.553	-7.229
1.374	-7.208
1.285	-7.197
1.196	-7.234
1.113	-7.258
POLYLINE RED
-0.184	-9.613
-0.207	-9.645
-0.233	-9.675
-0.254	-9.708
-0.298	-9.779
-0.326	-9.882
-0.263	-9.949
-0.158	-10.062
0.082	-10.031
0.170	-9.913
0.199	-9.874
0.210	-9.824
0.210	-9.777
0.211	-9.679
0.173	-9.608
0.082	-9.569
0.055	-9.558
0.015	-9.547
-0.015	-9.548
-0.022	-9.548
-0.027	-9.553
-0.033	-9.556
-0.085	-9.584
-0.136	-9.612
-0.187	-9.640
POLYLINE RED
-0.740	-13.202
-0.860	-13.196
-0.896	-13.203
-0.967	-13.304
-1.023	-13.383
-1.013	-13.475
-0.980	-13.561
-0.963	-13.606
-0.937	-13.652
-0.896	-13.680
-0.824	-13.730
-0.712	-13.702
-0.647	-13.655
-0.592	-13.616
-0.561	-13.555
-0.538	-13.494
-0.502	-13.402
-0.522	-13.329
-0.580	-13.250
-0.616	-13.200
-0.661	-13.149
-0.720	-13.125
-0.761	-13.108
-0.813	-13.124
-0.853	-13.130
POLYLINE RED
-7.678	-12.455
-7.707	-12.459
-7.754	-12.458
-7.785	-12.476
-7.837	-12.507
-7.844	-12.586
-7.845	-12.638
-7.848	-12.820
-7.739	-13.021
-7.555	-13.073
-7.500	-13.089
-7.441	-13.086
-7.390	-13.056
-7.350	-13.032
-7.318	-12.992
-7.299	-12.949
-7.278	-12.903
-7.267	-12.865
-7.263	-12.816
-7.254	-12.713
-7.310	-12.559
-7.393	-12.493
-7.487	-12.419
-7.549	-12.416
-7.662	-12.412
POLYLINE RED
1.441	-5.122
1.387	-5.248
1.391	-5.330
1.411	-5.470
1.432	-5.618
1.532	-5.676
1.667	-5.711
1.720	-5.725
1.787	-5.733
1.841	-5.714
1.941	-5.677
2.045	-5.533
2.056	-5.429
2.060	-5.386
2.045	-5.340
2.023	-5.303
1.961	-5.198
1.873	-5.126
1.750	-5.108
1.709	-5.102
1.664	-5.105
1.626	-5.125
1.556	-5.160
1.537	-5.245
1.503	-5.311
POLYLINE BLACK
1.531	-6.717
1.469	-6.763
1.363	-6.831
1.369	-6.927
1.371	-6.954
1.392	-6.982
1.418	-6.992
1.486	-7.018
1.555	-7.043
1.625	-7.067
1.636	-7.070
1.656	-7.069
1.667	-7.066
1.740	-7.047
1.831	-6.873
1.838	-6.864
1.881	-6.810
1.918	-6.818
1.969	-6.787
1.975	-6.783
1.980	-6.775
1.980	-6.768
1.979	-6.759
1.972	-6.751
1.965	-6.745
1.944	-6.729
1.922	-6.714
1.898	-6.702
1.843	-6.674
1.586	-6.590
1.551	-6.678
1.534	-6.723
1.582	-6.825
1.588	-6.842
1.609	-6.899
1.650	-6.937
1.711	-6.905
1.795	-6.859
1.846	-6.819
1.913	-6.754
POLYLINE BLACK
1.781	-5.969
1.640	-6.081
1.545	-6.146
1.630	-6.322
1.645	-6.352
1.665	-6.383
1.696	-6.397
1.757	-6.425
1.899	-6.383
1.926	-6.379
1.961	-6.374
2.067	-6.381
2.111	-6.340
2.131	-6.322
2.139	-6.296
2.143	-6.270
2.158	-6.174
2.211	-5.993
2.076	-5.943
2.002	-5.916
1.876	-5.965
1.826	-5.975
POLYLINE BLACK
1.621	-6.238
1.721	-6.266
1.799	-6.070
1.909	-6.099
1.990	-6.121
2.060	-6.350
2.080	-6.397
POLYLINE BLACK
1.904	-6.064
2.046	-6.046
1.959	-6.065
2.156	-5.974
POLYLINE BLACK
2.185	-6.537
2.167	-6.615
2.151	-6.693
2.131	-6.770
2.123	-6.801
2.093	-6.846
2.111	-6.881
2.142	-6.945
2.304	-6.934
2.326	-6.934
2.387	-6.936
2.457	-6.929
2.510	-6.895
2.521	-6.888
2.532	-6.880
2.541	-6.871
2.628	-6.781
2.714	-6.690
2.798	-6.597
2.803	-6.592
2.805	-6.584
2.808	-6.577
2.824	-6.536
2.804	-6.497
2.773	-6.469
2.729	-6.429
2.682	-6.394
2.639	-6.353
2.618	-6.333
2.602	-6.309
2.582	-6.288
2.535	-6.239
2.454	-6.292
2.418	-6.324
2.353	-6.383
2.294	-6.446
2.231	-6.507
POLYLINE BLACK
2.179	-6.568
2.267	-6.538
2.378	-6.502
2.464	-6.559
2.482	-6.571
2.494	-6.584
2.506	-6.602
2.561	-6.686
2.614	-6.772
2.668	-6.857
POLYLINE BLACK
2.483	-6.548
2.446	-6.390
2.477	-6.337
2.552	-6.204
POLYLINE BLACK
0.761	-7.314
0.797	-7.398
0.827	-7.492
0.898	-7.554
0.923	-7.576
0.973	-7.593
1.005	-7.590
1.224	-7.572
1.486	-7.574
1.696	-7.475
POLYLINE BLACK
0.904	-7.551
0.824	-7.759
POLYLINE BLACK
0.891	-7.633
0.717	-7.824
0.792	-7.724
0.662	-7.930
POLYLINE BLACK
0.925	-6.998
0.956	-6.966
0.985	-6.932
1.017	-6.902
1.060	-6.861
1.131	-6.870
1.180	-6.891
1.239	-6.916
1.308	-6.959
1.319	-7.029
1.335	-7.134
1.187	-7.201
1.103	-7.158
1.041	-7.126
0.981	-7.090
0.920	-7.056
POLYLINE BLACK
1.105	-6.873
1.100	-6.929
1.082	-7.007
1.139	-7.045
1.149	-7.051
1.158	-7.061
1.170	-7.062
1.213	-7.065
1.255	-7.058
1.298	-7.056
POLYLINE BLACK
1.164	-7.025
1.027	-7.123
1.104	-7.057
0.953	-7.243
POLYLINE RED
8.285	-5.717
8.225	-5.797
8.162	-5.875
8.103	-5.957
8.081	-5.988
8.072	-6.035
8.074	-6.073
8.081	-6.302
8.476	-6.451
8.654	-6.337
8.749	-6.275
8.803	-6.176
8.854	-6.078
8.872	-6.044
8.891	-6.003
8.883	-5.964
8.865	-5.871
8.747	-5.785
8.667	-5.750
8.548	-5.700
8.477	-5.727
8.334	-5.737
POLYLINE GREEN
1.801	-7.588
1.786	-7.667
1.767	-7.714
1.774	-7.788
1.780	-7.848
1.807	-7.918
1.830	-7.969
1.933	-8.195
2.042	-8.419
2.148	-8.645
POLYLINE GREEN
1.063	-7.843
1.063	-7.844
POLYLINE GREEN
0.997	-7.901
1.143	-8.028
1.199	-8.066
1.329	-8.234
1.368	-8.286
1.396	-8.345
1.430	-8.401
POLYLINE GREEN
1.376	-8.358
1.316	-8.386
1.281	-8.411
1.219	-8.419
1.037	-8.440
0.678	-8.245
0.576	-8.178
0.228	-7.949
-0.090	-7.678
-0.435	-7.445
-0.504	-7.398
-0.582	-7.367
-0.661	-7.341
-0.742	-7.315
-1.172	-7.186
-1.337	-7.206
-1.519	-7.227
-1.699	-7.262
-1.875	-7.313
-2.088	-7.375
-2.297	-7.455
-2.501	-7.545
-2.528	-7.557
-3.889	-8.001
-4.213	-8.467
-4.349	-8.663
-4.469	-8.882
-4.538	-9.112
-4.649	-9.480
-4.595	-9.497
-4.650	-9.890
-4.671	-10.033
-4.738	-10.112
-4.783	-10.254
-4.872	-10.532
-4.869	-10.790
-4.790	-11.073
-4.657	-11.544
-4.666	-11.262
-4.465	-11.780
-4.382	-11.995
-4.298	-12.213
-4.262	-12.440
-4.210	-12.762
-4.221	-13.091
-4.203	-13.417
-4.198	-13.508
-4.211	-13.560
-4.186	-13.642
-4.141	-13.786
-4.033	-13.967
-3.884	-14.026
-3.701	-14.098
-3.317	-14.060
-3.253	-14.060
-2.594	-14.061
-2.434	-14.111
-1.913	-13.958
-1.836	-13.935
-1.760	-13.907
-1.691	-13.867
-1.265	-13.615
-0.638	-12.941
-0.438	-12.717
-0.175	-12.424
0.027	-12.081
0.284	-11.784
0.470	-11.569
0.677	-11.372
0.891	-11.184
1.253	-10.866
1.546	-10.746
1.807	-10.398
1.958	-10.196
2.008	-9.985
2.029	-9.735
2.113	-8.695
2.186	-9.007
2.049	-8.536
POLYLINE GREEN
1.025	-7.919
1.082	-8.002
1.137	-8.086
1.196	-8.167
1.218	-8.198
1.262	-8.222
1.297	-8.232
1.405	-8.262
1.479	-8.219
1.567	-8.155
1.618	-8.118
1.662	-8.065
1.686	-8.007
1.728	-7.905
1.702	-7.729
1.696	-7.648
1.695	-7.632
1.695	-7.614
1.685	-7.602
1.654	-7.561
1.613	-7.529
1.577	-7.493
POLYLINE GREEN
1.202	-8.219
1.239	-8.144
1.276	-8.070
1.312	-7.994
1.321	-7.975
1.326	-7.955
1.335	-7.936
1.369	-7.866
1.463	-7.840
1.533	-7.865
1.592	-7.885
1.656	-7.954
1.696	-7.989
POLYLINE RED
12.135	4.670
12.072	4.593
11.993	4.514
11.974	4.410
11.958	4.322
11.995	4.195
12.075	4.147
12.175	4.086
12.321	4.153
12.375	4.246
12.443	4.361
12.451	4.503
12.351	4.600
12.317	4.634
12.269	4.653
12.221	4.650
12.145	4.646
12.071	4.536
12.041	4.509
POLYLINE RED
21.130	3.337
21.094	3.330
21.057	3.325
21.022	3.315
20.992	3.307
20.958	3.285
20.934	3.266
20.802	3.158
20.833	2.941
20.895	2.806
20.919	2.755
20.971	2.704
21.032	2.714
21.120	2.729
21.208	2.809
21.242	2.889
21.247	2.900
21.278	2.971
21.249	2.977
21.220	2.983
21.190	2.983
21.160	2.986
POLYLINE RED
21.240	2.983
21.130	2.720
POLYLINE RED
21.534	0.576
21.462	0.597
21.382	0.631
21.304	0.610
21.235	0.592
21.185	0.535
21.153	0.474
21.076	0.323
21.078	0.230
21.248	0.164
21.314	0.138
21.466	0.079
21.567	0.076
21.699	0.072
21.872	0.138
21.875	0.290
21.875	0.313
21.871	0.347
21.861	0.369
21.820	0.461
21.752	0.558
21.657	0.601
21.622	0.617
21.573	0.625
21.537	0.633
POLYLINE BLACK
-17.461	-12.631
-17.465	-12.808
-17.462	-12.985
-17.473	-13.162
-17.478	-13.246
-17.499	-13.328
-17.509	-13.411
-17.518	-13.482
-17.453	-13.541
-17.392	-13.560
-17.357	-13.571
-17.318	-13.571
-17.282	-13.566
-17.126	-13.546
-17.240	-13.549
-17.101	-13.524
-17.060	-13.517
-16.999	-13.520
-16.960	-13.532
-16.887	-13.555
-16.816	-13.583
-16.745	-13.613
-16.715	-13.625
-16.646	-13.684
-16.595	-13.669
-16.540	-13.653
-16.496	-13.539
-16.477	-13.514
-16.453	-13.478
-16.412	-13.439
-16.375	-13.416
-16.348	-13.400
-16.320	-13.385
-16.290	-13.374
-16.186	-13.336
-16.078	-13.307
-15.973	-13.270
-15.962	-13.267
-15.954	-13.260
-15.946	-13.253
-15.854	-13.174
-15.826	-13.043
-15.731	-12.964
-15.615	-12.867
-15.493	-12.779
-15.377	-12.684
-15.371	-12.679
-15.367	-12.671
-15.364	-12.664
-15.356	-12.644
-15.364	-12.618
-15.380	-12.604
-15.533	-12.475
-15.686	-12.347
-15.842	-12.221
-15.931	-12.149
-16.082	-12.206
-16.170	-12.235
-16.284	-12.272
-16.396	-12.319
-16.512	-12.355
-16.607	-12.384
-16.720	-12.349
-16.810	-12.324
-16.838	-12.315
-16.842	-12.310
-16.872	-12.310
-16.982	-12.311
-17.070	-12.454
-17.155	-12.513
-17.292	-12.608
-17.216	-12.540
-17.341	-12.606
-17.358	-12.614
-17.371	-12.628
-17.385	-12.638
POLYLINE BLACK
-15.775	-13.958
-15.763	-14.143
-15.751	-14.327
-15.738	-14.511
-15.735	-14.522
-15.733	-14.533
-15.729	-14.544
-15.652	-14.737
-15.316	-14.512
-15.254	-14.489
-15.043	-14.412
-14.919	-14.429
-14.777	-14.258
-14.699	-14.165
-14.793	-14.039
-14.778	-13.936
-14.768	-13.860
-14.742	-13.786
-14.735	-13.709
-14.726	-13.610
-14.730	-13.482
-14.757	-13.379
-14.775	-13.321
-14.793	-13.263
-14.811	-13.204
-14.814	-13.200
-14.816	-13.195
-14.820	-13.191
-14.877	-13.126
-15.042	-13.178
-15.090	-13.190
-15.123	-13.199
-15.155	-13.212
-15.186	-13.226
-15.225	-13.242
-15.366	-13.290
-15.424	-13.344
-15.525	-13.436
-15.666	-13.706
-15.680	-13.731
-15.690	-13.749
-15.727	-13.839
-15.733	-13.881
-15.739	-13.925
-15.743	-13.968
-15.747	-14.012
POLYLINE BLACK
-14.759	-11.344
-14.759	-11.337
POLYLINE BLACK
-14.777	-11.293
-14.882	-11.710
-14.794	-11.400
-14.968	-11.893
-14.972	-11.903
-14.970	-11.923
-14.968	-11.933
-14.963	-11.957
-14.948	-11.981
-14.929	-11.996
-14.866	-12.047
-14.744	-12.166
-14.638	-12.173
-14.542	-12.180
-14.445	-12.177
-14.348	-12.183
-14.316	-12.185
-14.284	-12.197
-14.251	-12.197
-14.244	-12.197
-14.239	-12.188
-14.238	-12.182
-14.237	-12.171
-14.243	-12.160
-14.247	-12.150
-14.262	-12.103
-14.279	-12.057
-14.294	-12.010
-14.337	-11.874
-14.331	-11.865
-14.427	-11.752
-14.471	-11.701
-14.489	-11.701
-14.514	-11.647
-14.554	-11.558
-14.538	-11.451
-14.588	-11.369
-14.619	-11.318
-14.677	-11.306
-14.729	-11.286
POLYLINE BLACK
-14.361	-12.838
-14.327	-12.958
-14.448	-13.169
-14.383	-13.315
-14.316	-13.468
-14.073	-13.396
-13.973	-13.340
-13.866	-13.280
-13.810	-13.088
-13.765	-13.020
-13.764	-13.018
-13.602	-12.851
-13.572	-12.757
-13.540	-12.659
-13.758	-12.497
-13.761	-12.494
-13.801	-12.455
-13.869	-12.402
-13.932	-12.407
-14.022	-12.415
-14.106	-12.478
-14.175	-12.526
-14.225	-12.560
-14.275	-12.612
-14.282	-12.675
-14.288	-12.726
-14.282	-12.776
-14.300	-12.826
-14.312	-12.860
-14.332	-12.882
-14.353	-12.912
POLYLINE BLACK
-15.737	-14.031
-15.659	-13.993
-15.577	-13.963
-15.504	-13.917
-15.399	-13.850
-15.306	-13.766
-15.206	-13.693
-15.200	-13.689
-15.193	-13.688
-15.187	-13.687
-15.165	-13.684
-15.142	-13.694
-15.126	-13.707
-14.818	-13.961
-14.919	-13.861
-14.731	-14.070
POLYLINE BLACK
-15.093	-13.658
-15.103	-13.658
POLYLINE BLACK
-15.107	-13.645
-15.024	-13.460
-14.895	-13.316
-14.789	-13.150
POLYLINE BLACK
-16.966	-13.456
-16.596	-13.130
-16.967	-13.443
-16.468	-13.076
-16.413	-13.036
-16.329	-12.925
-16.237	-12.926
-16.132	-12.927
-16.046	-12.997
-15.948	-13.024
-15.882	-13.043
-15.813	-13.055
-15.746	-13.071
POLYLINE BLACK
-16.208	-12.921
-16.083	-12.566
-16.182	-12.820
-15.833	-12.194
POLYLINE BLACK
-14.268	-13.339
-14.173	-13.094
-14.179	-12.874
-13.923	-12.816
-13.844	-12.798
-13.763	-12.791
-13.686	-12.769
-13.561	-12.733
-13.566	-12.756
-13.564	-12.699
POLYLINE BLACK
-14.077	-12.841
-13.886	-12.430
-13.969	-12.581
-13.851	-12.374
POLYLINE BLACK
-14.943	-11.931
-14.867	-11.913
-14.775	-11.776
-14.670	-11.769
-14.623	-11.765
-14.554	-11.779
-14.516	-11.781
-14.474	-11.783
-14.431	-11.780
-14.389	-11.779
POLYLINE BLACK
-16.584	-14.339
-16.588	-14.333
POLYLINE BROWN
-7.945	-13.154
-7.984	-13.233
-8.024	-13.312
-8.063	-13.391
-8.071	-13.420
-8.087	-13.448
-8.088	-13.479
-8.119	-14.204
-8.048	-14.203
-7.981	-15.108
-7.969	-15.266
-8.003	-15.442
-8.085	-15.579
-8.315	-15.966
-8.646	-16.256
-9.031	-16.484
-9.186	-16.576
-9.358	-16.609
-9.529	-16.660
-9.703	-16.713
-9.878	-16.766
-10.053	-16.819
-10.105	-16.828
-10.158	-16.834
-10.210	-16.847
-10.257	-16.859
-10.312	-16.892
-10.359	-16.907
-10.443	-16.933
-10.561	-16.935
-10.640	-16.929
-11.469	-16.863
-10.935	-16.884
-11.716	-16.752
-12.177	-16.675
-11.991	-16.768
-12.377	-16.630
-12.419	-16.615
-12.485	-16.576
-12.521	-16.540
-12.592	-16.471
-12.630	-16.381
-12.669	-16.289
-12.731	-16.143
-12.835	-15.905
-12.850	-15.722
-12.892	-15.210
-12.632	-14.732
-12.395	-14.301
-12.080	-13.726
-11.829	-13.673
-11.307	-13.203
-11.138	-13.051
-10.816	-12.521
-10.763	-12.438
-10.717	-12.365
-10.742	-12.257
-10.728	-12.182
-10.726	-12.174
-10.714	-12.192
-10.707	-12.197
POLYLINE BROWN
-7.832	-13.051
-7.805	-13.013
-7.781	-12.974
-7.752	-12.938
-7.682	-12.852
-7.514	-12.773
-7.448	-12.738
-7.323	-12.673
-7.169	-12.680
-7.035	-12.700
-6.750	-12.745
-6.189	-12.792
-5.850	-12.958
-5.616	-13.073
-5.396	-13.217
-5.159	-13.325
-5.029	-13.384
-4.891	-13.424
-4.752	-13.455
-4.644	-13.468
-4.535	-13.481
-4.426	-13.494
-4.416	-13.494
-4.406	-13.494
-4.396	-13.496
-4.344	-13.503
-4.293	-13.513
-4.242	-13.521
POLYLINE BROWN
-7.530	-11.629
-7.486	-11.598
-7.443	-11.565
-7.397	-11.537
-7.204	-11.421
-6.596	-11.385
-6.554	-11.383
-6.334	-11.370
-5.951	-11.375
-5.710	-11.461
-5.248	-11.624
-4.871	-11.924
-4.379	-11.786
POLYLINE BROWN
-4.131	-13.503
-2.871	-13.694
-4.465	-13.476
-2.698	-13.603
-2.545	-13.614
-2.398	-13.673
-2.245	-13.682
-1.686	-13.713
-1.682	-13.695
-1.267	-13.610
POLYLINE BROWN
-4.311	-11.703
-4.243	-11.710
-4.174	-11.708
-4.108	-11.725
-3.685	-11.834
-3.275	-11.994
-2.846	-12.079
-2.630	-12.122
-1.980	-12.198
-1.618	-12.158
-1.334	-12.127
-1.029	-11.823
-0.875	-11.626
-0.534	-11.191
-0.418	-10.890
-0.233	-10.347
-0.211	-10.283
-0.216	-10.213
-0.208	-10.145
POLYLINE BROWN
-7.701	-11.639
-7.765	-11.658
-8.237	-11.835
-8.447	-11.823
-8.692	-11.808
-8.934	-11.758
-9.179	-11.756
-9.340	-11.755
-9.500	-11.789
-9.660	-11.812
-9.740	-11.824
-9.819	-11.880
-9.883	-11.920
-9.920	-11.944
-9.951	-11.976
-9.991	-11.995
-10.072	-12.034
-10.157	-12.065
-10.243	-12.093
-10.274	-12.104
-10.306	-12.114
-10.339	-12.113
-10.385	-12.110
-10.429	-12.092
-10.474	-12.082
POLYLINE BROWN
1.055	-10.252
1.041	-10.278
1.022	-10.301
1.014	-10.329
0.949	-10.553
0.908	-10.713
0.922	-10.939
0.926	-11.009
0.947	-11.076
0.959	-11.145
POLYLINE BROWN
0.955	-11.120
0.951	-11.195
0.945	-11.198
0.961	-11.270
1.013	-11.504
1.030	-11.469
1.027	-11.691
1.027	-11.728
1.025	-11.766
1.014	-11.801
0.977	-11.926
0.935	-12.049
0.884	-12.169
0.758	-12.468
0.746	-12.346
0.679	-12.656
0.645	-12.818
0.633	-12.984
0.600	-13.146
0.587	-13.209
0.566	-13.270
0.541	-13.328
0.509	-13.404
0.445	-13.541
0.361	-13.592
0.325	-13.614
0.287	-13.633
0.249	-13.650
0.224	-13.661
0.198	-13.669
0.171	-13.674
-0.010	-13.711
-0.204	-13.678
-0.378	-13.622
-0.572	-13.559
-0.487	-13.562
-0.668	-13.480
-0.819	-13.411
-0.991	-13.431
-1.132	-13.513
-1.163	-13.530
-1.192	-13.551
-1.218	-13.575
-1.232	-13.588
-1.239	-13.607
-1.249	-13.623
POLYLINE RED
-7.178	-3.371
-7.216	-3.382
-7.243	-3.384
-7.272	-3.406
-7.354	-3.469
-7.386	-3.625
-7.365	-3.722
-7.309	-3.977
-6.931	-4.144
-6.715	-3.984
-6.680	-3.959
-6.658	-3.929
-6.635	-3.892
-6.586	-3.810
-6.575	-3.728
-6.573	-3.633
-6.572	-3.594
-6.579	-3.550
-6.602	-3.517
-6.667	-3.421
-6.772	-3.358
-6.875	-3.308
-6.930	-3.281
-7.034	-3.264
-7.091	-3.294
-7.123	-3.311
-7.151	-3.333
-7.180	-3.353
POLYLINE RED
-7.117	-3.652
-6.897	-3.647
-7.013	-3.644
-6.768	-3.667
POLYLINE RED
-1.815	0.222
-2.379	-0.135
-2.412	-0.175
-3.438	-0.467
-4.076	-0.648
-4.745	-0.704
-5.388	-0.870
-5.581	-0.920
-5.756	-1.024
-5.935	-1.112
-6.246	-1.264
-6.621	-1.597
-6.851	-1.762
-6.887	-1.787
-6.927	-1.807
-6.968	-1.822
-7.063	-1.856
-7.158	-1.891
-7.257	-1.908
-7.753	-1.991
-7.751	-1.915
-8.125	-2.043
-8.354	-2.120
-8.470	-2.226
-8.630	-2.409
-8.673	-2.458
-8.761	-2.594
-8.748	-2.672
-8.738	-2.731
-8.709	-2.786
-8.689	-2.843
POLYLINE RED
-8.695	-2.791
-8.626	-3.082
-8.556	-3.374
-8.487	-3.666
-8.480	-3.727
-8.464	-3.789
-8.468	-3.851
-8.538	-5.014
-8.518	-4.323
-8.674	-5.315
-8.694	-5.443
-8.673	-5.870
-8.821	-6.027
-8.947	-6.159
-9.120	-6.222
-9.282	-6.302
-9.315	-6.319
-9.352	-6.328
-9.388	-6.337
-9.691	-6.417
-9.327	-6.301
-9.634	-6.403
POLYLINE BLACK
-7.920	-7.938
-7.929	-7.998
-7.941	-8.057
-7.946	-8.117
-7.948	-8.152
-7.950	-8.188
-7.941	-8.221
-7.859	-8.528
-7.773	-8.833
-7.676	-9.136
-7.616	-9.323
-7.537	-9.504
-7.468	-9.688
POLYLINE RED
-11.202	-7.147
-11.053	-7.146
-10.904	-7.133
-10.755	-7.144
-10.530	-7.161
-10.244	-7.245
-10.041	-7.335
-9.729	-7.475
-9.559	-7.697
-9.347	-7.966
-9.299	-8.027
-9.255	-8.092
-9.220	-8.161
-8.983	-8.642
-8.976	-8.801
-8.743	-9.138
-8.719	-9.173
-8.690	-9.203
-8.664	-9.236
POLYLINE RED
-11.404	-7.673
-11.640	-7.811
-11.884	-8.014
-11.977	-8.281
-12.011	-8.380
-12.015	-8.481
-12.014	-8.587
-12.013	-8.619
-12.005	-8.702
-11.987	-8.741
-11.947	-8.826
-11.830	-8.951
-11.785	-8.989
-11.690	-9.071
-11.444	-9.264
-11.281	-9.314
-11.080	-9.377
-10.876	-9.432
-10.669	-9.476
-10.482	-9.516
-10.293	-9.544
-10.103	-9.565
-9.968	-9.580
-9.774	-9.551
-9.675	-9.445
-9.630	-9.397
-9.605	-9.322
-9.584	-9.267
-9.537	-9.147
-9.556	-9.009
-9.606	-8.893
-9.641	-8.812
-9.676	-8.732
-9.720	-8.657
-9.822	-8.483
-9.971	-8.353
-10.121	-8.220
-10.181	-8.167
-10.244	-8.117
-10.311	-8.073
-10.355	-8.044
-10.405	-8.026
-10.452	-8.004
-10.542	-7.961
-10.635	-7.925
-10.722	-7.876
-10.814	-7.824
-10.898	-7.758
-10.988	-7.703
-11.058	-7.662
-11.211	-7.624
-11.291	-7.642
-11.338	-7.652
-11.385	-7.665
-11.432	-7.676
POLYLINE BROWN
-0.195	-10.092
-0.191	-10.035
-0.184	-9.978
-0.212	-9.927
-0.265	-9.831
-0.456	-9.750
-0.524	-9.702
-0.618	-9.637
-0.705	-9.562
-0.797	-9.494
-0.826	-9.472
-0.857	-9.454
-0.885	-9.431
-0.926	-9.399
-0.961	-9.359
-1.005	-9.330
-1.062	-9.292
-1.122	-9.258
-1.185	-9.229
-1.360	-9.149
-1.521	-9.065
-1.715	-9.081
-1.758	-9.085
-1.801	-9.094
-1.842	-9.106
-2.070	-9.175
-2.293	-9.260
-2.522	-9.326
-2.697	-9.376
-2.879	-9.341
-3.046	-9.281
-3.080	-9.269
-3.399	-9.159
-3.512	-9.061
-3.736	-8.867
-3.592	-8.952
-3.846	-8.807
-3.936	-8.755
-4.027	-8.703
-4.120	-8.656
-4.142	-8.644
-4.199	-8.633
-4.224	-8.639
-4.240	-8.643
-4.251	-8.657
-4.264	-8.666
POLYLINE BROWN
-4.290	-8.580
-4.491	-8.499
-4.760	-8.322
-5.002	-8.341
-5.016	-8.342
-5.031	-8.344
-5.044	-8.349
-5.234	-8.431
-5.424	-8.513
-5.615	-8.595
-5.673	-8.628
-5.729	-8.666
-5.790	-8.695
-5.895	-8.743
-5.998	-8.747
-6.108	-8.781
-6.139	-8.790
-6.168	-8.806
-6.197	-8.821
-6.277	-8.864
-6.355	-8.910
-6.434	-8.954
-6.462	-8.970
-6.488	-8.990
-6.518	-9.001
-6.946	-9.165
-6.806	-9.051
-7.059	-9.253
POLYLINE BROWN
-7.512	-8.986
-7.405	-9.298
-7.440	-9.160
-7.390	-9.396
POLYLINE BROWN
-7.406	-8.777
-7.223	-9.223
-7.277	-9.034
-7.204	-9.332
POLYLINE BROWN
-7.505	-9.156
-7.203	-8.835
POLYLINE BROWN
-7.478	-9.254
-7.157	-8.940
POLYLINE BROWN
-7.064	-8.953
-7.025	-8.931
-6.989	-8.905
-6.949	-8.887
-6.888	-8.860
-6.822	-8.846
-6.762	-8.820
-6.601	-8.750
-6.447	-8.664
-6.285	-8.598
-6.227	-8.574
-6.164	-8.567
-6.103	-8.552
-6.036	-8.526
-5.968	-8.504
-5.902	-8.475
-5.878	-8.465
-5.856	-8.448
-5.834	-8.433
-5.757	-8.380
-5.687	-8.315
-5.603	-8.273
-4.952	-7.939
-5.449	-8.292
-4.908	-7.925
-4.881	-7.907
-4.857	-7.885
-4.836	-7.860
-4.771	-7.782
-4.690	-7.690
-4.678	-7.583
-4.659	-7.419
-4.650	-7.254
-4.628	-7.091
-4.599	-6.879
-4.431	-6.726
-4.256	-6.620
-4.046	-6.492
-3.827	-6.378
-3.602	-6.279
-3.487	-6.228
-3.213	-6.144
-3.046	-6.134
-3.003	-6.132
-2.959	-6.133
-2.917	-6.141
-2.697	-6.182
-2.569	-6.209
-2.383	-6.303
-2.300	-6.345
-2.223	-6.400
-2.139	-6.441
-1.985	-6.518
-1.802	-6.588
-1.628	-6.599
-1.068	-6.634
-0.751	-6.575
-0.175	-6.441
0.016	-6.397
0.230	-6.267
0.444	-6.270
POLYLINE BROWN
0.466	-5.892
0.497	-6.164
0.473	-6.021
0.542	-6.317
POLYLINE BROWN
0.581	-5.898
0.639	-6.218
0.601	-6.079
0.681	-6.317
POLYLINE BROWN
0.380	-6.161
0.758	-6.061
POLYLINE BROWN
0.467	-6.263
0.773	-6.213
POLYLINE BROWN
0.374	-6.468
0.255	-6.500
0.137	-6.531
0.018	-6.563
-0.161	-6.614
-0.338	-6.671
-0.520	-6.715
-0.597	-6.733
-0.805	-6.729
-0.873	-6.742
-1.219	-6.809
-1.406	-6.863
-1.712	-7.025
-1.772	-7.057
-1.913	-7.139
-1.928	-7.236
-1.929	-7.241
-1.927	-7.247
-1.926	-7.253
-1.916	-7.283
-1.904	-7.312
-1.894	-7.342
POLYLINE BROWN
-1.832	-7.430
-1.690	-7.693
-1.491	-7.910
-1.294	-8.129
-1.240	-8.188
-1.190	-8.251
-1.134	-8.308
-1.073	-8.369
-1.004	-8.423
-0.942	-8.484
-0.887	-8.540
-0.839	-8.603
-0.784	-8.658
-0.650	-8.792
-0.211	-8.875
-0.130	-8.896
-0.083	-8.907
-0.006	-8.912
0.044	-8.893
0.063	-8.885
0.089	-8.869
0.104	-8.853
0.456	-8.476
0.108	-8.844
0.376	-8.532
0.438	-8.459
0.632	-8.296
0.639	-8.158
0.642	-8.114
0.638	-8.069
0.638	-8.025
POLYLINE BROWN
-0.562	-9.607
-0.583	-9.557
-0.610	-9.518
-0.613	-9.467
-0.618	-9.380
-0.544	-9.258
-0.469	-9.217
-0.343	-9.146
-0.210	-9.087
-0.084	-9.016
-0.083	-9.016
-0.010	-8.963
0.000	-8.942
0.015	-8.909
0.024	-8.875
0.035	-8.841
POLYLINE BROWN
1.014	-10.220
1.059	-10.075
1.081	-10.042
1.086	-9.896
1.088	-9.856
1.083	-9.815
1.079	-9.774
1.062	-9.614
1.026	-9.455
1.022	-9.294
1.018	-9.129
1.039	-8.963
1.055	-8.798
1.066	-8.688
1.143	-8.588
1.120	-8.474
1.113	-8.441
1.087	-8.418
1.068	-8.392
POLYLINE BROWN
1.108	-8.317
1.044	-8.216
0.921	-8.081
0.966	-7.944
0.983	-7.892
1.027	-7.847
1.056	-7.806
POLYLINE BROWN
0.588	-8.061
0.605	-7.583
0.546	-7.285
0.774	-6.901
0.817	-6.828
0.975	-6.667
1.024	-6.540
1.070	-6.418
1.031	-6.317
1.022	-6.186
1.018	-6.136
1.042	-6.093
1.018	-6.046
0.987	-5.982
0.865	-5.932
0.890	-5.852
0.915	-5.772
1.130	-5.619
1.161	-5.589
1.246	-5.508
1.354	-5.363
1.469	-5.296
1.534	-5.258
1.602	-5.224
1.672	-5.197
1.919	-5.102
2.351	-5.070
2.544	-5.058
2.799	-5.041
2.919	-5.089
3.164	-5.100
3.202	-5.102
3.240	-5.095
3.278	-5.091
3.406	-5.078
3.535	-5.068
3.662	-5.050
3.748	-5.037
4.034	-4.951
4.193	-4.973
4.252	-4.981
4.311	-4.994
4.370	-5.009
4.470	-5.035
4.621	-5.101
4.742	-5.099
4.879	-5.097
5.016	-5.078
5.154	-5.077
5.322	-5.077
5.478	-5.141
5.630	-5.204
POLYLINE BROWN
8.338	-6.111
8.171	-6.143
8.006	-6.181
7.838	-6.207
7.796	-6.214
7.753	-6.211
7.712	-6.207
7.433	-6.177
7.156	-6.132
6.877	-6.106
6.814	-6.100
6.749	-6.099
6.688	-6.111
6.179	-6.213
5.678	-6.352
5.169	-6.447
5.024	-6.474
4.874	-6.482
4.727	-6.476
4.526	-6.469
4.328	-6.428
4.128	-6.410
4.089	-6.407
4.050	-6.408
4.012	-6.414
3.743	-6.458
3.617	-6.587
3.328	-6.712
3.242	-6.748
3.152	-6.775
3.061	-6.794
2.812	-6.844
2.619	-6.826
2.365	-6.851
2.283	-6.859
2.162	-6.905
2.091	-6.938
2.067	-6.950
2.045	-6.964
2.024	-6.981
2.009	-6.993
1.790	-7.147
1.730	-7.243
1.693	-7.303
1.666	-7.385
1.609	-7.437
1.488	-7.547
1.309	-7.572
1.184	-7.681
1.167	-7.696
1.150	-7.713
1.137	-7.732
1.110	-7.769
1.089	-7.811
1.065	-7.850
1.062	-7.855
1.059	-7.861
1.055	-7.865
1.047	-7.873
1.037	-7.878
1.028	-7.884
POLYLINE RED
-10.633	-6.809
-10.554	-6.772
-10.476	-6.730
-10.396	-6.697
-10.329	-6.669
-10.259	-6.651
-10.191	-6.625
-9.941	-6.527
-9.693	-6.425
-9.444	-6.325
POLYLINE RED
-10.579	-6.772
-10.681	-6.829
-10.783	-6.887
-10.885	-6.944
-10.900	-6.949
-10.915	-6.955
-10.930	-6.958
-10.948	-6.963
-10.995	-6.965
-11.016	-6.979
-11.074	-7.017
-11.129	-7.058
-11.186	-7.097
POLYLINE RED
-5.595	-5.128
-5.646	-5.102
-5.693	-5.087
-5.732	-5.048
-5.762	-5.018
-5.781	-4.978
-5.794	-4.939
-5.845	-4.786
-5.839	-4.699
-5.810	-4.536
-5.801	-4.486
-5.773	-4.403
-5.743	-4.360
-5.152	-3.505
-5.194	-3.507
-4.436	-2.813
-4.174	-2.573
-3.886	-2.361
-3.622	-2.122
-3.454	-1.969
-3.317	-1.780
-3.141	-1.636
-2.887	-1.427
-2.528	-1.277
-2.234	-1.137
POLYLINE RED
-5.625	-5.113
-5.581	-5.111
-5.536	-5.116
-5.493	-5.107
-5.175	-5.042
-4.829	-4.816
-4.616	-4.590
POLYLINE RED
-7.098	-4.588
-7.178	-4.734
-7.260	-4.879
-7.338	-5.026
-7.344	-5.037
-7.345	-5.063
-7.343	-5.075
-7.337	-5.140
-7.274	-5.206
-7.238	-5.251
-7.190	-5.311
-7.137	-5.367
-7.091	-5.428
-7.023	-5.519
-6.964	-5.615
-6.897	-5.707
-6.891	-5.714
-6.859	-5.755
-6.835	-5.758
-6.792	-5.763
-6.774	-5.663
-6.771	-5.647
-6.735	-5.392
-6.703	-5.137
-6.673	-4.882
-6.670	-4.863
-6.681	-4.827
-6.688	-4.813
-6.719	-4.745
-6.770	-4.688
-6.827	-4.642
-6.858	-4.618
-6.917	-4.559
-6.971	-4.540
-7.021	-4.523
-7.078	-4.563
-7.100	-4.606
-7.113	-4.633
-7.124	-4.660
-7.135	-4.687
POLYLINE RED
-6.945	-5.094
-6.844	-5.784
POLYLINE RED
-6.933	-5.006
-6.928	-5.068
-6.923	-5.131
-6.918	-5.193
-6.917	-5.286
-6.923	-5.378
-6.915	-5.470
-6.906	-5.561
-6.883	-5.651
-6.867	-5.742
POLYLINE BLACK
-8.620	-4.256
-8.643	-4.252
-8.667	-4.249
-8.690	-4.243
-8.766	-4.223
-8.819	-4.158
-8.856	-4.093
-8.875	-4.060
-8.902	-3.995
-8.904	-3.954
-8.916	-3.760
-8.912	-3.754
-8.900	-3.618
POLYLINE BLACK
-9.007	-5.045
-9.126	-4.195
-9.036	-4.643
-9.300	-3.706
POLYLINE BLACK
-7.408	-3.505
-7.885	-3.907
-7.742	-3.821
-8.384	-4.172
-8.437	-4.201
-8.497	-4.217
-8.554	-4.240
POLYLINE BLACK
-7.411	-7.006
-7.463	-7.051
-7.518	-7.093
-7.568	-7.141
-7.649	-7.219
-7.728	-7.399
-7.755	-7.470
-7.852	-7.723
-7.858	-7.780
-7.896	-7.987
POLYLINE RED
-11.327	-7.146
-11.626	-7.305
-11.500	-7.228
-11.938	-7.577
-11.958	-7.593
-11.974	-7.612
-11.987	-7.633
-12.153	-7.894
-12.189	-8.071
-12.295	-8.417
-12.319	-8.494
-12.331	-8.623
-12.306	-8.705
-12.250	-8.894
-12.094	-9.118
-11.955	-9.252
-11.867	-9.337
-11.766	-9.410
-11.667	-9.482
-11.591	-9.537
-11.512	-9.590
-11.429	-9.633
-11.354	-9.672
-11.276	-9.702
-11.196	-9.726
-10.865	-9.824
-10.723	-9.877
-10.418	-9.865
-10.363	-9.863
-10.308	-9.848
-10.253	-9.840
-9.807	-9.779
-9.671	-9.797
-9.260	-9.617
-9.213	-9.597
-8.903	-9.429
-8.796	-9.332
-8.738	-9.278
-8.687	-9.217
-8.629	-9.163
-8.244	-8.802
-8.462	-9.094
-7.933	-8.408
-7.813	-8.251
-7.722	-8.073
-7.603	-7.916
-7.519	-7.806
-7.380	-7.742
-7.275	-7.661
-7.238	-7.634
-7.208	-7.599
-7.174	-7.568
POLYLINE RED
-7.097	-7.483
-5.392	-6.722
-8.068	-7.894
-3.624	-6.282
-3.273	-6.155
-2.944	-5.976
-2.609	-5.811
-2.278	-5.648
-2.280	-5.644
-2.083	-5.503
POLYLINE RED
-4.628	-4.538
-4.136	-4.371
-4.306	-4.440
-3.458	-3.822
-2.836	-3.369
-2.351	-2.686
-1.879	-2.112
-1.842	-2.067
-1.816	-2.013
-1.779	-1.967
-1.699	-1.867
-1.607	-1.778
-1.528	-1.677
-1.436	-1.560
-1.414	-1.498
-1.354	-1.372
POLYLINE RED
-6.873	-6.610
-6.896	-6.645
-6.920	-6.681
-6.943	-6.717
-6.948	-6.726
-6.953	-6.738
-6.949	-6.748
-6.940	-6.770
-6.909	-6.791
-6.894	-6.800
-6.745	-6.892
-6.594	-6.981
-6.442	-7.068
-6.386	-7.100
-6.371	-7.090
-6.339	-7.037
-6.311	-6.991
-6.285	-6.944
-6.259	-6.896
-6.257	-6.892
-6.256	-6.888
-6.255	-6.884
-6.251	-6.863
-6.269	-6.846
-6.287	-6.838
-6.403	-6.787
-6.523	-6.742
-6.638	-6.687
-6.698	-6.658
-6.754	-6.620
-6.813	-6.587
-6.835	-6.574
-6.859	-6.612
-6.866	-6.626
-6.874	-6.645
-6.880	-6.664
-6.888	-6.684
POLYLINE RED
-6.835	-6.587
-6.708	-6.707
-6.825	-6.592
-6.662	-6.777
-6.657	-6.782
-6.651	-6.785
-6.646	-6.789
-6.612	-6.810
-6.566	-6.811
-6.532	-6.822
-6.484	-6.838
-6.438	-6.859
-6.390	-6.875
-6.380	-6.879
-6.369	-6.880
-6.359	-6.880
-6.320	-6.882
-6.282	-6.880
-6.244	-6.880
POLYLINE RED
-6.387	-6.889
-6.378	-7.088
POLYLINE RED
-6.653	-6.802
-6.897	-6.747
-6.801	-6.761
-6.940	-6.744
POLYLINE BLACK
-10.082	-6.489
-9.781	-5.948
-10.030	-6.373
-9.108	-5.300
-9.083	-5.271
-9.054	-5.245
-9.030	-5.215
-9.000	-5.177
-8.961	-5.089
-8.974	-5.038
-8.977	-5.024
-8.986	-5.014
-8.992	-5.002
POLYLINE BLACK
-14.252	-5.526
-14.274	-5.392
-14.251	-5.271
-14.203	-5.146
-14.194	-5.124
-14.184	-5.104
-14.170	-5.086
-14.128	-5.032
-14.084	-4.979
-14.036	-4.930
-14.014	-4.907
-13.989	-4.887
-13.961	-4.870
-13.891	-4.829
-13.818	-4.791
-13.743	-4.757
-13.684	-4.730
-13.606	-4.714
-13.541	-4.724
-13.420	-4.743
-13.282	-4.866
-13.205	-4.929
-13.062	-5.046
-13.075	-5.038
-12.997	-5.151
POLYLINE BLACK
-14.214	-5.939
-14.210	-5.938
POLYLINE BLACK
-14.238	-6.006
-14.072	-5.931
-14.093	-5.953
-13.940	-5.829
-13.914	-5.809
-13.889	-5.787
-13.870	-5.760
-13.807	-5.673
-13.746	-5.583
-13.695	-5.488
-13.638	-5.384
-13.586	-5.218
-13.574	-5.097
-13.558	-4.942
-13.565	-4.875
-13.574	-4.746
POLYLINE BLACK
-20.019	-9.372
-20.246	-9.604
-20.158	-9.499
-20.405	-9.857
-20.414	-9.871
-20.422	-9.897
-20.424	-9.913
-20.435	-9.997
-20.374	-10.083
-20.303	-10.121
-20.159	-10.200
-20.010	-10.271
-19.869	-10.357
-19.836	-10.377
-19.733	-10.484
-19.656	-10.514
-19.604	-10.535
-19.549	-10.511
-19.515	-10.468
-19.329	-10.232
-19.145	-9.995
-18.963	-9.756
-18.919	-9.698
-18.923	-9.589
-18.949	-9.525
-18.966	-9.485
-18.996	-9.445
-19.035	-9.426
-19.040	-9.424
-19.046	-9.423
-19.051	-9.421
-19.064	-9.416
-19.078	-9.413
-19.091	-9.408
-19.110	-9.399
-19.127	-9.388
-19.145	-9.377
-19.261	-9.312
-19.375	-9.242
-19.493	-9.179
-19.534	-9.157
-19.600	-9.151
-19.642	-9.149
-19.744	-9.143
-19.823	-9.223
-19.894	-9.284
-19.920	-9.306
-19.939	-9.335
-19.965	-9.356
-19.998	-9.382
-20.036	-9.402
-20.071	-9.425
POLYLINE BLACK
-19.744	-9.155
-19.675	-9.212
-19.655	-9.251
-19.643	-9.341
-19.624	-9.475
-19.697	-9.721
-19.706	-9.779
-19.716	-9.835
-19.569	-9.837
-19.544	-9.834
-19.535	-9.833
-19.525	-9.832
-19.517	-9.828
-19.458	-9.807
-19.401	-9.778
-19.342	-9.759
-19.281	-9.740
-19.161	-9.732
-19.099	-9.754
-19.060	-9.767
-19.024	-9.787
-18.986	-9.804
POLYLINE BLACK
-19.659	-9.778
-19.673	-9.809
-19.688	-9.829
-19.692	-9.861
-19.706	-9.959
-19.597	-10.119
-19.543	-10.164
-19.504	-10.198
-19.458	-10.179
-19.416	-10.198
-19.366	-10.221
-19.372	-10.297
-19.396	-10.334
-19.419	-10.369
-19.443	-10.403
-19.467	-10.437
POLYLINE BLACK
-19.687	-9.812
-19.790	-9.850
-19.893	-9.887
-19.995	-9.924
-20.072	-9.950
-20.150	-9.969
-20.224	-10.001
-20.240	-10.008
-20.249	-10.026
-20.262	-10.038
POLYLINE BLACK
-17.476	-9.425
-17.476	-9.472
-17.463	-9.685
-17.497	-9.764
-17.572	-9.944
-17.665	-10.116
-17.745	-10.294
-17.754	-10.314
-17.760	-10.348
-17.759	-10.372
-17.758	-10.461
-17.598	-10.460
-17.546	-10.518
-17.490	-10.580
-17.478	-10.700
-17.459	-10.766
-17.451	-10.793
-17.422	-10.815
-17.397	-10.824
-17.259	-10.876
-17.099	-10.763
-16.997	-10.698
-16.896	-10.634
-16.805	-10.555
-16.717	-10.474
-16.660	-10.421
-16.225	-10.063
-16.142	-9.832
-16.117	-9.764
-16.115	-9.669
-16.117	-9.603
-16.121	-9.499
-16.143	-9.365
-16.219	-9.285
-16.279	-9.222
-16.383	-9.165
-16.443	-9.122
-16.508	-9.073
-16.500	-8.999
-16.541	-8.940
-16.629	-8.816
-16.814	-8.818
-16.946	-8.832
-16.969	-8.834
-16.990	-8.841
-17.011	-8.848
-17.159	-8.901
-17.199	-8.969
-17.305	-9.104
-17.348	-9.157
-17.384	-9.214
-17.424	-9.269
-17.443	-9.295
-17.464	-9.321
-17.485	-9.347
POLYLINE BLACK
-16.911	-8.838
-16.879	-8.982
-16.699	-9.214
-16.714	-9.410
-16.723	-9.532
-16.772	-9.625
-16.825	-9.733
POLYLINE BLACK
-16.855	-9.727
-16.995	-10.009
-17.136	-10.290
-17.277	-10.572
-17.304	-10.627
-17.314	-10.640
-17.326	-10.700
-17.335	-10.746
-17.328	-10.822
-17.327	-10.861
POLYLINE BLACK
-16.853	-9.747
-16.704	-9.859
-16.632	-9.888
-16.447	-9.920
-16.406	-9.927
-16.352	-9.924
-16.312	-9.914
-16.240	-9.897
-16.219	-9.874
-16.148	-9.830
POLYLINE BLACK
-13.631	-7.116
-13.882	-7.314
-14.136	-7.508
-14.384	-7.709
-14.462	-7.773
-14.553	-7.911
-14.488	-8.015
-14.473	-8.040
-14.359	-8.178
-14.336	-8.260
-14.305	-8.371
-14.342	-8.473
-14.371	-8.582
-14.397	-8.683
-14.430	-8.782
-14.456	-8.883
-14.458	-8.891
-14.448	-8.899
-14.442	-8.901
-14.433	-8.904
-14.414	-8.904
-14.406	-8.901
-14.351	-8.885
-14.295	-8.873
-14.244	-8.847
-14.152	-8.802
-14.064	-8.748
-13.980	-8.689
-13.702	-8.496
-13.901	-8.609
-13.731	-8.467
-13.689	-8.431
-13.638	-8.407
-13.586	-8.387
-13.515	-8.360
-13.421	-8.341
-13.354	-8.294
-13.157	-8.154
-13.278	-7.850
-13.305	-7.669
-13.310	-7.639
-13.309	-7.608
-13.307	-7.578
-13.302	-7.502
-13.295	-7.506
-13.275	-7.441
-13.253	-7.372
-13.229	-7.304
-13.212	-7.235
-13.203	-7.202
-13.195	-7.143
-13.201	-7.102
-13.217	-6.992
-13.314	-6.995
-13.406	-7.014
-13.440	-7.022
-13.473	-7.034
-13.506	-7.047
-13.562	-7.070
-13.615	-7.098
-13.670	-7.124
POLYLINE BLACK
-13.297	-7.015
-13.465	-7.200
-13.629	-7.390
-13.802	-7.571
-13.855	-7.627
-13.920	-7.664
-13.989	-7.697
-14.021	-7.712
-14.043	-7.712
-14.068	-7.733
-14.123	-7.779
-14.143	-7.978
-14.145	-7.982
-14.161	-8.033
-14.187	-8.081
-14.210	-8.130
-14.237	-8.184
-14.249	-8.182
-14.258	-8.229
-14.264	-8.255
-14.257	-8.287
-14.255	-8.311
POLYLINE BLACK
-14.167	-8.063
-14.142	-8.047
-14.119	-8.029
-14.093	-8.015
-13.892	-7.911
-13.519	-7.945
-13.332	-7.943
POLYLINE BLACK
-15.604	-8.266
-15.659	-8.341
-15.751	-8.445
-15.796	-8.544
-15.812	-8.577
-15.810	-8.624
-15.785	-8.653
-15.731	-8.716
-15.677	-8.780
-15.618	-8.838
-15.568	-8.888
-15.500	-8.933
-15.427	-8.916
-15.387	-8.906
-15.339	-8.877
-15.311	-8.855
-15.221	-8.783
-15.153	-8.717
-15.089	-8.625
-15.058	-8.580
-15.032	-8.513
-15.021	-8.461
-15.013	-8.425
-15.008	-8.388
-15.007	-8.351
-15.006	-8.325
-14.998	-8.222
-15.036	-8.191
-15.075	-8.157
-15.165	-8.214
-15.196	-8.233
-15.199	-8.235
-15.281	-8.313
-15.327	-8.306
-15.369	-8.300
-15.404	-8.244
-15.423	-8.218
-15.444	-8.188
-15.453	-8.129
-15.503	-8.143
-15.512	-8.145
-15.522	-8.147
-15.529	-8.153
-15.560	-8.175
-15.588	-8.200
-15.617	-8.224
POLYLINE BLACK
-15.338	-8.320
-15.329	-8.398
-15.299	-8.542
-15.373	-8.608
-15.394	-8.626
-15.416	-8.643
-15.439	-8.658
-15.475	-8.684
-15.512	-8.694
-15.523	-8.740
-15.544	-8.825
-15.480	-8.911
-15.443	-8.978
POLYLINE BLACK
-15.323	-8.568
-14.997	-8.436
-15.382	-8.587
-14.988	-8.450
-14.965	-8.442
-14.944	-8.430
-14.923	-8.420
POLYLINE BLACK
-19.324	-11.142
-19.445	-11.227
-19.634	-11.328
-19.748	-11.457
-19.771	-11.484
-19.798	-11.524
-19.792	-11.562
-19.787	-11.590
-19.768	-11.618
-19.749	-11.637
-19.636	-11.749
-19.602	-11.755
-19.531	-11.862
-19.511	-11.892
-19.500	-11.920
-19.491	-11.953
-19.458	-12.090
-19.463	-12.125
-19.410	-12.235
-19.390	-12.277
-19.363	-12.320
-19.311	-12.308
-19.298	-12.305
-19.284	-12.303
-19.272	-12.296
-19.125	-12.209
-18.983	-12.114
-18.834	-12.028
-18.796	-12.006
-18.753	-11.994
-18.714	-11.974
-18.629	-11.929
-18.593	-11.863
-18.585	-11.768
-18.579	-11.691
-18.553	-11.530
-18.604	-11.443
-18.638	-11.385
-18.675	-11.330
-18.715	-11.276
-18.842	-11.104
-18.840	-11.152
-18.908	-11.009
-18.943	-10.936
-18.873	-10.889
-18.825	-10.847
-18.809	-10.833
-18.778	-10.816
-18.796	-10.789
-18.822	-10.752
-18.885	-10.739
-18.925	-10.736
-19.017	-10.728
-19.166	-10.747
-19.232	-10.822
-19.292	-10.889
-19.316	-11.057
-19.333	-11.118
POLYLINE BLACK
-19.350	-11.168
-19.314	-11.278
-19.073	-11.318
-19.039	-11.460
-19.017	-11.549
-19.179	-11.837
-19.190	-11.861
-19.207	-11.896
-19.255	-11.904
-19.285	-11.919
-19.309	-11.931
-19.327	-11.955
-19.338	-11.978
-19.385	-12.084
-19.340	-12.216
-19.313	-12.322
POLYLINE BLACK
-19.052	-11.602
-18.879	-11.684
-18.834	-11.688
-18.721	-11.773
-18.717	-11.776
-18.713	-11.781
-18.710	-11.785
-18.687	-11.817
-18.664	-11.850
-18.641	-11.883
POLYLINE BLACK
-20.733	-12.591
-20.613	-13.021
-20.698	-12.695
-20.707	-13.802
-20.713	-13.858
-20.719	-13.915
-20.726	-13.971
-20.725	-13.974
-20.725	-13.977
-20.724	-13.980
-20.716	-14.012
-20.684	-14.038
-20.655	-14.050
-20.573	-14.084
-20.489	-14.115
-20.406	-14.147
-20.384	-14.155
-20.358	-14.146
-20.343	-14.129
-20.322	-14.104
-20.304	-14.043
-20.302	-14.031
-20.261	-13.844
-20.228	-13.655
-20.192	-13.467
-20.186	-13.439
-20.191	-13.433
-20.179	-13.411
-20.135	-13.332
-20.014	-13.303
-20.013	-13.200
-20.012	-13.035
-20.222	-12.672
-20.225	-12.662
-20.257	-12.565
-20.258	-12.322
-20.333	-12.194
-20.397	-12.086
-20.468	-11.981
-20.537	-11.876
-20.562	-11.838
-20.625	-11.832
-20.646	-11.875
-20.650	-11.882
-20.655	-11.890
-20.656	-11.899
-20.687	-12.129
-20.714	-12.360
-20.743	-12.591
POLYLINE BLACK
-20.564	-11.790
-20.574	-12.073
-20.586	-12.356
-20.595	-12.638
-20.597	-12.716
-20.482	-12.796
-20.451	-12.830
-20.418	-12.867
-20.407	-12.934
-20.405	-12.978
-20.402	-13.026
-20.404	-13.074
-20.407	-13.122
-20.425	-13.391
-20.450	-13.660
-20.467	-13.930
-20.469	-13.949
-20.459	-13.987
-20.451	-14.005
-20.425	-14.064
-20.384	-14.108
-20.346	-14.160
POLYLINE BLACK
-20.392	-12.854
-20.240	-12.934
-20.201	-13.123
-20.076	-13.227
-20.056	-13.243
-20.027	-13.257
-20.005	-13.268
POLYLINE BLACK
-21.401	-10.914
-21.319	-11.213
-21.239	-11.514
-21.153	-11.812
-21.148	-11.827
-21.140	-11.840
-21.132	-11.854
-21.097	-11.909
-21.031	-11.957
-20.966	-11.923
-20.912	-11.896
-20.869	-11.855
-20.811	-11.837
-20.801	-11.834
-20.583	-11.813
-20.595	-11.723
-20.607	-11.636
-20.639	-11.613
-20.677	-11.534
-20.699	-11.488
-20.708	-11.431
-20.711	-11.382
-20.712	-11.359
-20.712	-11.335
-20.708	-11.311
-20.695	-11.226
-20.646	-11.146
-20.693	-11.067
-20.760	-10.955
-20.936	-10.986
-21.018	-10.886
-21.033	-10.868
-21.050	-10.850
-21.059	-10.828
-21.095	-10.745
-21.123	-10.660
-21.152	-10.575
-21.167	-10.531
-21.176	-10.486
-21.190	-10.442
-21.191	-10.438
-21.194	-10.434
-21.196	-10.430
-21.225	-10.389
-21.297	-10.412
-21.325	-10.441
-21.346	-10.462
-21.362	-10.487
-21.372	-10.514
-21.410	-10.609
-21.416	-10.635
-21.414	-10.726
POLYLINE BLACK
-21.283	-10.458
-21.264	-10.806
-21.338	-10.946
-21.117	-11.156
-21.044	-11.224
-20.962	-11.281
-20.888	-11.349
-20.871	-11.365
-20.856	-11.384
-20.845	-11.405
-20.787	-11.512
-20.739	-11.623
-20.682	-11.731
-20.655	-11.781
-20.582	-11.847
-20.550	-11.880
POLYLINE BLACK
-21.191	-11.088
-21.093	-11.305
-21.080	-11.550
-21.094	-11.784
POLYLINE BLACK
-20.560	-15.029
-20.418	-15.152
-20.270	-15.269
-20.132	-15.397
-19.627	-15.872
-19.619	-16.036
-18.959	-16.292
-18.326	-16.538
-17.664	-16.706
-17.024	-16.934
-16.931	-16.966
-16.845	-17.017
-16.764	-17.072
-16.592	-17.189
-16.432	-17.324
-16.265	-17.450
POLYLINE BLACK
-19.093	-14.525
-19.170	-14.451
-19.280	-14.354
-19.197	-14.246
-19.179	-14.222
-19.145	-14.208
-19.115	-14.208
-18.918	-14.211
-18.893	-14.399
-18.944	-14.553
-18.957	-14.592
-18.975	-14.630
-18.993	-14.667
-19.029	-14.741
-19.158	-14.889
-19.095	-14.997
-19.081	-15.021
-19.061	-15.042
-19.034	-15.052
-19.003	-15.063
-18.980	-15.053
-18.949	-15.052
-18.932	-15.051
-18.916	-15.054
-18.900	-15.055
POLYLINE BLACK
-18.948	-15.367
-18.949	-15.377
POLYLINE BLACK
-16.197	-17.407
-16.053	-17.466
-15.915	-17.542
-15.766	-17.584
-15.411	-17.685
-14.819	-17.725
-14.477	-17.771
-14.134	-17.818
-14.061	-17.871
-13.765	-17.852
-13.497	-17.835
-13.245	-17.687
-13.004	-17.599
-12.973	-17.588
-12.939	-17.584
-12.907	-17.576
POLYLINE BLACK
-12.938	-17.482
-12.925	-17.485
POLYLINE BLACK
-12.904	-17.464
-12.575	-17.345
-12.216	-17.266
-11.866	-17.344
-11.685	-17.384
-11.509	-17.446
-11.329	-17.488
-11.290	-17.497
-11.097	-17.500
-11.064	-17.501
POLYLINE BLACK
-18.621	-13.071
-18.764	-13.209
-18.903	-13.351
-19.048	-13.485
-19.096	-13.529
-19.156	-13.559
-19.202	-13.605
-19.592	-13.984
-19.974	-14.373
-20.357	-14.759
-20.365	-14.766
-20.370	-14.776
-20.374	-14.785
-20.397	-14.836
-20.418	-14.888
-20.440	-14.939
POLYLINE BLACK
-8.338	-9.236
-8.430	-9.325
-8.655	-9.504
-8.758	-9.663
-8.773	-9.687
-8.785	-9.718
-8.783	-9.747
-8.779	-9.819
-8.644	-9.939
-8.607	-9.982
-8.571	-10.026
-8.566	-10.072
-8.559	-10.128
-8.553	-10.171
-8.558	-10.208
-8.533	-10.244
-8.502	-10.290
-8.453	-10.298
-8.407	-10.322
-8.380	-10.336
-8.367	-10.371
-8.363	-10.399
-8.358	-10.436
-8.357	-10.475
-8.373	-10.510
-8.405	-10.584
-8.471	-10.654
-8.360	-10.689
-8.314	-10.704
-8.267	-10.713
-8.219	-10.701
-8.054	-10.661
-7.997	-10.432
-7.998	-10.290
-7.999	-10.138
-8.030	-10.150
-8.046	-9.970
-8.051	-9.916
-8.047	-9.862
-8.042	-9.809
-8.038	-9.769
-8.030	-9.728
-8.018	-9.690
-7.998	-9.623
-7.915	-9.475
-7.925	-9.375
-7.928	-9.350
-7.938	-9.320
-7.950	-9.299
-7.990	-9.229
-8.065	-9.064
-8.183	-9.100
-8.260	-9.123
-8.349	-9.236
-8.404	-9.294
POLYLINE BLACK
-8.152	-9.089
-8.102	-9.173
-8.048	-9.271
-8.090	-9.369
-8.120	-9.438
-8.176	-9.490
-8.185	-9.567
-8.190	-9.612
-8.165	-9.699
-8.161	-9.720
-8.151	-9.766
-8.141	-9.776
-8.142	-9.817
-8.143	-9.858
-8.177	-9.964
-8.178	-9.968
-8.193	-10.063
-8.152	-10.160
-8.175	-10.253
-8.185	-10.295
-8.215	-10.315
-8.238	-10.351
-8.250	-10.370
-8.259	-10.391
-8.270	-10.411
-8.294	-10.447
-8.318	-10.483
-8.342	-10.519
POLYLINE BLACK
-8.154	-9.450
-8.165	-9.478
POLYLINE BLACK
-8.125	-9.398
-8.148	-9.436
-8.169	-9.475
-8.193	-9.512
-8.209	-9.538
-8.233	-9.559
-8.247	-9.587
-8.317	-9.724
-8.301	-9.753
-8.367	-9.838
-8.371	-9.843
-8.376	-9.847
-8.382	-9.851
-8.414	-9.873
-8.448	-9.893
-8.482	-9.914
POLYLINE BLACK
-10.052	-10.094
-10.132	-10.086
-10.212	-10.073
-10.293	-10.070
-10.422	-10.066
-10.593	-10.087
-10.684	-10.194
-10.758	-10.282
-10.632	-10.365
-10.559	-10.385
-10.440	-10.418
-10.319	-10.441
-10.200	-10.474
-10.106	-10.500
-10.046	-10.592
-9.982	-10.655
-9.919	-10.717
-9.809	-10.663
-9.752	-10.626
-9.616	-10.536
-9.555	-10.474
-9.446	-10.347
-9.403	-10.298
-9.359	-10.225
-9.364	-10.156
-9.368	-10.101
-9.411	-10.054
-9.459	-10.030
-9.499	-10.010
-9.540	-9.993
-9.582	-9.978
-9.614	-9.966
-9.673	-9.959
-9.706	-9.963
-9.839	-9.979
-9.972	-10.000
-10.105	-10.021
-10.117	-10.023
-10.130	-10.027
-10.142	-10.033
-10.165	-10.045
-10.186	-10.061
-10.208	-10.075
POLYLINE BLACK
-10.196	-10.066
-10.152	-10.081
-10.109	-10.099
-10.065	-10.112
-10.007	-10.130
-9.990	-10.121
-9.946	-10.147
-9.861	-10.196
-9.954	-10.152
-9.861	-10.209
-9.820	-10.234
-9.783	-10.250
-9.737	-10.261
-9.707	-10.268
-9.675	-10.267
-9.646	-10.256
-9.618	-10.246
-9.614	-10.239
-9.589	-10.237
-9.544	-10.234
-9.479	-10.268
-9.489	-10.321
-9.490	-10.329
-9.491	-10.337
-9.495	-10.344
-9.518	-10.377
-9.545	-10.407
-9.570	-10.438
POLYLINE BLACK
-9.939	-10.160
-9.879	-10.256
-9.818	-10.353
-9.809	-10.468
-9.807	-10.494
-9.806	-10.521
-9.811	-10.547
-9.819	-10.592
-9.836	-10.635
-9.848	-10.680
POLYLINE BLACK
-12.390	-6.228
-12.614	-6.719
-12.453	-6.419
-12.751	-6.866
-12.761	-6.881
-12.760	-6.909
-12.754	-6.925
-12.741	-6.960
-12.723	-6.982
-12.698	-7.012
-12.664	-7.052
-12.595	-7.106
-12.599	-7.170
-12.608	-7.277
-12.623	-7.384
-12.633	-7.491
-12.642	-7.595
-12.460	-7.610
-12.402	-7.554
-12.333	-7.485
-12.268	-7.412
-12.198	-7.342
-12.190	-7.334
-12.179	-7.327
-12.168	-7.321
-12.083	-7.270
-11.974	-7.285
-11.889	-7.232
-11.829	-7.194
-11.751	-7.093
-11.721	-7.064
-11.698	-7.043
-11.672	-7.026
-11.645	-7.010
-11.549	-6.953
-11.449	-6.933
-11.404	-6.828
-11.396	-6.810
-11.391	-6.789
-11.390	-6.770
-11.389	-6.732
-11.408	-6.672
-11.418	-6.649
-11.551	-6.338
-11.872	-6.178
-12.130	-5.983
-12.168	-5.955
-12.223	-5.927
-12.266	-5.961
-12.313	-5.997
-12.329	-6.040
-12.339	-6.097
-12.344	-6.125
-12.342	-6.153
-12.349	-6.180
-12.364	-6.239
-12.387	-6.295
-12.406	-6.352
POLYLINE BLACK
-12.244	-5.944
-12.226	-6.021
-12.221	-6.117
-12.168	-6.184
-12.163	-6.191
-12.156	-6.197
-12.149	-6.203
-12.112	-6.234
-12.071	-6.262
-12.036	-6.295
-11.988	-6.341
-11.945	-6.418
-11.929	-6.483
-11.916	-6.538
-11.928	-6.664
-11.930	-6.686
-11.935	-6.736
-11.951	-6.793
-11.993	-6.826
-12.045	-6.866
-12.094	-6.884
-12.138	-6.938
-12.160	-6.965
-12.180	-6.995
-12.199	-7.026
-12.208	-7.040
-12.215	-7.055
-12.221	-7.070
-12.233	-7.100
-12.230	-7.116
-12.255	-7.134
-12.291	-7.162
-12.353	-7.168
-12.393	-7.171
-12.445	-7.176
-12.528	-7.156
-12.546	-7.228
-12.556	-7.271
-12.564	-7.315
-12.573	-7.358
POLYLINE BLACK
-11.945	-6.394
-11.947	-6.452
-11.957	-6.518
-11.927	-6.572
-11.888	-6.644
-11.783	-6.706
-11.708	-6.731
-11.661	-6.746
-11.612	-6.754
-11.565	-6.771
-11.519	-6.787
-11.475	-6.810
-11.431	-6.829
POLYLINE BLACK
-7.420	-7.015
-7.387	-6.986
-7.349	-6.962
-7.321	-6.928
-7.085	-6.644
-6.928	-6.234
-6.794	-5.926
-6.753	-5.829
-6.725	-5.728
-6.699	-5.626
-6.666	-5.499
-6.649	-5.368
-6.616	-5.241
-6.521	-4.869
-6.474	-4.935
-6.490	-4.535
-6.501	-4.279
-6.536	-4.025
-6.560	-3.770
POLYLINE BLACK
-9.387	-2.750
-9.259	-3.373
POLYLINE BLACK
-9.181	-2.673
-9.199	-3.008
-9.194	-2.759
-9.103	-3.417
POLYLINE BLACK
-9.485	-2.983
-9.040	-2.882
-9.201	-2.887
-9.013	-2.884
POLYLINE BLACK
-9.451	-3.130
-8.904	-3.024
POLYLINE BLACK
-12.852	-9.523
-12.899	-9.521
-12.946	-9.513
-12.993	-9.516
-13.452	-9.545
-14.202	-9.941
-14.394	-10.011
-14.434	-10.026
-14.478	-10.029
-14.521	-10.035
-14.701	-10.063
-14.882	-10.080
-15.061	-10.113
-15.327	-10.162
-15.687	-10.398
-15.850	-10.507
-16.266	-10.786
-16.456	-11.284
-16.864	-11.569
-17.036	-11.689
-17.210	-11.806
-17.391	-11.912
-17.490	-11.970
-17.604	-12.001
-17.702	-12.061
-17.875	-12.167
-18.167	-12.347
-18.325	-12.534
-18.356	-12.571
-18.489	-12.735
-18.519	-12.824
-18.588	-13.033
-18.576	-13.309
-18.522	-13.515
-18.474	-13.701
-18.390	-13.983
-18.255	-14.159
-18.032	-14.451
-17.799	-14.593
-17.456	-14.806
-17.292	-14.907
-17.120	-14.998
-16.940	-15.065
-16.550	-15.210
-16.130	-15.274
-15.748	-15.440
-15.285	-15.641
-14.858	-15.917
-14.416	-16.162
-14.284	-16.235
-14.280	-16.281
-14.132	-16.319
-12.863	-16.650
-13.403	-16.410
-11.900	-16.945
-11.619	-17.046
-11.391	-17.298
-11.183	-17.487
-10.745	-17.887
-10.332	-18.402
-9.720	-18.542
-9.664	-18.554
-9.372	-18.594
-9.276	-18.567
-8.585	-18.374
-7.894	-18.182
-7.215	-17.954
-7.110	-17.919
-6.563	-17.707
-6.457	-17.487
-6.393	-17.355
-6.397	-17.209
-6.440	-17.072
-6.449	-17.041
-6.460	-17.010
-6.477	-16.983
-6.703	-16.637
-6.924	-16.287
-7.169	-15.954
-7.246	-15.849
-7.349	-15.766
-7.440	-15.674
-7.540	-15.572
-7.622	-15.518
-7.687	-15.405
-7.845	-15.133
-7.785	-14.520
-7.779	-14.286
-7.775	-14.147
-7.740	-14.032
-7.770	-13.898
-7.808	-13.732
-7.860	-13.570
-7.897	-13.404
-7.904	-13.375
-7.906	-13.344
-7.902	-13.315
-7.839	-12.861
-7.772	-12.888
-7.546	-12.322
-7.519	-12.256
-7.514	-12.143
-7.519	-12.076
-7.543	-11.728
-7.755	-11.432
-7.997	-11.195
-8.109	-11.085
-8.304	-10.920
-8.480	-10.909
-8.538	-10.905
-10.374	-10.906
-10.977	-10.676
-11.218	-10.583
-11.888	-10.311
-12.196	-10.048
-12.352	-9.914
-12.490	-9.759
-12.644	-9.623
-12.726	-9.551
-12.814	-9.524
-12.911	-9.483
POLYLINE BLACK
-7.932	-13.217
-8.055	-13.138
-8.164	-13.030
-8.301	-12.981
-8.739	-12.825
-9.188	-12.696
-9.644	-12.605
-10.060	-12.523
-11.072	-12.599
-11.410	-12.646
-11.677	-12.683
-12.254	-12.786
-12.563	-12.963
-12.676	-13.027
-13.202	-13.304
-13.402	-13.531
-13.438	-13.572
-13.471	-13.618
-13.500	-13.665
-13.555	-13.752
-13.690	-13.959
-13.714	-14.098
-13.764	-14.398
-13.791	-14.701
-13.842	-15.001
-13.882	-15.232
-13.950	-15.458
-13.985	-15.690
-14.034	-16.027
-14.026	-16.109
-14.016	-16.366
POLYLINE BROWN
-10.746	-12.147
-10.782	-12.079
-10.816	-11.996
-10.877	-11.944
-10.926	-11.902
-10.982	-11.871
-11.035	-11.834
POLYLINE BROWN
-10.551	-11.989
-10.573	-11.951
-10.593	-11.912
-10.618	-11.876
-10.678	-11.792
-10.782	-11.725
-10.879	-11.696
-10.974	-11.667
-11.072	-11.650
-11.168	-11.627
POLYLINE BROWN
-11.490	-11.362
-11.440	-11.955
POLYLINE BROWN
-11.325	-11.312
-11.297	-11.983
POLYLINE BROWN
-11.608	-11.630
-11.185	-11.492
-11.347	-11.523
-11.136	-11.487
POLYLINE BROWN
-11.633	-11.870
-11.069	-11.686
POLYLINE BROWN
-12.556	-16.520
-12.001	-16.695
-12.323	-16.607
-11.584	-16.759

ELEVATION
STATIONS
0.000	0.000	0
-5.342	0.638	1
-7.791	0.933	2
-6.972	-2.291	3
-8.981	-2.186	4
-7.899	-2.385	5
-12.771	-4.027	6
-12.310	-11.107	7
-9.495	-29.153	8
-7.894	-27.803	9
-0.771	-25.269	10
-0.054	-25.251	11
-2.668	-29.323	11.1
0.906	-24.659	12
1.459	-25.150	13
8.264	-26.408	14
12.219	-30.631	15
21.181	-26.375	16
21.394	-26.384	17
2.094	-20.955	13.1
SHOTS
0.000	0.000	1.595	0.004
0.000	0.000	-5.342	0.638
-5.342	0.638	-7.791	0.933
-7.791	0.933	-6.912	1.844
-7.791	0.933	-3.262	0.647
-7.791	0.933	-4.128	0.572
-7.791	0.933	-7.370	0.643
-7.791	0.933	-6.457	2.252
-7.791	0.933	-5.661	1.182
-7.791	0.933	-6.972	-2.291
-6.972	-2.291	-8.532	-2.507
-6.972	-2.291	-6.589	-2.343
-6.972	-2.291	-8.981	-2.186
-8.981	-2.186	-9.863	-2.693
-8.981	-2.186	-8.800	-3.285
-8.981	-2.186	-8.747	-1.869
-8.981	-2.186	-7.769	-2.236
-8.981	-2.186	-11.069	-2.759
-8.981	-2.186	-7.899	-2.385
-7.899	-2.385	-12.550	-3.082
-7.899	-2.385	-14.067	-2.779
-7.899	-2.385	-14.178	-2.439
-7.899	-2.385	-14.365	-2.799
-7.899	-2.385	-10.116	-2.465
-7.899	-2.385	-12.063	-3.716
-7.899	-2.385	-12.771	-4.027
-12.771	-4.027	-6.398	-4.873
-12.771	-4.027	-9.536	-4.283
-12.771	-4.027	-12.813	-1.814
-12.771	-4.027	-21.519	-3.045
-12.771	-4.027	-19.185	-3.463
-12.771	-4.027	-11.709	-18.869
-12.771	-4.027	-12.283	-11.137
-12.771	-4.027	-11.711	-18.851
-12.771	-4.027	-12.310	-11.107
-12.310	-11.107	-12.850	-11.669
-12.310	-11.107	-8.190	-10.916
-12.310	-11.107	-7.964	-10.775
-12.310	-11.107	-9.403	-10.678
-12.310	-11.107	-9.365	-10.611
-12.310	-11.107	-14.051	-11.391
-12.310	-11.107	-9.495	-29.153
-9.495	-29.153	-8.001	-29.303
-9.495	-29.153	-10.912	-29.133
-9.495	-29.153	-12.270	-29.161
-9.495	-29.153	-9.648	-30.576
-9.495	-29.153	-10.421	-29.956
-9.495	-29.153	-9.965	-29.925
-9.495	-29.153	-11.595	-25.097
-9.495	-29.153	-12.578	-27.043
-9.495	-29.153	-10.803	-27.518
-9.495	-29.153	-7.894	-27.803
-7.894	-27.803	-7.542	-27.718
-7.894	-27.803	-7.669	-26.376
-7.894	-27.803	-7.172	-28.336
-7.894	-27.803	-0.771	-25.269
-0.771	-25.269	-1.243	-25.340
-0.771	-25.269	-0.781	-26.460
-0.771	-25.269	-0.848	-24.600
-0.771	-25.269	0.445	-25.598
-0.771	-25.269	-0.054	-25.251
-0.054	-25.251	1.081	-25.128
-0.054	-25.251	-2.668	-29.323
-2.668	-29.323	-1.989	-29.178
-2.668	-29.323	-3.241	-29.288
-2.668	-29.323	-4.428	-29.511
-2.668	-29.323	-4.758	-29.429
-2.668	-29.323	-4.490	-29.222
-2.668	-29.323	-2.842	-29.282
-2.668	-29.323	-3.291	-30.730
-2.668	-29.323	-7.084	-28.918
-2.668	-29.323	0.391	-27.400
-0.054	-25.251	0.906	-24.659
0.906	-24.659	0.648	-24.905
0.906	-24.659	0.916	-24.887
0.906	-24.659	0.743	-25.136
0.906	-24.659	1.459	-25.150
1.459	-25.150	3.246	-24.260
1.459	-25.150	2.979	-27.228
1.459	-25.150	5.209	-25.956
1.459	-25.150	5.891	-26.068
1.459	-25.150	8.264	-26.408
8.264	-26.408	4.103	-25.993
8.264	-26.408	6.999	-25.897
8.264	-26.408	6.023	-27.833
8.264	-26.408	8.406	-25.828
8.264	-26.408	6.469	-29.304
8.264	-26.408	11.232	-29.615
8.264	-26.408	12.219	-30.631
12.219	-30.631	11.922	-28.369
12.219	-30.631	12.855	-28.898
12.219	-30.631	10.766	-28.929
12.219	-30.631	14.436	-31.092
12.219	-30.631	21.181	-26.375
21.181	-26.375	21.481	-26.284
21.181	-26.375	21.394	-26.384
1.459	-25.150	2.094	-20.955
2.094	-20.955	-1.240	-18.301
2.094	-20.955	-4.037	-16.748
2.094	-20.955	-4.779	-15.136
2.094	-20.955	1.781	-20.581
2.094	-20.955	-4.136	-14.585
2.094	-20.955	-2.039	-16.107
2.094	-20.955	0.344	-20.024
2.094	-20.955	2.062	-22.031
2.094	-20.955	1.458	-22.133

