TRIP
DATE 2023-07-27
DECLINATION 0.0
DATA
0		45.12	9.06	2.604	>
0		45.10	8.99	2.606	>
0		45.05	9.11	2.613	>
0	1	45.09	9.05	2.608	>
1		45.04	9.05	2.613	>
1		45.13	9.03	2.612	>
1		45.15	9.05	2.612	>
1		164.15	-31.42	3.730	>
1		131.82	-25.52	2.400	>
1		141.40	-33.52	4.353	>
1		141.48	-33.45	4.353	>
1		141.46	-33.39	4.344	>
1	2	141.45	-33.45	4.350	>
2		216.22	-86.54	4.540	>
2		173.24	-84.39	12.391	>
2		179.20	-40.91	4.030	>
2		179.15	-40.76	4.028	>
2		179.15	-40.76	4.028	>
2		179.01	-40.90	4.065	>
2		178.96	-40.75	4.040	>
2	3	179.04	-40.80	4.044	>
3		72.13	-86.34	9.824	>
3		165.29	83.56	1.449	>
3		125.41	-70.04	7.547	>
3		125.57	-70.15	7.550	>
3		125.63	-69.91	7.537	>
3	4	125.54	-70.04	7.545	>
4		13.27	0.87	1.030	>
4		325.56	-28.69	9.099	>
4		308.06	-18.62	3.451	>
4		81.68	-81.78	7.159	>
4		314.78	81.55	11.466	>
4		47.66	-17.52	1.892	>
4		47.58	-17.52	1.897	>
4		47.47	-17.27	1.893	>
4	5	47.57	-17.44	1.894	>
5		110.34	9.98	1.041	>
5		110.15	10.02	1.045	>
5		110.28	10.03	1.043	>
5	6	110.26	10.01	1.043	>
6		73.95	18.91	3.502	>
6		73.88	18.81	3.501	>
6		73.84	18.86	3.501	>
6	7	73.89	18.86	3.501	>
7		48.78	89.26	1.694	>
7		253.45	-88.62	5.103	>
7		236.90	-88.47	20.807	>
7		304.60	0.61	0.436	>
7		356.73	-19.08	1.917	>
7		356.62	-19.07	1.922	>
7		356.37	-19.08	1.922	>
7	8	356.57	-19.08	1.920	>
8		284.30	72.75	0.669	>
8		333.55	-12.55	1.480	>
8		248.43	-3.86	0.525	>
8		327.74	-78.41	4.532	>
8		327.90	-78.29	4.529	>
8		327.68	-78.38	4.535	>
8	9	327.77	-78.36	4.532	>
9		135.48	-4.58	2.724	>
9		311.37	-2.86	0.718	>
9		217.44	12.73	0.874	>
9		23.46	0.82	0.672	>
9		78.85	-67.67	13.648	>
9		78.96	-67.66	13.648	>
9		79.00	-67.68	13.670	>
9	10	78.94	-67.67	13.655	>
10		154.07	87.41	14.985	>
10		178.39	-1.66	1.390	>
10		97.47	6.36	5.611	>
10		103.43	-16.11	2.299	>
10		103.47	-15.93	2.309	>
10		103.40	-15.92	2.298	>
10	11	103.43	-15.99	2.302	>
11		175.05	-80.78	26.002	>
11		92.25	-75.18	14.992	>
11		92.25	-75.17	14.951	>
11		94.13	-74.83	14.067	>
11		93.28	-75.24	14.200	>
11		92.24	-75.12	14.265	>
11	12	93.22	-75.06	14.177	>
12		306.99	-4.50	0.983	>
12		7.68	85.89	16.934	>
12		59.60	-86.18	17.728	>
12		61.29	-48.76	13.252	>
12		61.25	-48.76	13.240	>
12		61.43	-48.91	13.326	>
12	13	61.33	-48.81	13.273	>
13		60.84	-48.55	13.175	>
13		247.41	74.16	26.420	>
13		324.18	31.64	9.418	>
13		283.55	32.04	4.269	>
13		243.62	27.17	11.244	>
13		241.91	23.87	5.897	>
13		167.53	16.67	9.639	>
13		57.58	-80.93	2.984	>

PLAN
STATIONS
0.000	0.000	0
1.824	1.818	1
4.086	-1.020	2
4.137	-4.081	3
6.233	-5.578	4
7.567	-4.359	5
8.531	-4.715	6
11.714	-3.796	7
11.605	-1.984	8
11.118	-1.210	9
16.210	-0.215	10
18.362	-0.729	11
22.011	-0.934	12
29.680	3.260	13
SHOTS
0.000	0.000	1.824	1.818
1.824	1.818	2.693	-1.244
1.824	1.818	3.438	0.374
1.824	1.818	4.086	-1.020
4.086	-1.020	3.924	-1.241
4.086	-1.020	4.228	-2.223
4.086	-1.020	4.128	-4.065
4.086	-1.020	4.131	-4.071
4.086	-1.020	4.137	-4.081
4.137	-4.081	4.735	-3.889
4.137	-4.081	4.178	-4.238
4.137	-4.081	6.233	-5.578
6.233	-5.578	6.470	-4.576
6.233	-5.578	1.719	1.005
6.233	-5.578	3.658	-3.562
6.233	-5.578	7.247	-5.430
6.233	-5.578	5.038	-4.392
6.233	-5.578	7.567	-4.359
7.567	-4.359	8.531	-4.715
8.531	-4.715	11.714	-3.796
11.714	-3.796	11.730	-3.781
11.714	-3.796	11.596	-3.831
11.714	-3.796	11.249	-4.098
11.714	-3.796	11.355	-3.548
11.714	-3.796	11.605	-1.984
11.605	-1.984	11.413	-1.935
11.605	-1.984	10.962	-0.690
11.605	-1.984	11.118	-2.176
11.605	-1.984	11.118	-1.210
11.118	-1.210	13.021	-3.146
11.118	-1.210	10.580	-0.736
11.118	-1.210	10.599	-1.887
11.118	-1.210	11.385	-0.594
11.118	-1.210	16.210	-0.215
16.210	-0.215	16.506	-0.825
16.210	-0.215	16.249	-1.604
16.210	-0.215	21.739	-0.940
16.210	-0.215	18.362	-0.729
18.362	-0.729	18.722	-4.881
18.362	-0.729	22.194	-0.879
18.362	-0.729	22.185	-0.879
18.362	-0.729	22.011	-0.934
22.011	-0.934	21.228	-0.345
22.011	-0.934	22.173	0.268
22.011	-0.934	23.029	-0.337
22.011	-0.934	29.680	3.260
29.680	3.260	37.295	7.510
29.680	3.260	23.021	0.489
29.680	3.260	24.988	9.763
29.680	3.260	26.162	4.108
29.680	3.260	20.719	-1.184
29.680	3.260	24.923	0.721
29.680	3.260	31.674	-5.756
29.680	3.260	30.077	3.513
POLYLINE BLUE
-1.520	0.816
-1.317	0.183
POLYLINE BLUE
-1.144	1.088
-1.107	0.987
-1.057	0.863
-1.149	0.775
-1.181	0.745
-1.226	0.730
-1.266	0.713
POLYLINE BLUE
-1.526	0.960
-1.445	1.030
-1.366	1.104
-1.281	1.170
-1.227	1.212
-1.136	1.262
-1.063	1.263
-0.987	1.264
-0.951	1.164
-0.965	1.103
-0.987	1.008
-1.147	0.849
-1.239	0.780
-1.281	0.749
-1.327	0.724
-1.372	0.696
POLYLINE BLUE
-0.958	0.644
-0.936	0.612
-0.917	0.576
-0.890	0.548
-0.886	0.543
-0.875	0.547
-0.871	0.552
-0.863	0.564
-0.863	0.580
-0.860	0.594
-0.845	0.667
-0.832	0.740
-0.819	0.813
POLYLINE BLUE
-0.609	0.984
-0.429	0.779
-0.651	0.787
-0.575	0.697
-0.561	0.680
-0.534	0.673
-0.513	0.674
-0.400	0.681
-0.347	0.713
-0.257	0.777
POLYLINE BLUE
-0.223	0.886
-0.204	0.922
-0.183	0.956
-0.166	0.993
-0.151	1.027
-0.136	1.091
-0.142	1.126
-0.150	1.175
-0.212	1.061
-0.213	1.060
-0.262	0.951
-0.190	0.841
-0.078	0.819
-0.050	0.813
-0.013	0.816
0.012	0.829
0.049	0.848
0.084	0.871
0.121	0.892
POLYLINE BLUE
0.159	1.195
0.149	1.154
0.139	1.113
0.129	1.072
0.132	1.065
0.132	1.057
0.138	1.052
0.153	1.040
0.184	1.053
0.195	1.058
0.292	1.098
0.374	1.277
0.299	1.367
0.278	1.392
0.196	1.385
0.195	1.385
POLYLINE BLUE
0.210	1.669
0.308	1.508
0.382	1.279
0.552	1.162
0.593	1.134
0.662	1.110
0.702	1.094
POLYLINE BLUE
1.076	2.240
0.982	2.210
0.823	2.115
0.718	2.186
0.707	2.193
0.680	2.216
0.679	2.232
0.674	2.281
0.678	2.330
0.678	2.380
POLYLINE BLUE
0.668	2.383
0.829	2.225
0.986	2.063
1.150	1.909
1.155	1.905
1.167	1.906
1.171	1.911
1.178	1.920
1.179	1.934
1.179	1.945
1.179	1.979
1.176	2.012
1.170	2.045
1.151	2.153
1.119	2.259
1.105	2.367
1.095	2.449
1.099	2.531
1.096	2.613
POLYLINE BLUE
1.249	2.271
1.355	2.197
1.406	2.192
1.528	2.197
POLYLINE BLUE
1.623	2.487
1.735	2.690
1.703	2.682
1.662	2.940
POLYLINE BLUE
1.883	2.808
1.905	2.785
1.925	2.761
1.948	2.740
2.001	2.693
2.057	2.817
2.064	2.847
2.085	2.937
2.040	3.056
1.967	3.111
1.933	3.137
1.879	3.145
1.869	3.090
1.864	3.063
1.864	3.035
1.861	3.007
POLYLINE BLUE
2.390	3.581
2.369	3.534
2.345	3.489
2.327	3.442
2.287	3.338
2.323	3.191
2.423	3.135
2.501	3.091
2.610	3.135
2.640	3.218
2.653	3.255
2.655	3.324
2.658	3.350
POLYLINE BLUE
2.679	3.820
2.714	3.793
2.751	3.767
2.785	3.738
2.805	3.720
2.826	3.690
2.837	3.664
2.854	3.623
2.857	3.586
2.899	3.563
2.941	3.540
2.992	3.555
3.037	3.560
POLYLINE BLUE
2.740	4.707
2.889	4.479
3.035	4.248
3.187	4.021
3.234	3.949
3.258	3.984
3.260	4.049
3.263	4.169
3.255	4.290
3.264	4.410
3.264	4.418
3.279	4.412
3.286	4.408
3.298	4.401
3.308	4.389
3.319	4.379
3.369	4.335
3.413	4.283
3.469	4.247
3.527	4.211
3.593	4.191
3.655	4.163
POLYLINE BLUE
3.321	4.978
3.324	4.982
POLYLINE BLUE
4.013	4.571
4.031	4.642
4.072	4.736
4.033	4.810
4.027	4.821
4.021	4.832
4.013	4.841
4.008	4.846
4.001	4.853
3.994	4.850
3.987	4.847
3.984	4.836
3.983	4.828
3.979	4.811
3.978	4.794
3.978	4.776
3.976	4.640
4.080	4.575
4.175	4.493
POLYLINE BLUE
3.952	4.758
4.116	4.481
4.009	4.531
4.172	4.480
POLYLINE BLUE
3.535	5.014
3.632	5.055
POLYLINE BLUE
3.863	4.721
3.904	4.645
3.946	4.568
3.987	4.492
4.016	4.445
4.034	4.389
4.075	4.351
4.085	4.342
4.097	4.370
4.108	4.379
POLYLINE BLUE
4.435	4.863
4.458	4.891
4.483	4.917
4.504	4.946
4.543	5.000
4.565	5.115
4.536	5.177
4.505	5.244
4.420	5.243
4.385	5.179
4.367	5.146
4.350	5.112
4.336	5.076
4.281	4.937
4.320	4.790
4.396	4.667
4.419	4.629
4.459	4.592
4.507	4.592
4.615	4.593
4.722	4.686
4.803	4.739
POLYLINE BLUE
4.936	5.351
4.957	5.364
4.979	5.221
5.031	5.252
5.066	5.273
5.085	5.343
5.093	5.375
5.110	5.445
5.105	5.473
5.100	5.547
5.095	5.620
5.090	5.693
5.085	5.766
5.088	5.770
5.091	5.781
5.096	5.778
5.107	5.772
5.114	5.759
5.119	5.748
5.198	5.594
5.268	5.435
5.348	5.281
5.352	5.274
5.360	5.268
5.368	5.267
5.388	5.266
5.401	5.309
5.402	5.315
5.414	5.369
5.425	5.423
5.431	5.477
5.436	5.519
5.432	5.562
5.436	5.604
5.437	5.611
5.441	5.618
5.446	5.624
5.489	5.663
5.567	5.549
5.626	5.600
5.656	5.626
5.663	5.676
5.677	5.708
5.725	5.818
5.867	5.769
5.957	5.764
POLYLINE BLUE
0.192	1.217
0.084	1.047
-0.090	0.856
-0.113	0.638
-0.113	0.633
-0.105	0.631
-0.100	0.630
-0.076	0.624
-0.052	0.621
-0.028	0.617
POLYLINE BLUE
-0.009	0.774
0.197	0.340
0.064	0.660
0.017	0.668
-0.003	0.671
0.018	0.628
0.023	0.610
0.044	0.541
0.065	0.472
0.095	0.407
0.098	0.400
0.109	0.418
0.108	0.425
0.107	0.436
0.098	0.444
0.091	0.452
0.081	0.464
0.067	0.474
0.055	0.485
POLYLINE BLUE
-0.064	0.482
0.072	0.430
0.207	0.376
0.344	0.327
0.369	0.318
0.386	0.350
0.387	0.369
0.392	0.505
0.393	0.640
0.396	0.776
POLYLINE BLACK
0.547	-0.601
0.598	-0.588
0.648	-0.568
0.701	-0.562
0.708	-0.562
0.709	-0.577
0.705	-0.583
0.694	-0.602
0.645	-0.615
0.660	-0.631
0.676	-0.648
0.703	-0.615
0.723	-0.602
0.890	-0.497
0.912	-0.544
0.857	-0.470
POLYLINE BLACK
1.469	0.163
1.151	0.174
1.231	0.166
1.003	0.374
0.941	0.431
0.829	0.429
0.759	0.446
0.687	0.464
0.688	0.482
0.621	0.509
0.559	0.535
0.487	0.531
0.423	0.517
0.288	0.488
0.195	0.335
0.087	0.333
0.025	0.333
-0.005	0.403
-0.043	0.439
-0.131	0.522
-0.270	0.607
-0.384	0.620
-0.432	0.626
-0.524	0.600
-0.527	0.539
-0.528	0.507
-0.501	0.477
-0.480	0.457
-0.350	0.334
-0.000	0.417
0.102	0.422
0.135	0.423
0.176	0.404
0.191	0.373
0.207	0.340
0.199	0.303
0.216	0.271
0.277	0.152
0.512	0.053
0.595	0.006
POLYLINE BLACK
1.906	1.820
1.933	1.752
1.954	1.682
1.985	1.616
2.125	1.324
2.541	1.038
2.756	0.846
2.872	0.743
2.976	0.627
3.093	0.525
3.231	0.405
3.355	0.369
3.527	0.291
POLYLINE BLACK
2.549	1.484
3.070	1.889
3.591	2.294
4.112	2.700
4.822	3.252
4.490	3.085
5.869	4.369
5.925	4.420
5.997	4.451
6.061	4.492
POLYLINE BLACK
0.896	-0.606
0.441	-1.088
-0.053	-1.536
-0.471	-2.051
-1.872	-4.023
-1.346	-3.396
-1.897	-4.050
POLYLINE BLACK
3.845	0.595
3.888	0.560
POLYLINE BLACK
3.826	0.314
3.717	0.347
3.769	0.352
3.672	0.302
POLYLINE BLACK
3.701	0.281
3.843	0.038
4.131	-0.061
4.276	-0.298
4.467	-0.609
4.515	-0.784
4.595	-1.120
POLYLINE BLACK
2.346	-0.856
2.234	-0.846
POLYLINE BLACK
1.941	-1.044
1.928	-0.894
POLYLINE BLACK
1.975	-0.877
2.207	-1.058
2.249	-1.105
2.560	-1.262
2.635	-1.301
2.718	-1.322
2.799	-1.349
2.818	-1.355
2.839	-1.360
2.860	-1.361
2.901	-1.364
2.942	-1.360
2.983	-1.360
POLYLINE BLACK
4.388	-1.027
4.299	-0.995
POLYLINE BLACK
2.979	-1.322
3.058	-1.419
3.139	-1.513
3.215	-1.612
3.230	-1.632
3.240	-1.656
3.250	-1.679
3.290	-1.764
3.334	-1.846
3.364	-1.935
3.431	-2.136
3.477	-2.344
3.540	-2.547
3.829	-3.472
3.692	-3.034
3.902	-3.585
3.962	-3.743
3.991	-3.937
4.123	-4.058
4.145	-4.078
4.169	-4.094
4.192	-4.112
POLYLINE BLACK
5.343	-1.113
5.221	-1.100
5.099	-1.086
4.978	-1.072
4.942	-1.070
4.907	-1.071
4.872	-1.066
4.847	-1.062
4.823	-1.054
4.798	-1.047
4.743	-1.032
4.688	-1.016
4.633	-1.001
POLYLINE BLACK
5.094	-3.699
5.126	-3.795
5.219	-3.990
5.144	-4.100
5.132	-4.117
5.114	-4.128
5.094	-4.132
5.086	-4.134
5.077	-4.130
5.071	-4.134
5.066	-4.137
5.066	-4.145
5.064	-4.151
5.056	-4.182
5.049	-4.213
5.042	-4.244
POLYLINE BLACK
6.347	-4.485
6.261	-4.559
6.294	-4.507
6.296	-4.663
POLYLINE BLACK
6.323	-4.719
6.199	-4.730
6.055	-4.770
5.929	-4.728
5.909	-4.722
5.891	-4.713
5.873	-4.703
5.797	-4.664
5.678	-4.613
5.612	-4.541
5.406	-4.317
5.609	-4.514
5.441	-4.316
5.402	-4.269
5.352	-4.231
5.315	-4.182
5.269	-4.121
5.236	-4.051
5.196	-3.985
5.182	-3.962
5.172	-3.938
5.156	-3.917
5.112	-3.858
5.065	-3.828
5.039	-3.762
5.025	-3.720
5.011	-3.679
4.997	-3.637
4.989	-3.605
4.983	-3.573
4.971	-3.542
4.946	-3.477
4.909	-3.418
4.888	-3.352
4.883	-3.338
4.910	-3.370
4.919	-3.381
4.968	-3.447
5.019	-3.513
5.061	-3.584
5.198	-3.813
5.315	-4.053
5.456	-4.280
5.559	-4.446
5.812	-4.650
6.006	-4.702
6.116	-4.732
6.189	-4.716
6.310	-4.711
POLYLINE BLACK
4.374	-4.542
4.404	-4.553
4.433	-4.576
4.465	-4.576
4.478	-4.576
4.455	-4.551
4.446	-4.542
4.308	-4.395
4.163	-4.255
4.027	-4.106
4.009	-4.087
3.998	-4.063
3.987	-4.040
3.954	-3.975
3.926	-3.908
3.895	-3.843
3.826	-3.698
3.682	-3.465
3.646	-3.272
3.621	-3.141
3.627	-3.006
3.673	-2.881
3.678	-2.867
3.684	-2.833
3.696	-2.842
3.710	-2.853
3.694	-2.878
3.691	-2.895
3.669	-3.020
3.631	-3.113
3.642	-3.233
3.652	-3.331
3.687	-3.424
3.728	-3.513
3.747	-3.544
3.766	-3.576
3.785	-3.607
3.789	-3.609
3.798	-3.617
3.799	-3.612
3.801	-3.598
3.795	-3.583
3.792	-3.569
3.770	-3.472
3.736	-3.378
3.723	-3.280
3.679	-2.953
3.720	-2.803
3.659	-2.482
3.423	-1.235
3.583	-2.410
3.494	-1.720
POLYLINE BLACK
4.912	-0.581
4.890	-0.592
4.837	-0.639
4.801	-0.621
4.794	-0.617
4.773	-0.598
4.774	-0.590
4.777	-0.555
4.790	-0.522
4.798	-0.488
POLYLINE BLUE
3.441	-0.687
3.460	-0.889
3.467	-1.111
3.614	-1.267
3.694	-1.351
3.776	-1.361
3.832	-1.469
3.884	-1.566
3.857	-1.701
3.927	-1.777
3.963	-1.818
4.021	-1.825
4.068	-1.847
4.143	-1.882
4.197	-1.950
4.240	-2.018
4.286	-2.089
4.231	-2.168
4.234	-2.242
4.236	-2.299
4.266	-2.317
4.304	-2.365
POLYLINE BLUE
4.247	-2.513
4.305	-2.527
4.411	-2.621
4.492	-2.615
4.547	-2.611
4.581	-2.545
4.598	-2.503
4.646	-2.388
4.686	-2.271
4.730	-2.155
POLYLINE BLACK
4.523	-4.424
4.499	-4.446
4.477	-4.469
4.453	-4.489
4.403	-4.529
4.362	-4.446
4.324	-4.424
4.289	-4.403
4.267	-4.409
4.299	-4.397
POLYLINE BLACK
4.355	-4.472
4.310	-4.406
4.239	-4.333
4.231	-4.246
4.216	-4.086
4.302	-3.924
4.365	-3.788
4.414	-3.683
4.483	-3.612
4.579	-3.550
4.627	-3.519
4.686	-3.489
4.746	-3.492
4.903	-3.500
4.984	-3.585
5.101	-3.673
POLYLINE BLACK
4.395	-4.087
4.321	-4.141
4.355	-4.112
4.291	-4.171
POLYLINE BLACK
4.478	-4.294
4.480	-4.329
POLYLINE BLACK
4.507	-3.841
4.588	-4.006
POLYLINE BLACK
4.694	-3.624
4.734	-3.730
POLYLINE BLACK
4.858	-3.562
4.915	-3.728
POLYLINE BLACK
4.383	-3.871
4.400	-3.896
4.415	-3.922
4.435	-3.945
4.467	-3.983
4.482	-3.894
4.503	-3.885
4.520	-3.878
4.528	-3.892
4.542	-3.898
4.555	-3.904
4.568	-3.904
4.580	-3.905
POLYLINE BLACK
4.543	-3.557
4.623	-3.466
4.568	-3.500
4.730	-3.499
POLYLINE BLACK
4.680	-3.510
4.685	-3.505
POLYLINE BLACK
4.635	-3.690
4.737	-3.762
4.797	-3.852
4.868	-3.949
POLYLINE BLACK
4.257	-4.193
4.379	-4.267
4.377	-4.293
4.459	-4.428
POLYLINE BLUE
4.795	-3.998
4.746	-3.995
4.683	-3.998
4.661	-3.944
4.647	-3.910
4.645	-3.882
4.617	-3.859
4.591	-3.838
4.554	-3.840
4.533	-3.812
4.526	-3.803
4.520	-3.790
4.517	-3.779
4.515	-3.768
4.516	-3.756
4.513	-3.746
4.510	-3.738
4.506	-3.716
4.502	-3.723
4.492	-3.743
4.515	-3.781
4.522	-3.796
POLYLINE BLUE
4.550	-3.809
4.525	-3.825
4.499	-3.838
4.475	-3.855
4.456	-3.868
4.438	-3.899
4.435	-3.922
4.418	-4.028
4.402	-4.134
4.392	-4.240
4.385	-4.307
4.400	-4.401
4.450	-4.452
4.558	-4.564
4.607	-4.629
4.759	-4.641
4.805	-4.645
4.853	-4.640
4.897	-4.627
5.020	-4.592
5.110	-4.461
5.171	-4.357
5.216	-4.278
5.235	-4.192
5.214	-4.102
5.191	-4.005
5.083	-3.909
5.033	-3.846
5.019	-3.828
5.009	-3.807
4.995	-3.789
4.951	-3.736
4.847	-3.672
4.776	-3.681
4.719	-3.688
4.664	-3.710
4.608	-3.724
POLYLINE BLUE
4.747	-3.744
4.742	-3.757
POLYLINE BLUE
4.631	-3.757
4.592	-3.776
4.552	-3.792
4.514	-3.813
4.434	-3.858
4.361	-3.961
4.336	-4.048
4.317	-4.111
4.332	-4.184
4.349	-4.245
4.359	-4.284
4.388	-4.332
4.421	-4.356
4.474	-4.392
4.591	-4.497
4.688	-4.503
4.843	-4.511
4.971	-4.393
5.070	-4.290
5.133	-4.223
5.198	-4.060
5.173	-3.964
5.163	-3.925
5.133	-3.883
5.100	-3.860
5.064	-3.834
4.918	-3.717
4.824	-3.691
4.786	-3.681
4.745	-3.679
4.706	-3.685
4.579	-3.704
4.477	-3.742
4.389	-3.839
4.324	-3.910
4.309	-4.013
4.296	-4.103
4.258	-4.371
4.429	-4.534
4.636	-4.676
4.710	-4.727
4.800	-4.774
4.893	-4.751
4.967	-4.733
5.076	-4.706
5.135	-4.647
5.155	-4.627
5.222	-4.555
5.237	-4.517
5.291	-4.381
5.310	-4.262
5.325	-4.112
5.336	-3.998
5.309	-3.870
5.237	-3.779
5.170	-3.693
5.074	-3.644
4.973	-3.606
4.950	-3.597
4.880	-3.578
4.842	-3.578
4.737	-3.579
4.587	-3.652
4.525	-3.740
4.459	-3.834
4.434	-3.935
4.425	-4.049
4.420	-4.119
4.425	-4.199
4.456	-4.264
4.484	-4.322
4.540	-4.351
4.590	-4.387
POLYLINE BLUE
4.929	-3.748
4.901	-3.748
4.873	-3.750
4.846	-3.748
4.783	-3.744
4.833	-3.646
4.783	-3.633
4.771	-3.630
4.748	-3.632
4.738	-3.636
4.680	-3.662
4.622	-3.688
4.566	-3.717
4.503	-3.750
4.453	-3.809
4.410	-3.863
4.285	-4.018
4.266	-4.214
4.282	-4.407
4.291	-4.525
4.317	-4.656
4.385	-4.757
4.517	-4.950
4.783	-4.964
4.951	-4.812
5.072	-4.702
5.127	-4.509
5.140	-4.353
5.151	-4.230
5.132	-4.104
5.078	-3.992
4.994	-3.818
4.747	-3.655
4.557	-3.769
4.474	-3.819
4.433	-3.911
4.411	-4.003
4.349	-4.266
4.429	-4.480
4.666	-4.620
4.754	-4.672
4.862	-4.696
4.963	-4.673
5.054	-4.653
5.136	-4.600
5.190	-4.523
5.247	-4.442
5.251	-4.339
5.219	-4.247
5.171	-4.109
5.061	-3.998
4.936	-3.927
4.763	-3.829
4.517	-3.862
4.491	-4.091
4.478	-4.204
4.503	-4.319
4.546	-4.422
4.581	-4.507
4.659	-4.600
4.759	-4.601
4.886	-4.603
5.020	-4.493
5.091	-4.397
5.161	-4.302
5.210	-4.193
5.227	-4.076
5.250	-3.920
5.100	-3.897
4.981	-3.930
4.885	-3.956
4.791	-3.991
4.696	-4.021
POLYLINE BLUE
4.821	-4.093
4.766	-4.045
4.676	-3.991
4.659	-3.910
4.653	-3.884
4.668	-3.852
4.662	-3.830
4.657	-3.811
4.645	-3.794
4.637	-3.775
POLYLINE BLUE
5.282	-4.824
5.329	-4.851
5.374	-4.883
5.424	-4.906
5.501	-4.942
5.591	-4.949
5.663	-4.997
5.742	-5.049
5.787	-5.149
5.879	-5.180
5.955	-5.206
6.031	-5.191
6.107	-5.226
6.147	-5.244
6.185	-5.266
6.222	-5.288
6.289	-5.327
6.321	-5.361
6.400	-5.367
6.494	-5.374
6.544	-5.340
6.632	-5.317
6.704	-5.298
6.831	-5.314
6.882	-5.311
6.933	-5.308
6.982	-5.296
7.033	-5.288
POLYLINE BLACK
6.496	-5.683
6.496	-5.683
POLYLINE BLACK
6.539	-5.693
6.545	-5.696
POLYLINE BLUE
8.692	-4.629
8.696	-4.664
8.696	-4.700
8.704	-4.734
8.706	-4.740
8.714	-4.745
8.720	-4.743
8.730	-4.740
8.735	-4.730
8.743	-4.723
8.761	-4.704
8.777	-4.683
8.797	-4.665
8.824	-4.642
8.853	-4.623
8.881	-4.601
POLYLINE BLUE
8.868	-4.595
8.820	-4.609
8.769	-4.620
8.722	-4.639
8.667	-4.661
8.560	-4.730
8.524	-4.774
8.516	-4.784
8.549	-4.774
8.561	-4.769
8.703	-4.704
8.842	-4.634
8.983	-4.566
POLYLINE BLACK
7.824	-4.226
7.794	-4.226
7.764	-4.229
7.734	-4.226
7.678	-4.219
7.792	-4.127
7.797	-4.124
7.847	-4.090
7.920	-4.072
7.972	-4.054
POLYLINE BLACK
7.523	-4.372
7.599	-4.375
7.675	-4.386
7.751	-4.381
7.840	-4.375
7.926	-4.356
8.013	-4.339
8.022	-4.338
8.030	-4.333
8.037	-4.328
8.095	-4.285
7.966	-4.208
7.940	-4.194
7.896	-4.170
7.832	-4.157
7.787	-4.153
7.751	-4.149
7.715	-4.149
7.679	-4.152
7.397	-4.176
7.531	-4.196
7.412	-4.175
POLYLINE BLACK
6.574	-5.511
6.633	-5.488
6.694	-5.471
6.750	-5.442
6.991	-5.317
7.001	-5.287
7.186	-5.183
7.237	-5.154
7.290	-5.129
7.342	-5.100
7.444	-5.043
7.544	-4.981
7.647	-4.926
7.707	-4.894
7.807	-4.870
7.867	-4.853
POLYLINE BLACK
7.982	-4.822
8.055	-4.815
8.128	-4.807
8.201	-4.799
8.279	-4.794
8.358	-4.795
8.435	-4.782
8.595	-4.757
8.753	-4.723
8.910	-4.687
8.946	-4.678
8.981	-4.665
9.015	-4.650
9.046	-4.636
9.179	-4.547
9.183	-4.544
9.266	-4.492
9.349	-4.442
9.432	-4.391
POLYLINE BLACK
7.333	-4.430
7.139	-4.507
6.976	-4.595
6.769	-4.611
6.659	-4.620
6.549	-4.608
6.439	-4.611
6.421	-4.612
6.404	-4.618
6.387	-4.622
6.376	-4.624
6.365	-4.629
6.353	-4.629
6.328	-4.628
6.303	-4.623
6.277	-4.620
POLYLINE BLACK
7.247	-4.562
7.347	-4.533
7.448	-4.508
7.547	-4.476
7.609	-4.456
7.654	-4.407
7.717	-4.391
7.806	-4.369
7.902	-4.394
7.988	-4.362
8.008	-4.354
8.027	-4.345
8.046	-4.335
8.125	-4.291
8.203	-4.244
8.284	-4.202
8.316	-4.185
8.373	-4.173
8.408	-4.164
POLYLINE BLACK
9.198	-4.595
9.082	-4.581
9.100	-4.576
8.971	-4.594
8.942	-4.598
8.905	-4.609
8.879	-4.625
8.849	-4.642
8.814	-4.678
8.794	-4.701
8.790	-4.706
8.806	-4.695
8.811	-4.691
8.833	-4.671
8.855	-4.651
8.877	-4.632
8.891	-4.620
8.906	-4.611
8.920	-4.601
POLYLINE BLACK
9.094	-4.666
9.089	-4.651
9.084	-4.637
9.078	-4.623
9.076	-4.621
9.074	-4.617
9.070	-4.616
9.059	-4.614
9.050	-4.634
9.043	-4.640
9.035	-4.647
9.026	-4.652
9.016	-4.655
9.010	-4.657
9.003	-4.658
8.996	-4.659
8.979	-4.662
8.961	-4.663
8.944	-4.667
8.926	-4.671
8.909	-4.678
8.890	-4.683
8.866	-4.688
8.812	-4.685
8.857	-4.653
8.899	-4.623
8.942	-4.626
8.994	-4.618
POLYLINE BLACK
9.263	-4.618
9.097	-4.669
POLYLINE BLACK
8.973	-4.685
8.949	-4.623
8.952	-4.625
9.012	-4.624
POLYLINE BLACK
8.790	-3.975
8.806	-3.964
8.860	-3.920
8.889	-3.914
8.892	-3.913
8.891	-3.919
8.891	-3.922
8.882	-3.931
8.871	-3.940
8.863	-3.950
8.847	-3.969
8.841	-3.993
8.824	-4.010
8.791	-4.042
8.700	-4.060
8.687	-4.065
8.675	-4.069
8.662	-4.071
8.649	-4.071
8.646	-4.071
8.643	-4.067
8.643	-4.064
8.643	-4.059
8.647	-4.055
8.650	-4.050
8.656	-4.036
8.659	-4.034
8.662	-4.018
8.663	-4.010
8.663	-4.002
8.664	-3.994
8.664	-3.991
8.664	-3.988
8.666	-3.985
8.673	-3.971
8.681	-3.957
8.688	-3.943
POLYLINE BLACK
8.866	-4.208
8.556	-4.273
8.700	-4.260
8.336	-4.249
8.313	-4.248
8.290	-4.243
8.267	-4.243
8.255	-4.243
8.120	-4.270
8.202	-4.285
POLYLINE BLACK
8.502	-4.081
8.602	-4.050
8.698	-4.006
8.801	-3.988
8.984	-3.954
9.172	-3.953
9.356	-3.926
9.533	-3.894
9.709	-3.862
9.885	-3.829
9.949	-3.825
10.013	-3.825
10.075	-3.816
10.201	-3.794
10.327	-3.771
10.453	-3.749
10.513	-3.733
10.572	-3.711
10.633	-3.702
10.736	-3.687
10.841	-3.685
10.944	-3.679
10.977	-3.677
11.009	-3.681
11.042	-3.678
11.114	-3.670
11.188	-3.642
11.244	-3.595
11.408	-3.460
11.439	-3.268
11.521	-3.068
POLYLINE BLACK
11.349	-3.186
11.438	-2.919
11.408	-3.037
11.451	-2.836
POLYLINE BLACK
11.410	-3.161
11.396	-2.989
11.384	-2.472
11.295	-2.234
11.245	-2.102
11.111	-1.924
11.082	-1.756
11.070	-1.687
11.082	-1.644
11.090	-1.571
POLYLINE BLACK
9.275	-4.607
10.288	-4.348
7.772	-4.983
10.426	-4.412
10.635	-4.367
10.838	-4.295
11.037	-4.218
11.360	-4.094
11.386	-4.034
11.652	-3.866
11.726	-3.819
11.774	-3.816
11.821	-3.744
11.845	-3.706
11.847	-3.669
11.849	-3.627
11.854	-3.479
11.856	-3.330
11.867	-3.183
11.879	-3.021
11.910	-2.862
11.918	-2.700
11.932	-2.448
11.809	-2.192
11.875	-1.941
POLYLINE BLACK
13.253	-1.149
13.171	-1.146
13.088	-1.155
13.007	-1.140
12.887	-1.117
12.774	-1.067
12.656	-1.034
12.585	-1.015
12.509	-1.058
12.441	-1.060
12.321	-1.063
12.202	-1.051
12.082	-1.049
12.055	-1.049
12.035	-1.082
12.040	-1.107
12.041	-1.113
12.045	-1.118
12.049	-1.122
12.072	-1.147
12.097	-1.170
12.121	-1.194
POLYLINE BLACK
12.150	-1.202
12.126	-1.191
12.100	-1.181
12.077	-1.168
12.055	-1.156
12.062	-1.116
12.072	-1.100
12.097	-1.059
12.124	-1.019
12.150	-0.979
POLYLINE BLACK
11.370	-2.246
11.345	-2.200
11.323	-2.153
11.295	-2.108
11.280	-2.083
11.245	-2.045
11.219	-2.028
11.090	-1.944
10.957	-1.866
10.829	-1.780
10.780	-1.747
10.728	-1.716
10.690	-1.671
10.665	-1.643
10.661	-1.601
10.646	-1.566
POLYLINE BLACK
10.774	-1.537
10.755	-1.516
10.734	-1.496
10.717	-1.473
10.706	-1.459
10.687	-1.416
10.686	-1.401
10.679	-1.207
10.675	-1.012
10.676	-0.818
10.677	-0.736
10.736	-0.624
10.809	-0.583
10.874	-0.547
10.956	-0.567
11.024	-0.560
11.057	-0.557
11.089	-0.550
11.120	-0.541
11.233	-0.508
11.319	-0.421
11.433	-0.392
11.441	-0.390
11.450	-0.389
11.458	-0.391
11.514	-0.402
11.570	-0.418
11.625	-0.432
POLYLINE BLACK
11.950	-0.112
11.864	-0.181
11.845	-0.184
11.790	-0.255
11.760	-0.294
11.736	-0.339
11.702	-0.375
11.690	-0.388
11.671	-0.391
11.656	-0.399
POLYLINE BLACK
11.632	-0.565
11.660	-0.545
11.687	-0.523
11.717	-0.505
11.819	-0.443
12.002	-0.474
12.092	-0.467
12.126	-0.464
12.158	-0.453
12.190	-0.444
12.514	-0.355
12.832	-0.243
13.160	-0.171
13.363	-0.127
13.574	-0.125
13.780	-0.097
14.165	-0.043
14.033	-0.023
14.449	-0.021
14.562	-0.020
14.676	-0.049
14.789	-0.039
15.014	-0.019
15.234	0.041
15.459	0.067
15.528	0.076
15.599	0.063
15.669	0.066
15.790	0.070
15.911	0.081
16.033	0.089
POLYLINE BLACK
15.856	0.033
15.945	0.021
16.371	-0.071
16.580	-0.038
16.734	-0.014
16.849	0.045
16.997	0.105
POLYLINE BLACK
11.984	-1.375
11.923	-1.417
11.867	-1.467
11.794	-1.488
11.710	-1.512
11.623	-1.524
11.540	-1.549
11.534	-1.550
11.530	-1.561
11.534	-1.566
11.544	-1.577
11.560	-1.580
11.574	-1.587
11.608	-1.604
11.643	-1.617
11.676	-1.635
11.712	-1.655
11.752	-1.691
11.775	-1.724
11.847	-1.827
11.999	-1.972
11.828	-2.050
11.770	-2.076
11.698	-2.060
11.640	-2.057
POLYLINE BLACK
11.681	-2.031
11.639	-1.809
11.642	-1.895
11.670	-1.603
11.675	-1.551
11.687	-1.498
11.721	-1.458
11.797	-1.369
12.066	-1.254
12.116	-1.229
12.147	-1.214
12.054	-1.258
12.027	-1.278
11.954	-1.333
11.884	-1.393
11.816	-1.455
11.772	-1.495
11.730	-1.559
11.720	-1.619
11.706	-1.695
11.707	-1.773
11.686	-1.847
11.677	-1.881
11.682	-1.778
11.686	-1.743
11.690	-1.698
11.697	-1.653
11.708	-1.609
11.718	-1.572
11.730	-1.535
11.748	-1.502
11.794	-1.420
11.844	-1.341
11.899	-1.266
11.973	-1.163
12.082	-1.070
12.201	-1.023
12.279	-0.992
12.360	-0.965
12.440	-0.941
12.464	-0.934
12.490	-0.928
12.515	-0.929
12.561	-0.930
12.607	-0.940
12.654	-0.946
POLYLINE BLACK
12.737	-1.137
12.791	-1.108
12.847	-1.084
12.878	-1.029
12.891	-1.006
12.893	-0.980
12.916	-0.967
12.949	-0.946
12.987	-0.971
13.019	-0.978
13.049	-0.985
13.085	-0.984
13.114	-0.977
13.194	-0.959
13.327	-0.895
13.382	-0.872
POLYLINE BLACK
13.528	-1.161
13.586	-1.149
13.642	-1.126
13.701	-1.124
13.950	-1.118
14.199	-1.137
14.448	-1.139
14.519	-1.140
14.591	-1.128
14.662	-1.133
14.806	-1.143
14.948	-1.173
15.091	-1.185
15.189	-1.193
15.287	-1.185
15.385	-1.192
15.442	-1.197
15.497	-1.216
15.553	-1.220
15.718	-1.232
15.673	-1.206
15.825	-1.196
16.053	-1.180
16.073	-1.211
16.316	-1.162
16.420	-1.141
16.520	-1.103
16.622	-1.074
POLYLINE BLACK
16.621	-1.133
16.752	-1.139
16.938	-1.197
17.081	-1.146
17.115	-1.134
17.148	-1.119
17.181	-1.106
POLYLINE BLACK
17.086	0.129
17.033	0.160
POLYLINE BLUE
11.306	-0.783
11.355	-0.819
11.392	-0.837
11.425	-0.884
11.437	-0.902
11.448	-0.921
11.457	-0.941
11.528	-1.083
11.577	-1.235
11.683	-1.356
11.709	-1.385
11.735	-1.417
11.771	-1.432
11.790	-1.439
11.749	-1.397
11.740	-1.379
11.731	-1.362
11.738	-1.340
11.751	-1.327
11.767	-1.310
11.778	-1.310
11.798	-1.295
11.839	-1.263
11.879	-1.229
11.919	-1.196
POLYLINE BLUE
12.048	-0.910
12.025	-1.136
12.014	-1.227
11.852	-1.391
11.817	-1.425
11.776	-1.453
11.738	-1.484
POLYLINE BLUE
8.723	-4.874
8.642	-4.826
8.557	-4.782
8.478	-4.730
8.439	-4.704
8.406	-4.672
8.371	-4.642
8.348	-4.622
8.338	-4.600
8.311	-4.590
8.286	-4.580
8.212	-4.600
8.213	-4.630
8.213	-4.643
8.265	-4.648
8.266	-4.648
8.312	-4.662
8.357	-4.679
8.402	-4.695
POLYLINE BLUE
8.513	-4.630
8.636	-4.544
8.773	-4.392
8.941	-4.384
9.068	-4.377
9.183	-4.390
9.298	-4.331
9.364	-4.297
9.430	-4.263
9.492	-4.223
9.559	-4.179
9.620	-4.097
9.707	-4.084
9.801	-4.071
9.892	-4.126
9.983	-4.139
10.045	-4.147
10.129	-4.147
10.193	-4.135
10.291	-4.118
10.348	-4.020
10.429	-3.977
10.471	-3.955
10.521	-3.955
10.567	-3.945
POLYLINE BLUE
10.546	-3.810
10.593	-3.833
10.638	-3.860
10.688	-3.879
10.762	-3.907
11.015	-3.930
10.994	-4.080
10.993	-4.086
10.989	-4.092
10.986	-4.096
10.956	-4.137
10.925	-4.178
10.895	-4.218
POLYLINE BLUE
11.608	-3.062
11.582	-3.074
11.555	-3.085
11.529	-3.099
11.496	-3.118
11.418	-3.189
11.439	-3.235
11.450	-3.261
11.510	-3.294
11.534	-3.267
11.552	-3.247
11.546	-3.196
11.552	-3.175
11.558	-3.151
11.567	-3.128
11.576	-3.105
11.605	-3.033
11.636	-2.991
11.640	-2.909
11.646	-2.758
11.644	-2.607
11.638	-2.456
11.634	-2.334
11.515	-2.118
11.496	-2.052
11.430	-1.816
11.400	-1.565
11.450	-1.324
11.472	-1.214
11.568	-1.049
11.663	-0.985
11.736	-0.936
11.779	-0.932
11.874	-0.902
11.981	-0.869
12.088	-0.838
12.195	-0.803
12.320	-0.763
12.368	-0.730
12.481	-0.722
12.500	-0.721
12.520	-0.723
12.539	-0.724
12.624	-0.731
12.708	-0.744
12.793	-0.747
12.919	-0.752
13.172	-0.667
13.232	-0.655
13.374	-0.627
13.605	-0.688
13.709	-0.703
13.717	-0.704
13.725	-0.703
13.733	-0.703
13.791	-0.699
13.849	-0.695
13.908	-0.691
POLYLINE BLUE
13.830	-0.548
13.963	-0.592
14.096	-0.633
14.228	-0.680
14.283	-0.699
14.330	-0.741
14.303	-0.801
14.295	-0.818
14.284	-0.833
14.267	-0.842
14.249	-0.853
14.231	-0.851
14.212	-0.856
14.163	-0.872
14.114	-0.890
14.065	-0.906
POLYLINE BLUE
18.606	-0.807
18.394	-0.881
18.183	-0.959
17.970	-1.029
17.868	-1.062
17.762	-1.080
17.662	-1.116
17.487	-1.180
17.165	-1.365
17.210	-1.601
POLYLINE BLUE
17.929	-1.739
18.753	-1.732
19.576	-1.698
20.400	-1.719
20.599	-1.724
20.792	-1.792
20.989	-1.816
21.045	-1.822
21.103	-1.822
21.157	-1.810
22.419	-1.518
22.179	-1.590
22.961	-1.304
POLYLINE BLACK
18.915	-1.430
18.661	-1.261
18.374	-1.034
18.044	-1.066
17.850	-1.084
17.644	-1.195
17.448	-1.141
17.378	-1.122
17.261	-0.963
17.211	-1.004
17.105	-1.092
17.111	-1.563
17.110	-1.572
POLYLINE BLACK
17.231	-1.492
17.739	-1.450
18.129	-1.681
18.612	-1.808
18.761	-1.848
18.917	-1.865
19.071	-1.879
19.146	-1.886
19.223	-1.881
19.298	-1.872
19.726	-1.817
20.151	-1.730
20.581	-1.686
21.053	-1.638
21.004	-1.760
21.513	-1.783
22.227	-1.815
22.381	-1.748
22.981	-1.492
POLYLINE BLACK
24.026	-1.522
24.068	-1.718
POLYLINE BLACK
22.952	-1.530
22.718	-1.580
22.802	-1.610
22.685	-1.547
POLYLINE BLACK
16.884	0.501
17.017	0.447
17.153	0.402
17.282	0.340
17.349	0.307
17.407	0.261
17.468	0.218
17.498	0.197
17.525	0.172
17.554	0.150
17.697	0.055
17.840	-0.039
17.983	-0.134
POLYLINE BLACK
16.817	0.434
17.613	0.062
16.739	0.498
17.906	-0.252
17.985	-0.303
18.072	-0.344
18.163	-0.366
18.601	-0.473
18.882	-0.551
19.277	-0.530
19.361	-0.525
19.444	-0.506
19.529	-0.505
19.604	-0.505
19.678	-0.520
19.753	-0.525
20.106	-0.552
20.162	-0.566
20.563	-0.478
21.099	-0.360
21.133	-0.289
21.636	-0.009
POLYLINE BLACK
29.463	3.560
29.545	3.367
29.621	3.170
29.709	2.979
29.778	2.828
29.884	2.732
30.049	2.723
30.091	2.720
30.140	2.726
30.178	2.746
30.269	2.793
30.277	2.910
30.267	2.999
30.252	3.125
30.189	3.264
30.078	3.334
30.059	3.345
30.021	3.369
30.015	3.349
30.003	3.309
30.029	3.266
30.045	3.228
30.117	3.060
30.211	2.892
30.358	2.779
30.382	2.761
30.406	2.727
30.436	2.733
30.456	2.737
30.431	2.775
30.419	2.791
30.286	2.967
30.156	3.145
30.003	3.304
29.892	3.420
29.578	3.674
29.393	3.751
29.375	3.758
29.341	3.750
29.339	3.731
29.335	3.690
29.359	3.650
29.378	3.614
29.411	3.550
29.448	3.489
29.492	3.433
29.553	3.358
29.616	3.284
29.691	3.224
29.867	3.096
30.044	2.968
30.221	2.840
30.203	2.841
30.183	2.835
30.166	2.842
29.971	2.926
29.781	3.023
29.589	3.113
POLYLINE BLACK
22.090	0.093
21.855	-0.075
21.859	-0.053
21.563	-0.036
POLYLINE BLACK
22.060	0.130
22.133	0.153
22.205	0.187
22.281	0.200
22.450	0.231
22.701	0.182
22.857	0.270
23.084	0.400
23.528	0.887
23.538	0.898
23.660	1.031
23.749	1.192
23.868	1.328
23.968	1.443
24.078	1.550
24.193	1.649
24.374	1.804
24.564	1.949
24.756	2.091
25.196	2.419
25.203	2.343
25.571	2.749
25.651	2.837
25.720	2.935
25.780	3.038
25.909	3.264
26.066	3.541
26.120	3.813
26.133	3.878
26.134	3.946
26.141	4.013
26.146	4.067
26.150	4.122
26.158	4.177
26.170	4.250
26.186	4.323
26.200	4.396
POLYLINE BLUE
20.983	-0.659
20.932	-0.706
20.466	-1.044
20.553	-1.232
20.625	-1.385
20.695	-1.585
20.864	-1.663
20.988	-1.719
21.134	-1.699
21.258	-1.656
21.489	-1.575
21.679	-1.381
21.756	-1.149
21.777	-1.086
21.807	-0.959
21.802	-0.882
21.798	-0.824
21.789	-0.767
21.776	-0.711
21.701	-0.384
21.528	-0.239
21.217	-0.150
21.121	-0.123
21.008	-0.119
20.918	-0.171
20.737	-0.275
20.628	-0.465
20.528	-0.641
20.465	-0.752
20.397	-0.905
20.401	-1.041
20.411	-1.406
20.666	-1.670
21.039	-1.618
21.233	-1.591
21.382	-1.496
21.535	-1.375
21.540	-1.371
21.722	-1.229
21.767	-1.149
21.843	-1.015
21.815	-0.863
21.751	-0.730
21.730	-0.689
21.709	-0.647
21.679	-0.612
21.594	-0.512
21.501	-0.417
21.405	-0.326
21.380	-0.302
21.349	-0.284
21.318	-0.268
21.144	-0.178
20.949	-0.133
20.762	-0.214
20.677	-0.251
20.612	-0.331
20.567	-0.409
20.495	-0.531
20.419	-0.657
20.418	-0.802
20.417	-1.119
20.677	-1.409
20.972	-1.499
21.091	-1.536
21.223	-1.538
21.344	-1.508
21.494	-1.470
21.619	-1.343
21.668	-1.197
21.762	-0.914
21.716	-0.581
21.504	-0.360
21.452	-0.306
21.370	-0.264
21.307	-0.236
21.251	-0.211
21.184	-0.196
21.122	-0.194
20.935	-0.187
20.775	-0.303
20.638	-0.415
20.605	-0.441
20.577	-0.472
20.551	-0.504
20.442	-0.640
20.392	-0.726
20.442	-0.897
20.466	-0.977
20.487	-1.060
20.524	-1.136
20.592	-1.275
20.699	-1.445
20.841	-1.528
20.948	-1.590
21.080	-1.610
21.202	-1.609
21.337	-1.607
21.447	-1.546
21.556	-1.472
21.698	-1.375
21.798	-1.216
21.809	-1.042
21.817	-0.918
21.754	-0.713
21.732	-0.636
21.702	-0.532
21.651	-0.416
21.567	-0.342
21.432	-0.221
21.206	-0.182
21.042	-0.151
20.762	-0.098
20.474	-0.173
20.336	-0.442
20.295	-0.521
20.260	-0.609
20.269	-0.700
20.271	-0.720
20.275	-0.739
20.281	-0.758
20.312	-0.849
20.338	-0.942
20.380	-1.029
20.445	-1.163
20.560	-1.354
20.698	-1.440
20.835	-1.525
21.102	-1.613
21.267	-1.581
21.472	-1.540
21.631	-1.334
21.677	-1.141
21.754	-0.822
21.578	-0.414
21.484	-0.121
POLYLINE BLUE
21.187	-0.662
21.102	-0.676
21.027	-0.689
20.964	-0.625
20.931	-0.592
20.905	-0.539
20.860	-0.520
20.814	-0.501
20.787	-0.544
20.753	-0.566
20.736	-0.578
20.719	-0.588
20.700	-0.595
20.654	-0.613
20.591	-0.614
20.548	-0.640
20.476	-0.685
20.512	-0.794
20.531	-0.854
20.542	-0.889
20.595	-1.109
20.686	-1.016
20.721	-0.981
20.761	-0.898
20.775	-0.869
20.812	-0.790
20.786	-0.818
20.809	-0.742
20.809	-0.739
20.813	-0.745
20.813	-0.748
20.831	-0.875
20.842	-1.003
20.862	-1.130
20.865	-1.155
20.874	-1.179
20.883	-1.203
20.885	-1.210
20.916	-1.269
20.922	-1.219
20.932	-1.141
20.942	-1.062
20.942	-0.983
20.942	-0.905
20.936	-0.827
20.923	-0.750
20.896	-0.645
20.873	-0.538
20.844	-0.433
20.843	-0.430
20.837	-0.435
20.833	-0.435
20.832	-0.453
20.828	-0.471
20.829	-0.489
20.840	-0.619
20.845	-0.749
20.868	-0.876
20.891	-0.999
20.993	-1.361
20.968	-1.238
20.926	-1.031
20.873	-0.825
20.817	-0.622
20.808	-0.589
20.800	-0.550
20.772	-0.532
20.757	-0.522
20.759	-0.567
20.761	-0.585
20.793	-0.836
20.829	-1.086
20.875	-1.335
20.887	-1.398
20.932	-1.587
21.001	-1.652
21.052	-1.700
21.097	-1.630
21.109	-1.585
21.121	-1.540
21.126	-1.472
21.116	-1.430
21.066	-1.219
21.011	-1.008
20.947	-0.800
20.926	-0.731
20.892	-0.666
20.860	-0.600
20.822	-0.522
20.781	-0.567
20.769	-0.627
20.762	-0.657
20.754	-0.687
20.756	-0.718
20.767	-0.900
20.793	-1.263
20.900	-1.433
20.968	-1.541
21.151	-1.585
21.244	-1.481
21.298	-1.421
21.322	-1.312
21.328	-1.236
21.344	-1.052
21.322	-0.922
21.274	-0.736
21.253	-0.654
21.200	-0.428
21.060	-0.489
20.898	-0.561
20.994	-0.962
20.998	-1.000
21.004	-1.068
21.029	-1.238
21.103	-1.287
21.211	-1.358
21.421	-1.175
21.469	-1.087
21.543	-0.952
21.557	-0.771
21.523	-0.623
21.505	-0.546
21.473	-0.471
21.431	-0.404
21.350	-0.274
21.171	-0.175
21.039	-0.295
20.884	-0.435
20.914	-0.858
20.911	-0.959
20.908	-1.048
20.919	-1.137
20.930	-1.225
20.954	-1.422
21.052	-1.540
21.256	-1.452
21.357	-1.407
21.385	-1.314
21.400	-1.209
21.431	-1.001
21.382	-0.800
21.309	-0.606
21.293	-0.563
21.239	-0.434
21.171	-0.427
21.092	-0.420
21.033	-0.558
21.013	-0.606
20.936	-0.796
20.963	-1.022
21.032	-1.211
21.070	-1.316
21.141	-1.435
21.260	-1.460
21.337	-1.476
21.415	-1.448
21.478	-1.404
21.712	-1.238
21.737	-0.856
21.551	-0.647
21.499	-0.587
21.420	-0.546
21.341	-0.543
21.285	-0.541
21.230	-0.558
21.183	-0.588
20.989	-0.710
21.002	-1.026
21.001	-1.211
21.000	-1.388
21.012	-1.569
21.224	-1.545
21.296	-1.538
21.367	-1.516
21.424	-1.471
21.474	-1.431
21.505	-1.380
21.534	-1.322
21.623	-1.138
21.658	-0.926
21.607	-0.726
21.590	-0.659
21.551	-0.533
21.465	-0.522
21.430	-0.517
21.395	-0.532
21.366	-0.549
21.200	-0.646
21.217	-0.824
21.238	-0.997
21.259	-1.171
21.321	-1.225
21.491	-1.166
21.537	-1.150
21.580	-1.127
21.616	-1.095
21.683	-1.035
21.716	-0.947
21.739	-0.863
21.772	-0.743
21.772	-0.617
21.713	-0.507
21.688	-0.460
21.646	-0.422
21.599	-0.397
21.403	-0.295
21.195	-0.411
21.063	-0.563
20.915	-0.734
20.844	-0.888
20.744	-1.101
20.713	-1.165
20.656	-1.327
20.779	-1.341
20.859	-1.349
20.931	-1.285
20.968	-1.220
21.044	-1.088
21.198	-0.866
21.212	-0.679
21.218	-0.611
21.184	-0.500
21.098	-0.504
21.088	-0.505
21.078	-0.504
21.070	-0.509
21.010	-0.549
20.955	-0.595
20.897	-0.638
POLYLINE BLUE
15.029	-1.844
15.004	-1.768
14.945	-1.628
14.980	-1.540
14.983	-1.532
14.998	-1.528
15.004	-1.533
15.018	-1.543
15.021	-1.562
15.030	-1.576
15.074	-1.644
15.116	-1.713
15.163	-1.779
15.277	-1.940
15.552	-1.812
15.677	-1.793
15.715	-1.787
15.809	-1.803
15.839	-1.819
16.079	-1.945
16.311	-2.087
16.550	-2.217
16.716	-2.307
16.880	-2.173
17.054	-2.191
17.147	-2.201
17.224	-2.259
17.310	-2.290
17.340	-2.300
17.371	-2.306
17.402	-2.312
17.501	-2.329
17.601	-2.337
17.700	-2.356
17.999	-2.413
17.597	-2.385
18.017	-2.397
POLYLINE BLUE
17.948	-2.008
18.091	-2.089
18.309	-2.153
18.391	-2.318
18.528	-2.592
18.211	-2.917
18.041	-3.087
POLYLINE BLUE
18.409	-1.607
18.299	-1.626
18.209	-1.635
18.114	-1.575
18.107	-1.570
18.099	-1.565
18.093	-1.558
18.050	-1.495
18.011	-1.429
17.970	-1.364
POLYLINE BLUE
18.127	-0.700
18.080	-0.734
18.030	-0.765
17.986	-0.802
17.898	-0.875
17.831	-1.006
17.843	-1.122
17.862	-1.294
18.052	-1.508
18.230	-1.526
18.335	-1.537
18.440	-1.481
18.519	-1.416
18.572	-1.373
18.674	-1.217
18.679	-1.207
18.775	-1.043
18.828	-0.813
18.713	-0.643
18.666	-0.573
18.576	-0.532
18.503	-0.501
18.404	-0.461
18.292	-0.429
18.185	-0.449
17.905	-0.502
17.876	-0.732
17.914	-0.975
17.929	-1.068
17.956	-1.170
18.022	-1.241
18.118	-1.344
18.264	-1.393
18.402	-1.401
18.557	-1.410
18.723	-1.371
18.829	-1.250
19.000	-1.054
18.982	-0.718
18.798	-0.539
18.767	-0.509
18.725	-0.476
18.684	-0.461
18.564	-0.416
18.372	-0.401
18.257	-0.474
18.193	-0.515
18.148	-0.596
18.119	-0.660
18.016	-0.889
18.022	-0.948
18.074	-1.188
18.082	-1.224
18.107	-1.260
18.134	-1.284
18.178	-1.322
18.221	-1.343
18.276	-1.365
18.393	-1.409
18.493	-1.347
18.564	-1.253
18.720	-1.045
18.800	-0.758
18.689	-0.512
18.655	-0.435
18.598	-0.361
18.518	-0.328
18.436	-0.295
18.344	-0.309
18.273	-0.361
18.045	-0.529
17.952	-0.969
18.081	-1.217
18.142	-1.334
18.371	-1.421
18.474	-1.312
18.542	-1.242
18.584	-1.092
18.575	-0.995
18.564	-0.863
18.538	-0.784
18.485	-0.659
18.454	-0.584
18.367	-0.462
18.269	-0.485
18.145	-0.514
18.038	-0.673
17.996	-0.783
17.945	-0.915
17.954	-1.046
17.953	-1.191
17.953	-1.256
17.964	-1.327
17.989	-1.387
18.063	-1.571
18.290	-1.601
18.449	-1.513
18.542	-1.461
18.605	-1.362
18.632	-1.262
18.670	-1.117
18.631	-0.954
18.559	-0.826
18.504	-0.727
18.425	-0.637
18.326	-0.581
18.193	-0.506
17.992	-0.516
17.914	-0.664
17.833	-0.817
17.818	-1.071
17.861	-1.242
17.884	-1.336
17.925	-1.436
17.997	-1.504
18.133	-1.632
18.345	-1.670
18.488	-1.533
18.546	-1.478
18.580	-1.404
18.598	-1.327
18.653	-1.094
18.594	-0.822
18.410	-0.659
18.350	-0.606
18.271	-0.561
18.188	-0.569
17.886	-0.595
17.833	-1.091
17.968	-1.290
18.086	-1.464
18.357	-1.434
18.495	-1.301
18.561	-1.239
18.601	-1.154
18.623	-1.067
18.646	-0.975
18.638	-0.742
18.528	-0.702
18.497	-0.691
18.459	-0.693
18.428	-0.702
18.277	-0.748
18.160	-0.843
18.139	-1.007
18.132	-1.058
18.144	-1.165
18.210	-1.176
18.251	-1.182
18.303	-1.141
18.326	-1.118
18.476	-0.972
18.576	-0.790
18.646	-0.594
18.656	-0.567
18.683	-0.490
18.653	-0.456
18.612	-0.409
18.512	-0.439
18.468	-0.462
18.377	-0.512
18.323	-0.614
18.280	-0.702
18.231	-0.802
18.180	-0.929
18.190	-1.045
18.193	-1.081
18.202	-1.142
18.237	-1.165
18.275	-1.189
18.330	-1.151
18.357	-1.127
18.420	-1.071
18.464	-1.026
18.505	-0.955
18.554	-0.872
18.588	-0.712
18.437	-0.734
18.382	-0.743
18.348	-0.751
18.301	-0.776
18.248	-0.804
18.211	-0.851
18.183	-0.903
18.158	-0.949
18.144	-0.995
18.137	-1.047
18.124	-1.143
18.148	-1.235
18.235	-1.286
18.258	-1.299
18.285	-1.305
18.311	-1.302
18.354	-1.296
18.392	-1.266
18.422	-1.237
18.500	-1.162
18.579	-1.055
18.541	-0.942
18.518	-0.873
18.461	-0.867
18.402	-0.906
18.277	-0.990
18.159	-1.104
18.149	-1.263
18.146	-1.296
18.147	-1.333
18.159	-1.365
18.182	-1.431
18.259	-1.472
18.324	-1.438
18.423	-1.385
18.492	-1.252
18.541	-1.162
18.581	-1.085
18.605	-0.990
18.558	-0.911
18.545	-0.888
18.524	-0.870
18.500	-0.860
18.445	-0.840
18.369	-0.866
18.321	-0.873
POLYLINE BLUE
23.173	-1.157
23.264	-0.713
23.189	-1.011
23.490	-0.289
POLYLINE BLUE
24.440	0.659
24.212	0.597
24.326	0.634
24.101	0.549
POLYLINE BLUE
22.128	-0.969
22.195	-0.950
22.266	-0.939
22.331	-0.914
22.517	-0.840
22.626	-0.752
22.784	-0.625
22.816	-0.599
22.842	-0.565
22.875	-0.539
22.968	-0.463
23.108	-0.431
23.226	-0.440
23.265	-0.443
23.311	-0.456
23.346	-0.474
23.392	-0.499
23.450	-0.568
23.506	-0.521
23.570	-0.468
23.639	-0.256
23.667	-0.203
23.684	-0.169
23.710	-0.141
23.731	-0.110
POLYLINE BLUE
23.352	0.069
23.442	0.010
23.527	-0.058
23.622	-0.110
23.697	-0.150
23.778	-0.177
23.858	-0.203
23.904	-0.218
24.045	-0.216
24.098	-0.279
24.155	-0.348
24.149	-0.479
24.145	-0.555
24.143	-0.590
24.137	-0.624
24.129	-0.658
24.125	-0.676
24.121	-0.694
24.110	-0.708
24.105	-0.715
24.094	-0.722
24.086	-0.718
24.073	-0.712
24.065	-0.697
24.060	-0.683
24.005	-0.549
23.962	-0.410
23.906	-0.277
23.837	-0.110
23.668	-0.052
23.507	-0.020
23.494	-0.017
23.480	-0.014
23.466	-0.017
23.451	-0.019
23.438	-0.029
23.423	-0.035
POLYLINE BLUE
22.208	3.881
22.488	3.574
22.550	3.280
22.725	2.898
22.779	2.780
22.838	2.717
22.915	2.619
POLYLINE BLUE
23.076	1.477
23.333	1.029
23.166	1.289
23.615	0.723
POLYLINE BLUE
23.851	-0.020
24.164	-0.399
24.005	-0.218
24.327	-0.565
POLYLINE BLUE
24.569	-1.536
24.639	-1.786
24.677	-1.839
24.851	-2.007
POLYLINE BLUE
24.870	-2.550
24.997	-2.807
25.041	-2.816
25.277	-2.994
POLYLINE BLUE
25.379	-3.605
25.481	-3.800
25.599	-3.908
25.755	-4.053
POLYLINE BLUE
23.356	0.133
23.447	0.091
23.538	0.050
23.629	0.008
23.657	-0.000
23.742	-0.027
23.714	-0.018
23.596	0.019
23.473	0.074
23.346	0.079
23.296	0.081
23.292	0.049
23.311	0.012
23.349	-0.060
23.438	-0.097
23.512	-0.115
23.698	-0.161
23.886	-0.199
24.072	-0.245
24.097	-0.251
24.124	-0.275
24.132	-0.300
24.136	-0.315
24.135	-0.340
24.127	-0.354
24.056	-0.490
23.987	-0.628
23.907	-0.759
23.903	-0.766
23.886	-0.763
23.883	-0.756
23.876	-0.734
23.895	-0.667
23.882	-0.686
23.840	-0.745
23.825	-0.820
23.792	-0.885
23.773	-0.922
23.679	-1.049
23.723	-0.898
23.741	-0.840
23.759	-0.781
23.782	-0.724
23.832	-0.601
24.103	-0.265
24.104	-0.321
24.104	-0.334
24.100	-0.348
24.094	-0.360
23.981	-0.603
23.913	-0.753
23.720	-0.957
23.686	-0.993
23.759	-0.864
23.785	-0.822
23.833	-0.741
23.894	-0.669
23.943	-0.589
23.958	-0.564
23.968	-0.536
23.978	-0.509
24.050	-0.293
23.852	-0.196
23.684	-0.104
23.536	-0.022
23.380	-0.005
23.213	-0.006
23.187	-0.007
23.159	-0.008
23.134	-0.016
23.125	-0.019
23.115	-0.030
23.119	-0.039
23.126	-0.054
23.146	-0.059
23.160	-0.069
23.299	-0.112
23.435	-0.164
23.577	-0.198
23.706	-0.230
23.839	-0.240
23.969	-0.264
23.978	-0.266
23.986	-0.272
23.994	-0.277
24.078	-0.336
23.989	-0.514
23.949	-0.570
23.837	-0.728
23.718	-0.881
23.602	-1.036
POLYLINE BLUE
19.707	5.698
19.665	5.700
19.623	5.699
19.581	5.703
19.512	5.711
19.471	5.779
19.428	5.822
19.399	5.852
19.355	5.869
19.315	5.876
19.292	5.880
19.259	5.882
19.236	5.873
19.160	5.842
19.210	5.697
19.291	5.714
19.390	5.734
19.487	5.759
19.585	5.782
POLYLINE BLUE
19.557	5.877
19.468	5.724
19.378	5.571
19.289	5.419
19.286	5.409
19.283	5.400
19.282	5.390
19.275	5.320
19.355	5.304
19.400	5.275
19.418	5.265
19.434	5.252
19.448	5.238
19.504	5.184
19.512	5.146
19.562	5.075
19.578	5.053
19.608	5.045
19.631	5.059
19.671	5.083
19.710	5.153
19.719	5.195
19.755	5.369
19.780	5.545
19.811	5.720
POLYLINE BLUE
20.153	5.560
20.124	5.478
20.094	5.424
20.091	5.343
20.088	5.258
20.116	5.116
20.225	5.110
20.260	5.108
20.296	5.118
20.326	5.138
20.358	5.159
20.384	5.195
20.395	5.232
20.448	5.410
20.402	5.484
20.303	5.638
20.297	5.649
20.288	5.658
20.278	5.667
20.236	5.704
20.192	5.739
20.149	5.774
POLYLINE BLUE
20.599	5.345
20.637	5.181
20.658	5.119
20.805	5.239
20.857	5.281
20.902	5.338
20.923	5.403
20.929	5.421
20.934	5.533
20.906	5.535
20.860	5.538
20.813	5.528
20.767	5.524
POLYLINE BLUE
21.034	6.781
21.020	6.412
21.007	6.042
20.993	5.673
20.999	5.635
21.003	5.596
21.012	5.558
21.024	5.504
21.060	5.432
21.082	5.384
POLYLINE BLUE
21.484	5.786
21.443	5.699
21.399	5.615
21.363	5.526
21.334	5.453
21.287	5.216
21.343	5.147
21.387	5.092
21.488	5.160
21.525	5.189
21.558	5.215
21.584	5.248
21.596	5.288
21.604	5.313
21.601	5.342
21.617	5.362
21.623	5.370
21.638	5.359
21.644	5.351
21.759	5.200
21.644	5.303
21.749	5.198
21.783	5.165
21.864	5.133
21.891	5.119
POLYLINE BLUE
20.265	4.171
19.658	3.979
19.901	4.027
19.220	3.940
19.183	3.936
19.149	3.973
19.142	4.005
19.139	4.014
19.139	4.024
19.140	4.033
19.145	4.070
19.152	4.106
19.158	4.143
POLYLINE BLUE
19.199	4.128
19.190	3.726
19.160	3.673
19.213	3.372
19.223	3.315
19.254	3.248
19.321	3.288
19.385	3.326
19.474	3.416
19.484	3.495
19.512	3.705
19.529	3.917
19.552	4.128
POLYLINE BLUE
20.026	4.049
19.964	3.968
19.921	3.927
19.889	3.836
19.862	3.761
19.845	3.694
19.843	3.617
19.843	3.565
19.854	3.508
19.883	3.465
19.941	3.380
20.054	3.387
20.127	3.451
20.144	3.466
20.160	3.483
20.175	3.500
20.185	3.512
20.239	3.617
20.286	3.589
20.317	3.570
20.361	3.450
20.371	3.435
20.422	3.351
20.474	3.312
20.548	3.239
POLYLINE BLUE
20.461	4.145
20.515	4.178
POLYLINE BLUE
20.810	3.613
20.847	3.661
20.874	3.720
20.922	3.759
20.936	3.770
20.926	3.724
20.925	3.706
20.919	3.627
20.903	3.623
20.915	3.556
20.932	3.466
21.007	3.413
21.069	3.353
POLYLINE BLUE
21.332	4.662
21.350	4.341
21.363	4.020
21.386	3.700
21.389	3.661
21.401	3.623
21.412	3.586
21.420	3.561
21.432	3.537
21.445	3.513
21.453	3.499
21.466	3.491
21.479	3.505
21.486	3.513
21.492	3.523
21.495	3.534
21.528	3.675
21.549	3.819
21.585	3.959
21.594	3.997
21.613	4.031
21.630	4.066
21.633	4.071
21.659	4.128
21.685	4.120
21.709	4.113
21.721	4.059
21.725	4.048
21.770	3.911
21.774	3.853
21.851	3.735
21.880	3.690
21.918	3.650
21.952	3.607
POLYLINE BLUE
22.227	4.202
22.181	4.143
22.133	4.086
22.090	4.025
22.060	3.981
22.038	3.916
22.040	3.862
22.042	3.836
22.045	3.809
22.050	3.783
22.065	3.715
22.136	3.577
22.222	3.656
22.261	3.691
22.286	3.721
22.311	3.767
22.318	3.781
22.323	3.797
22.329	3.812
22.337	3.835
22.336	3.863
22.353	3.881
22.359	3.889
22.372	3.875
22.378	3.868
22.391	3.854
22.399	3.836
22.409	3.820
22.463	3.737
22.488	3.684
22.557	3.620
22.633	3.551
22.703	3.531
22.803	3.484
POLYLINE BLUE
20.907	3.601
20.905	3.644
20.905	3.687
20.901	3.729
20.898	3.751
20.881	3.781
20.868	3.797
20.812	3.868
20.723	3.879
20.641	3.850
20.599	3.835
20.566	3.817
20.531	3.787
20.510	3.768
20.492	3.745
20.470	3.727
20.423	3.689
20.352	3.655
20.290	3.665
20.194	3.681
20.140	3.794
20.119	3.878
20.103	3.940
20.112	3.948
20.082	3.998
20.072	4.015
20.016	4.104
19.984	4.072
19.975	4.063
19.974	4.048
19.972	4.035
19.961	3.965
19.989	3.901
20.027	3.845
20.058	3.799
20.076	3.785
20.093	3.726
20.131	3.586
20.152	3.441
20.195	3.303
20.197	3.294
20.211	3.313
20.219	3.317
20.242	3.484
20.266	3.650
20.289	3.816
POLYLINE BLUE
20.341	3.818
20.344	3.718
20.316	3.311
20.482	3.223
20.559	3.182
20.651	3.263
20.695	3.317
20.728	3.357
20.757	3.419
20.780	3.461
POLYLINE BLUE
20.449	4.238
20.470	4.260
POLYLINE BLUE
20.799	3.590
20.915	3.728
20.975	3.779
21.052	3.924
21.085	3.985
21.117	4.133
21.058	4.191
21.005	4.242
20.906	4.170
20.867	4.136
20.766	4.049
20.732	3.888
20.701	3.773
20.658	3.618
20.647	3.403
20.823	3.322
20.985	3.247
21.174	3.293
21.338	3.338
POLYLINE BLACK
26.264	4.780
26.211	4.720
26.145	4.662
26.129	4.579
26.118	4.523
26.133	4.558
26.125	4.492
26.121	4.463
26.114	4.435
26.109	4.407
POLYLINE BLACK
26.072	5.019
26.051	5.100
26.039	5.184
26.009	5.263
25.708	6.054
25.712	5.733
25.572	6.672
25.407	7.776
25.739	6.804
25.312	7.993
25.262	8.133
25.186	8.262
25.138	8.402
24.990	8.825
24.884	9.235
25.029	9.673
25.062	9.772
25.145	9.840
25.224	9.900
25.386	10.023
25.557	9.919
25.733	9.845
25.908	9.772
26.202	9.472
26.260	9.417
26.336	9.347
26.454	9.084
26.463	9.069
26.521	8.975
26.600	8.894
26.655	8.798
28.262	6.007
26.537	8.755
28.017	6.651
28.085	6.554
28.127	6.442
28.184	6.338
28.250	6.216
28.323	6.098
28.386	5.975
28.426	5.895
28.449	5.806
28.494	5.728
28.567	5.604
28.653	5.486
28.740	5.370
28.785	5.309
28.996	5.089
29.047	4.959
29.204	4.562
29.065	4.799
29.189	4.320
29.215	4.220
29.253	4.122
29.301	4.029
29.398	3.841
29.467	3.734
29.605	3.604
29.744	3.472
29.926	3.344
30.020	3.167
30.104	3.008
30.177	2.844
30.239	2.675
30.279	2.565
30.393	1.986
30.411	1.914
30.450	1.754
30.632	1.670
30.675	1.521
30.702	1.427
30.723	1.332
30.741	1.236
30.744	1.222
30.756	1.031
30.787	0.979
30.816	0.931
30.854	0.889
30.888	0.845
POLYLINE BLACK
25.913	5.361
25.920	5.283
25.924	5.211
25.976	5.151
26.022	5.099
26.078	5.064
26.113	5.002
26.121	4.988
26.127	4.973
26.132	4.958
26.159	4.863
26.177	4.766
26.208	4.674
26.211	4.666
26.225	4.662
26.232	4.665
26.245	4.671
26.252	4.686
26.259	4.698
26.291	4.751
26.297	4.822
26.290	4.882
26.284	4.946
26.272	5.009
26.262	5.073
POLYLINE BLACK
29.148	3.847
29.059	3.839
28.968	3.845
28.881	3.825
28.473	3.729
28.083	3.573
27.823	3.231
27.734	3.114
27.666	2.971
27.630	2.829
27.601	2.713
27.582	2.594
27.567	2.476
27.559	2.414
27.547	2.241
27.597	2.173
27.655	2.094
27.817	2.083
27.901	2.092
28.072	2.112
28.253	2.177
28.431	2.148
28.688	2.107
28.672	2.074
28.928	2.012
29.108	1.968
29.337	2.014
29.475	2.141
29.874	2.506
29.861	2.907
29.891	3.423
29.894	3.477
29.864	3.578
29.844	3.620
29.771	3.783
29.658	3.938
29.488	4.009
29.254	4.107
28.995	4.054
28.775	3.942
28.716	3.913
28.660	3.879
28.603	3.847
POLYLINE BLACK
26.216	5.924
26.328	5.545
26.441	5.165
26.553	4.785
26.563	4.770
26.570	4.753
26.581	4.738
26.647	4.645
26.774	4.628
26.879	4.649
27.391	4.751
27.901	4.865
28.414	4.959
28.482	4.971
28.551	4.968
28.619	4.966
28.749	4.964
28.940	4.894
29.038	5.023
29.069	5.063
29.078	5.132
29.057	5.179
29.022	5.255
28.866	5.641
28.732	5.795
28.609	5.937
28.309	6.064
28.122	6.104
27.993	6.131
27.862	6.147
27.731	6.158
27.673	6.163
27.613	6.166
27.557	6.149
27.060	5.996
26.572	5.816
26.079	5.650
POLYLINE BLACK
28.021	3.959
27.945	4.049
27.877	4.140
27.888	4.262
27.906	4.474
28.144	4.598
28.299	4.687
28.361	4.723
28.428	4.751
28.495	4.774
28.689	4.838
28.841	4.832
29.051	4.847
POLYLINE BLACK
27.477	2.415
27.350	2.370
27.218	2.335
27.095	2.280
26.836	2.165
26.567	1.900
26.420	1.661
26.285	1.440
26.190	1.213
26.134	0.959
26.102	0.813
26.100	0.641
26.117	0.491
26.123	0.441
26.140	0.365
26.180	0.326
26.246	0.260
26.363	0.244
26.450	0.239
26.500	0.237
26.602	0.244
26.649	0.266
26.781	0.328
26.914	0.389
27.036	0.470
27.388	0.707
27.605	0.922
27.858	1.263
27.891	1.306
28.192	1.623
28.087	1.792
28.059	1.837
28.022	1.877
27.998	1.924
27.959	1.999
27.936	2.081
27.897	2.155
27.834	2.279
27.721	2.378
27.579	2.389
27.378	2.404
27.045	2.262
26.911	2.117
26.854	2.055
26.799	1.991
26.744	1.928
POLYLINE BLACK
25.349	0.387
25.225	0.285
25.082	0.194
24.988	0.059
24.843	-0.148
24.794	-0.427
24.821	-0.676
24.839	-0.849
24.930	-1.057
25.107	-1.120
25.350	-1.205
25.647	-1.088
25.842	-0.946
26.321	-0.599
26.385	-0.453
26.801	0.084
26.838	0.132
26.886	0.210
26.903	0.275
26.953	0.463
26.814	0.486
26.684	0.585
26.568	0.672
26.485	0.773
26.355	0.829
26.159	0.915
26.002	0.871
25.822	0.750
25.669	0.647
25.519	0.540
25.382	0.416
25.153	0.208
24.966	0.000
24.801	-0.252
24.778	-0.287
24.762	-0.326
24.743	-0.363
POLYLINE BLACK
23.197	-1.535
23.759	-1.465
23.078	-1.561
23.896	-1.387
24.012	-1.362
24.340	-1.256
24.527	-1.322
24.601	-1.349
24.644	-1.375
24.706	-1.422
24.733	-1.443
24.756	-1.469
24.784	-1.489
24.843	-1.532
24.915	-1.542
24.984	-1.558
POLYLINE BLACK
27.315	0.834
27.210	0.739
27.102	0.649
27.001	0.550
26.794	0.345
26.800	0.059
26.894	-0.201
26.931	-0.301
26.973	-0.394
27.084	-0.417
27.398	-0.482
27.627	-0.238
27.833	-0.025
28.005	0.154
28.147	0.360
28.300	0.555
28.320	0.580
28.368	0.648
28.358	0.691
28.344	0.749
28.203	0.727
28.184	0.725
28.094	0.714
28.006	0.684
27.915	0.680
27.762	0.672
27.363	0.697
27.209	0.746
27.126	0.773
27.056	0.832
26.979	0.875
POLYLINE BLACK
28.095	1.724
28.013	1.543
27.941	1.381
27.959	1.182
27.971	1.046
28.015	0.857
28.145	0.781
28.290	0.696
28.500	0.769
28.633	0.835
28.831	0.932
28.967	1.032
29.124	1.189
29.242	1.306
29.349	1.463
29.393	1.626
29.447	1.832
29.335	1.999
29.131	2.052
28.936	2.104
28.727	2.102
28.532	2.047
28.265	1.972
28.140	1.904
27.906	1.753
27.854	1.719
27.808	1.676
27.759	1.638
POLYLINE BLACK
23.796	-1.511
23.842	-1.689
23.868	-1.747
24.060	-1.767
24.088	-1.770
24.161	-1.770
24.191	-1.756
24.262	-1.724
24.329	-1.685
24.397	-1.649
POLYLINE BLACK
23.387	-1.397
23.333	-1.437
23.280	-1.485
23.210	-1.494
23.198	-1.496
23.185	-1.496
23.172	-1.496
23.160	-1.496
23.142	-1.483
23.136	-1.494
23.117	-1.529
23.119	-1.571
23.111	-1.610
POLYLINE BLACK
23.046	-1.638
23.113	-1.638
23.181	-1.643
23.248	-1.638
23.394	-1.626
23.679	-1.501
23.748	-1.473
23.848	-1.433
23.942	-1.378
24.043	-1.341
24.108	-1.317
24.176	-1.304
24.244	-1.292
24.464	-1.254
24.558	-1.333
24.743	-1.470
24.771	-1.492
24.798	-1.517
24.819	-1.546
24.893	-1.655
24.954	-1.772
25.025	-1.882
25.032	-1.892
25.041	-1.900
25.050	-1.907
25.128	-1.970
25.255	-1.958
25.346	-1.963
POLYLINE BLACK
25.635	-2.193
25.759	-2.238
26.678	-2.350
26.850	-2.673
26.868	-2.707
26.884	-2.742
26.897	-2.777
26.915	-2.829
26.952	-2.998
26.999	-3.060
27.033	-3.105
27.079	-3.141
27.119	-3.182
POLYLINE BLACK
27.233	-1.029
27.205	-0.958
27.178	-0.887
27.150	-0.815
27.144	-0.815
27.134	-0.808
27.131	-0.813
27.124	-0.827
27.128	-0.844
27.126	-0.860
27.121	-0.905
27.070	-1.142
27.095	-1.248
27.131	-1.396
27.179	-1.721
27.332	-1.849
27.543	-2.026
27.977	-1.772
28.141	-1.649
28.339	-1.500
28.531	-1.344
28.724	-1.188
28.739	-1.176
28.751	-1.160
28.763	-1.145
28.849	-1.035
28.738	-0.808
28.675	-0.719
28.474	-0.432
28.070	-0.325
27.737	-0.383
27.667	-0.395
27.404	-0.448
27.294	-0.518
27.271	-0.532
27.254	-0.554
27.235	-0.572
POLYLINE BLACK
28.881	0.499
28.783	0.115
28.752	-0.297
28.843	-0.686
28.896	-0.917
29.202	-0.915
29.379	-0.887
29.645	-0.844
29.909	-0.789
30.170	-0.720
30.326	-0.678
30.839	-0.497
30.808	-0.229
30.782	-0.007
30.654	0.130
30.507	0.307
30.354	0.492
30.161	0.583
29.924	0.608
29.719	0.629
29.566	0.628
29.368	0.583
29.217	0.549
29.032	0.466
28.943	0.331
28.902	0.268
28.902	0.225
28.883	0.145
POLYLINE BLACK
27.700	0.369
27.980	0.495
28.206	0.704
28.402	0.938
28.405	0.942
28.394	0.949
28.389	0.948
28.370	0.945
28.352	0.936
28.334	0.929
28.134	0.838
27.937	0.742
27.736	0.653
27.731	0.651
27.740	0.663
27.743	0.667
27.959	0.829
28.172	0.995
28.392	1.151
28.398	1.156
28.392	1.136
28.392	1.128
28.362	1.095
28.337	1.055
28.302	1.028
28.157	0.915
28.006	0.809
27.853	0.707
27.714	0.616
27.512	0.602
27.656	0.431
27.675	0.409
27.695	0.386
27.719	0.369
27.943	0.220
28.167	0.071
28.398	-0.066
28.463	-0.104
28.535	-0.127
28.604	-0.155
28.616	-0.160
28.637	-0.159
28.649	-0.156
28.754	-0.128
28.817	0.087
28.815	0.177
28.807	0.544
28.794	0.911
28.774	1.277
28.773	1.296
28.764	1.241
28.759	1.223
28.748	1.102
28.722	0.982
28.726	0.861
28.735	0.649
28.658	0.071
28.798	0.230
28.965	0.420
28.831	0.736
28.840	0.990
28.842	1.068
28.824	1.250
28.742	1.302
28.639	1.366
28.404	1.253
28.333	1.212
28.217	1.146
28.107	1.069
27.999	0.990
27.953	0.957
27.913	0.916
27.873	0.875
27.853	0.853
27.868	0.834
27.896	0.845
28.220	0.972
28.544	1.098
28.867	1.224
28.867	1.225
28.868	1.226
28.868	1.226
28.272	0.928
28.697	1.152
27.929	0.667
27.898	0.648
27.863	0.637
27.833	0.617
27.789	0.589
27.868	0.507
27.880	0.496
27.938	0.444
27.995	0.389
28.060	0.346
28.230	0.233
28.407	0.129
28.585	0.030
28.623	0.017
28.661	0.004
28.699	-0.008
28.703	-0.005
28.712	-0.004
28.711	0.001
28.710	0.012
28.701	0.022
28.693	0.030
28.387	0.336
28.081	0.642
27.775	0.948
27.772	0.948
27.766	0.950
27.767	0.949
27.944	0.775
28.114	0.593
28.302	0.431
28.448	0.306
28.894	-0.051
28.767	0.092
28.575	0.309
28.330	0.474
28.104	0.655
28.098	0.660
28.094	0.643
28.089	0.637
28.119	0.589
28.145	0.538
28.180	0.494
28.219	0.444
28.262	0.397
28.308	0.355
28.370	0.300
28.437	0.251
28.504	0.202
28.520	0.190
28.537	0.180
28.556	0.174
28.564	0.172
28.544	0.186
28.539	0.192
28.419	0.290
28.312	0.406
28.179	0.485
28.100	0.533
28.306	0.353
28.373	0.290
28.398	0.268
28.426	0.249
28.454	0.231
28.469	0.222
28.486	0.215
28.502	0.208
28.518	0.202
28.514	0.216
28.506	0.222
28.376	0.346
28.241	0.465
28.111	0.588
28.107	0.592
28.121	0.583
28.125	0.581
28.239	0.508
28.346	0.425
28.465	0.361
28.560	0.310
28.664	0.276
28.765	0.238
28.785	0.230
28.833	0.215
28.860	0.228
28.874	0.235
28.890	0.259
28.885	0.275
28.825	0.483
28.762	0.690
28.692	0.895
28.668	0.945
28.644	0.996
28.621	1.047
28.620	1.038
28.618	1.030
28.620	1.021
28.676	0.798
28.690	0.559
28.793	0.353
28.929	0.084
28.556	1.949
28.700	1.260
29.062	-0.478
28.966	0.011
28.618	0.838
28.600	0.881
28.575	0.920
28.550	0.959
28.543	0.970
28.533	0.980
28.521	0.986
28.498	0.997
28.485	0.968
28.480	0.953
28.472	0.926
28.463	0.898
28.463	0.870
28.468	0.694
28.483	0.517
28.495	0.341
28.495	0.338
28.497	0.330
28.500	0.332
28.504	0.337
28.503	0.345
28.505	0.351
28.508	0.474
28.520	0.598
28.514	0.721
28.511	0.799
28.494	0.876
28.477	0.953
28.462	1.019
28.442	1.002
28.436	0.949
28.427	0.875
28.424	0.800
28.423	0.726
28.422	0.711
28.421	0.642
28.444	0.621
28.484	0.584
28.567	0.682
28.577	0.711
28.591	0.749
28.519	0.736
28.518	0.736
28.479	0.730
28.440	0.721
28.402	0.709
28.247	0.656
28.126	0.513
28.006	0.416
27.988	0.401
28.038	0.450
28.055	0.466
28.101	0.513
28.148	0.558
28.194	0.604
POLYLINE BLACK
28.538	1.052
28.145	0.793
28.237	0.870
27.838	0.530
27.796	0.495
27.924	0.600
27.970	0.630
27.996	0.647
28.025	0.661
28.054	0.673
28.068	0.679
28.083	0.688
28.098	0.685
28.106	0.683
28.091	0.670
28.084	0.666
27.973	0.584
27.857	0.508
27.746	0.425
27.717	0.404
27.720	0.371
27.746	0.350
27.756	0.342
27.768	0.337
27.780	0.332
28.059	0.212
28.339	0.093
28.619	-0.023
28.642	-0.032
28.675	-0.027
28.696	-0.017
28.797	0.032
28.825	0.245
28.808	0.340
28.755	0.631
28.691	0.921
28.638	1.213
28.632	1.248
28.636	1.286
28.629	1.321
28.622	1.354
28.566	1.337
28.552	1.328
28.277	1.142
28.000	0.960
27.735	0.763
27.717	0.749
27.780	0.764
27.802	0.770
27.840	0.781
27.877	0.796
27.913	0.813
27.938	0.824
27.961	0.841
27.984	0.855
28.071	0.909
28.155	0.968
28.245	1.016
28.376	1.087
28.508	1.154
28.645	1.212
28.669	1.222
28.606	1.176
28.586	1.159
28.305	0.925
27.483	0.718
27.741	0.458
27.848	0.350
28.617	1.000
28.888	1.233
28.935	1.274
28.796	1.148
28.744	1.112
28.451	0.912
28.149	0.724
27.855	0.525
27.817	0.500
27.833	0.447
27.866	0.427
28.047	0.323
28.224	0.211
28.412	0.122
28.531	0.067
28.890	-0.084
28.785	-0.004
28.530	0.191
28.231	0.322
27.949	0.476
27.906	0.493
27.864	0.509
27.821	0.525
27.824	0.522
27.826	0.517
27.830	0.515
28.223	0.327
28.616	0.140
29.010	-0.044
29.014	-0.046
29.006	-0.037
29.004	-0.034
28.784	0.146
28.565	0.326
28.344	0.505
28.322	0.523
28.387	0.465
28.411	0.448
28.471	0.405
28.544	0.384
28.618	0.381
28.847	0.374
28.786	0.702
28.732	0.832
28.721	0.857
28.707	0.880
28.692	0.903
28.675	0.929
28.643	0.943
28.641	0.895
28.637	0.803
28.643	0.710
28.640	0.617
28.638	0.588
28.643	0.505
28.627	0.530
28.572	0.609
28.480	0.887
28.515	0.797
28.589	0.615
28.662	0.432
28.735	0.250
28.739	0.247
28.744	0.238
28.745	0.242
28.748	0.253
28.745	0.265
28.742	0.276
28.669	0.565
28.588	0.851
28.519	1.141
28.513	1.167
28.545	1.093
28.555	1.067
28.660	0.803
28.754	0.534
28.865	0.273
28.876	0.248
28.867	0.327
28.860	0.352
28.792	0.620
28.718	0.887
28.642	1.153
28.634	1.177
28.620	1.165
28.615	1.152
28.610	1.138
28.609	1.123
28.605	1.109
28.589	0.841
28.576	0.572
28.557	0.304
28.556	0.295
28.554	0.277
28.545	0.279
28.533	0.283
28.532	0.301
28.530	0.313
28.492	0.495
28.455	0.677
28.418	0.859
28.418	0.851
28.416	0.842
28.418	0.834
28.458	0.679
28.496	0.523
28.543	0.369
28.557	0.326
28.577	0.285
28.598	0.245
28.600	0.241
28.602	0.254
28.603	0.258
28.583	0.348
28.575	0.441
28.543	0.527
28.481	0.692
28.400	0.848
28.322	1.006
28.318	1.014
28.304	1.028
28.301	1.020
28.293	1.004
28.300	0.984
28.303	0.966
28.318	0.879
28.339	0.794
28.357	0.709
POLYLINE BLACK
28.418	-1.080
28.377	-1.211
28.335	-1.342
28.294	-1.472
28.300	-1.475
28.309	-1.487
28.314	-1.481
28.366	-1.420
28.405	-1.348
28.454	-1.284
28.804	-0.825
28.628	-1.099
28.808	-0.805
POLYLINE BLACK
31.205	0.617
31.120	0.335
31.178	0.369
31.302	0.086
31.337	0.004
31.315	-0.089
31.323	-0.174
31.340	-0.354
31.426	-0.401
31.573	-0.471
POLYLINE BLACK
27.440	-3.547
27.671	-3.925
POLYLINE BLACK
28.223	-4.411
28.448	-4.718
POLYLINE BLACK
28.853	-4.986
29.151	-5.215
POLYLINE BLACK
29.785	-5.432
29.995	-5.613
29.866	-5.513
30.189	-5.712
POLYLINE BLACK
31.801	-4.608
31.855	-4.268
31.842	-4.439
31.840	-4.092
POLYLINE BLACK
31.790	-3.510
31.827	-3.302
POLYLINE BLACK
31.735	-2.406
31.698	-1.957
POLYLINE BLACK
31.613	-1.412
31.628	-1.240
POLYLINE BLACK
31.476	-0.700
31.469	-0.695
POLYLINE BLACK
31.758	-5.494
31.836	-5.320
POLYLINE BLACK
31.064	-5.900
31.367	-5.746
31.243	-5.821
31.444	-5.689

ELEVATION
STATIONS
0.000	0.000	0
1.824	0.410	1
4.086	-1.988	2
4.137	-4.630	3
6.233	-11.722	4
7.567	-12.289	5
8.531	-12.108	6
11.714	-10.976	7
11.605	-11.604	8
11.118	-16.042	9
16.210	-28.674	10
18.362	-29.308	11
22.011	-43.006	12
29.680	-52.994	13
SHOTS
0.000	0.000	1.824	0.410
1.824	0.410	2.693	-1.534
1.824	0.410	3.438	-0.624
1.824	0.410	4.086	-1.988
4.086	-1.988	3.924	-6.519
4.086	-1.988	4.228	-14.319
4.086	-1.988	4.128	-4.627
4.086	-1.988	4.131	-4.617
4.086	-1.988	4.137	-4.630
4.137	-4.630	4.735	-14.434
4.137	-4.630	4.178	-3.191
4.137	-4.630	6.233	-11.722
6.233	-11.722	6.470	-11.706
6.233	-11.722	1.719	-16.089
6.233	-11.722	3.658	-12.824
6.233	-11.722	7.247	-18.807
6.233	-11.722	5.038	-0.380
6.233	-11.722	7.567	-12.289
7.567	-12.289	8.531	-12.108
8.531	-12.108	11.714	-10.976
11.714	-10.976	11.730	-9.282
11.714	-10.976	11.596	-16.078
11.714	-10.976	11.249	-31.776
11.714	-10.976	11.355	-10.971
11.714	-10.976	11.605	-11.604
11.605	-11.604	11.413	-10.965
11.605	-11.604	10.962	-11.925
11.605	-11.604	11.118	-11.639
11.605	-11.604	11.118	-16.042
11.118	-16.042	13.021	-16.260
11.118	-16.042	10.580	-16.078
11.118	-16.042	10.599	-15.850
11.118	-16.042	11.385	-16.033
11.118	-16.042	16.210	-28.674
16.210	-28.674	16.506	-13.704
16.210	-28.674	16.249	-28.714
16.210	-28.674	21.739	-28.052
16.210	-28.674	18.362	-29.308
18.362	-29.308	18.722	-54.973
18.362	-29.308	22.194	-43.801
18.362	-29.308	22.185	-43.761
18.362	-29.308	22.011	-43.006
22.011	-43.006	21.228	-43.083
22.011	-43.006	22.173	-26.115
22.011	-43.006	23.029	-60.695
22.011	-43.006	29.680	-52.994
29.680	-52.994	37.295	-62.869
29.680	-52.994	23.021	-27.577
29.680	-52.994	24.988	-48.054
29.680	-52.994	26.162	-50.729
29.680	-52.994	20.719	-47.858
29.680	-52.994	24.923	-50.607
29.680	-52.994	31.674	-50.228
29.680	-52.994	30.077	-55.940

