TRIP
DATE 2024-08-27
DECLINATION 0.0
DATA
0		146.16	-0.16	2.094	>
0		146.41	0.29	2.092	>
0		146.22	0.21	2.087	>
0	1	146.26	0.11	2.091	>
1		127.11	21.24	2.641	>
1		127.05	21.23	2.645	>
1		127.08	21.23	2.644	>
1	2	127.08	21.23	2.643	>
2		54.78	40.00	4.613	>
2		54.96	40.09	4.607	>
2		54.89	40.04	4.612	>
2	3	54.88	40.05	4.611	>
3		350.90	33.87	5.654	>
3		350.83	33.82	5.633	>
3		351.15	33.76	5.662	>
3	4	350.96	33.82	5.650	>
4		131.47	13.50	5.033	>
4		131.35	13.51	5.027	>
4		131.33	13.47	5.028	>
4	5	131.38	13.50	5.029	>
5		306.94	-33.38	2.639	>
5		287.33	-28.16	2.595	>
5		358.13	15.31	1.213	>
5		50.92	81.29	2.361	>
5		286.47	-72.34	1.262	>
5		283.08	-49.84	4.036	>
5		13.88	52.21	2.231	>
5		2.85	37.85	2.266	>
5		2.74	37.82	2.262	>
5		2.82	37.75	2.264	>
5	6	2.80	37.81	2.264	>
6		152.55	8.92	2.088	>
6		241.46	-1.75	1.463	>
6		359.34	-85.58	1.179	>
6		98.85	37.11	0.766	>
6		100.73	28.39	1.625	>
6		63.64	-0.03	5.671	>
6		63.62	-0.01	5.658	>
6		63.61	-0.08	5.655	>
6	7	63.62	-0.04	5.661	>
7		16.81	-3.42	1.552	>
7		3.40	-4.22	2.035	>
7		310.54	-2.26	2.117	>
7		261.31	-3.96	2.766	>
7		20.92	-30.91	1.163	>
7		17.92	-24.56	1.557	>
7		40.81	29.28	1.039	>
7		56.13	6.08	3.223	>
7		56.28	6.05	3.226	>
7		56.24	6.05	3.234	>
7	8	56.22	6.06	3.228	>
8		88.52	-2.81	0.361	>
8		318.09	-8.42	0.477	>
8		46.83	0.19	1.475	>
8		356.10	-15.45	2.218	>
8		355.96	-13.43	2.222	>
8		351.90	-13.12	4.600	>
8		125.37	-58.57	0.807	>
8		160.91	-18.90	2.064	>
8		160.26	-3.31	2.736	>
8		140.68	-3.94	3.062	>
8		123.05	-6.64	2.840	>
8		90.73	21.53	2.423	>
8		89.67	17.74	4.081	>
8		299.40	-86.54	0.957	>
8		93.38	21.29	4.495	>
8		140.93	-36.48	5.275	>
8		140.92	-36.55	5.271	>
8		140.95	-36.69	5.270	>
8	9	140.93	-36.58	5.272	>
9		338.21	-58.46	4.454	>
9		306.04	-34.40	3.521	>
9		282.61	-53.90	3.629	>
9		209.22	-43.51	6.825	>
9		180.45	10.65	9.495	>
9		150.90	12.99	4.828	>
9		133.56	13.43	7.956	>
9		71.03	4.69	1.670	>
9		80.22	7.78	4.030	>
9		112.36	-83.69	2.801	>
9		146.11	76.45	1.776	>
9		109.22	41.25	2.252	>
9		339.22	-59.48	4.568	>
9		107.69	37.05	3.222	>
9		101.59	27.99	4.406	>
9		98.33	24.81	5.131	>
9		95.53	-11.30	3.474	>
9		99.56	2.43	5.118	>
9		100.48	12.71	8.503	>
9		100.42	12.28	8.178	>
9		101.23	18.00	8.792	>
9		101.20	18.00	8.795	>
9		101.20	17.97	8.799	>
9	10	101.21	17.99	8.795	>
10		355.31	-15.08	1.728	>
10		193.19	-4.27	0.245	>
10		153.13	11.65	2.599	>
10		213.64	-14.41	4.471	>
10		109.83	-5.20	2.841	>
10		345.93	-86.25	0.885	>
10		164.04	47.57	1.243	>
10		132.12	20.11	0.877	>
10		89.76	-0.01	7.769	>
10		89.92	-0.22	7.824	>
10		89.98	-0.25	7.827	>
10	11	89.89	-0.16	7.807	>
11		243.64	6.48	1.716	>
11		254.56	0.47	4.109	>
11		272.66	-2.85	4.410	>
11		278.14	-2.44	2.904	>
11		296.17	11.98	2.628	>
11		182.16	12.29	0.822	>
11		241.44	85.67	2.534	>
11		242.46	70.69	1.601	>
11		214.36	-45.84	0.634	>
11		77.18	15.03	2.249	>
11		77.15	14.99	2.250	>
11		77.11	14.97	2.251	>
11	12	77.14	15.00	2.250	>
12		310.50	0.66	1.324	>
12		328.88	70.70	1.169	>
12		331.19	54.90	4.185	>
12		324.17	-79.57	1.149	>
12		22.02	-1.69	4.565	>
12		21.99	-1.65	4.569	>
12		21.99	-1.63	4.587	>
12		21.76	-1.61	4.525	>
12		25.97	-5.37	5.788	>
12		26.15	-5.49	5.788	>
12		26.00	-5.51	5.788	>
12	13	26.04	-5.45	5.788	>
13		142.16	-6.51	1.230	>
13		326.39	-85.96	0.745	>
13		107.55	21.84	0.710	>
13		109.13	48.66	0.406	>
13		202.51	34.67	1.491	>
13		217.34	37.36	3.514	>
13		49.72	-17.57	5.648	>
13		49.72	-17.57	5.649	>
13		49.67	-17.58	5.647	>
13	14	49.70	-17.57	5.648	>
14		300.97	-23.65	0.703	>
14		125.33	-11.33	1.132	>
14		346.12	-88.27	8.707	>
14		283.83	-87.31	7.789	>
14		178.36	-34.85	3.520	>
14		289.22	-84.06	7.642	>
14		267.21	-85.96	8.153	>
14		287.02	-83.92	7.621	>
14		286.16	-83.99	7.637	>
14		287.39	-83.97	7.611	>
14	15	286.86	-83.96	7.623	>
15		161.38	-7.24	4.939	>
15		142.58	-8.38	5.176	>
15		116.34	-11.13	6.179	>
15		67.79	-20.14	12.309	>
15		73.00	-19.00	10.095	>
15		81.80	-18.70	11.046	>
15		67.73	-20.46	12.318	>
15		68.37	-19.52	12.330	>
15		51.17	-19.41	11.015	>
15		58.58	-18.20	11.660	>
15		48.60	-18.33	10.460	>
15		50.64	-16.65	10.986	>
15		43.95	-14.76	5.280	>
15		34.08	-15.83	3.476	>
15		28.65	-14.36	0.472	>
15		40.09	57.89	9.571	>
15		74.58	43.96	6.679	>
15		90.70	17.10	5.882	>
15		106.71	4.14	6.333	>
15		53.12	59.60	9.462	>
15		80.95	46.63	6.355	>
15		23.24	60.12	4.672	>
15		69.08	-52.62	2.163	>
15		60.10	-23.81	9.470	>
15		61.99	-23.04	9.654	>
15		110.25	-9.83	6.167	>
15		67.42	-22.49	10.427	>
15		65.77	-24.87	9.813	>
15		61.87	-17.23	13.763	>
15		61.69	-17.41	13.704	>
15		61.78	-17.46	13.706	>
15	16	61.78	-17.36	13.724	>
16		61.85	-17.53	13.708	>
16		13.11	-14.81	7.885	>
16		335.47	-10.01	3.832	>
16		307.52	-17.94	0.268	>
16		279.54	-5.46	2.828	>
16		265.31	-3.17	3.345	>
16		260.58	52.48	17.082	>
16		307.49	61.05	12.236	>
16		335.70	55.99	9.467	>
16		52.52	-65.99	16.418	>
16		52.60	-65.94	16.463	>
16		52.41	-66.01	16.452	>
16	17	52.51	-65.98	16.444	>
17		254.11	6.84	4.700	>
17		254.74	1.72	5.005	>
17		339.50	7.09	2.460	>
17		62.34	15.60	2.737	>
17		44.09	24.03	3.269	>
17		42.92	25.87	3.559	>
17		93.23	-6.17	5.950	>
17		97.77	-7.49	5.836	>
17		152.72	-22.04	2.907	>
17		150.95	-18.03	0.398	>
17		146.65	-16.45	6.560	>
17		150.55	-16.74	6.648	>
17		135.09	-12.57	6.207	>
17		140.92	-14.55	6.416	>
17		183.94	5.43	7.366	>
17		194.51	7.41	0.241	>
17		206.33	12.60	0.261	>
17		230.83	14.24	4.028	>
17		242.46	4.98	3.948	>
17		214.94	7.11	3.187	>
17		203.37	11.73	9.987	>
17		188.17	4.32	7.616	>
17		323.21	70.43	12.769	>
17		312.50	79.84	14.759	>
17		308.22	79.01	14.156	>
17		343.65	80.34	13.006	>
17		253.31	56.62	13.001	>
17		37.59	72.75	11.469	>
17		265.40	-86.50	1.823	>
17		44.17	22.80	3.256	>
17		44.87	23.49	3.235	>
17		35.80	32.92	3.608	>

PLAN
STATIONS
0.000	0.000	0
1.161	-1.739	1
3.127	-3.224	2
6.014	-1.194	3
5.276	3.442	4
8.946	0.209	5
9.033	1.995	6
14.105	4.511	7
16.773	6.295	8
19.441	3.008	9
27.647	1.382	10
35.453	1.398	11
37.572	1.881	12
40.102	7.058	13
44.208	10.541	14
43.441	10.773	15
54.983	16.968	16
60.294	21.041	17
SHOTS
0.000	0.000	1.161	-1.739
1.161	-1.739	3.127	-3.224
3.127	-3.224	6.014	-1.194
6.014	-1.194	5.276	3.442
5.276	3.442	8.946	0.209
8.946	0.209	7.184	1.533
8.946	0.209	6.762	0.890
8.946	0.209	8.907	1.378
8.946	0.209	9.223	0.434
8.946	0.209	8.578	0.317
8.946	0.209	6.411	0.798
8.946	0.209	9.273	1.536
8.946	0.209	9.033	1.995
9.033	1.995	9.984	0.165
9.033	1.995	7.748	1.297
9.033	1.995	9.032	2.086
9.033	1.995	9.637	1.901
9.033	1.995	10.438	1.729
9.033	1.995	14.105	4.511
14.105	4.511	14.553	5.994
14.105	4.511	14.225	6.537
14.105	4.511	12.497	5.886
14.105	4.511	11.377	4.094
14.105	4.511	14.461	5.443
14.105	4.511	14.541	5.858
14.105	4.511	14.697	5.197
14.105	4.511	16.773	6.295
16.773	6.295	17.133	6.305
16.773	6.295	16.457	6.646
16.773	6.295	17.848	7.304
16.773	6.295	16.627	8.428
16.773	6.295	16.620	8.451
16.773	6.295	16.141	10.731
16.773	6.295	17.116	6.052
16.773	6.295	17.411	4.450
16.773	6.295	17.695	3.724
16.773	6.295	18.708	3.932
16.773	6.295	19.137	4.757
16.773	6.295	19.026	6.267
16.773	6.295	20.659	6.318
16.773	6.295	16.722	6.324
16.773	6.295	20.954	6.048
16.773	6.295	19.441	3.008
19.441	3.008	18.576	5.171
19.441	3.008	17.092	4.718
19.441	3.008	17.354	3.475
19.441	3.008	17.024	-1.312
19.441	3.008	19.368	-6.323
19.441	3.008	21.729	-1.102
19.441	3.008	25.049	-2.324
19.441	3.008	21.015	3.549
19.441	3.008	23.376	3.687
19.441	3.008	19.726	2.891
19.441	3.008	19.673	2.663
19.441	3.008	21.040	2.451
19.441	3.008	18.618	5.177
19.441	3.008	21.891	2.227
19.441	3.008	23.252	2.227
19.441	3.008	24.049	2.334
19.441	3.008	22.832	2.680
19.441	3.008	24.483	2.159
19.441	3.008	27.597	1.499
19.441	3.008	27.300	1.564
19.441	3.008	27.647	1.382
27.647	1.382	27.511	3.045
27.647	1.382	27.591	1.145
27.647	1.382	28.797	-0.888
27.647	1.382	25.248	-2.223
27.647	1.382	30.308	0.423
27.647	1.382	27.633	1.439
27.647	1.382	27.877	0.576
27.647	1.382	28.258	0.830
27.647	1.382	35.453	1.398
35.453	1.398	33.926	0.641
35.453	1.398	31.493	0.304
35.453	1.398	31.054	1.602
35.453	1.398	32.581	1.809
35.453	1.398	33.146	2.532
35.453	1.398	35.423	0.595
35.453	1.398	35.285	1.306
35.453	1.398	34.984	1.153
35.453	1.398	35.204	1.033
35.453	1.398	37.572	1.881
37.572	1.881	36.566	2.741
37.572	1.881	37.373	2.212
37.572	1.881	36.413	3.990
37.572	1.881	37.451	2.050
37.572	1.881	39.249	6.082
37.572	1.881	40.102	7.058
40.102	7.058	40.851	6.093
40.102	7.058	40.073	7.102
40.102	7.058	40.730	6.860
40.102	7.058	40.355	6.970
40.102	7.058	39.633	5.925
40.102	7.058	38.408	4.838
40.102	7.058	44.208	10.541
44.208	10.541	43.656	10.872
44.208	10.541	45.114	9.899
44.208	10.541	44.145	10.796
44.208	10.541	43.853	10.628
44.208	10.541	44.291	7.653
44.208	10.541	43.462	10.801
44.208	10.541	43.634	10.513
44.208	10.541	43.441	10.773
43.441	10.773	45.006	6.130
43.441	10.773	46.553	6.707
43.441	10.773	48.874	8.083
43.441	10.773	54.140	15.142
43.441	10.773	52.569	13.564
43.441	10.773	53.797	12.266
43.441	10.773	54.122	15.147
43.441	10.773	54.244	15.057
43.441	10.773	51.535	17.286
43.441	10.773	52.894	16.548
43.441	10.773	50.890	17.339
43.441	10.773	51.579	17.448
43.441	10.773	46.985	14.449
43.441	10.773	45.315	13.543
43.441	10.773	43.660	11.174
43.441	10.773	46.718	14.665
43.441	10.773	48.076	12.052
43.441	10.773	49.063	10.705
43.441	10.773	49.491	8.957
43.441	10.773	47.271	13.647
43.441	10.773	47.751	11.460
43.441	10.773	44.359	12.912
43.441	10.773	44.668	11.242
43.441	10.773	50.952	15.092
43.441	10.773	51.285	14.945
43.441	10.773	49.142	8.670
43.441	10.773	52.337	14.473
43.441	10.773	51.560	14.427
43.441	10.773	54.983	16.968
54.983	16.968	66.508	23.135
54.983	16.968	56.712	24.392
54.983	16.968	53.416	20.401
54.983	16.968	54.781	17.123
54.983	16.968	52.207	17.434
54.983	16.968	51.654	16.694
54.983	16.968	44.720	15.266
54.983	16.968	50.284	20.572
54.983	16.968	52.804	21.794
54.983	16.968	60.294	21.041
60.294	21.041	55.806	19.763
60.294	21.041	55.467	19.724
60.294	21.041	59.439	23.328
60.294	21.041	62.629	22.265
60.294	21.041	62.371	23.185
60.294	21.041	62.475	23.386
60.294	21.041	66.200	20.708
60.294	21.041	66.027	20.259
60.294	21.041	61.529	18.646
60.294	21.041	60.478	20.710
60.294	21.041	63.753	15.785
60.294	21.041	63.424	15.497
60.294	21.041	64.571	16.751
60.294	21.041	64.209	16.220
60.294	21.041	59.789	13.726
60.294	21.041	60.234	20.810
60.294	21.041	60.181	20.813
60.294	21.041	57.267	18.575
60.294	21.041	56.806	19.223
60.294	21.041	58.483	18.449
60.294	21.041	56.415	12.065
60.294	21.041	59.215	13.524
60.294	21.041	57.732	24.467
60.294	21.041	58.375	22.799
60.294	21.041	58.173	22.711
60.294	21.041	59.680	23.135
60.294	21.041	53.442	18.987
60.294	21.041	62.369	23.737
60.294	21.041	60.183	21.032
60.294	21.041	62.385	23.194
60.294	21.041	62.387	23.144
60.294	21.041	62.066	23.498
POLYLINE BLACK
2.566	2.532
2.634	2.526
2.702	2.520
2.771	2.514
2.867	2.483
2.959	2.436
3.059	2.421
3.097	2.415
3.133	2.441
3.170	2.451
POLYLINE BLACK
2.524	2.568
2.487	2.937
2.532	2.781
2.424	3.045
POLYLINE BLACK
2.839	2.448
2.732	2.856
POLYLINE BLACK
2.448	3.295
3.180	3.081
1.790	3.500
3.024	3.047
3.077	3.028
3.137	3.040
3.194	3.036
POLYLINE BLACK
2.497	3.652
2.571	3.626
2.648	3.607
2.719	3.576
2.829	3.529
2.933	3.467
3.041	3.416
3.080	3.398
3.105	3.432
3.102	3.468
3.097	3.509
3.043	3.705
3.083	3.792
3.096	3.821
3.112	3.849
3.127	3.877
POLYLINE BLACK
2.594	4.454
2.718	4.289
2.910	4.204
3.089	4.111
POLYLINE BLACK
2.500	4.322
2.486	4.393
2.473	4.473
2.557	4.502
2.595	4.515
2.633	4.529
2.673	4.536
3.097	4.604
2.978	4.635
3.156	4.580
POLYLINE BLACK
2.736	4.172
2.775	4.328
2.734	4.470
2.704	4.625
POLYLINE BLACK
2.424	4.939
3.092	4.864
POLYLINE BLACK
2.567	4.787
2.537	4.834
2.504	4.879
2.477	4.926
2.457	4.960
2.443	5.006
2.438	5.045
2.426	5.137
2.468	5.297
2.590	5.259
2.697	5.226
2.720	5.040
2.747	4.969
2.750	4.959
2.765	4.945
2.773	4.939
2.834	4.896
2.919	4.928
2.959	4.984
3.037	5.094
3.043	5.093
3.068	5.190
POLYLINE BLACK
5.336	3.473
4.744	4.562
4.831	4.196
4.691	4.796
POLYLINE BLACK
3.184	3.142
3.148	2.944
3.146	2.987
3.167	2.723
3.172	2.672
3.197	2.581
3.226	2.535
3.291	2.432
3.371	2.341
3.430	2.236
3.522	2.074
3.565	1.875
3.541	1.985
POLYLINE BLACK
3.566	1.862
3.559	1.869
POLYLINE BLACK
3.503	1.802
3.431	1.836
3.356	1.869
3.274	1.865
3.171	1.860
3.045	1.774
2.982	1.718
2.813	1.568
2.653	1.409
2.503	1.241
2.448	1.180
2.406	1.106
2.370	1.032
2.245	0.773
2.149	0.461
2.215	0.171
2.236	0.075
2.293	-0.001
2.349	-0.081
2.376	-0.120
2.438	-0.171
2.478	-0.192
2.762	-0.343
2.904	-0.419
3.221	-0.476
3.332	-0.496
3.446	-0.497
3.559	-0.501
3.583	-0.502
3.608	-0.498
3.632	-0.491
3.799	-0.444
3.982	-0.350
4.049	-0.176
4.166	0.129
4.111	0.549
4.071	0.843
4.058	0.939
4.023	1.030
3.994	1.122
3.963	1.220
3.880	1.571
3.754	1.703
3.721	1.738
3.683	1.765
3.639	1.786
3.622	1.795
3.602	1.798
3.584	1.806
3.578	1.808
3.574	1.813
3.569	1.817
3.536	1.853
3.504	1.891
3.471	1.927
POLYLINE BLACK
3.003	-13.064
3.086	-13.073
POLYLINE BLACK
5.770	2.779
5.696	2.755
POLYLINE BLACK
6.919	0.728
6.881	0.776
6.874	0.800
6.831	0.825
6.806	0.839
6.776	0.838
6.748	0.835
6.615	0.818
6.507	0.830
6.468	0.686
6.447	0.606
6.473	0.485
6.473	0.418
6.472	0.384
6.465	0.351
6.459	0.318
6.418	0.101
6.369	-0.113
6.333	-0.331
6.311	-0.465
6.297	-0.443
6.357	-0.485
POLYLINE BLACK
6.907	0.729
7.207	0.298
6.972	0.622
7.694	-0.174
POLYLINE BLACK
7.574	-0.098
7.679	-0.114
7.783	-0.138
7.888	-0.147
7.993	-0.156
8.367	-0.113
8.416	-0.105
8.850	-0.033
8.791	-0.043
9.094	0.070
POLYLINE BLACK
7.601	1.910
7.710	1.734
7.754	1.750
7.932	1.613
7.955	1.594
7.973	1.569
7.994	1.548
8.069	1.472
8.142	1.393
8.221	1.322
8.352	1.203
8.495	1.195
8.663	1.230
8.704	1.239
8.781	1.290
8.799	1.300
POLYLINE BLACK
5.245	3.415
5.348	3.325
5.447	3.231
5.554	3.146
5.585	3.121
5.621	3.102
5.657	3.085
5.755	3.036
5.861	3.003
5.955	2.947
6.072	2.877
6.172	2.781
6.286	2.708
6.452	2.602
6.630	2.516
6.796	2.410
6.947	2.314
7.088	2.204
7.235	2.101
7.369	2.006
7.505	1.911
7.640	1.816
POLYLINE BLACK
8.679	1.293
8.700	1.377
8.726	1.460
8.744	1.544
8.749	1.574
8.752	1.604
8.748	1.634
8.700	1.969
8.704	1.928
8.614	2.175
POLYLINE BLACK
9.017	-0.003
9.167	0.013
9.299	0.107
9.450	0.114
9.562	0.119
9.685	0.079
9.792	0.081
9.974	0.083
10.238	0.103
10.444	0.138
POLYLINE GREEN
6.325	1.519
6.449	1.515
6.572	1.505
6.695	1.507
6.749	1.508
6.801	1.519
6.853	1.529
7.017	1.562
7.181	1.595
7.343	1.635
7.489	1.671
7.698	1.871
7.741	2.019
7.770	2.122
7.787	2.229
7.820	2.331
7.851	2.431
7.921	2.509
7.907	2.616
7.893	2.723
7.829	2.815
7.761	2.896
7.516	3.189
7.184	3.141
6.862	3.001
6.831	2.987
6.803	2.969
6.776	2.949
6.683	2.882
6.496	2.767
6.405	2.646
6.287	2.489
6.284	2.216
6.254	2.060
6.223	1.896
6.212	1.938
6.226	1.743
6.229	1.696
6.240	1.650
6.249	1.604
6.251	1.598
6.254	1.592
6.258	1.588
6.289	1.556
6.322	1.527
6.354	1.497
POLYLINE GREEN
6.994	1.555
7.084	1.578
6.824	2.090
7.011	2.221
7.062	2.257
7.147	2.281
7.192	2.302
7.237	2.324
7.275	2.356
7.308	2.393
7.349	2.438
7.401	2.526
7.468	2.552
7.535	2.577
7.607	2.563
7.675	2.549
7.743	2.535
7.823	2.509
7.837	2.431
7.846	2.381
7.872	2.289
7.861	2.224
7.848	2.151
7.724	1.947
7.718	1.932
7.684	1.845
7.667	1.753
7.638	1.665
7.615	1.593
7.434	1.614
7.414	1.614
7.290	1.617
7.174	1.642
7.054	1.622
POLYLINE GREEN
7.092	2.035
7.074	2.054
7.013	2.102
7.037	2.091
7.084	2.069
7.122	2.030
7.166	2.001
7.214	1.968
7.264	1.938
7.313	1.906
7.327	1.897
7.342	1.879
7.361	1.883
7.378	1.885
7.387	1.905
7.391	1.918
7.435	2.041
7.456	2.173
7.518	2.287
7.542	2.332
7.600	2.349
7.641	2.380
POLYLINE GREEN
7.317	1.879
7.551	1.673
7.442	1.759
7.638	1.616
POLYLINE GREEN
7.540	2.268
7.630	2.369
7.590	2.313
7.657	2.436
POLYLINE BLACK
8.654	2.182
8.656	2.130
POLYLINE BLACK
8.647	2.029
8.646	2.075
8.638	2.116
8.650	2.160
8.657	2.182
8.669	2.205
8.684	2.222
8.807	2.366
8.851	2.432
9.019	2.495
9.270	2.588
9.155	2.514
9.264	2.591
POLYLINE BLACK
14.059	4.476
13.871	4.138
13.869	4.169
13.737	3.778
13.727	3.748
13.727	3.714
13.723	3.682
POLYLINE BLACK
14.186	4.623
14.219	4.500
14.280	4.376
14.407	4.329
14.555	4.273
14.666	4.279
14.840	4.245
14.873	4.239
14.904	4.224
14.936	4.214
POLYLINE BLACK
10.334	0.063
10.405	0.081
10.477	0.098
10.548	0.116
10.679	0.145
10.814	0.163
10.943	0.204
11.294	0.318
11.669	0.674
11.906	0.864
12.314	1.190
12.359	1.251
12.691	1.738
12.740	1.809
12.771	1.892
12.807	1.971
13.601	3.668
12.990	2.271
13.280	3.102
13.332	3.250
13.510	3.404
13.572	3.505
13.591	3.536
13.580	3.577
13.583	3.613
POLYLINE BLACK
14.525	6.095
14.506	6.309
14.522	6.390
14.383	6.531
14.350	6.564
14.312	6.593
14.268	6.610
14.164	6.652
14.040	6.649
13.932	6.632
13.614	6.583
13.513	6.553
13.177	6.411
13.062	6.362
12.692	6.184
12.571	6.065
12.368	5.867
12.180	5.654
11.996	5.439
11.897	5.322
11.799	5.202
11.722	5.069
11.616	4.888
11.541	4.691
11.450	4.501
11.423	4.444
11.404	4.383
11.369	4.330
11.080	3.891
10.799	3.516
10.385	3.178
10.140	2.978
9.863	2.820
9.596	2.650
9.554	2.624
9.346	2.549
9.306	2.550
9.275	2.550
9.254	2.582
9.228	2.598
POLYLINE BLACK
14.558	6.114
14.547	6.062
14.527	6.006
14.547	5.954
14.588	5.842
14.739	5.799
14.843	5.791
14.884	5.788
14.925	5.787
14.966	5.786
POLYLINE BLACK
14.823	5.862
14.872	5.859
14.920	5.849
14.969	5.852
15.151	5.866
15.528	5.975
15.645	6.007
15.718	6.028
15.776	6.079
15.822	6.137
15.941	6.289
15.863	6.290
15.997	6.547
16.022	6.593
16.071	6.622
16.107	6.660
POLYLINE BLACK
17.137	6.044
17.163	6.071
17.190	6.096
17.214	6.125
17.259	6.180
17.255	6.263
17.303	6.314
17.558	6.583
17.481	6.473
17.859	6.734
17.908	6.767
17.964	6.864
17.986	6.902
18.071	7.051
18.033	7.222
17.997	7.380
17.979	7.458
17.881	7.633
17.860	7.670
17.817	7.742
17.791	7.713
17.814	7.735
POLYLINE BLACK
17.873	7.645
17.856	7.680
17.843	7.717
17.823	7.751
17.809	7.774
17.792	7.796
17.774	7.816
17.667	7.931
17.561	8.048
17.448	8.157
17.417	8.188
17.381	8.214
17.343	8.235
17.177	8.327
17.001	8.401
16.837	8.497
16.672	8.593
16.675	8.558
16.685	8.645
POLYLINE BLACK
16.025	6.595
16.055	6.640
16.087	6.717
16.145	6.743
16.191	6.763
16.238	6.779
16.285	6.797
16.302	6.803
16.319	6.806
16.336	6.812
16.380	6.830
16.396	6.880
16.399	6.923
16.401	6.946
16.403	6.970
16.398	6.993
16.371	7.141
16.338	7.288
16.304	7.434
16.294	7.476
16.272	7.515
16.265	7.558
16.224	7.791
16.198	8.027
16.159	8.262
16.154	8.291
16.130	8.327
16.114	8.350
16.042	8.454
16.016	8.469
15.976	8.571
15.968	8.592
15.954	8.614
15.958	8.636
15.960	8.647
15.978	8.628
15.985	8.620
16.012	8.590
16.034	8.555
16.058	8.522
POLYLINE BLACK
16.619	8.638
16.667	9.028
16.646	8.782
16.626	9.456
16.626	9.476
16.620	9.496
16.622	9.515
16.624	9.547
16.633	9.578
16.638	9.610
POLYLINE BLACK
15.791	8.693
15.913	9.042
15.750	9.389
15.756	9.740
POLYLINE BLACK
15.825	9.205
16.199	7.978
15.681	9.759
15.959	8.523
15.968	8.483
16.005	8.454
16.028	8.419
POLYLINE BLACK
15.728	9.810
16.021	9.751
16.065	9.724
16.361	9.734
16.492	9.738
16.596	9.766
16.720	9.794
POLYLINE BLACK
15.867	9.801
15.802	9.780
POLYLINE BLACK
15.739	9.763
15.691	10.115
15.734	9.958
15.671	10.136
15.655	10.183
15.632	10.228
15.622	10.277
15.617	10.299
15.626	10.322
15.628	10.345
POLYLINE BLACK
16.603	9.749
16.610	9.975
16.624	9.997
16.577	10.226
16.558	10.316
16.529	10.405
16.504	10.494
POLYLINE BLACK
16.445	10.654
16.479	10.870
16.432	10.872
16.361	11.141
16.177	11.838
16.388	11.129
16.213	11.701
POLYLINE BLACK
15.590	10.406
15.597	10.442
15.607	10.477
15.611	10.514
15.613	10.534
15.615	10.554
15.609	10.574
15.513	10.882
15.389	11.183
15.304	11.495
15.293	11.536
15.318	11.580
15.324	11.622
POLYLINE BLACK
15.510	13.221
15.509	13.275
15.500	13.332
15.530	13.380
15.552	13.415
15.590	13.438
15.626	13.455
15.766	13.518
15.952	13.486
16.023	13.341
16.066	13.253
16.059	13.155
16.012	13.069
16.002	13.052
15.992	13.034
15.978	13.020
15.896	12.938
15.775	12.865
15.709	12.767
15.693	12.745
15.664	12.690
15.672	12.659
15.675	12.646
15.692	12.641
15.702	12.633
POLYLINE BLACK
15.653	12.316
15.686	12.308
15.718	12.297
15.752	12.293
15.786	12.289
15.773	12.342
15.765	12.354
15.742	12.397
15.714	12.437
15.689	12.478
POLYLINE BLACK
17.001	13.117
16.980	13.120
POLYLINE BLACK
15.538	12.364
15.666	12.374
POLYLINE BLACK
15.641	12.463
15.613	12.443
15.584	12.426
15.559	12.403
15.515	12.364
15.630	12.328
15.677	12.357
15.696	12.369
15.716	12.390
15.721	12.413
15.724	12.429
15.701	12.470
15.679	12.462
15.645	12.449
15.617	12.424
15.586	12.405
POLYLINE BLACK
17.092	6.100
17.069	6.061
17.045	6.024
17.024	5.984
17.016	5.968
16.997	5.909
17.000	5.889
17.054	5.547
17.101	5.203
17.176	4.865
17.254	4.511
17.191	4.528
17.367	4.542
POLYLINE BLACK
17.205	4.652
17.036	4.529
17.009	4.496
16.743	4.419
16.552	4.364
16.017	4.218
15.716	4.232
15.458	4.245
15.203	4.281
14.946	4.298
14.919	4.300
14.893	4.293
14.866	4.288
14.853	4.285
14.838	4.285
14.828	4.276
14.807	4.258
14.793	4.232
14.776	4.209
POLYLINE BLACK
19.042	4.802
19.014	4.768
18.985	4.736
18.960	4.700
18.945	4.678
18.933	4.654
18.923	4.629
18.872	4.503
18.817	4.378
18.776	4.249
18.689	3.977
18.675	4.046
18.761	3.893
POLYLINE BLACK
18.713	4.156
18.655	4.114
POLYLINE BLACK
18.639	3.986
18.573	3.964
18.506	3.944
18.441	3.919
18.369	3.892
18.301	3.855
18.228	3.831
18.065	3.775
17.840	3.781
17.697	3.890
17.467	4.064
17.444	4.213
17.290	4.486
17.235	4.583
17.121	4.629
17.051	4.715
POLYLINE BLACK
19.125	4.859
19.134	4.887
POLYLINE BLACK
19.042	4.896
19.490	5.122
18.872	4.819
19.998	5.244
20.073	5.272
20.143	5.313
20.211	5.355
20.254	5.381
20.294	5.412
20.330	5.446
20.484	5.594
20.536	5.639
20.625	5.786
20.631	5.797
20.637	5.809
20.641	5.821
20.660	5.874
20.677	5.928
20.694	5.981
POLYLINE BLACK
19.108	4.966
19.192	5.061
19.224	5.082
19.276	5.190
19.319	5.280
19.347	5.423
19.348	5.511
19.353	5.905
19.337	6.174
19.162	6.517
19.138	6.565
19.010	6.798
18.917	6.863
18.821	6.931
18.721	6.990
18.619	7.049
18.598	7.061
18.575	7.077
18.550	7.074
18.531	7.072
18.521	7.049
18.507	7.037
POLYLINE BLACK
17.948	6.976
18.056	7.091
18.130	7.142
18.292	7.158
18.402	7.169
18.513	7.189
18.621	7.173
18.994	7.118
19.364	7.042
19.728	6.946
20.048	6.862
20.091	6.758
20.354	6.592
20.399	6.564
20.452	6.550
20.498	6.524
20.557	6.493
20.570	6.454
20.604	6.397
POLYLINE BLACK
20.601	6.446
21.333	6.461
21.009	6.473
21.574	6.433
POLYLINE BLACK
20.638	5.897
20.943	5.997
21.244	6.026
21.561	5.993
POLYLINE BLACK
22.325	6.496
22.371	6.571
22.416	6.618
22.502	6.637
22.620	6.663
22.716	6.517
22.665	6.414
22.634	6.350
22.541	6.296
22.499	6.257
22.479	6.239
22.463	6.218
22.447	6.196
22.424	6.163
22.409	6.125
22.399	6.085
22.383	6.013
22.451	5.947
22.487	5.897
POLYLINE BLACK
22.309	5.735
22.341	5.736
22.373	5.740
22.405	5.738
22.456	5.736
22.452	5.642
22.417	5.623
22.374	5.601
22.262	5.671
22.273	5.721
22.275	5.733
22.283	5.744
22.288	5.755
POLYLINE BLACK
20.540	5.925
20.542	6.092
20.544	6.259
20.546	6.426
20.546	6.442
20.543	6.458
20.545	6.474
20.548	6.494
20.556	6.513
20.561	6.533
POLYLINE BLACK
18.578	5.608
18.576	5.666
18.583	5.728
18.549	5.777
18.457	5.910
18.151	5.902
18.031	5.824
17.943	5.766
17.865	5.590
17.836	5.536
17.717	5.313
17.796	5.108
17.885	4.888
17.918	4.805
17.978	4.710
18.054	4.659
18.135	4.605
18.229	4.608
18.316	4.646
18.443	4.701
18.555	4.856
18.602	4.980
18.666	5.150
18.737	5.355
18.708	5.545
18.692	5.646
18.652	5.702
18.586	5.775
POLYLINE RED
17.029	4.820
17.016	4.837
POLYLINE RED
16.303	4.966
16.328	4.991
16.352	5.019
16.379	5.042
16.394	5.055
16.410	5.067
16.428	5.075
16.610	5.152
16.792	5.231
16.979	5.297
17.199	5.375
17.425	5.433
17.647	5.505
17.935	5.599
17.743	5.568
17.964	5.592
POLYLINE RED
18.725	5.479
18.812	5.448
18.888	5.417
18.947	5.346
19.069	5.196
19.187	5.044
19.310	4.894
19.336	4.862
19.388	4.820
19.403	4.776
19.448	4.643
19.477	4.506
19.525	4.374
19.560	4.278
19.548	4.282
19.590	4.273
POLYLINE RED
19.491	4.459
19.511	4.408
19.528	4.355
19.551	4.304
19.567	4.270
19.597	4.230
19.626	4.205
19.821	4.038
20.012	3.865
20.215	3.709
20.422	3.549
20.376	3.550
20.497	3.658
POLYLINE RED
17.446	4.244
17.530	4.367
17.544	4.453
17.548	4.612
17.552	4.776
17.567	5.034
17.481	5.199
17.460	5.240
17.390	5.324
17.373	5.347
POLYLINE RED
16.731	5.241
16.626	5.156
16.517	5.075
16.416	4.985
16.365	4.940
16.278	4.778
16.270	4.739
16.139	4.097
16.003	3.454
15.927	2.803
15.833	2.010
16.014	1.241
16.146	0.466
16.159	0.390
16.189	0.316
16.256	0.275
16.262	0.271
16.268	0.265
16.275	0.267
16.333	0.282
16.389	0.305
16.447	0.324
POLYLINE RED
19.528	-6.362
19.425	-6.337
19.321	-6.313
19.218	-6.288
19.136	-6.273
19.051	-6.268
18.972	-6.243
18.797	-6.189
18.622	-6.131
18.457	-6.052
18.066	-5.865
17.431	-5.597
17.080	-5.227
16.785	-4.915
16.546	-4.519
16.404	-4.117
16.275	-3.749
16.143	-3.375
16.108	-2.987
16.010	-1.881
16.036	-0.768
16.007	0.342
16.007	0.368
16.012	0.396
16.022	0.421
16.085	0.583
16.105	0.606
16.183	0.730
POLYLINE RED
21.753	-1.063
21.673	-1.093
21.618	-1.129
21.609	-1.218
21.604	-1.270
21.603	-1.347
21.620	-1.398
21.752	-1.778
21.903	-2.151
22.031	-2.532
22.052	-2.594
22.067	-2.660
22.065	-2.725
22.056	-3.059
22.032	-3.393
22.001	-3.726
21.988	-3.861
21.903	-4.131
21.827	-4.235
21.160	-5.152
20.978	-5.426
20.134	-6.026
20.025	-6.103
19.896	-6.149
19.773	-6.204
19.735	-6.221
19.693	-6.248
19.651	-6.241
19.595	-6.231
19.551	-6.186
19.502	-6.158
POLYLINE RED
21.639	-1.106
21.738	-1.044
21.800	-1.015
21.903	-1.084
21.921	-1.096
21.948	-1.121
21.959	-1.140
22.139	-1.431
22.292	-1.802
22.555	-2.052
22.600	-2.095
22.700	-2.168
22.762	-2.186
23.228	-2.320
23.982	-2.620
24.588	-2.626
24.774	-2.628
24.939	-2.576
25.121	-2.536
POLYLINE RED
20.383	3.637
20.684	3.572
20.658	3.553
20.874	3.556
20.905	3.556
21.005	3.578
21.012	3.579
POLYLINE RED
23.387	3.717
23.337	3.717
23.288	3.713
23.239	3.718
23.201	3.721
23.165	3.731
23.128	3.740
23.002	3.772
22.872	3.795
22.750	3.839
22.613	3.900
22.476	3.962
22.339	4.023
22.337	4.029
22.331	4.036
22.332	4.042
22.335	4.073
22.405	4.111
22.419	4.122
POLYLINE RED
22.287	4.046
22.546	4.063
22.772	4.162
22.987	4.307
23.056	4.354
23.276	4.520
23.326	4.634
23.368	4.732
23.410	4.873
23.374	4.979
23.329	5.113
23.204	5.197
23.075	5.244
22.945	5.291
22.726	5.266
22.633	5.266
22.499	5.265
22.365	5.255
22.230	5.258
21.937	5.265
21.629	5.335
21.346	5.221
21.189	5.158
21.071	5.018
20.964	4.896
20.944	4.872
20.863	4.760
20.854	4.712
20.801	4.417
20.786	4.334
20.819	4.069
20.835	3.942
20.895	3.770
20.980	3.682
21.019	3.641
21.110	3.612
21.148	3.670
21.163	3.694
21.176	3.755
21.180	3.768
POLYLINE RED
16.297	0.584
16.285	0.546
16.270	0.509
16.261	0.470
16.252	0.435
16.251	0.372
16.260	0.339
16.322	0.097
16.368	-0.151
16.458	-0.385
16.540	-0.599
16.663	-0.796
16.773	-0.998
16.789	-1.027
16.811	-1.053
16.834	-1.076
16.913	-1.157
17.024	-1.274
17.150	-1.286
17.239	-1.294
17.314	-1.268
17.404	-1.243
17.437	-1.234
17.526	-1.199
17.557	-1.170
17.663	-1.070
17.762	-0.961
17.867	-0.860
17.891	-0.837
17.922	-0.821
17.945	-0.797
17.993	-0.747
18.082	-0.636
18.106	-0.566
18.344	0.141
18.341	0.382
18.430	1.267
18.441	1.376
18.419	1.560
18.363	1.666
18.300	1.786
18.064	1.976
18.041	2.000
17.970	2.073
17.959	2.121
17.880	2.171
17.685	2.294
17.566	2.303
17.321	2.302
17.243	2.302
17.164	2.296
17.088	2.279
16.966	2.251
16.750	2.179
16.651	2.077
16.602	2.026
16.564	1.947
16.543	1.886
16.504	1.776
16.273	1.215
16.282	0.940
16.287	0.804
16.313	0.669
16.328	0.534
POLYLINE RED
18.375	1.506
18.503	1.806
18.396	1.585
18.729	2.044
18.892	2.269
19.051	2.497
19.215	2.722
19.226	2.737
19.253	2.745
19.270	2.747
19.277	2.748
19.284	2.749
19.291	2.747
19.381	2.732
19.470	2.706
19.561	2.696
19.633	2.687
19.706	2.693
19.779	2.690
19.815	2.688
19.852	2.653
19.868	2.623
19.959	2.455
20.049	2.286
20.137	2.116
20.157	2.076
20.159	2.008
20.135	1.970
20.055	1.839
19.847	1.544
19.760	1.439
19.731	1.404
19.693	1.377
19.659	1.347
19.589	1.286
19.516	1.230
19.448	1.167
19.336	1.062
19.241	0.938
19.120	0.844
18.948	0.710
18.756	0.603
18.572	0.485
18.562	0.479
18.542	0.481
18.532	0.484
18.488	0.500
18.436	0.588
18.432	0.629
18.407	0.901
18.397	1.174
18.377	1.447
18.374	1.482
18.356	1.527
18.402	1.542
18.466	1.564
18.589	1.507
18.620	1.498
POLYLINE RED
18.687	0.880
18.773	0.952
18.868	1.014
18.944	1.097
19.159	1.331
19.348	1.587
19.556	1.827
19.582	1.856
19.642	1.908
19.688	1.928
19.791	1.974
19.911	1.965
20.020	1.982
20.077	1.991
20.116	2.029
20.157	2.064
POLYLINE RED
18.700	0.905
18.564	0.800
18.537	0.745
18.452	0.600
POLYLINE RED
18.364	1.671
18.649	1.004
18.571	1.257
18.665	0.935
POLYLINE RED
19.250	2.604
19.272	2.407
19.348	2.220
19.479	2.070
19.498	2.047
19.525	2.032
19.548	2.012
POLYLINE RED
17.746	2.445
17.761	2.415
17.776	2.385
17.791	2.355
17.798	2.351
17.803	2.344
17.810	2.344
17.829	2.344
17.845	2.372
17.851	2.383
17.926	2.505
18.011	2.621
18.074	2.749
18.205	3.019
18.272	3.217
18.313	3.498
18.318	3.531
18.325	3.720
18.298	3.758
18.262	3.809
18.200	3.835
18.150	3.873
POLYLINE RED
17.241	2.448
17.181	2.497
17.127	2.547
17.122	2.628
17.116	2.714
17.105	2.800
17.110	2.886
17.132	3.257
17.334	3.601
17.518	3.907
17.551	3.962
17.601	4.005
17.647	4.050
17.707	4.107
17.799	4.198
17.897	4.184
18.080	4.158
18.161	4.150
18.279	4.013
18.292	3.998
18.347	3.928
18.339	3.896
18.330	3.862
18.318	3.829
18.308	3.795
POLYLINE RED
17.870	2.389
17.792	2.415
17.744	2.425
17.675	2.386
17.656	2.375
17.638	2.360
17.617	2.350
17.535	2.311
17.431	2.301
17.341	2.315
17.298	2.321
17.160	2.356
17.127	2.394
17.117	2.405
17.156	2.403
17.171	2.408
POLYLINE RED
23.290	3.626
23.393	3.564
23.491	3.493
23.598	3.439
23.685	3.395
23.778	3.361
23.872	3.333
24.043	3.281
24.176	3.267
24.345	3.315
24.385	3.327
24.424	3.346
24.463	3.362
24.524	3.387
24.584	3.416
24.646	3.438
24.728	3.468
24.841	3.441
24.916	3.416
25.113	3.351
25.559	3.094
25.630	3.062
25.817	2.978
26.000	2.946
26.201	2.926
26.308	2.916
26.413	2.951
26.497	3.018
26.550	3.061
26.596	3.125
26.671	3.132
26.943	3.155
27.147	3.120
27.442	3.098
POLYLINE RED
24.848	-2.640
24.926	-2.586
24.999	-2.524
25.083	-2.480
25.116	-2.462
25.542	-2.194
25.752	-2.208
25.952	-2.222
26.200	-2.431
26.325	-2.490
26.508	-2.577
27.002	-2.827
27.297	-2.810
27.480	-2.799
27.650	-2.692
27.793	-2.590
27.944	-2.484
28.114	-2.210
28.178	-2.105
28.290	-1.918
28.386	-1.722
28.480	-1.526
28.699	-1.065
28.568	-1.177
28.776	-0.939
POLYLINE RED
28.741	-0.963
28.787	-0.887
28.829	-0.807
28.881	-0.735
28.908	-0.697
28.942	-0.664
28.977	-0.634
29.142	-0.488
29.307	-0.340
29.482	-0.206
29.550	-0.153
29.728	-0.054
29.832	-0.029
30.210	0.062
30.138	0.049
30.431	0.046
POLYLINE RED
27.439	3.135
27.717	3.043
27.995	2.951
28.272	2.859
28.859	2.686
29.453	2.538
30.031	2.339
30.271	2.257
30.486	2.114
30.720	2.016
30.981	1.906
30.941	2.042
30.964	1.892
POLYLINE RED
28.170	2.906
28.170	2.901
POLYLINE RED
27.678	-2.609
27.647	-1.393
27.617	-0.177
27.586	1.038
27.576	1.168
27.549	1.297
27.554	1.427
27.568	1.733
27.616	2.037
27.642	2.342
27.678	2.743
27.625	2.532
27.705	2.793
POLYLINE RED
29.500	1.672
29.394	1.636
29.009	1.550
28.911	1.412
28.837	1.309
29.023	1.165
29.070	1.127
29.124	1.083
29.355	0.892
29.474	0.926
29.635	0.971
29.822	1.201
29.898	1.277
29.939	1.318
29.979	1.402
29.927	1.451
29.867	1.507
29.769	1.535
29.691	1.550
29.645	1.558
29.598	1.557
29.552	1.566
29.542	1.568
29.573	1.568
29.584	1.570
29.608	1.573
29.674	1.559
29.658	1.578
29.620	1.626
29.558	1.692
29.500	1.672
POLYLINE RED
30.756	0.708
30.759	0.796
30.585	0.754
30.498	0.773
30.489	0.775
30.392	0.795
30.388	0.756
30.387	0.745
30.393	0.724
30.398	0.716
30.429	0.671
30.459	0.626
30.494	0.585
30.550	0.521
30.636	0.435
30.723	0.409
30.769	0.395
30.821	0.412
30.832	0.463
30.845	0.518
30.803	0.579
30.773	0.620
30.749	0.654
30.702	0.677
30.694	0.718
30.690	0.739
30.756	0.686
30.756	0.708
POLYLINE RED
31.318	1.443
31.264	1.438
31.082	1.445
31.017	1.387
30.990	1.364
31.028	1.336
31.044	1.324
31.112	1.277
31.179	1.229
31.248	1.185
31.261	1.176
31.285	1.171
31.301	1.171
31.430	1.175
31.425	1.380
31.393	1.452
31.383	1.475
31.343	1.446
31.318	1.443
POLYLINE RED
30.503	-0.011
30.596	0.025
30.686	0.068
30.780	0.097
31.937	0.460
32.508	0.365
34.088	0.541
34.134	0.546
34.108	0.597
34.088	0.613
34.060	0.635
34.032	0.656
34.004	0.677
POLYLINE RED
35.332	1.458
35.274	1.470
35.207	1.474
35.160	1.517
35.089	1.584
35.095	1.708
35.110	1.794
35.174	2.156
35.154	1.872
35.240	2.292
35.281	2.494
35.259	2.707
35.198	2.902
35.155	3.042
35.051	3.141
34.927	3.212
34.902	3.227
34.875	3.241
34.846	3.248
34.778	3.264
34.708	3.275
34.639	3.281
34.564	3.286
34.489	3.290
34.415	3.282
34.319	3.270
34.224	3.250
34.132	3.222
33.780	3.115
33.556	3.007
33.239	2.799
33.088	2.700
32.961	2.569
32.810	2.471
32.665	2.379
32.365	2.225
32.166	2.190
31.076	1.999
31.349	1.791
31.004	2.095
POLYLINE RED
35.002	-0.622
35.080	-0.318
35.084	-0.232
35.210	0.036
35.262	0.146
35.404	0.294
35.474	0.363
35.568	0.458
35.754	0.541
35.848	0.593
POLYLINE RED
33.929	0.578
33.949	0.594
33.987	0.636
34.023	0.644
34.045	0.649
34.066	0.641
34.083	0.628
34.172	0.558
34.143	0.395
34.134	0.308
34.122	0.199
34.097	0.090
34.087	-0.020
34.083	-0.063
34.086	-0.107
34.092	-0.150
34.118	-0.351
34.218	-0.489
34.328	-0.663
34.359	-0.712
34.409	-0.756
34.462	-0.780
34.581	-0.834
34.747	-0.760
34.848	-0.724
34.977	-0.678
34.960	-0.681
35.040	-0.604
POLYLINE RED
34.122	-0.134
34.207	-0.060
POLYLINE RED
34.114	0.373
34.116	0.307
34.109	0.242
34.130	0.180
34.164	0.083
34.269	0.015
34.343	-0.040
34.378	-0.065
34.414	-0.089
34.453	-0.105
34.554	-0.143
34.657	-0.173
34.761	-0.201
34.788	-0.208
34.817	-0.209
34.845	-0.211
34.850	-0.212
34.856	-0.213
34.861	-0.211
34.908	-0.191
34.952	-0.168
34.998	-0.146
POLYLINE RED
35.695	0.590
36.325	1.091
36.027	0.876
36.937	1.455
37.389	1.743
37.241	1.673
37.539	1.797
POLYLINE RED
35.367	1.397
37.266	3.470
35.504	1.497
36.410	2.594
36.452	2.646
36.503	2.690
36.550	2.737
POLYLINE RED
39.217	6.361
39.262	6.299
POLYLINE RED
39.223	6.205
39.138	6.152
39.055	6.095
38.967	6.045
38.885	5.998
38.766	5.999
38.676	6.012
38.562	6.028
38.382	6.101
38.276	6.003
37.906	5.661
37.617	4.923
37.468	4.661
37.338	4.432
37.192	4.212
37.079	3.974
36.707	3.197
36.702	3.151
36.525	2.598
POLYLINE RED
37.977	3.579
37.988	3.616
POLYLINE RED
38.118	4.254
38.040	4.189
37.959	4.127
37.884	4.060
37.758	3.947
37.640	3.827
37.516	3.713
37.463	3.665
37.406	3.623
37.353	3.575
37.330	3.554
37.341	3.512
37.362	3.495
37.410	3.457
37.458	3.419
37.509	3.386
37.576	3.341
37.694	3.237
37.801	3.244
37.885	3.249
37.978	3.307
38.029	3.370
38.187	3.565
38.339	3.764
38.491	3.963
38.509	3.985
38.517	4.023
38.506	4.050
38.470	4.145
38.122	4.316
38.115	4.319
POLYLINE RED
38.078	4.232
38.037	4.116
37.999	3.999
37.954	3.885
37.949	3.870
37.939	3.858
37.929	3.846
37.870	3.773
37.753	3.723
37.684	3.667
37.567	3.572
37.456	3.469
37.343	3.369
POLYLINE RED
37.849	3.711
37.904	3.279
POLYLINE RED
38.112	5.070
38.019	5.030
37.924	4.993
37.831	4.951
37.814	4.943
37.786	4.923
37.773	4.906
37.694	4.809
37.966	4.697
37.971	4.694
38.001	4.676
38.030	4.664
38.065	4.670
38.154	4.684
38.270	4.788
38.287	4.879
38.289	4.891
38.292	4.904
38.289	4.916
38.272	4.976
38.247	5.033
38.227	5.092
POLYLINE RED
37.282	2.766
37.099	2.688
36.884	2.671
37.109	2.557
37.186	2.518
37.266	2.482
37.346	2.449
37.457	2.403
37.547	2.417
37.592	2.534
37.637	2.649
37.613	2.783
37.486	2.823
37.454	2.833
37.409	2.840
37.376	2.835
37.214	2.816
37.245	2.851
37.201	2.772
POLYLINE RED
39.220	4.978
39.220	4.974
POLYLINE RED
37.723	4.504
37.720	4.449
37.613	4.499
37.559	4.493
37.535	4.490
37.512	4.482
37.490	4.474
37.467	4.466
37.429	4.448
37.410	4.428
37.342	4.357
37.631	4.244
37.646	4.362
37.652	4.407
37.642	4.456
37.663	4.496
37.673	4.513
37.724	4.524
37.723	4.504
POLYLINE RED
37.185	3.334
37.195	3.284
37.114	3.260
37.081	3.221
37.046	3.181
37.062	3.134
37.103	3.109
37.204	3.049
37.311	3.221
37.249	3.271
37.216	3.297
37.176	3.314
37.146	3.344
37.136	3.353
37.182	3.347
37.185	3.334
POLYLINE RED
37.387	4.075
37.360	4.048
37.319	4.034
37.298	4.002
37.287	3.984
37.343	4.010
37.356	4.026
37.394	4.071
37.415	4.128
37.446	4.178
37.467	4.212
37.415	4.103
37.387	4.075
POLYLINE RED
38.756	4.793
38.735	4.741
38.675	4.714
38.637	4.672
38.610	4.641
38.592	4.593
38.599	4.552
38.616	4.454
38.736	4.449
38.806	4.497
38.856	4.532
38.894	4.583
38.917	4.638
38.931	4.671
38.918	4.703
38.880	4.706
38.835	4.709
38.781	4.683
38.745	4.709
38.721	4.725
38.766	4.820
38.756	4.793
POLYLINE RED
38.474	5.403
38.464	5.463
38.422	5.513
38.393	5.566
38.381	5.587
38.355	5.607
38.332	5.587
38.313	5.570
38.298	5.533
38.292	5.512
38.267	5.432
38.324	5.393
38.397	5.389
38.448	5.386
38.499	5.399
38.541	5.427
38.663	5.506
38.683	5.593
38.563	5.682
38.537	5.702
38.504	5.702
38.487	5.672
38.482	5.665
38.479	5.657
38.476	5.648
38.466	5.617
38.449	5.586
38.448	5.553
38.448	5.502
38.481	5.352
38.474	5.403
POLYLINE RED
38.478	5.669
38.458	5.649
38.415	5.678
38.392	5.660
38.378	5.649
38.381	5.605
38.399	5.607
38.432	5.610
38.502	5.692
38.478	5.669
POLYLINE RED
38.393	5.587
38.330	5.448
38.250	5.473
38.296	5.517
38.333	5.553
38.368	5.591
38.408	5.623
38.425	5.636
38.276	5.467
38.372	5.498
38.401	5.508
38.406	5.615
38.393	5.587
POLYLINE RED
38.490	5.652
38.446	5.643
38.400	5.630
38.355	5.634
38.337	5.636
38.385	5.654
38.401	5.662
38.435	5.678
38.468	5.710
38.505	5.706
38.524	5.704
38.508	5.656
38.490	5.652
POLYLINE RED
38.557	3.833
38.592	3.828
38.653	3.812
38.687	3.841
38.697	3.849
38.708	3.865
38.712	3.877
38.731	3.944
38.827	4.118
38.719	4.177
38.705	4.184
38.689	4.191
38.673	4.191
38.575	4.191
38.495	3.843
38.557	3.833
POLYLINE RED
39.379	5.443
39.323	5.552
39.134	5.457
39.011	5.459
38.985	5.460
38.875	5.459
38.918	5.400
38.960	5.343
39.056	5.282
39.116	5.350
39.156	5.396
39.176	5.469
39.233	5.489
39.281	5.506
39.402	5.397
39.379	5.443
POLYLINE RED
38.685	5.201
38.612	5.102
38.496	5.043
38.407	4.958
38.402	4.953
38.405	4.943
38.410	4.938
38.416	4.930
38.426	4.925
38.435	4.922
38.509	4.899
38.623	4.892
38.675	4.964
38.706	5.005
38.723	5.057
38.725	5.109
38.726	5.132
38.720	5.156
38.706	5.174
38.697	5.186
38.688	5.187
38.689	5.203
38.689	5.218
38.706	5.254
38.695	5.246
38.682	5.237
38.694	5.213
38.685	5.201
POLYLINE RED
36.058	1.406
35.996	1.414
35.927	1.431
35.864	1.411
35.715	1.366
35.568	1.315
35.423	1.260
35.369	1.240
35.240	1.155
35.244	1.084
35.249	1.007
35.400	0.958
35.459	0.955
35.595	0.950
35.683	0.952
35.809	0.988
35.895	1.014
35.948	1.045
36.021	1.097
36.224	1.240
36.425	1.384
36.624	1.532
36.704	1.591
36.711	1.651
36.629	1.710
36.553	1.765
36.463	1.827
36.364	1.793
36.347	1.787
36.329	1.782
36.315	1.771
36.068	1.591
36.037	1.504
35.831	1.433
POLYLINE RED
35.859	1.425
35.886	1.264
35.875	1.220
35.824	1.079
POLYLINE RED
35.780	1.048
35.766	0.923
POLYLINE RED
35.994	1.436
36.193	1.494
36.282	1.483
36.485	1.470
POLYLINE RED
40.028	7.170
39.380	6.560
39.813	6.987
39.324	6.466
39.121	6.249
39.151	6.363
39.126	6.214
POLYLINE RED
37.568	1.800
37.624	1.915
37.664	2.039
37.735	2.145
37.854	2.321
37.992	2.484
38.134	2.641
38.708	3.273
39.319	3.870
39.883	4.511
40.025	4.673
40.109	4.880
40.248	5.044
40.374	5.195
40.541	5.307
40.674	5.451
40.744	5.527
40.968	5.922
40.996	5.962
41.064	6.061
41.143	6.151
41.219	6.245
41.235	6.265
41.259	6.279
41.271	6.301
41.292	6.337
41.302	6.379
41.317	6.418
POLYLINE RED
40.746	6.082
40.522	6.009
40.297	5.939
40.074	5.863
39.996	5.837
40.011	5.736
40.037	5.680
40.048	5.656
40.118	5.489
40.177	5.468
40.221	5.453
40.293	5.489
40.323	5.509
40.431	5.581
40.535	5.660
40.639	5.738
40.658	5.752
40.679	5.774
40.690	5.797
40.711	5.843
40.695	5.887
40.689	5.935
40.684	5.973
40.680	6.012
40.676	6.051
POLYLINE RED
39.480	5.404
39.250	5.281
39.208	5.281
39.050	5.146
38.899	5.018
39.043	4.878
39.153	4.781
39.194	4.745
39.244	4.711
39.301	4.716
39.421	4.727
39.533	4.909
39.580	4.999
39.603	5.042
39.620	5.089
39.636	5.135
39.654	5.188
39.679	5.291
39.639	5.345
39.610	5.385
39.578	5.421
39.547	5.459
POLYLINE RED
39.478	4.417
39.434	4.436
39.390	4.459
39.344	4.473
39.249	4.501
38.976	4.559
38.988	4.376
38.997	4.245
39.010	4.115
39.024	3.984
39.025	3.972
39.035	3.950
39.047	3.942
39.061	3.933
39.071	3.940
39.085	3.945
39.180	4.022
39.277	4.096
39.369	4.176
39.415	4.216
39.457	4.262
39.468	4.323
39.478	4.385
39.464	4.351
39.467	4.423
39.469	4.451
39.475	4.479
39.478	4.506
POLYLINE RED
39.278	4.404
39.098	4.087
POLYLINE RED
39.275	5.165
39.193	5.195
39.226	5.198
39.177	5.187
POLYLINE RED
39.206	5.159
39.271	5.054
39.290	4.938
39.304	4.819
POLYLINE RED
40.366	5.892
40.323	5.843
40.266	5.757
40.188	5.795
39.978	5.899
40.061	5.923
39.957	5.880
POLYLINE RED
44.746	9.666
43.817	9.119
44.423	9.488
42.551	7.657
42.172	7.286
41.823	6.887
41.460	6.501
41.430	6.469
41.402	6.435
41.371	6.405
41.341	6.375
41.266	6.327
41.240	6.309
POLYLINE RED
43.526	11.085
43.457	10.995
43.400	10.895
43.319	10.815
42.673	10.183
41.996	9.583
41.346	8.954
41.147	8.761
41.207	8.693
41.038	8.441
40.845	8.154
40.642	7.873
40.422	7.606
39.717	6.746
40.169	7.443
39.929	7.063
POLYLINE RED
41.730	8.172
41.515	7.999
41.295	7.832
41.084	7.655
41.028	7.608
40.928	7.502
40.950	7.414
40.968	7.344
41.036	7.300
41.101	7.279
41.206	7.244
41.355	7.212
41.455	7.285
41.663	7.439
41.688	7.507
41.905	7.766
41.914	7.776
41.921	7.787
41.927	7.799
41.945	7.838
41.905	7.883
41.877	7.902
41.819	7.941
41.766	7.995
41.698	8.013
41.667	8.021
41.640	7.985
41.611	7.971
POLYLINE RED
41.555	8.059
41.442	7.627
41.510	7.818
41.369	7.482
POLYLINE RED
41.304	7.516
41.199	7.506
41.087	7.505
40.993	7.450
40.948	7.424
40.921	7.376
40.886	7.339
POLYLINE RED
41.347	7.549
41.439	7.412
41.381	7.483
41.532	7.345
POLYLINE RED
43.173	9.897
42.906	9.746
42.637	9.597
42.372	9.442
42.271	9.383
42.241	9.309
42.326	9.219
42.343	9.200
42.361	9.180
42.382	9.167
42.501	9.095
42.623	9.030
42.745	8.965
42.780	8.946
42.820	8.975
42.837	9.004
42.940	9.187
43.047	9.368
43.143	9.555
43.189	9.646
43.211	9.789
43.218	9.885
43.218	9.887
43.195	9.909
43.193	9.911
POLYLINE RED
43.103	9.828
42.590	9.279
42.732	9.531
42.552	9.157
POLYLINE RED
42.537	9.290
42.714	8.878
POLYLINE RED
41.830	9.114
41.683	8.971
41.534	8.829
41.388	8.684
41.355	8.651
41.401	8.594
41.427	8.577
41.469	8.550
41.510	8.519
41.557	8.501
42.086	8.770
41.864	8.281
42.022	8.361
42.055	8.378
42.070	8.425
42.074	8.457
42.088	8.598
42.101	8.745
42.053	8.881
42.046	8.898
42.040	8.916
42.028	8.931
41.977	8.994
41.923	9.055
41.866	9.112
41.842	9.136
41.814	9.154
41.786	9.172
41.776	9.179
41.761	9.194
41.753	9.185
41.736	9.167
41.739	9.137
41.732	9.113
POLYLINE RED
43.239	8.973
42.978	8.793
42.715	8.617
42.457	8.434
42.430	8.415
42.370	8.367
42.359	8.322
42.343	8.253
42.449	8.177
42.502	8.155
42.577	8.124
42.690	8.206
42.733	8.251
42.879	8.401
43.016	8.560
43.155	8.717
43.170	8.735
43.198	8.788
43.190	8.814
43.174	8.870
43.151	8.924
43.132	8.979
POLYLINE RED
43.624	9.682
43.537	9.649
43.423	9.631
43.354	9.558
43.215	9.411
43.451	9.153
43.604	9.240
43.686	9.287
43.807	9.499
43.765	9.594
43.750	9.630
43.715	9.651
43.681	9.663
43.672	9.666
43.663	9.672
43.655	9.669
43.592	9.646
43.532	9.614
43.471	9.587
POLYLINE RED
43.310	10.838
43.335	10.777
43.349	10.710
43.385	10.655
43.516	10.454
43.656	10.257
43.811	10.073
43.905	9.961
44.058	9.822
44.200	9.742
44.296	9.688
44.396	9.640
44.493	9.585
44.513	9.575
44.526	9.549
44.518	9.527
44.507	9.500
44.452	9.455
44.446	9.449
POLYLINE RED
51.490	17.675
51.458	17.571
51.407	17.474
51.412	17.364
51.421	17.187
51.597	17.023
51.693	16.916
51.981	16.593
52.168	16.607
52.596	16.300
53.022	15.994
53.428	15.662
53.835	15.333
53.896	15.284
53.945	15.222
54.000	15.166
54.083	15.103
54.166	15.039
54.248	14.976
POLYLINE RED
44.671	9.760
44.716	9.673
44.884	9.392
44.892	9.249
44.906	9.004
44.979	8.267
44.855	7.870
44.640	7.178
44.764	7.818
44.482	6.997
44.433	6.851
44.408	6.698
44.382	6.546
44.357	6.394
44.372	6.219
44.439	6.078
44.577	5.784
44.874	5.796
45.172	5.799
45.513	5.803
45.953	5.802
46.230	6.052
46.422	6.226
46.585	6.451
46.841	6.537
47.073	6.615
47.443	6.615
47.629	6.639
47.676	6.646
47.798	6.694
47.835	6.725
48.369	7.164
48.271	7.188
48.900	7.813
49.065	7.977
49.259	8.112
49.427	8.274
49.540	8.384
49.676	8.553
49.748	8.705
49.846	8.913
49.909	9.223
50.116	9.379
50.320	9.534
50.586	9.596
50.766	9.786
50.892	9.921
50.998	10.074
51.130	10.203
51.264	10.334
51.573	10.541
51.750	10.606
52.961	11.052
52.422	10.675
53.411	11.315
53.513	11.381
53.638	11.533
53.703	11.632
53.960	12.026
53.757	12.394
53.562	12.770
53.390	13.101
53.063	13.253
52.770	13.458
52.618	13.564
52.809	13.764
52.918	13.800
53.048	13.844
53.228	13.813
53.353	13.822
53.711	13.848
53.827	14.185
53.996	14.471
54.019	14.510
54.033	14.554
54.046	14.598
54.084	14.733
54.086	14.988
54.092	15.085
POLYLINE RED
51.396	17.716
51.360	17.713
51.323	17.713
51.287	17.707
51.174	17.688
51.043	17.602
50.962	17.526
50.874	17.443
50.819	17.325
50.696	17.289
50.614	17.266
50.542	17.249
50.458	17.253
50.343	17.257
50.413	17.271
50.293	17.278
50.258	17.280
50.222	17.279
50.187	17.275
50.120	17.267
50.054	17.245
49.994	17.214
49.957	17.194
49.924	17.167
49.888	17.144
49.782	17.078
49.679	17.006
49.568	16.947
49.334	16.821
49.091	16.715
48.856	16.592
48.824	16.574
48.795	16.550
48.768	16.524
48.572	16.335
48.538	16.173
48.365	15.900
48.287	15.777
47.966	15.510
47.943	15.484
46.556	13.971
48.479	15.931
47.302	14.808
47.203	14.713
47.085	14.533
46.948	14.457
46.742	14.342
46.535	14.228
46.318	14.135
46.209	14.088
46.091	14.063
45.974	14.039
45.791	14.002
45.745	14.035
45.609	13.981
45.530	13.949
45.467	13.886
45.418	13.818
45.378	13.762
45.363	13.695
45.314	13.645
44.758	13.079
45.283	13.724
44.445	12.503
44.116	12.023
43.779	11.548
43.459	11.061
43.358	10.908
43.373	10.926
43.405	10.799
POLYLINE RED
50.903	17.049
51.137	17.095
51.373	17.135
51.606	17.185
51.624	17.189
51.699	17.236
51.739	17.220
51.758	17.213
51.774	17.193
51.781	17.175
51.831	17.047
51.869	16.914
51.925	16.788
51.998	16.622
52.088	16.463
52.168	16.300
52.191	16.251
52.163	16.195
52.117	16.173
52.105	16.167
52.093	16.160
52.079	16.159
51.643	16.144
51.206	16.124
50.769	16.125
49.752	16.129
50.449	16.184
50.185	16.162
POLYLINE RED
50.808	17.056
50.742	16.981
50.675	16.906
50.609	16.831
50.558	16.773
50.498	16.721
50.455	16.656
50.356	16.509
50.274	16.351
50.184	16.198
POLYLINE RED
51.627	17.234
51.557	17.001
51.227	16.886
51.156	16.650
51.136	16.583
51.246	16.498
51.299	16.486
52.215	16.270
51.702	16.423
52.134	16.290
POLYLINE RED
50.729	17.155
50.789	17.096
50.975	16.939
51.042	16.819
51.092	16.728
51.096	16.694
51.124	16.595
POLYLINE RED
51.862	16.039
53.161	14.809
51.960	15.886
53.024	15.057
53.101	14.997
53.167	14.922
53.238	14.855
POLYLINE RED
51.893	16.113
52.090	16.152
52.287	16.191
52.484	16.229
52.497	16.229
52.510	16.230
52.523	16.229
52.548	16.225
52.596	16.214
52.616	16.198
52.820	16.046
53.024	15.895
53.220	15.733
53.313	15.656
53.391	15.561
53.484	15.483
53.545	15.440
53.606	15.398
53.668	15.355
53.671	15.351
53.675	15.348
53.678	15.343
53.717	15.289
53.666	15.211
53.638	15.166
53.630	15.154
53.599	15.116
53.582	15.109
53.448	15.047
53.312	14.991
53.177	14.932
POLYLINE RED
53.615	15.371
52.937	15.514
53.234	15.421
52.715	15.621
POLYLINE RED
52.463	16.278
52.710	15.714
52.513	16.179
52.677	15.758
52.762	15.541
52.715	15.683
52.757	15.549
POLYLINE RED
52.729	15.628
52.900	15.466
52.996	15.416
53.096	15.258
53.139	15.189
53.178	15.118
53.222	15.050
53.267	14.981
53.321	14.938
53.380	14.880
POLYLINE RED
50.435	14.908
50.327	14.912
50.219	14.919
50.112	14.921
49.996	14.923
50.022	14.685
50.096	14.655
50.107	14.650
50.110	14.651
50.122	14.651
50.231	14.669
50.341	14.684
50.449	14.705
50.477	14.711
50.555	14.737
50.536	14.783
50.501	14.868
50.338	14.926
50.280	14.954
POLYLINE RED
50.928	13.260
50.862	13.224
50.794	13.190
50.729	13.151
50.709	13.138
50.662	13.108
50.644	13.077
50.584	12.975
50.717	12.742
50.740	12.690
50.756	12.656
50.782	12.606
50.826	12.601
50.845	12.599
50.870	12.600
50.886	12.607
51.006	12.658
51.124	12.711
51.242	12.766
51.261	12.776
51.288	12.798
51.303	12.816
51.350	12.874
51.316	12.944
51.266	12.989
51.127	13.113
51.132	13.098
50.973	13.187
POLYLINE RED
48.449	11.658
48.312	11.676
48.175	11.690
48.039	11.710
48.038	11.711
47.858	11.784
47.840	11.710
47.837	11.699
47.838	11.677
47.842	11.666
47.855	11.631
47.869	11.596
47.886	11.563
47.901	11.532
47.928	11.486
47.962	11.468
47.965	11.466
47.979	11.460
47.985	11.460
48.065	11.472
48.146	11.483
48.225	11.499
48.278	11.510
48.336	11.542
48.364	11.588
48.368	11.594
48.372	11.600
48.373	11.607
48.374	11.647
48.371	11.687
48.370	11.727
POLYLINE RED
47.580	10.445
47.244	10.263
47.490	10.383
47.189	10.264
47.102	10.230
47.145	10.148
47.168	10.083
47.174	10.067
47.181	10.052
47.196	10.043
47.239	10.018
47.313	10.036
47.352	10.046
47.383	10.054
47.671	10.079
47.639	10.213
47.628	10.258
47.614	10.302
47.602	10.346
POLYLINE RED
45.661	10.989
45.571	10.959
45.481	10.930
45.393	10.897
45.333	10.874
45.242	10.793
45.325	10.736
45.402	10.684
45.540	10.690
45.613	10.688
45.660	10.687
45.753	10.690
45.790	10.734
45.823	10.774
45.788	10.838
45.763	10.871
45.747	10.893
45.712	10.919
45.695	10.933
POLYLINE RED
45.051	10.499
44.998	10.486
44.956	10.484
44.913	10.458
44.871	10.431
44.852	10.340
44.917	10.330
44.974	10.320
45.037	10.343
45.089	10.364
45.132	10.381
45.164	10.413
45.148	10.461
45.130	10.514
45.069	10.533
45.026	10.556
POLYLINE RED
45.353	9.558
45.309	9.541
45.246	9.528
45.205	9.493
45.180	9.471
45.164	9.442
45.155	9.411
45.122	9.284
45.265	9.296
45.351	9.305
45.430	9.313
45.534	9.343
45.530	9.440
45.530	9.467
45.520	9.491
45.504	9.513
45.468	9.562
45.391	9.605
45.354	9.633
POLYLINE RED
46.107	9.015
46.004	8.990
45.901	8.967
45.799	8.941
45.754	8.929
45.815	8.847
45.819	8.841
45.843	8.802
45.871	8.766
45.893	8.726
45.911	8.694
45.921	8.614
45.969	8.606
45.982	8.603
45.993	8.606
46.006	8.609
46.108	8.637
46.211	8.664
46.313	8.695
46.326	8.699
46.337	8.706
46.349	8.713
46.436	8.766
46.377	8.876
46.318	8.929
46.290	8.955
46.218	8.996
46.195	9.010
POLYLINE RED
47.757	9.534
47.636	9.541
47.515	9.549
47.394	9.554
47.355	9.556
47.347	9.520
47.353	9.490
47.363	9.440
47.372	9.391
47.382	9.341
47.383	9.339
47.384	9.336
47.386	9.333
47.433	9.261
47.705	9.284
47.709	9.284
47.761	9.285
47.898	9.291
47.908	9.372
47.915	9.433
47.834	9.512
47.805	9.549
POLYLINE RED
46.785	13.388
46.647	13.365
46.509	13.346
46.372	13.320
46.350	13.316
46.329	13.306
46.309	13.297
46.227	13.261
46.301	13.191
46.325	13.137
46.356	13.066
46.355	13.012
46.426	12.975
46.521	12.927
46.660	12.952
46.758	12.974
46.802	12.984
46.868	13.019
46.858	13.075
46.845	13.145
46.781	13.162
46.721	13.216
POLYLINE RED
48.485	13.150
48.301	13.130
48.116	13.112
47.932	13.091
47.927	13.090
47.924	13.086
47.920	13.083
47.882	13.047
47.947	12.941
47.971	12.914
48.076	12.794
48.296	12.858
48.415	12.871
48.447	12.874
48.480	12.897
48.486	12.930
48.499	12.991
48.433	13.102
48.423	13.129
POLYLINE RED
49.555	11.336
49.506	11.351
49.457	11.367
49.407	11.381
49.370	11.391
49.324	11.383
49.305	11.347
49.298	11.334
49.293	11.320
49.286	11.307
49.271	11.282
49.248	11.261
49.225	11.244
49.188	11.217
49.137	11.202
49.133	11.149
49.131	11.119
49.144	11.089
49.159	11.064
49.180	11.027
49.210	10.981
49.253	10.967
49.318	10.947
49.417	11.031
49.450	11.064
49.508	11.124
49.558	11.191
49.611	11.255
POLYLINE RED
49.469	12.620
49.336	12.636
49.202	12.655
49.068	12.667
49.043	12.669
49.019	12.665
48.994	12.662
48.963	12.658
48.920	12.637
48.930	12.598
48.951	12.514
48.971	12.429
48.995	12.345
49.000	12.324
49.017	12.302
49.036	12.291
49.052	12.281
49.071	12.277
49.090	12.279
49.189	12.289
49.289	12.299
49.388	12.313
49.421	12.317
49.452	12.345
49.449	12.379
49.445	12.433
49.371	12.530
49.357	12.552
POLYLINE RED
51.888	15.205
51.794	15.206
51.701	15.211
51.607	15.208
51.477	15.206
51.434	15.126
51.451	15.004
51.461	14.929
51.478	14.828
51.541	14.774
51.609	14.716
51.732	14.737
51.809	14.742
51.865	14.746
51.914	14.778
51.929	14.834
51.956	14.929
51.923	15.056
51.916	15.135
POLYLINE RED
49.983	15.621
49.845	15.623
49.706	15.627
49.567	15.625
49.541	15.625
49.439	15.610
49.481	15.559
49.558	15.465
49.633	15.370
49.713	15.278
49.732	15.256
49.776	15.217
49.810	15.211
49.889	15.199
50.014	15.233
50.063	15.243
50.094	15.249
50.152	15.271
50.160	15.310
50.164	15.329
50.154	15.350
50.145	15.366
50.114	15.424
50.057	15.442
50.001	15.468
POLYLINE RED
48.801	9.294
48.730	9.292
48.657	9.299
48.588	9.278
48.520	9.258
48.395	9.118
48.439	9.067
48.472	9.028
48.581	9.008
48.606	9.004
48.686	8.991
48.794	8.971
48.876	9.005
48.970	9.042
49.028	9.198
48.989	9.288
48.971	9.328
48.950	9.366
48.930	9.405
POLYLINE RED
49.966	10.465
49.908	10.478
49.851	10.494
49.792	10.505
49.666	10.529
49.701	10.375
49.700	10.294
49.699	10.257
49.715	10.213
49.744	10.189
49.803	10.138
49.911	10.150
49.976	10.154
50.016	10.156
50.073	10.169
50.090	10.211
50.106	10.253
50.079	10.328
50.074	10.353
POLYLINE RED
51.719	11.713
51.631	11.721
51.544	11.732
51.456	11.737
51.434	11.739
51.375	11.739
51.352	11.718
51.303	11.671
51.370	11.556
51.407	11.522
51.488	11.446
51.596	11.403
51.703	11.377
51.758	11.364
51.826	11.373
51.853	11.431
51.857	11.440
51.866	11.473
51.863	11.483
51.844	11.535
51.818	11.585
51.795	11.636
POLYLINE RED
45.650	7.152
45.558	7.171
45.467	7.192
45.374	7.208
45.350	7.212
45.310	7.209
45.285	7.203
45.205	7.180
45.188	7.106
45.186	7.030
45.183	6.973
45.194	6.908
45.234	6.863
45.310	6.780
45.478	6.755
45.579	6.742
45.759	6.720
45.813	6.816
45.832	6.982
45.837	7.029
45.836	7.083
45.815	7.126
45.789	7.179
45.736	7.199
45.688	7.229
POLYLINE RED
46.128	12.444
46.061	12.460
45.994	12.478
45.926	12.492
45.908	12.496
45.878	12.494
45.859	12.488
45.797	12.470
45.801	12.405
45.784	12.353
45.778	12.335
45.770	12.318
45.761	12.301
45.754	12.288
45.744	12.276
45.735	12.264
45.723	12.250
45.681	12.223
45.704	12.198
45.712	12.189
45.734	12.178
45.743	12.177
45.859	12.160
45.975	12.146
46.092	12.134
46.152	12.127
46.211	12.147
46.208	12.217
46.207	12.223
46.205	12.229
46.202	12.234
46.175	12.277
46.145	12.319
46.117	12.362
POLYLINE RED
46.500	11.580
46.400	11.580
46.299	11.582
46.199	11.580
46.173	11.579
46.132	11.572
46.110	11.554
46.070	11.521
46.117	11.387
46.149	11.364
46.178	11.344
46.225	11.338
46.259	11.341
46.351	11.347
46.442	11.357
46.534	11.369
46.565	11.373
46.599	11.385
46.606	11.419
46.612	11.450
46.594	11.505
46.591	11.522
POLYLINE RED
62.504	27.290
62.599	27.471
62.687	27.655
62.788	27.832
62.876	27.987
63.039	28.074
63.201	27.985
63.252	27.957
63.292	27.901
63.302	27.844
63.314	27.778
63.310	27.715
63.291	27.651
63.221	27.424
63.092	27.224
63.060	26.985
63.052	26.930
63.056	26.848
63.072	26.792
63.154	26.511
63.426	26.664
63.574	26.806
63.746	26.971
63.904	27.149
64.068	27.320
POLYLINE RED
58.210	29.278
58.369	29.876
58.510	30.479
58.687	31.072
58.724	31.197
58.788	31.313
58.850	31.428
58.934	31.585
59.085	31.759
59.278	31.769
59.356	31.773
59.438	31.746
59.513	31.740
59.634	31.730
59.768	31.762
59.859	31.846
59.914	31.896
59.962	31.958
59.992	32.026
60.052	32.160
60.030	32.362
60.158	32.433
60.253	32.486
60.140	32.216
60.138	32.107
60.125	31.547
60.081	30.987
60.111	30.429
60.132	30.049
60.230	29.677
60.289	29.301
POLYLINE RED
61.249	32.415
61.251	32.198
61.280	31.980
61.255	31.764
61.203	31.320
61.089	30.884
61.021	30.441
60.996	30.276
61.052	30.070
61.186	29.963
61.384	29.806
61.739	29.842
61.952	29.852
62.254	29.867
62.363	29.975
62.595	30.155
POLYLINE RED
61.234	30.919
61.525	30.924
62.043	30.687
62.395	30.809
62.485	30.841
62.571	30.882
62.659	30.919
POLYLINE RED
61.052	32.128
62.406	32.536
POLYLINE RED
63.430	29.653
63.722	30.506
63.997	31.364
64.306	32.212
64.320	32.251
64.517	32.716
64.684	32.713
64.853	32.709
64.929	32.343
64.934	32.264
65.052	30.372
65.081	30.797
64.953	29.743
POLYLINE RED
63.573	31.149
63.649	31.097
63.722	31.040
63.801	30.992
63.856	30.958
64.007	30.933
64.048	30.937
64.465	30.977
64.880	31.043
65.297	31.096
POLYLINE RED
65.202	30.057
65.513	30.877
65.815	31.701
66.134	32.518
66.165	32.598
66.328	32.896
66.432	32.705
66.460	32.655
66.494	32.607
66.506	32.551
66.680	31.748
66.826	30.940
66.989	30.135
66.999	30.087
67.056	30.089
67.073	30.134
67.504	31.320
67.927	32.509
68.354	33.697
POLYLINE RED
69.254	32.858
69.342	32.147
69.500	31.479
69.449	30.773
69.447	30.743
69.443	30.700
69.415	30.689
69.393	30.679
69.378	30.720
69.359	30.736
69.303	30.884
69.234	31.028
69.192	31.180
69.101	31.514
69.084	31.799
69.111	32.142
69.130	32.399
69.186	32.776
69.439	32.925
69.568	33.001
69.729	32.998
69.870	32.959
70.002	32.923
70.109	32.879
70.220	32.800
70.540	32.569
70.801	32.010
70.634	31.624
70.472	31.253
69.916	31.090
69.628	30.945
POLYLINE RED
71.669	33.047
71.758	32.862
71.882	32.671
71.893	32.456
71.903	32.270
71.762	30.762
72.184	30.413
72.405	30.229
72.754	30.322
72.991	30.398
73.270	30.487
73.543	30.594
73.819	30.692
POLYLINE RED
71.964	31.739
73.590	31.502
72.995	31.635
73.767	31.452
POLYLINE RED
71.408	33.103
72.844	32.960
POLYLINE RED
74.311	32.937
74.343	32.101
74.392	31.265
74.407	30.429
74.409	30.292
74.385	30.156
74.363	30.021
74.358	29.995
74.351	29.961
74.327	29.950
74.311	29.942
74.293	29.968
74.284	29.985
74.261	30.029
74.243	30.077
74.233	30.126
74.201	30.276
74.163	30.426
74.158	30.579
74.149	30.931
74.157	31.283
74.191	31.633
74.213	31.859
74.264	32.082
74.326	32.300
74.496	32.904
74.794	33.373
75.466	33.369
76.077	33.365
76.003	32.643
75.618	32.366
75.554	32.320
75.486	32.279
75.416	32.243
75.272	32.169
75.107	32.144
75.010	32.008
74.845	31.776
75.261	31.459
75.370	31.362
76.095	30.724
76.099	30.853
76.473	30.276
POLYLINE BLUE
54.695	19.221
54.571	19.137
54.399	19.168
54.254	19.132
54.125	19.099
54.003	19.020
53.916	18.920
53.798	18.783
53.982	18.654
54.086	18.597
54.394	18.432
54.739	18.540
55.018	18.727
55.081	18.768
55.131	18.914
55.049	18.965
54.928	19.041
54.790	19.089
54.675	19.173
54.661	19.183
54.710	19.230
54.695	19.221
POLYLINE RED
65.157	19.462
66.494	19.266
65.834	19.382
67.137	19.114
POLYLINE RED
64.964	19.507
64.805	19.502
64.633	19.526
64.498	19.428
64.394	19.352
64.357	19.166
64.378	19.050
64.437	18.717
64.644	18.108
64.602	17.676
64.566	17.312
64.486	17.080
64.338	16.743
64.240	16.522
64.094	16.353
64.057	16.121
63.982	15.648
64.585	15.037
64.745	14.802
POLYLINE RED
62.205	15.720
63.040	14.971
63.009	15.060
63.688	14.225
63.771	14.124
63.836	14.010
63.909	13.902
POLYLINE RED
64.147	13.687
64.278	13.829
64.404	13.975
64.540	14.112
64.677	14.251
64.701	14.088
64.686	13.981
64.671	13.881
64.654	13.780
64.629	13.682
64.612	13.620
64.585	13.561
64.559	13.502
64.554	13.490
64.449	13.349
64.485	13.286
64.507	13.246
64.578	13.243
64.611	13.245
64.734	13.256
64.856	13.278
64.979	13.294
POLYLINE RED
64.699	11.899
64.661	11.812
64.614	11.728
64.584	11.638
64.542	11.514
64.772	11.586
64.813	11.606
65.065	11.725
64.901	12.277
64.634	12.219
64.507	12.191
64.257	12.004
64.246	11.997
POLYLINE RED
67.742	21.148
67.881	21.258
68.018	21.372
68.160	21.478
68.354	21.622
68.380	21.412
68.332	21.270
68.294	21.156
68.251	21.043
68.198	20.935
68.104	20.745
67.989	20.565
67.892	20.376
67.879	20.352
67.874	20.324
67.870	20.298
67.850	20.179
67.947	20.120
68.058	20.145
68.219	20.182
68.379	20.218
68.535	20.270
68.778	20.350
68.915	20.460
69.133	20.600
POLYLINE RED
68.108	19.110
68.019	18.967
67.925	18.826
67.839	18.680
67.710	18.458
68.060	18.300
68.219	18.425
68.343	18.523
68.369	18.942
68.229	19.019
68.136	19.070
67.917	18.928
67.893	18.918
POLYLINE RED
69.888	20.173
71.089	17.838
69.669	20.457
72.282	16.655
72.482	16.364
72.609	16.029
72.772	15.716
POLYLINE RED
66.419	13.278
72.616	15.278
70.473	14.684
72.753	15.312
POLYLINE RED
75.452	19.496
75.488	18.936
75.520	18.376
75.558	17.816
75.559	17.795
75.567	17.774
75.572	17.754
75.573	17.751
75.579	17.733
75.586	17.734
75.596	17.735
75.604	17.765
75.604	17.765
75.653	18.095
75.685	18.428
75.751	18.754
75.777	18.887
75.826	19.015
75.878	19.140
76.002	19.438
76.257	19.772
76.592	19.843
76.979	19.926
77.230	19.531
77.369	19.237
77.444	19.078
77.493	18.909
77.467	18.733
77.424	18.440
77.192	18.180
76.959	18.017
76.601	17.766
76.172	17.475
75.720	17.410
75.537	17.384
75.223	17.467
75.112	17.485
POLYLINE RED
79.236	19.016
78.900	18.657
78.598	18.356
78.601	17.851
78.603	17.398
78.697	16.836
78.997	16.476
79.395	15.996
80.165	16.226
80.521	16.640
80.846	17.018
81.091	17.704
80.900	18.194
80.823	18.390
80.668	18.520
80.498	18.638
80.340	18.748
80.156	18.832
79.961	18.841
79.772	18.850
79.507	18.736
79.379	18.699
POLYLINE RED
74.515	15.614
74.509	14.761
74.503	13.908
74.496	13.055
74.495	13.009
74.453	12.663
74.625	12.815
74.673	12.858
74.720	12.904
74.759	12.955
75.311	13.660
75.851	14.373
76.397	15.081
POLYLINE RED
75.505	14.099
75.593	13.837
75.611	13.316
75.908	13.120
76.034	13.037
76.244	13.029
76.375	13.006
POLYLINE RED
77.312	14.443
77.257	14.223
77.093	13.816
77.108	13.510
77.133	13.009
77.958	12.674
78.317	13.009
78.532	13.209
78.584	13.549
78.610	13.821
78.627	13.990
78.606	14.220
78.450	14.326
78.238	14.471
77.655	14.342
77.554	14.333
POLYLINE RED
79.478	14.004
79.408	13.475
79.344	12.945
79.270	12.417
79.265	12.382
79.251	12.350
79.239	12.317
79.222	12.271
79.182	12.277
79.174	12.326
79.143	12.516
79.104	12.706
79.089	12.899
79.058	13.322
79.138	13.814
79.412	14.154
79.568	14.347
79.806	14.622
80.074	14.677
80.173	14.697
80.423	14.657
80.395	14.506
80.370	14.373
80.127	14.254
80.039	14.220
79.820	14.138
79.594	14.079
79.372	14.008
POLYLINE RED
80.698	11.797
81.173	12.580
81.669	14.183
82.670	14.710
82.868	14.814
83.189	14.926
83.336	14.683
83.370	14.627
83.406	14.523
83.410	14.463
83.430	14.062
83.419	13.621
83.291	13.237
83.133	12.762
82.913	12.310
82.724	11.846
POLYLINE RED
81.326	13.040
83.200	13.244
POLYLINE RED
83.374	11.347
83.830	12.383
84.275	13.424
84.741	14.455
84.766	14.513
84.808	14.562
84.847	14.612
84.875	14.648
84.942	14.711
84.973	14.638
84.984	14.614
84.991	14.587
84.990	14.561
84.965	13.880
84.919	13.200
84.896	12.518
84.894	12.479
84.906	12.440
84.916	12.402
84.979	12.175
85.275	12.452
85.324	12.513
85.964	13.313
86.579	14.132
87.206	14.942
POLYLINE RED
87.350	13.645
86.965	11.079
POLYLINE RED
87.539	10.047
88.313	11.093
89.061	12.160
89.861	13.187
90.021	13.391
90.221	13.561
90.415	13.734
90.496	13.807
90.589	13.867
90.683	13.924
91.713	14.548
91.100	12.460
91.053	12.322
90.788	11.556
90.434	10.823
90.124	10.073
POLYLINE RED
88.858	12.065
90.192	11.408
POLYLINE RED
71.189	7.983
71.545	8.685
71.891	9.392
72.256	10.090
72.272	10.119
72.514	10.487
72.528	10.232
72.555	9.726
72.567	9.219
72.601	8.713
72.612	8.550
72.739	8.379
72.882	8.558
72.971	8.671
73.070	8.779
73.136	8.907
73.339	9.295
73.521	9.695
73.687	10.100
73.841	10.474
73.960	10.861
74.096	11.241
POLYLINE RED
74.046	7.412
74.562	8.370
75.061	9.336
75.594	10.284
75.672	10.424
75.824	10.626
75.968	10.746
76.118	10.871
76.196	10.662
76.181	10.528
76.057	9.466
75.904	8.408
75.766	7.348
POLYLINE RED
74.398	8.433
75.468	8.554
POLYLINE RED
76.594	6.815
77.037	7.773
77.468	8.736
77.922	9.688
77.996	9.843
78.184	10.047
78.375	9.965
78.428	9.942
78.539	9.859
78.567	9.844
78.639	9.804
78.725	9.781
78.807	9.775
78.902	9.768
79.009	9.785
79.097	9.817
79.212	9.860
79.301	9.936
79.420	9.946
79.563	9.958
79.619	9.740
79.609	9.638
79.534	8.862
79.433	8.089
79.345	7.314
POLYLINE RED
80.619	9.011
80.525	8.880
80.418	8.756
80.337	8.616
80.271	8.503
80.218	8.381
80.183	8.255
80.052	7.789
79.958	7.425
79.960	6.966
79.961	6.818
80.038	6.378
80.291	6.476
80.514	6.563
80.745	6.903
80.833	7.040
81.200	7.615
81.529	8.213
81.877	8.800
POLYLINE RED
83.147	9.140
82.989	8.625
82.855	8.102
82.673	7.594
82.600	7.389
82.479	7.205
82.383	7.009
82.331	6.905
82.292	6.851
82.274	6.745
82.206	6.356
82.767	6.263
83.017	6.220
83.442	6.149
83.872	6.126
84.300	6.078
POLYLINE RED
85.109	8.236
84.670	6.944
84.446	6.322
84.406	5.213
POLYLINE RED
87.777	8.784
87.531	8.583
87.279	8.388
87.040	8.179
86.919	8.073
86.783	7.856
86.895	7.697
86.990	7.561
87.221	7.436
87.325	7.337
87.501	7.169
87.697	6.932
87.761	6.689
87.892	6.192
86.945	5.921
86.613	5.909
86.454	5.903
86.323	5.992
86.182	6.056
POLYLINE RED
89.387	8.236
89.125	7.403
88.860	6.572
88.602	5.737
88.595	5.715
88.592	5.669
88.599	5.642
88.636	5.497
88.930	5.722
88.930	5.722
89.707	6.341
90.469	6.978
91.239	7.605
POLYLINE RED
89.837	6.876
90.449	5.349
POLYLINE RED
91.659	7.099
91.465	6.835
91.262	6.577
91.079	6.306
90.900	6.043
90.900	5.710
91.129	5.486
91.193	5.423
91.277	5.379
91.364	5.362
91.584	5.317
91.821	5.425
92.000	5.538
92.273	5.710
92.555	5.938
92.659	6.257
92.816	6.734
92.465	7.233
92.297	7.635
POLYLINE RED
53.879	15.158
54.414	15.148
54.499	15.009
54.948	14.663
POLYLINE RED
54.699	14.678
55.034	13.853
55.361	13.025
55.705	12.205
55.805	11.966
56.072	11.832
56.299	11.755
56.730	11.608
57.167	11.716
57.531	11.981
57.764	12.151
57.972	12.454
58.173	12.626
58.347	12.776
58.563	12.871
58.736	13.023
59.597	13.782
60.409	14.596
61.269	15.356
61.552	15.606
62.014	15.740
62.337	15.868
POLYLINE RED
55.829	18.389
55.612	18.159
54.996	17.631
54.760	17.185
54.638	16.956
54.622	16.635
54.762	16.409
54.994	16.035
55.241	15.670
55.487	15.305
55.500	15.285
55.547	15.257
55.568	15.249
55.793	15.152
56.241	15.446
56.348	15.517
56.651	15.718
57.303	16.137
57.522	16.547
57.607	16.706
57.672	16.926
57.690	17.100
57.721	17.393
57.832	17.847
57.605	18.122
57.428	18.337
57.196	18.478
56.956	18.623
56.839	18.694
56.714	18.750
56.588	18.802
56.349	18.903
56.261	18.865
56.029	18.786
POLYLINE RED
55.780	18.605
55.815	18.276
55.865	17.949
55.885	17.619
55.904	17.305
55.685	16.776
56.149	16.866
56.245	16.885
56.342	16.903
56.434	16.937
56.555	16.981
56.673	17.036
56.786	17.099
57.154	17.307
57.511	17.533
57.874	17.751
POLYLINE RED
54.408	16.983
55.038	17.072
55.306	16.952
55.916	16.768
POLYLINE RED
58.641	21.190
59.577	21.582
58.817	21.237
60.039	21.917
60.076	21.938
60.159	21.951
60.202	21.951
60.400	21.948
60.802	21.575
60.842	21.547
61.724	20.945
61.246	21.341
61.736	20.914
POLYLINE RED
58.490	21.107
58.597	20.663
58.723	20.223
58.811	19.775
58.848	19.587
58.840	19.392
58.862	19.202
58.865	19.181
58.875	19.162
58.887	19.145
58.936	19.072
59.052	19.089
59.117	19.130
61.050	20.352
60.483	19.907
61.370	20.634
POLYLINE RED
59.880	21.870
59.974	21.620
59.695	21.316
59.792	21.055
59.827	20.960
59.933	20.875
60.027	20.844
60.458	20.702
60.532	20.692
60.966	20.663
61.006	20.661
61.045	20.664
61.085	20.669
61.242	20.689
61.398	20.716
61.555	20.740
POLYLINE RED
58.218	21.315
59.816	20.827
POLYLINE RED
59.461	18.389
59.240	18.066
59.026	17.736
58.797	17.418
58.752	17.356
58.692	17.307
58.639	17.253
58.613	17.226
58.580	17.206
58.559	17.175
58.548	17.160
58.531	17.133
58.545	17.120
58.565	17.101
58.600	17.113
58.627	17.110
58.870	17.080
59.115	17.063
59.355	17.018
59.522	16.986
59.682	16.928
59.844	16.879
59.927	16.854
59.988	16.810
60.072	16.850
60.183	16.902
60.271	17.021
60.323	17.126
60.490	17.464
60.642	17.809
60.797	18.153
60.864	18.302
60.697	18.419
60.577	18.452
60.481	18.478
60.383	18.495
60.284	18.512
59.978	18.563
59.670	18.607
59.363	18.654
POLYLINE RED
59.155	18.473
59.847	18.336
59.173	17.584
59.523	17.515
59.672	17.485
59.858	17.697
59.926	17.767
60.087	17.931
60.238	18.104
60.394	18.272
POLYLINE RED
59.276	17.626
59.487	17.194
59.589	17.046
59.907	16.760
POLYLINE RED
62.254	19.599
61.961	19.272
61.670	18.943
61.375	18.618
61.348	18.588
61.292	18.562
61.283	18.515
61.249	18.338
61.843	18.123
61.937	18.089
62.135	18.020
62.386	18.010
62.560	18.146
62.813	18.345
63.147	18.975
63.177	19.022
63.199	19.056
63.209	19.121
63.207	19.160
63.200	19.323
63.054	19.458
62.936	19.548
62.811	19.644
62.599	19.807
62.418	19.811
62.326	19.813
62.233	19.803
62.141	19.799
POLYLINE RED
62.080	19.686
62.060	19.406
62.035	19.126
62.019	18.845
62.011	18.705
62.195	18.706
62.280	18.748
62.577	18.892
62.867	19.051
63.161	19.202
POLYLINE RED
60.939	18.556
61.997	18.718
POLYLINE RED
63.690	24.446
63.452	24.226
63.203	24.017
62.976	23.785
62.740	23.543
62.362	22.871
62.952	22.798
63.069	22.783
63.322	22.763
63.446	22.809
64.223	23.095
64.981	23.427
65.757	23.713
65.890	23.761
66.164	23.835
66.298	23.707
66.467	23.545
66.459	23.160
66.442	22.976
66.423	22.769
66.389	22.563
66.336	22.362
66.223	21.933
65.843	21.302
66.158	20.835
66.337	20.570
66.924	20.384
67.128	20.293
POLYLINE RED
51.217	17.693
51.228	18.134
51.273	18.464
51.035	18.834
50.740	19.292
50.415	19.731
50.114	20.185
50.094	20.214
50.083	20.250
50.073	20.284
50.030	20.427
50.062	20.588
50.149	20.710
50.513	21.221
50.938	21.432
51.533	21.612
51.845	21.707
52.162	21.785
52.476	21.876
52.950	22.013
53.936	22.205
54.521	22.542
54.593	22.584
54.663	22.632
54.723	22.690
55.306	23.253
55.860	23.845
56.449	24.401
56.537	24.485
56.873	24.753
57.064	24.813
57.188	24.853
57.316	24.875
57.444	24.899
57.574	24.924
57.728	24.913
57.846	24.847
58.649	24.389
58.704	24.413
59.220	23.874
59.267	23.824
59.311	23.716
59.329	23.653
59.359	23.544
59.343	23.442
59.448	23.384
59.534	23.338
59.663	23.336
59.752	23.349
60.055	23.394
60.362	23.427
60.658	23.509
60.997	23.603
61.449	23.834
61.745	24.051
61.846	24.125
61.937	24.213
62.023	24.304
62.417	24.727
62.797	25.164
63.184	25.593
POLYLINE RED
63.716	26.387
63.650	26.320
63.581	26.256
63.518	26.186
63.387	26.039
63.687	25.858
63.765	25.814
63.830	25.778
63.918	25.746
63.994	25.766
64.155	25.807
64.160	25.995
64.104	26.118
64.096	26.138
64.088	26.160
64.071	26.172
63.926	26.285
63.772	26.385
63.623	26.491

ELEVATION
STATIONS
0.000	0.000	0
1.161	0.004	1
3.127	0.961	2
6.014	3.928	3
5.276	7.072	4
8.946	8.246	5
9.033	9.634	6
14.105	9.630	7
16.773	9.971	8
19.441	6.829	9
27.647	9.545	10
35.453	9.524	11
37.572	10.106	12
40.102	9.556	13
44.208	7.850	14
43.441	0.270	15
54.983	-3.826	16
60.294	-18.847	17
SHOTS
0.000	0.000	1.161	0.004
1.161	0.004	3.127	0.961
3.127	0.961	6.014	3.928
6.014	3.928	5.276	7.072
5.276	7.072	8.946	8.246
8.946	8.246	7.184	6.794
8.946	8.246	6.762	7.021
8.946	8.246	8.907	8.567
8.946	8.246	9.223	10.580
8.946	8.246	8.578	7.044
8.946	8.246	6.411	5.161
8.946	8.246	9.273	10.009
8.946	8.246	9.033	9.634
9.033	9.634	9.984	9.958
9.033	9.634	7.748	9.589
9.033	9.634	9.032	8.459
9.033	9.634	9.637	10.096
9.033	9.634	10.438	10.407
9.033	9.634	14.105	9.630
14.105	9.630	14.553	9.537
14.105	9.630	14.225	9.480
14.105	9.630	12.497	9.546
14.105	9.630	11.377	9.439
14.105	9.630	14.461	9.033
14.105	9.630	14.541	8.983
14.105	9.630	14.697	10.138
14.105	9.630	16.773	9.971
16.773	9.971	17.133	9.953
16.773	9.971	16.457	9.901
16.773	9.971	17.848	9.976
16.773	9.971	16.627	9.380
16.773	9.971	16.620	9.455
16.773	9.971	16.141	8.927
16.773	9.971	17.116	9.282
16.773	9.971	17.411	9.302
16.773	9.971	17.695	9.813
16.773	9.971	18.708	9.760
16.773	9.971	19.137	9.642
16.773	9.971	19.026	10.860
16.773	9.971	20.659	11.214
16.773	9.971	16.722	9.015
16.773	9.971	20.954	11.603
16.773	9.971	19.441	6.829
19.441	6.829	18.576	3.033
19.441	6.829	17.092	4.840
19.441	6.829	17.354	3.897
19.441	6.829	17.024	2.131
19.441	6.829	19.368	8.584
19.441	6.829	21.729	7.914
19.441	6.829	25.049	8.676
19.441	6.829	21.015	6.966
19.441	6.829	23.376	7.375
19.441	6.829	19.726	4.045
19.441	6.829	19.673	8.556
19.441	6.829	21.040	8.314
19.441	6.829	18.618	2.894
19.441	6.829	21.891	8.771
19.441	6.829	23.252	8.897
19.441	6.829	24.049	8.982
19.441	6.829	22.832	6.148
19.441	6.829	24.483	7.047
19.441	6.829	27.597	8.699
19.441	6.829	27.300	8.568
19.441	6.829	27.647	9.545
27.647	9.545	27.511	9.096
27.647	9.545	27.591	9.527
27.647	9.545	28.797	10.070
27.647	9.545	25.248	8.433
27.647	9.545	30.308	9.288
27.647	9.545	27.633	8.662
27.647	9.545	27.877	10.463
27.647	9.545	28.258	9.847
27.647	9.545	35.453	9.524
35.453	9.524	33.926	9.717
35.453	9.524	31.493	9.557
35.453	9.524	31.054	9.304
35.453	9.524	32.581	9.400
35.453	9.524	33.146	10.069
35.453	9.524	35.423	9.699
35.453	9.524	35.285	12.051
35.453	9.524	34.984	11.035
35.453	9.524	35.204	9.069
35.453	9.524	37.572	10.106
37.572	10.106	36.566	10.121
37.572	10.106	37.373	11.209
37.572	10.106	36.413	13.530
37.572	10.106	37.451	8.976
37.572	10.106	39.249	9.979
37.572	10.106	40.102	9.556
40.102	9.556	40.851	9.416
40.102	9.556	40.073	8.813
40.102	9.556	40.730	9.820
40.102	9.556	40.355	9.861
40.102	9.556	39.633	10.404
40.102	9.556	38.408	11.688
40.102	9.556	44.208	7.850
44.208	7.850	43.656	7.568
44.208	7.850	45.114	7.628
44.208	7.850	44.145	-0.853
44.208	7.850	43.853	0.070
44.208	7.850	44.291	5.839
44.208	7.850	43.462	0.249
44.208	7.850	43.634	-0.282
44.208	7.850	43.441	0.270
43.441	0.270	45.006	-0.353
43.441	0.270	46.553	-0.484
43.441	0.270	48.874	-0.924
43.441	0.270	54.140	-3.969
43.441	0.270	52.569	-3.017
43.441	0.270	53.797	-3.272
43.441	0.270	54.122	-4.035
43.441	0.270	54.244	-3.850
43.441	0.270	51.535	-3.391
43.441	0.270	52.894	-3.372
43.441	0.270	50.890	-3.019
43.441	0.270	51.579	-2.878
43.441	0.270	46.985	-1.075
43.441	0.270	45.315	-0.678
43.441	0.270	43.660	0.153
43.441	0.270	46.718	8.376
43.441	0.270	48.076	4.906
43.441	0.270	49.063	1.999
43.441	0.270	49.491	0.727
43.441	0.270	47.271	8.431
43.441	0.270	47.751	4.890
43.441	0.270	44.359	4.321
43.441	0.270	44.668	-1.449
43.441	0.270	50.952	-3.553
43.441	0.270	51.285	-3.508
43.441	0.270	49.142	-0.783
43.441	0.270	52.337	-3.719
43.441	0.270	51.560	-3.857
43.441	0.270	54.983	-3.826
54.983	-3.826	66.508	-7.955
54.983	-3.826	56.712	-5.842
54.983	-3.826	53.416	-4.492
54.983	-3.826	54.781	-3.909
54.983	-3.826	52.207	-4.095
54.983	-3.826	51.654	-4.011
54.983	-3.826	44.720	9.723
54.983	-3.826	50.284	6.881
54.983	-3.826	52.804	4.022
54.983	-3.826	60.294	-18.847
60.294	-18.847	55.806	-18.287
60.294	-18.847	55.467	-18.697
60.294	-18.847	59.439	-18.543
60.294	-18.847	62.629	-18.111
60.294	-18.847	62.371	-17.516
60.294	-18.847	62.475	-17.294
60.294	-18.847	66.200	-19.486
60.294	-18.847	66.027	-19.607
60.294	-18.847	61.529	-19.937
60.294	-18.847	60.478	-18.970
60.294	-18.847	63.753	-20.704
60.294	-18.847	63.424	-20.762
60.294	-18.847	64.571	-20.197
60.294	-18.847	64.209	-20.458
60.294	-18.847	59.789	-18.149
60.294	-18.847	60.234	-18.816
60.294	-18.847	60.181	-18.790
60.294	-18.847	57.267	-17.856
60.294	-18.847	56.806	-18.504
60.294	-18.847	58.483	-18.452
60.294	-18.847	56.415	-16.816
60.294	-18.847	59.215	-18.273
60.294	-18.847	57.732	-6.815
60.294	-18.847	58.375	-4.319
60.294	-18.847	58.173	-4.950
60.294	-18.847	59.680	-6.025
60.294	-18.847	53.442	-7.991
60.294	-18.847	62.369	-7.894
60.294	-18.847	60.183	-20.666
60.294	-18.847	62.385	-17.585
60.294	-18.847	62.387	-17.557
60.294	-18.847	62.066	-16.886

