TRIP
DATE 2024-08-27
DECLINATION 0.0
DATA
0		90.20	39.78	4.823	>
0		90.16	39.83	4.819	>
0		90.31	39.90	4.817	>
0	1	90.23	39.83	4.820	>
1		212.14	-0.42	1.776	>
1		251.68	-3.21	3.143	>
1		290.92	-2.40	3.446	>
1		317.83	2.79	5.227	>
1		342.87	4.35	2.122	>
1		13.66	3.71	1.755	>
1		130.24	-82.36	2.292	>
1		285.11	67.49	5.263	>
1		300.61	48.57	4.902	>
1		273.04	68.51	15.690	>

PLAN
STATIONS
0.000	0.000	0
3.701	-0.015	1
SHOTS
0.000	0.000	3.701	-0.015
3.701	-0.015	2.756	-1.519
3.701	-0.015	0.722	-1.001
3.701	-0.015	0.485	1.215
3.701	-0.015	0.196	3.855
3.701	-0.015	3.078	2.007
3.701	-0.015	4.115	1.687
3.701	-0.015	3.934	-0.212
3.701	-0.015	1.756	0.510
3.701	-0.015	0.909	1.637
3.701	-0.015	-2.039	0.290
POLYLINE BLACK
-4.675	0.875
-4.741	0.878
-4.806	0.886
-4.872	0.886
-5.005	0.886
-5.176	0.808
-5.269	0.713
-5.360	0.619
-5.419	0.502
-5.425	0.370
-5.429	0.292
-5.416	0.199
-5.363	0.137
-5.295	0.058
-5.133	0.032
-5.043	0.084
-4.851	0.195
-4.880	0.411
-4.964	0.588
-4.995	0.653
-5.057	0.728
-5.133	0.740
-5.238	0.756
-5.280	0.663
-5.316	0.586
POLYLINE BLACK
-4.367	0.222
-4.448	0.301
-4.488	0.319
-4.599	0.290
-4.648	0.277
-4.726	0.241
-4.738	0.184
-4.755	0.110
-4.629	0.036
-4.566	0.044
-4.533	0.048
-4.489	0.073
-4.467	0.086
-4.380	0.140
-4.330	0.216
-4.301	0.313
-4.289	0.353
-4.285	0.402
-4.300	0.441
-4.303	0.447
-4.306	0.452
-4.311	0.455
-4.344	0.473
-4.378	0.488
-4.412	0.505
POLYLINE BLACK
-4.127	0.971
-4.185	0.701
-4.284	0.442
-4.333	0.170
POLYLINE BLACK
-4.684	-0.791
-4.687	-0.737
-4.699	-0.680
-4.669	-0.631
-4.592	-0.507
-4.352	-0.413
-4.228	-0.520
-4.201	-0.543
-4.177	-0.572
-4.168	-0.607
-4.144	-0.692
-4.214	-0.804
-4.254	-0.866
-4.305	-0.943
-4.392	-1.048
-4.471	-1.101
-4.548	-1.153
-4.630	-1.197
-4.714	-1.238
-4.760	-1.261
-4.809	-1.276
-4.858	-1.293
-4.862	-1.294
-4.910	-1.311
-4.921	-1.293
-4.931	-1.276
-4.910	-1.239
-4.906	-1.231
-4.864	-1.155
-4.786	-1.148
-4.709	-1.170
-4.618	-1.196
-4.523	-1.261
-4.448	-1.303
POLYLINE BLACK
-4.287	-1.486
-3.420	-0.350
-4.360	-1.625
-3.844	-0.829
-3.823	-0.796
-3.877	-0.899
-3.885	-0.937
-3.920	-1.096
-3.920	-1.161
-3.927	-1.303
POLYLINE BLACK
-3.517	-1.371
-3.490	-1.429
POLYLINE BLACK
-2.999	-0.826
-3.024	-0.903
-3.050	-0.980
-3.076	-1.058
-3.091	-1.091
-3.115	-1.122
-3.121	-1.158
-3.123	-1.170
-3.099	-1.148
-3.090	-1.141
-3.037	-1.103
-2.988	-1.060
-2.935	-1.025
-2.894	-0.997
-2.835	-0.976
-2.785	-0.976
-2.736	-0.977
-2.698	-1.008
-2.677	-1.051
-2.557	-1.294
-2.748	-1.440
-2.980	-1.459
-3.022	-1.462
-3.066	-1.470
-3.107	-1.458
-3.153	-1.445
-3.190	-1.411
-3.232	-1.388
POLYLINE BLACK
-3.195	-0.835
-2.820	-0.773
-2.718	-0.755
-2.435	-0.787
POLYLINE BLACK
-2.397	-0.869
-2.321	-0.864
-2.246	-0.855
-2.171	-0.854
-2.044	-0.851
-2.022	-0.893
-2.125	-0.968
-2.150	-0.986
-2.178	-1.000
-2.205	-1.017
-2.217	-1.024
-2.230	-1.029
-2.241	-1.039
-2.253	-1.050
-2.251	-1.065
-2.241	-1.077
-2.235	-1.085
-2.227	-1.092
-2.218	-1.098
-2.141	-1.147
-1.997	-1.208
-1.937	-1.300
-1.909	-1.344
-1.891	-1.424
-1.963	-1.435
-2.035	-1.445
-2.109	-1.427
-2.177	-1.401
-2.189	-1.397
-2.200	-1.391
-2.212	-1.384
-2.253	-1.358
-2.293	-1.331
-2.334	-1.304
POLYLINE BROWN
-0.417	0.494
-0.145	0.486
-0.021	0.467
0.193	0.301
0.228	0.273
0.267	0.235
0.289	0.195
0.340	0.106
0.341	0.002
0.402	-0.083
0.455	-0.158
0.518	-0.225
0.574	-0.297
0.578	-0.303
0.578	-0.310
0.580	-0.317
0.592	-0.394
0.493	-0.467
0.433	-0.492
0.384	-0.514
0.136	-0.634
0.012	-0.646
-0.035	-0.651
-0.081	-0.652
-0.128	-0.649
-0.402	-0.629
-0.676	-0.600
-0.950	-0.576
POLYLINE BLACK
0.500	-1.102
0.529	-1.076
0.557	-1.048
0.589	-1.023
0.664	-0.964
0.802	-0.961
0.882	-0.964
0.915	-0.965
1.379	-0.974
1.522	-1.039
1.965	-1.239
1.976	-1.308
2.364	-1.437
2.411	-1.453
2.462	-1.461
2.511	-1.465
2.680	-1.480
2.866	-1.514
3.026	-1.440
3.275	-1.325
3.539	-0.993
3.663	-0.866
3.699	-0.830
3.730	-0.790
3.754	-0.745
3.901	-0.461
4.045	-0.175
4.174	0.118
4.203	0.183
4.218	0.255
4.226	0.326
4.278	0.768
4.272	0.770
4.260	1.075
POLYLINE BLACK
0.373	0.678
0.362	0.782
0.347	0.885
0.341	0.989
0.332	1.137
0.386	1.321
0.509	1.415
0.654	1.526
0.710	1.522
0.902	1.621
1.015	1.678
1.065	1.844
1.070	1.959
1.079	2.155
1.026	2.302
0.954	2.500
0.922	2.589
0.879	2.674
0.830	2.755
0.783	2.832
0.728	2.904
0.669	2.973
0.432	3.247
0.178	3.506
-0.058	3.782
-0.112	3.844
-0.229	4.003
-0.224	4.110
-0.222	4.153
-0.203	4.190
-0.177	4.223
-0.080	4.348
0.116	4.353
0.257	4.340
0.427	4.324
0.597	4.297
0.765	4.264
0.817	4.253
0.865	4.231
0.913	4.208
1.117	4.111
1.280	3.944
1.435	3.786
1.623	3.593
1.801	3.390
1.976	3.186
2.111	3.027
2.216	2.842
2.366	2.697
2.498	2.570
2.659	2.474
2.814	2.376
3.255	2.098
3.505	2.043
4.056	1.881
4.100	1.869
4.147	1.866
4.192	1.868
4.437	1.875
4.681	1.893
4.926	1.906
POLYLINE BLACK
4.339	0.961
4.339	1.041
4.339	1.121
4.338	1.201
4.341	1.210
4.342	1.220
4.346	1.229
4.374	1.305
4.475	1.367
4.529	1.402
4.673	1.496
4.860	1.548
5.031	1.554
5.068	1.555
5.104	1.542
5.140	1.536
POLYLINE BLACK
5.314	2.038
5.254	2.054
5.216	2.071
5.158	2.068
5.104	2.064
5.058	2.043
5.010	2.017
4.893	1.957
4.827	1.857
4.864	1.723
4.878	1.673
4.905	1.629
4.945	1.596
5.054	1.507
5.208	1.513
5.338	1.488
5.404	1.475
5.469	1.456
5.534	1.441
POLYLINE BLACK
5.838	3.971
5.813	3.984
5.759	4.023
5.718	4.028
5.584	4.045
5.393	3.897
5.311	3.808
5.229	3.719
5.173	3.624
5.126	3.511
5.104	3.456
5.067	3.367
5.081	3.297
5.105	3.187
5.212	3.149
5.312	3.181
5.359	3.196
5.408	3.207
5.449	3.233
5.571	3.310
5.682	3.404
5.799	3.489
5.809	3.496
5.818	3.505
5.830	3.510
5.870	3.526
5.859	3.476
5.872	3.459
5.909	3.409
5.953	3.363
5.993	3.315
POLYLINE BLACK
6.189	4.109
6.182	4.126
POLYLINE BLACK
6.779	3.618
6.752	3.652
6.722	3.714
6.673	3.729
6.630	3.742
6.586	3.719
6.552	3.698
6.469	3.647
6.394	3.546
6.404	3.444
6.414	3.348
6.552	3.361
6.614	3.387
6.656	3.404
6.689	3.424
6.722	3.455
6.734	3.466
6.746	3.478
6.755	3.492
6.766	3.509
6.776	3.526
6.786	3.543
6.788	3.548
6.793	3.561
6.791	3.557
6.771	3.497
6.747	3.438
6.729	3.377
6.671	3.174
6.620	2.968
6.563	2.763
6.560	2.751
6.549	2.734
6.539	2.726
6.515	2.705
6.480	2.708
6.452	2.718
6.379	2.747
6.327	2.810
6.341	2.893
6.353	2.966
6.417	3.021
6.460	3.074
POLYLINE BLACK
7.516	3.650
7.482	3.665
7.448	3.682
7.412	3.696
7.344	3.722
7.199	3.663
7.324	3.603
7.375	3.578
7.421	3.567
7.475	3.582
7.480	3.584
7.503	3.596
7.510	3.584
7.518	3.571
7.502	3.538
7.500	3.531
7.468	3.461
7.429	3.393
7.401	3.321
7.353	3.195
7.319	3.063
7.273	2.936
7.265	2.915
7.254	2.895
7.242	2.876
7.197	2.807
7.106	2.731
7.017	2.761
6.987	2.771
6.960	2.789
6.947	2.819
6.921	2.877
6.956	2.940
6.974	2.994
POLYLINE BLACK
6.822	2.353
6.734	2.046
6.672	1.731
6.559	1.433
6.530	1.358
6.553	1.592
6.563	1.671
6.575	1.768
6.595	1.864
6.624	1.958
6.693	2.188
6.817	2.398
6.983	2.570
7.134	2.727
7.312	2.592
7.402	2.444
7.433	2.393
7.457	2.316
7.425	2.260
7.394	2.205
7.311	2.184
7.256	2.175
7.199	2.165
7.142	2.161
7.084	2.160
7.073	2.160
6.946	2.160
6.916	2.187
6.907	2.195
6.909	2.211
6.906	2.223
POLYLINE BLACK
7.887	2.715
7.771	2.668
7.702	2.656
7.614	2.590
7.557	2.547
7.488	2.455
7.477	2.381
7.474	2.361
7.475	2.341
7.481	2.321
7.509	2.218
7.623	2.243
7.700	2.280
7.779	2.317
7.851	2.412
7.840	2.503
7.830	2.580
7.769	2.585
7.717	2.535
7.687	2.506
7.660	2.474
7.631	2.444
POLYLINE BLACK
7.855	2.341
7.876	2.307
7.893	2.271
7.916	2.239
7.947	2.195
8.024	2.105
8.087	2.152
8.112	2.171
8.126	2.206
8.161	2.207
8.189	2.208
8.206	2.187
8.227	2.174
8.259	2.153
8.307	2.160
8.341	2.171
8.379	2.184
8.454	2.231
8.507	2.218
8.554	2.208
8.564	2.129
8.601	2.091
8.629	2.063
8.660	2.038
8.689	2.012
POLYLINE BLACK
9.070	2.286
9.003	2.104
9.037	2.213
8.980	1.957
POLYLINE BLACK
9.159	2.715
9.169	2.698
POLYLINE BLACK
9.250	2.278
9.292	2.305
9.334	2.334
9.378	2.358
9.424	2.384
9.619	2.445
9.526	2.318
9.502	2.284
9.477	2.250
9.448	2.219
9.415	2.184
9.376	2.155
9.342	2.121
9.319	2.098
9.318	2.040
9.358	2.032
9.411	2.020
9.465	2.014
9.519	2.006
POLYLINE BLACK
9.478	2.902
9.508	2.900
POLYLINE BLACK
9.562	2.270
9.642	2.225
9.732	2.173
9.829	2.197
9.939	2.223
10.037	2.302
10.104	2.392
10.136	2.436
10.148	2.487
10.071	2.467
10.026	2.456
9.981	2.444
9.937	2.427
9.802	2.375
9.709	2.270
9.643	2.143
9.615	2.088
9.637	2.050
9.702	2.064
9.757	2.076
9.811	2.093
9.866	2.107
POLYLINE BLACK
10.326	2.526
9.930	1.612
POLYLINE BLACK
10.314	2.776
10.309	2.777
POLYLINE BLACK
6.281	2.874
6.059	2.657
5.815	2.443
5.645	2.179
POLYLINE BLACK
5.868	2.550
5.692	2.385
5.648	2.354
5.475	2.124
5.469	2.117
5.494	2.117
5.502	2.121
5.608	2.173
5.709	2.233
5.812	2.289
POLYLINE BLACK
5.815	2.633
5.660	2.404
5.597	2.333
5.487	2.074
5.481	2.061
5.492	2.047
5.495	2.034
POLYLINE BLACK
5.779	2.642
5.694	2.474
5.609	2.306
5.524	2.138
5.505	2.105
5.474	2.076
5.467	2.039
5.464	2.021
5.497	2.059
5.511	2.071
5.598	2.143
5.686	2.215
5.770	2.292
5.795	2.314
5.822	2.363
5.834	2.393
5.840	2.412
5.846	2.431
5.849	2.450
5.854	2.481
5.858	2.660
5.803	2.530
5.793	2.506
5.786	2.482
5.779	2.457
5.776	2.441
5.777	2.424
5.773	2.409
5.771	2.400
5.766	2.376
5.761	2.384
5.732	2.425
5.717	2.475
5.696	2.520
POLYLINE BLACK
6.362	0.897
6.241	0.652
6.245	0.281
5.999	0.161
5.797	0.062
6.118	0.595
6.184	0.810
6.188	0.823
6.195	0.846
6.208	0.842
6.222	0.837
6.220	0.814
6.221	0.799
6.225	0.724
6.205	0.510
6.242	0.387
6.266	0.308
6.346	0.215
6.435	0.210
6.510	0.206
6.607	0.292
6.635	0.355
6.728	0.566
7.028	1.321
6.879	0.946
POLYLINE BLACK
7.044	0.293
7.059	0.379
7.075	0.461
6.990	0.507
6.920	0.544
6.859	0.477
6.816	0.430
6.790	0.403
6.750	0.360
6.743	0.317
6.732	0.250
6.797	0.183
6.859	0.169
6.929	0.153
6.987	0.190
7.010	0.257
7.016	0.276
7.017	0.333
7.026	0.315
7.038	0.292
7.020	0.263
7.019	0.237
7.018	0.126
7.060	0.128
7.157	0.054
POLYLINE BLACK
8.163	0.423
8.137	0.473
8.124	0.516
8.084	0.552
7.895	0.725
7.960	0.314
7.960	0.277
7.959	0.261
7.949	0.233
7.941	0.219
7.898	0.138
7.749	0.078
7.674	0.151
7.634	0.189
7.632	0.264
7.623	0.311
POLYLINE BLACK
8.188	0.981
8.175	0.978
POLYLINE BLACK
8.277	-0.038
8.315	0.084
8.368	0.212
8.472	0.295
8.479	0.300
8.475	0.277
8.473	0.269
8.466	0.231
8.454	0.225
8.456	0.193
8.458	0.172
8.470	0.155
8.489	0.146
8.605	0.093
8.589	0.116
8.700	0.030
8.718	0.017
8.775	-0.051
8.819	-0.070
8.891	-0.102
8.974	-0.041
9.011	0.018
9.052	0.085
9.136	0.287
9.250	0.304
9.379	0.324
9.385	0.174
9.325	0.098
9.267	0.024
9.204	-0.045
9.144	-0.117
POLYLINE BLACK
9.507	0.411
9.507	0.486
POLYLINE BLACK
9.926	0.170
9.905	0.194
9.886	0.220
9.864	0.243
9.810	0.300
9.667	0.269
9.607	0.253
9.577	0.244
9.543	0.229
9.518	0.209
9.465	0.167
9.409	0.049
9.477	-0.005
9.512	-0.032
9.567	-0.035
9.608	-0.036
9.685	-0.038
9.760	-0.012
9.804	0.053
9.822	0.080
9.853	0.140
9.847	0.171
9.845	0.184
9.828	0.154
9.821	0.143
9.813	0.134
9.808	0.123
9.803	0.111
9.794	0.088
9.775	0.020
9.782	-0.002
9.803	-0.066
9.840	-0.122
9.869	-0.182
POLYLINE BLACK
10.354	0.683
10.316	0.644
10.273	0.609
10.240	0.566
10.113	0.408
10.005	0.111
9.954	-0.035
9.856	-0.311
9.871	-0.265
9.917	-0.487
POLYLINE BLACK
10.095	0.464
10.107	0.410
POLYLINE BLACK
9.817	0.405
9.870	0.399
9.923	0.397
9.974	0.387
10.094	0.365
10.387	0.193
10.394	0.189
POLYLINE BROWN
1.598	-0.258
1.519	-0.232
1.430	-0.200
1.348	-0.233
1.266	-0.265
1.216	-0.361
1.184	-0.435
1.130	-0.560
1.202	-0.677
1.332	-0.707
1.406	-0.724
1.479	-0.728
1.555	-0.719
1.688	-0.703
1.836	-0.648
1.878	-0.505
1.902	-0.421
1.862	-0.337
1.822	-0.265
1.735	-0.105
1.513	0.035
1.332	-0.053
1.210	-0.112
1.186	-0.211
1.151	-0.331
POLYLINE BROWN
2.786	-0.096
2.730	-0.103
2.674	-0.105
2.619	-0.116
2.422	-0.155
2.156	-0.306
2.031	-0.469
1.977	-0.540
1.923	-0.645
1.951	-0.737
2.007	-0.922
2.266	-1.025
2.437	-1.047
2.616	-1.069
2.816	-1.039
2.950	-0.909
3.203	-0.663
2.890	-0.218
2.597	-0.196
2.515	-0.190
2.412	-0.210
2.348	-0.265
2.307	-0.301
2.268	-0.341
2.228	-0.379
POLYLINE BROWN
1.278	0.610
1.226	0.685
1.179	0.741
1.083	0.730
1.029	0.723
0.975	0.710
0.931	0.676
0.893	0.646
0.868	0.590
0.855	0.545
0.836	0.477
0.826	0.397
0.843	0.327
0.867	0.228
1.015	0.145
1.107	0.131
1.207	0.116
1.312	0.168
1.391	0.222
1.479	0.280
1.547	0.366
1.591	0.461
1.680	0.653
1.625	0.835
1.464	0.966
1.404	1.014
1.339	1.041
1.262	1.031
1.168	1.019
1.158	0.991
1.061	0.929
POLYLINE BROWN
2.133	0.831
2.094	0.808
2.052	0.787
2.015	0.761
1.993	0.746
1.973	0.728
1.955	0.708
1.932	0.681
1.910	0.652
1.892	0.621
1.873	0.589
1.900	0.588
1.921	0.594
1.949	0.601
1.992	0.617
2.007	0.647
2.010	0.652
2.019	0.705
2.000	0.702
1.959	0.695
1.919	0.676
1.879	0.663
POLYLINE BROWN
2.811	1.060
2.687	1.107
2.545	1.127
2.441	1.027
2.357	0.946
2.330	0.829
2.433	0.754
2.479	0.721
2.530	0.698
2.587	0.694
2.676	0.686
2.765	0.717
2.836	0.769
2.920	0.829
2.931	0.951
2.845	1.015
2.790	1.056
2.722	1.071
2.655	1.078
2.498	1.092
2.412	1.036
2.276	0.967
POLYLINE BROWN
1.383	1.902
1.360	1.835
1.302	1.721
1.352	1.648
1.390	1.591
1.487	1.583
1.542	1.576
1.684	1.559
1.828	1.610
1.939	1.700
1.969	1.724
2.044	1.778
2.039	1.834
2.029	1.941
1.809	1.942
1.745	1.935
1.609	1.919
1.593	1.884
1.467	1.800
POLYLINE BROWN
3.276	1.366
3.226	1.457
3.178	1.589
3.071	1.634
3.032	1.651
2.988	1.649
2.951	1.630
2.798	1.551
2.833	1.358
2.995	1.317
3.035	1.307
3.077	1.311
3.116	1.325
3.297	1.395
3.248	1.649
3.100	1.722
3.016	1.764
2.929	1.730
2.836	1.719
POLYLINE BROWN
2.720	0.096
2.630	0.118
2.513	0.182
2.409	0.164
2.239	0.134
2.317	-0.170
2.503	-0.073
2.606	-0.019
2.757	0.108
2.697	0.242
2.684	0.271
2.662	0.300
2.634	0.315
2.539	0.368
2.407	0.326
2.313	0.313
POLYLINE BROWN
3.116	0.424
3.048	0.342
2.996	0.298
2.957	0.209
2.924	0.135
2.927	0.049
2.937	-0.029
2.944	-0.086
2.963	-0.196
3.043	-0.197
3.074	-0.197
3.104	-0.189
3.129	-0.170
3.164	-0.145
3.188	-0.102
3.206	-0.067
3.258	0.039
3.320	0.177
3.283	0.299
3.269	0.346
3.252	0.390
3.212	0.420
3.170	0.451
3.102	0.439
3.058	0.437
POLYLINE BLACK
0.903	-0.778
0.903	-0.778
POLYLINE BLACK
0.903	-0.778
0.987	-0.655
1.004	-0.576
1.007	-0.420
1.008	-0.368
1.004	-0.274
0.981	-0.213
0.952	-0.140
0.892	-0.087
0.837	-0.031
0.507	0.308
0.645	0.252
0.453	0.320
POLYLINE BLACK
0.610	-1.414
0.089	-2.531
0.257	-2.097
0.038	-2.688
POLYLINE BLACK
0.626	-1.188
0.528	-1.297
0.452	-1.433
0.330	-1.515
0.252	-1.568
0.434	-1.359
0.488	-1.283
0.549	-1.196
0.625	-1.323
0.645	-1.373
0.686	-1.472
0.693	-1.594
0.698	-1.694
0.700	-1.737
0.692	-1.780
0.689	-1.823
POLYLINE BLACK
-0.681	-2.920
-0.692	-3.160
-0.702	-3.401
-0.714	-3.641
-0.714	-3.649
-0.717	-3.626
-0.717	-3.618
-0.720	-3.446
-0.731	-3.274
-0.724	-3.102
-0.720	-3.011
-0.698	-2.921
-0.682	-2.831
-0.680	-2.818
-0.670	-2.801
-0.660	-2.792
-0.642	-2.777
-0.617	-2.777
-0.596	-2.782
-0.527	-2.799
-0.457	-2.858
-0.466	-2.937
-0.473	-2.993
-0.524	-3.034
-0.566	-3.064
-0.641	-3.118
-0.701	-3.123
-0.799	-3.153
POLYLINE BLACK
-0.132	-2.712
-0.204	-2.836
-0.279	-2.958
-0.349	-3.083
-0.380	-3.137
-0.393	-3.206
-0.315	-3.217
-0.281	-3.222
-0.252	-3.223
-0.218	-3.215
-0.132	-3.192
-0.073	-3.141
0.007	-3.093
POLYLINE BLACK
-0.030	-2.962
-0.160	-3.536
-0.123	-3.262
-0.158	-3.781

ELEVATION
STATIONS
0.000	0.000	0
3.701	3.087	1
SHOTS
0.000	0.000	3.701	3.087
3.701	3.087	2.756	3.074
3.701	3.087	0.722	2.911
3.701	3.087	0.485	2.943
3.701	3.087	0.196	3.342
3.701	3.087	3.078	3.248
3.701	3.087	4.115	3.201
3.701	3.087	3.934	0.816
3.701	3.087	1.756	7.949
3.701	3.087	0.909	6.762
3.701	3.087	-2.039	17.687
POLYLINE BLACK
2.256	0.486
2.653	0.596
3.045	0.724
3.446	0.816
3.546	0.839
3.886	0.803
4.014	0.923
4.107	1.010
4.165	1.132
4.172	1.260
4.191	1.576
4.225	2.011
4.167	2.347
4.130	2.497
4.094	2.646
4.057	2.795
4.032	2.885
3.998	2.972
3.982	3.064
3.963	3.173
3.960	3.284
3.953	3.394
3.946	3.505
3.958	3.683
3.919	3.807
3.879	3.933
3.851	3.962
3.776	4.074
3.719	4.158
3.662	4.241
3.606	4.324
POLYLINE BLACK
0.926	6.879
1.280	7.132
1.146	7.014
1.571	7.516
1.703	7.673
1.738	7.891
1.761	8.086
1.769	8.151
1.770	8.232
1.737	8.293
1.659	8.435
1.463	8.463
1.318	8.452
1.192	8.442
1.097	8.390
1.016	8.291
0.937	8.195
0.858	8.098
0.794	7.991
0.681	7.803
0.475	7.513
0.528	7.254
0.550	7.145
0.698	7.035
0.755	6.971
0.953	6.752
0.565	7.117
0.970	6.755
POLYLINE BLACK
3.525	4.393
3.579	8.151
3.731	6.257
2.850	10.633
2.777	10.994
2.759	10.738
2.816	11.054
POLYLINE BLACK
0.360	15.351
0.315	15.412
0.267	15.460
0.245	15.531
0.186	15.713
0.254	15.917
0.342	16.075
0.478	16.319
0.678	16.551
0.946	16.653
1.251	16.770
1.609	16.738
1.911	16.632
2.108	16.563
2.299	16.414
2.364	16.209
2.449	15.939
2.346	15.701
2.227	15.450
2.141	15.268
1.964	15.014
1.813	14.878
1.767	14.837
1.231	14.529
1.166	14.282
1.139	14.182
1.167	14.081
1.185	13.983
POLYLINE BLACK
1.204	12.992
1.175	13.009
1.146	13.026
1.116	13.043
1.121	13.030
1.121	13.014
1.131	13.005
1.135	13.000
1.142	13.009
1.148	13.011
POLYLINE BLACK
0.210	1.223
0.250	1.232
0.290	1.239
0.329	1.251
0.443	1.286
0.575	1.444
0.633	1.503
0.667	1.537
0.695	1.579
0.714	1.624
0.720	1.638
0.725	1.653
0.727	1.669
0.740	1.862
0.757	2.056
0.758	2.249
0.759	2.318
0.735	2.455
0.703	2.531
0.692	2.559
0.677	2.586
0.661	2.611
0.582	2.735
0.503	2.858
0.424	2.981
0.380	3.041
0.333	3.097
0.293	3.159
0.207	3.292
0.074	3.477
0.063	3.653
0.055	3.795
0.042	3.965
0.090	4.106
0.165	4.328
0.253	4.546
0.338	4.765
0.382	4.879
0.441	4.987
0.476	5.103
0.596	5.507
0.631	5.889
0.583	6.316
0.525	6.842
0.438	7.366
0.319	7.882
0.078	8.938
-0.922	10.620
-1.281	11.234
-2.215	12.832
-2.167	12.725
-3.014	13.650
POLYLINE BLACK
-3.633	5.501
-0.020	6.917
-4.575	5.074
-0.667	6.860
-0.451	6.959
-0.233	6.979
-0.007	7.008
POLYLINE BLACK
-0.789	6.945
-0.585	7.011
-0.382	7.078
-0.178	7.142
-0.159	7.148
-0.130	7.155
-0.109	7.146
-0.038	7.116
-0.060	6.957
-0.108	6.911
-0.245	6.777
-0.383	6.646
-0.521	6.513
POLYLINE BLACK
-5.962	8.986
-5.840	7.612
-5.932	8.096
-5.815	7.516
POLYLINE BLACK
-5.301	8.200
-5.387	8.078
-5.465	7.951
-5.558	7.835
-5.602	7.779
-5.656	7.732
-5.709	7.685
-5.732	7.664
-5.756	7.641
-5.786	7.634
-5.797	7.631
-5.788	7.658
-5.782	7.668
-5.714	7.789
-5.629	7.901
-5.565	8.024
-5.526	8.096
-5.509	8.178
-5.474	8.252
-5.472	8.258
-5.460	8.259
-5.456	8.254
-5.446	8.245
-5.443	8.230
-5.438	8.217
-5.409	8.120
-5.387	8.021
-5.355	7.925
-5.316	7.810
-5.241	7.743
-5.127	7.705
-5.074	7.688
-5.011	7.705
-4.965	7.734
-4.737	7.876
-4.715	8.085
-4.698	8.345
-4.688	8.482
-4.691	8.619
-4.702	8.756
-4.708	8.843
-4.731	8.928
-4.751	9.013
-4.759	9.047
-4.766	9.084
-4.787	9.112
-4.809	9.140
-4.845	9.151
-4.874	9.170
POLYLINE BLACK
-3.919	7.946
-3.966	8.030
-3.989	8.090
-4.056	8.154
-4.126	8.220
-4.211	8.277
-4.311	8.275
-4.425	8.272
-4.533	8.226
-4.616	8.148
-4.732	8.038
-4.769	7.836
-4.650	7.715
-4.628	7.692
-4.601	7.672
-4.572	7.659
-4.476	7.615
-4.295	7.649
-4.221	7.725
-4.146	7.802
-4.119	7.877
-4.098	7.984
-4.091	8.018
-4.086	8.053
-4.087	8.087
-4.087	8.134
-4.091	8.182
-4.100	8.228
-4.104	8.249
-4.123	8.308
-4.125	8.287
-4.139	8.127
-4.047	7.896
-3.919	7.796
-3.893	7.776
-3.837	7.731
-3.801	7.763
-3.747	7.811
-3.751	7.941
-3.729	8.000
-3.727	8.006
-3.715	8.001
-3.711	7.996
-3.699	7.983
-3.692	7.966
-3.685	7.949
-3.647	7.866
-3.614	7.781
-3.575	7.698
-3.541	7.626
-3.450	7.620
-3.391	7.663
-3.353	7.692
-3.326	7.726
-3.301	7.768
-3.270	7.819
-3.243	7.872
-3.215	7.925
-3.206	7.943
-3.208	7.973
-3.188	7.981
-3.176	7.987
-3.177	7.956
-3.175	7.943
-3.161	7.877
-3.155	7.810
-3.141	7.744
-3.135	7.717
-3.109	7.709
-3.087	7.719
-3.022	7.748
-2.945	7.859
-2.929	7.928
-2.853	8.243
-2.783	8.559
-2.714	8.876
-2.712	8.895
-2.711	8.915
-2.709	8.934
-2.711	8.932
-2.715	8.930
-2.716	8.926
-2.739	8.846
-2.772	8.767
-2.782	8.684
-2.834	8.254
-2.812	8.006
-2.717	7.574
-2.714	7.561
-2.691	7.576
-2.678	7.577
POLYLINE BLACK
-3.086	8.255
-2.991	8.271
-2.896	8.296
-2.799	8.304
-2.482	8.330
-2.118	8.245
-1.825	8.203
-1.823	8.203
-1.830	8.204
-1.832	8.205
-1.931	8.211
-2.030	8.223
-2.129	8.222
-2.178	8.221
-2.228	8.213
-2.277	8.202
-2.401	8.173
-2.543	8.119
-2.624	8.014
-2.655	7.973
-2.650	7.911
-2.637	7.866
-2.605	7.747
-2.552	7.699
-2.431	7.681
-2.307	7.662
-2.206	7.687
-2.102	7.755
-2.081	7.768
-2.061	7.784
-2.043	7.802
-2.003	7.839
-1.987	7.880
-1.961	7.929
-1.955	7.939
-1.952	7.951
-1.946	7.960
-1.942	7.965
-1.937	7.971
-1.932	7.969
-1.925	7.966
-1.923	7.957
-1.922	7.949
-1.911	7.865
-1.909	7.779
-1.896	7.695
-1.872	7.544
-1.786	7.407
-1.709	7.278
POLYLINE BLACK
-6.153	6.764
-6.101	6.828
-6.047	6.909
-5.961	6.933
-5.873	6.957
-5.659	7.018
-5.525	7.018
-5.463	7.018
-5.360	6.981
-5.344	6.912
-5.334	6.862
-5.381	6.798
-5.407	6.769
-5.478	6.692
-5.545	6.610
-5.629	6.547
-5.818	6.406
-6.027	6.292
-6.222	6.160
-6.262	6.132
-6.162	6.098
-6.154	6.096
-6.125	6.092
-6.096	6.085
-6.067	6.087
-5.924	6.100
-5.782	6.117
-5.641	6.141
-5.556	6.156
-5.475	6.183
-5.392	6.204
POLYLINE BLACK
-4.974	6.541
-5.065	6.544
-5.142	6.557
-5.227	6.537
-5.341	6.510
-5.482	6.331
-5.456	6.212
-5.439	6.134
-5.350	6.041
-5.269	6.031
-5.211	6.024
-5.141	6.054
-5.092	6.079
-4.986	6.133
-4.901	6.229
-4.836	6.327
-4.787	6.402
-4.775	6.525
-4.823	6.604
-4.835	6.625
-4.855	6.593
-4.857	6.588
-4.889	6.507
-4.921	6.408
-4.924	6.318
-4.925	6.291
-4.929	6.006
-4.877	5.946
-4.846	5.911
-4.808	5.883
-4.773	5.851
POLYLINE BLACK
-4.200	7.194
-4.514	6.122
-4.309	6.467
-4.577	6.049
POLYLINE BLACK
-4.461	6.320
-4.475	6.310
-4.751	6.136
-4.841	6.035
-4.850	6.025
-4.858	6.006
-4.857	5.992
-4.849	5.926
-4.694	5.908
-4.648	5.907
-4.470	5.903
-4.201	6.061
-4.104	6.116
-3.908	6.225
-3.731	6.352
-3.583	6.521
-3.520	6.593
-3.366	6.806
-3.399	6.925
-3.408	6.957
-3.444	6.943
-3.463	6.932
-3.523	6.898
-3.577	6.847
-3.606	6.784
-3.644	6.705
-3.683	6.624
-3.707	6.540
-3.743	6.418
-3.763	6.292
-3.786	6.168
-3.800	6.098
-3.741	5.994
-3.659	6.013
-3.606	6.026
-3.537	6.108
-3.516	6.127
-3.500	6.141
-3.483	6.160
-3.461	6.142
-3.407	6.096
-3.401	5.948
-3.380	5.889
-3.366	5.853
-3.351	5.817
-3.336	5.782
POLYLINE BLACK
-3.129	6.804
-3.070	6.716
POLYLINE BLACK
-3.164	6.111
-3.149	6.170
-3.140	6.230
-3.119	6.286
-3.090	6.364
-3.053	6.438
-3.014	6.511
-2.993	6.551
-2.962	6.482
-2.960	6.474
-2.951	6.447
-2.943	6.420
-2.939	6.392
-2.925	6.291
-2.954	6.139
-2.892	6.051
-2.867	6.015
-2.824	6.053
-2.807	6.075
-2.778	6.112
-2.748	6.147
-2.726	6.187
-2.694	6.245
-2.673	6.307
-2.647	6.367
-2.641	6.382
-2.621	6.471
-2.616	6.406
-2.600	6.213
-2.618	6.230
-2.559	6.073
POLYLINE BLACK
-2.223	6.699
-2.269	6.594
-2.321	6.492
-2.362	6.385
-2.385	6.328
-2.442	6.147
-2.397	6.072
-2.357	6.005
-2.268	6.197
-2.259	6.226
-2.242	6.285
-2.237	6.331
-2.239	6.392
-2.241	6.463
-2.336	6.564
-2.412	6.534
-2.495	6.501
-2.564	6.396
-2.614	6.340
POLYLINE BLACK
-2.030	5.909
-1.978	6.043
-1.974	6.075
-1.885	6.197
-1.880	6.204
-1.865	6.211
-1.862	6.203
-1.853	6.186
-1.858	6.165
-1.861	6.146
-1.872	6.078
-1.887	6.011
-1.903	5.944
-1.916	5.892
-1.936	5.841
-1.947	5.788
-1.952	5.762
-1.971	5.685
-1.940	5.655
-1.921	5.637
-1.891	5.639
-1.869	5.643
-1.765	5.664
-1.652	5.712
-1.544	5.679
-1.462	5.655
-1.280	5.547
-1.182	5.636
-1.155	5.660
-1.139	5.697
-1.134	5.731
-1.105	5.913
-1.134	6.067
-1.312	6.148
-1.348	6.165
-1.394	6.176
-1.432	6.159
-1.465	6.143
-1.494	6.099
-1.514	6.076
POLYLINE BLACK
-0.603	5.949
-0.620	5.994
-0.632	6.053
-0.674	6.084
-0.785	6.165
-0.988	6.046
-1.068	5.971
-1.134	5.909
-1.222	5.737
-1.160	5.650
-1.125	5.601
-1.048	5.587
-0.995	5.579
-0.790	5.546
-0.682	5.726
-0.597	5.885
-0.594	5.889
-0.601	5.876
-0.603	5.872
-0.610	5.848
-0.620	5.826
-0.625	5.802
-0.636	5.747
-0.633	5.686
-0.611	5.634
-0.568	5.527
-0.507	5.504
-0.454	5.613
-0.416	5.689
-0.390	5.772
-0.345	5.844
-0.339	5.855
-0.334	5.822
-0.332	5.809
-0.324	5.754
-0.325	5.698
-0.317	5.642
-0.313	5.613
-0.272	5.623
-0.256	5.628
-0.241	5.632
-0.207	5.654
-0.186	5.642
-0.171	5.634
-0.169	5.611
-0.170	5.597
-0.175	5.520
-0.184	5.443
-0.191	5.365
POLYLINE BLACK
0.082	5.657
0.046	5.619
-0.125	5.488
-0.111	5.399
-0.105	5.360
-0.059	5.361
-0.030	5.351
0.036	5.328
0.045	5.261
0.072	5.207
0.102	5.146
0.135	5.087
0.167	5.026
POLYLINE BROWN
0.552	22.245
0.513	22.394
0.480	22.544
0.435	22.691
0.434	22.697
0.421	22.685
0.421	22.679
0.465	21.683
0.528	20.687
0.569	19.690
0.573	19.605
0.552	19.522
0.534	19.440
POLYLINE BROWN
1.501	20.975
1.453	20.968
1.403	20.965
1.355	20.955
1.310	20.945
1.231	20.910
1.198	20.882
0.949	20.673
0.702	20.460
0.461	20.242
0.376	20.165
0.313	20.071
0.281	19.963
0.243	19.836
0.482	19.837
0.542	19.847
0.733	19.879
0.836	19.939
1.019	20.051
1.145	20.127
1.289	20.236
1.382	20.357
1.591	20.626
1.668	20.979
1.681	21.313
1.821	24.928
1.697	21.833
1.627	23.038
1.626	23.053
1.644	23.013
1.651	23.000
1.770	22.778
1.887	22.554
2.005	22.331
POLYLINE BROWN
2.956	20.792
2.910	20.888
2.864	20.995
2.773	21.059
2.548	21.219
2.300	21.135
2.095	20.979
1.950	20.868
1.823	20.728
1.750	20.559
1.695	20.433
1.695	20.264
1.815	20.176
1.892	20.120
1.994	20.114
2.086	20.126
2.419	20.172
2.636	20.510
2.741	20.799
2.801	20.965
2.842	21.175
2.782	21.347
2.730	21.496
2.586	21.334
2.571	21.247
2.529	21.012
2.812	20.592
2.908	20.458
3.033	20.285
3.182	20.132
3.319	19.969
POLYLINE BROWN
3.236	21.284
3.232	21.124
3.219	20.964
3.224	20.804
3.232	20.555
3.347	20.225
3.558	20.074
3.629	20.022
3.702	20.014
3.783	20.049
3.822	20.066
3.860	20.091
3.884	20.127
3.923	20.186
3.926	20.290
3.931	20.339
3.966	20.689
3.832	21.073
3.584	21.323
3.547	21.361
3.506	21.396
3.461	21.425
3.403	21.464
3.340	21.497
3.276	21.527
3.241	21.543
3.127	21.564
3.166	21.563
3.573	21.556
2.955	21.409
3.649	21.520
5.862	21.874
4.386	21.737
5.122	21.802
POLYLINE BROWN
5.329	22.646
5.313	22.755
5.303	22.865
5.283	22.974
5.277	23.012
5.249	23.113
5.198	23.130
5.130	23.152
5.037	22.996
5.024	22.963
4.953	22.785
4.876	22.608
4.831	22.421
4.706	21.902
4.681	21.472
4.722	20.941
4.747	20.612
4.842	20.243
5.024	19.961
5.101	19.841
5.258	19.734
5.402	19.803
5.542	19.870
5.623	19.983
5.702	20.109
POLYLINE BROWN
3.850	21.961
4.748	21.793
4.067	21.906
5.913	21.796
POLYLINE BROWN
7.076	21.613
6.631	21.590
6.647	21.625
6.271	21.500
6.211	21.480
6.151	21.456
6.097	21.423
6.009	21.370
5.927	21.309
5.848	21.244
5.692	21.117
5.575	20.923
5.581	20.718
5.587	20.501
5.749	20.318
5.941	20.235
6.206	20.120
6.556	20.171
6.805	20.303
6.937	20.373
7.064	20.505
7.057	20.664
7.051	20.785
6.970	20.904
6.885	20.984
6.740	21.122
6.566	21.215
6.370	21.261
6.169	21.309
5.944	21.304
5.746	21.239
5.676	21.216
5.611	21.182
5.543	21.154
POLYLINE BROWN
3.756	17.139
3.748	17.178
3.737	17.216
3.731	17.256
3.726	17.302
3.747	17.398
3.762	17.427
3.945	17.803
4.136	18.176
4.334	18.545
4.341	18.558
4.338	18.516
4.337	18.502
4.313	18.291
4.272	18.082
4.257	17.871
4.249	17.755
4.258	17.639
4.268	17.524
4.274	17.467
4.287	17.410
4.303	17.355
4.344	17.206
4.426	17.100
4.573	17.049
4.601	17.040
4.630	17.029
4.659	17.028
4.763	17.026
4.867	17.034
4.971	17.041
5.152	17.054
5.106	17.075
5.265	17.056
5.363	17.044
5.431	16.980
5.518	16.939
5.653	16.875
5.772	16.866
5.890	16.966
5.913	16.985
5.937	17.016
5.943	17.046
5.995	17.293
5.817	17.638
5.693	17.825
5.486	18.135
5.256	18.429
5.039	18.733
4.945	18.866
5.123	19.035
5.242	19.069
5.488	19.140
5.512	19.121
5.792	19.132
POLYLINE BROWN
6.633	18.208
6.564	18.188
6.503	18.183
6.446	18.143
6.393	18.106
6.357	18.062
6.319	18.007
6.122	17.718
6.297	17.311
6.544	17.112
6.744	16.951
6.997	16.915
7.246	16.964
7.367	16.988
7.486	17.053
7.533	17.174
7.654	17.488
7.527	17.936
7.356	18.207
7.292	18.309
7.222	18.408
7.141	18.496
6.987	18.666
6.814	18.819
6.652	18.982
6.646	18.988
6.642	18.997
6.639	19.005
6.609	19.076
6.715	19.111
6.765	19.119
6.809	19.126
6.855	19.135
6.900	19.131
7.269	19.092
7.636	19.036
8.004	18.989
POLYLINE BROWN
9.411	18.203
9.332	18.267
9.256	18.335
9.173	18.393
8.949	18.550
8.641	18.596
8.382	18.507
8.274	18.471
8.141	18.411
8.065	18.320
7.968	18.205
7.849	17.967
7.851	17.811
7.853	17.716
7.889	17.622
7.925	17.537
7.970	17.431
8.037	17.313
8.136	17.246
8.509	16.994
9.077	16.985
9.447	17.249
9.573	17.339
9.673	17.474
9.704	17.628
9.741	17.808
9.711	17.999
9.646	18.169
9.491	18.575
9.160	18.900
8.747	19.039
8.600	19.089
8.361	19.135
8.235	19.006
8.152	18.922
8.121	18.757
8.140	18.644
8.148	18.592
8.162	18.542
8.173	18.491
POLYLINE BROWN
8.854	21.356
8.617	20.924
8.792	21.274
8.589	20.213
POLYLINE BROWN
11.431	18.726
11.340	18.815
11.251	18.909
11.124	18.941
10.887	19.000
10.692	18.907
10.507	18.757
10.424	18.690
10.342	18.621
10.274	18.539
10.048	18.268
9.783	17.884
9.765	17.509
9.760	17.395
9.798	17.272
9.906	17.217
10.032	17.154
10.194	17.198
10.308	17.265
10.561	17.411
10.668	17.525
10.878	17.761
10.954	17.845
11.010	17.946
11.086	18.031
11.094	18.041
11.085	18.006
11.085	17.994
11.080	17.899
11.067	17.804
11.070	17.709
11.073	17.606
11.084	17.502
11.103	17.400
11.117	17.325
11.143	17.252
11.166	17.179
11.171	17.165
11.175	17.150
11.185	17.139
11.233	17.093
11.287	17.054
11.338	17.011
POLYLINE BROWN
11.581	19.293
11.522	19.291
POLYLINE BROWN
12.611	17.817
12.563	17.923
12.518	18.032
12.466	18.137
12.336	18.393
11.994	18.479
11.785	18.264
11.697	18.174
11.620	18.012
11.580	17.919
11.502	17.742
11.452	17.534
11.474	17.339
11.498	17.119
11.663	16.978
11.878	16.949
11.952	16.939
12.029	16.936
12.102	16.951
12.255	16.983
12.363	17.117
12.461	17.227
POLYLINE BROWN
12.112	19.574
11.975	19.242
POLYLINE BROWN
3.734	13.808
3.923	14.231
4.108	14.656
4.301	15.077
4.304	15.083
4.315	15.090
4.318	15.084
4.325	15.071
4.320	15.054
4.321	15.039
4.318	14.933
4.308	14.828
4.311	14.723
4.314	14.657
4.325	14.591
4.338	14.527
4.351	14.467
4.387	14.341
4.441	14.294
4.464	14.273
4.496	14.255
4.526	14.247
4.637	14.216
4.694	14.207
4.802	14.208
4.871	14.209
4.940	14.217
5.008	14.216
5.035	14.216
5.062	14.214
5.087	14.204
5.292	14.125
5.491	14.028
5.696	13.950
5.736	13.935
5.894	13.896
5.945	13.944
5.983	13.981
5.972	14.086
5.969	14.110
5.950	14.275
5.933	14.442
5.890	14.602
5.831	14.818
5.737	15.023
5.664	15.234
5.650	15.275
5.701	15.339
5.733	15.352
5.810	15.384
5.890	15.405
5.968	15.431
POLYLINE BROWN
6.599	14.850
6.591	12.636
6.477	13.434
6.642	12.431
POLYLINE BROWN
6.876	15.978
6.763	16.124
6.840	16.046
6.616	16.180
POLYLINE BROWN
7.399	14.796
7.512	14.789
7.624	14.777
7.737	14.775
7.853	14.773
7.959	14.812
8.056	14.873
8.170	14.944
8.319	15.081
8.274	15.234
8.223	15.412
8.007	15.506
7.835	15.471
7.721	15.447
7.613	15.349
7.551	15.255
7.395	15.018
7.328	14.736
7.301	14.457
7.287	14.313
7.326	14.165
7.438	14.069
7.557	13.966
7.739	13.974
7.875	14.035
8.054	14.115
8.172	14.288
8.248	14.462
8.271	14.515
8.287	14.572
8.302	14.628
8.310	14.658
8.314	14.689
8.316	14.720
8.316	14.736
8.323	14.760
8.309	14.767
8.297	14.774
8.288	14.750
8.281	14.738
8.231	14.665
8.251	14.586
8.268	14.506
POLYLINE BROWN
8.976	15.015
8.853	14.311
8.731	13.607
8.608	12.903
8.597	12.876
8.589	12.847
8.576	12.821
8.559	12.786
8.538	12.753
8.518	12.720
POLYLINE BROWN
8.908	16.296
8.946	16.336
POLYLINE BROWN
9.116	14.731
9.208	14.700
9.316	14.643
9.420	14.660
9.578	14.686
9.720	14.790
9.820	14.910
9.859	14.957
9.908	15.025
9.916	15.090
9.933	15.220
9.871	15.324
9.737	15.337
9.687	15.342
9.634	15.332
9.591	15.306
9.416	15.201
9.198	14.912
9.293	14.694
9.353	14.558
9.506	14.492
9.641	14.463
9.711	14.448
9.782	14.432
9.854	14.435
10.314	14.453
10.290	14.456
10.589	14.539
POLYLINE BROWN
7.279	11.379
7.096	11.395
6.975	11.369
6.825	11.262
6.747	11.207
6.683	11.134
6.644	11.047
6.579	10.900
6.615	10.723
6.786	10.678
7.038	10.613
7.304	10.776
7.469	10.953
7.551	11.041
7.610	11.164
7.589	11.286
7.577	11.356
7.541	11.421
7.495	11.474
7.325	11.665
7.035	11.665
6.864	11.477
6.699	11.294
6.695	11.125
6.665	10.889
POLYLINE BROWN
7.586	12.400
7.541	12.308
7.488	12.218
7.449	12.123
7.354	11.891
7.363	11.544
7.360	11.337
7.359	11.205
7.378	11.060
7.422	10.933
7.438	10.885
7.480	10.819
7.504	10.777
POLYLINE BROWN
8.081	11.317
7.999	11.298
7.936	11.271
7.918	11.183
7.899	11.095
7.854	10.932
7.923	10.844
7.971	10.783
8.084	10.795
8.146	10.802
8.213	10.809
8.292	10.837
8.304	10.912
8.311	10.953
8.308	10.988
8.299	11.030
8.287	11.092
8.263	11.154
8.219	11.201
8.099	11.327
7.867	11.330
7.723	11.247
7.611	11.183
7.565	11.086
7.497	10.978
POLYLINE BROWN
11.055	11.253
10.931	11.360
10.805	11.481
10.640	11.518
10.493	11.551
10.325	11.543
10.183	11.490
10.087	11.453
9.995	11.408
9.904	11.361
9.726	11.269
9.635	11.130
9.599	10.933
9.563	10.735
9.784	10.649
9.948	10.648
10.046	10.647
10.138	10.664
10.230	10.698
10.374	10.751
10.508	10.847
10.604	10.967
10.677	11.058
10.753	11.186
10.721	11.308
10.708	11.360
10.674	11.404
10.626	11.429
10.505	11.492
10.371	11.437
10.271	11.358
9.919	11.078
9.911	10.583
9.991	10.178
10.038	9.942
10.109	9.712
10.163	9.478
10.169	9.449
10.165	9.408
10.150	9.382
10.126	9.340
10.068	9.325
10.023	9.333
10.009	9.336
9.994	9.339
9.981	9.345
9.811	9.422
9.645	9.508
9.474	9.583
9.422	9.607
9.364	9.618
9.311	9.641
9.279	9.655
9.314	9.689
9.328	9.697
9.579	9.850
9.832	10.001
10.085	10.153
POLYLINE BROWN
11.580	11.275
11.456	11.335
11.317	11.432
11.170	11.396
10.999	11.353
10.790	11.185
10.744	11.009
10.725	10.934
10.834	10.858
10.882	10.829
10.920	10.807
10.962	10.791
11.005	10.785
11.173	10.759
11.347	10.844
11.487	10.924
11.527	10.948
11.566	10.982
11.550	11.033
11.506	11.161
11.290	11.223
11.192	11.263
POLYLINE BROWN
10.984	12.371
11.002	11.786
11.017	12.012
10.988	11.691
POLYLINE BROWN
11.739	11.283
11.752	11.204
11.760	11.124
11.779	11.046
11.790	10.999
11.821	10.900
11.861	10.849
11.877	10.828
11.966	10.722
12.010	10.744
12.047	10.763
12.036	10.873
12.035	10.885
12.014	11.074
11.942	11.256
11.834	11.412
11.806	11.452
11.773	11.488
11.740	11.524
11.717	11.549
11.682	11.564
11.666	11.594
11.661	11.604
11.689	11.597
11.701	11.599
11.888	11.558
12.075	11.517
12.262	11.476
POLYLINE BROWN
12.443	11.449
12.526	11.261
12.574	11.043
12.808	11.025
12.846	11.022
12.891	11.040
12.897	11.082
12.898	11.092
12.903	11.105
12.896	11.112
12.889	11.119
12.878	11.112
12.870	11.108
12.797	11.070
12.759	10.973
12.746	10.899
12.660	10.450
12.591	9.998
12.503	9.549
12.461	9.339
12.298	9.088
12.077	9.033
11.919	8.994
11.707	9.068
11.571	9.123
11.515	9.145
11.224	9.273
11.161	9.367
11.107	9.449
11.252	9.528
11.307	9.547
11.355	9.563
11.404	9.581
11.455	9.586
11.686	9.608
11.919	9.614
12.151	9.628
POLYLINE BLACK
-1.459	-0.237
-0.758	-0.239
-1.387	-0.253
0.085	0.016
0.277	0.051
0.421	-0.106
0.504	-0.260
0.775	-0.764
0.766	-0.602
0.753	-0.890
POLYLINE BLACK
2.295	0.500
2.215	0.506
2.086	0.528
2.020	0.458
1.995	0.432
1.996	0.400
2.000	0.365
2.020	0.182
2.033	-0.002
2.060	-0.184
2.062	-0.195
2.123	-0.392
2.135	-0.429

