TRIP
DATE 2022-08-12
DECLINATION 0.0
DATA
0		167.67	4.59	1.378	>
0		167.57	4.02	1.360	>
0		166.88	4.20	1.356	>
0		167.09	3.75	1.365	>
0	1	167.18	3.99	1.360	>
1		292.57	-5.49	0.619	>
1		98.66	-85.35	0.479	>
1		301.46	62.85	0.453	>
1		222.73	19.81	2.830	>
1		222.72	19.82	2.834	>
1		222.71	19.78	2.834	>
1		222.71	19.79	2.848	>
1		222.87	19.81	2.836	>
1		222.97	19.56	2.836	>
1		222.82	19.78	2.836	>
1	2	222.89	19.71	2.836	>
2		77.60	3.24	0.572	>
2		25.14	-82.83	0.957	>
2		227.64	88.68	0.340	>
2		131.48	17.56	6.380	>
2		131.37	17.57	6.380	>
2		131.18	17.69	6.388	>
2		184.61	8.59	2.194	>
2		218.76	1.68	1.661	>
2	3	131.35	17.61	6.383	>
3		23.56	-5.04	2.580	>
3		328.24	-89.69	0.504	>
3		200.52	87.63	0.729	>
3		110.13	28.61	4.158	>
3		110.13	28.76	4.155	>
3		110.04	28.62	4.160	>
3	4	110.10	28.66	4.158	>
4		233.92	4.40	1.129	>
4		325.62	86.06	0.852	>
4		126.18	-84.92	0.959	>
4		182.86	16.75	2.383	>
4		182.70	16.58	2.383	>
4		182.84	16.97	2.382	>
4	5	182.80	16.77	2.383	>
5		27.85	0.10	1.169	>
5		115.09	24.72	3.445	>
5		90.46	19.23	4.221	>
5		90.46	19.23	4.221	>
5		64.94	2.16	5.408	>
5		75.80	3.25	4.665	>
5		75.31	4.34	4.687	>
5		75.31	4.34	4.687	>
5		217.50	16.65	1.965	>
5		217.50	16.65	1.965	>
5		190.70	28.59	2.370	>
5		173.97	11.21	3.086	>
5		173.97	11.21	3.086	>
5		156.77	11.96	3.371	>
5		156.77	11.96	3.371	>
5		143.94	11.16	3.556	>
5		143.94	11.16	3.556	>
5		129.48	13.58	3.383	>
5		129.48	13.58	3.383	>
5		74.37	6.82	4.927	>
5		54.09	-89.02	0.695	>
5		147.66	87.08	1.394	>
5		73.98	7.03	4.943	>
5		74.08	6.93	4.939	>
5		74.08	6.93	4.939	>
5		129.28	10.13	3.365	>
5		91.99	8.66	4.804	>
5		91.99	8.66	4.804	>
5		91.99	8.66	4.804	>
5	6	74.04	6.97	4.940	>
6		73.38	6.94	4.940	>
6		73.84	6.81	4.941	>
6		73.75	6.90	4.946	>
6		73.73	6.93	4.945	>
6		349.88	4.71	0.840	>
5	5.1	91.99	8.66	4.804	>
5.1		91.94	8.44	4.822	>
5.1		91.94	8.44	4.822	>
5.1		92.06	8.50	4.866	>
5.1		217.20	8.72	2.059	>
5.1		199.63	-75.22	0.564	>
5.1		215.50	67.85	1.173	>
5.1		154.48	43.49	12.932	>
5.1		154.67	43.31	12.989	>
5.1		155.41	42.59	12.785	>
5.1		158.99	38.76	9.232	>
5.1		158.99	38.76	9.232	>
5.1		159.77	39.24	9.541	>
5.1		159.77	39.24	9.541	>
5.1		160.49	39.02	8.745	>
5.1		157.32	39.14	10.189	>
5.1		157.16	39.20	10.202	>
5.1		157.16	39.20	10.202	>
5.1	5.2	157.22	39.18	10.198	>
5.2		157.24	39.18	10.184	>

PLAN
STATIONS
0.000	0.000	0
0.301	-1.323	1
-1.516	-3.279	2
3.051	-7.298	3
6.477	-8.552	4
6.366	-10.831	5
11.081	-9.482	6
11.112	-10.996	5.1
14.173	-18.284	5.2
SHOTS
0.000	0.000	0.293	-1.342
0.000	0.000	0.301	-1.323
0.301	-1.323	-0.268	-1.087
0.301	-1.323	0.340	-1.329
0.301	-1.323	0.125	-1.215
0.301	-1.323	-1.516	-3.279
-1.516	-3.279	-0.958	-3.157
-1.516	-3.279	-1.465	-3.171
-1.516	-3.279	-1.522	-3.285
-1.516	-3.279	-1.690	-5.442
-1.516	-3.279	-2.555	-4.574
-1.516	-3.279	3.051	-7.298
3.051	-7.298	4.079	-4.942
3.051	-7.298	3.050	-7.296
3.051	-7.298	3.041	-7.326
3.051	-7.298	6.477	-8.552
6.477	-8.552	5.568	-9.215
6.477	-8.552	6.444	-8.504
6.477	-8.552	6.546	-8.602
6.477	-8.552	6.366	-10.831
6.366	-10.831	6.912	-9.797
6.366	-10.831	9.200	-12.157
6.366	-10.831	10.351	-10.862
6.366	-10.831	10.351	-10.862
6.366	-10.831	11.261	-8.542
6.366	-10.831	5.220	-12.324
6.366	-10.831	5.220	-12.324
6.366	-10.831	5.980	-12.875
6.366	-10.831	6.684	-13.841
6.366	-10.831	6.684	-13.841
6.366	-10.831	7.667	-13.861
6.366	-10.831	7.667	-13.861
6.366	-10.831	8.420	-13.651
6.366	-10.831	8.420	-13.651
6.366	-10.831	8.904	-12.922
6.366	-10.831	8.904	-12.922
6.366	-10.831	11.077	-9.513
6.366	-10.831	6.376	-10.824
6.366	-10.831	6.404	-10.891
6.366	-10.831	8.930	-12.928
6.366	-10.831	11.081	-9.482
11.081	-9.482	10.934	-8.658
6.366	-10.831	11.112	-10.996
11.112	-10.996	9.882	-12.617
11.112	-10.996	11.064	-11.131
11.112	-10.996	10.856	-11.356
11.112	-10.996	15.154	-19.463
11.112	-10.996	15.156	-19.538
11.112	-10.996	15.029	-19.554
11.112	-10.996	13.694	-17.716
11.112	-10.996	13.694	-17.716
11.112	-10.996	13.668	-17.929
11.112	-10.996	13.668	-17.929
11.112	-10.996	13.381	-17.400
11.112	-10.996	14.173	-18.284
14.173	-18.284	17.228	-25.563
POLYLINE BLACK
-0.642	0.500
-0.645	0.418
-0.649	0.302
-0.647	0.251
-0.625	-0.266
-0.343	-1.066
-0.275	-1.373
-0.251	-1.485
-0.255	-1.601
-0.244	-1.714
POLYLINE BLACK
-0.498	0.241
-0.463	0.279
-0.428	0.340
-0.368	0.328
-0.335	0.321
-0.314	0.299
-0.279	0.304
-0.214	0.314
-0.158	0.369
-0.109	0.406
POLYLINE BLACK
-0.373	-0.170
-0.337	-0.154
-0.465	-0.199
-0.293	-0.132
-0.215	-0.102
-0.083	-0.143
-0.013	-0.155
POLYLINE BLACK
-0.257	-0.547
-0.276	-0.565
POLYLINE BLACK
-0.288	-0.586
-0.288	-0.584
-0.288	-0.583
-0.287	-0.582
-0.280	-0.548
-0.274	-0.514
-0.265	-0.481
-0.246	-0.411
-0.178	-0.458
-0.132	-0.454
-0.035	-0.446
-0.011	-0.430
0.094	-0.397
POLYLINE BLACK
-0.016	-0.740
0.392	-0.431
0.674	0.015
0.969	0.429
POLYLINE BLACK
0.895	0.847
0.896	0.848
0.896	0.849
0.897	0.850
0.930	0.925
0.960	1.001
0.996	1.075
1.006	1.095
1.019	1.113
1.033	1.130
1.056	1.158
1.079	1.127
1.086	1.104
1.100	1.057
1.111	1.008
1.120	0.959
1.125	0.935
1.122	0.909
1.130	0.885
1.131	0.879
1.139	0.875
1.145	0.876
1.155	0.879
1.164	0.888
1.171	0.897
1.208	0.950
1.242	1.005
1.276	1.060
1.286	1.075
1.291	1.093
1.302	1.106
1.337	1.147
1.338	1.021
1.406	1.033
1.449	1.041
1.490	1.075
1.519	1.105
1.539	1.125
1.588	1.207
1.609	1.135
1.632	1.056
1.631	1.056
1.640	0.999
POLYLINE BLACK
1.665	1.018
1.707	1.073
1.748	1.126
1.776	1.192
1.824	1.304
1.855	1.422
1.888	1.539
1.912	1.622
2.010	1.730
1.949	1.791
1.911	1.830
1.851	1.418
1.849	1.390
1.846	1.364
1.849	1.336
1.852	1.310
1.872	1.160
1.981	1.166
2.112	1.153
POLYLINE BLACK
2.332	1.342
2.330	1.342
2.329	1.342
2.327	1.341
2.296	1.338
2.264	1.337
2.233	1.332
2.154	1.320
2.119	1.212
2.102	1.151
2.090	1.108
2.073	1.032
2.105	0.990
2.168	0.909
2.291	1.012
2.338	1.052
POLYLINE BLACK
2.646	1.895
2.656	1.552
2.587	1.435
2.511	1.039
2.505	1.009
2.535	0.999
2.557	1.003
2.612	1.013
2.678	1.064
2.713	1.102
2.750	1.142
2.785	1.184
2.815	1.229
2.861	1.298
2.898	1.371
2.940	1.442
POLYLINE BLACK
2.726	1.236
2.727	1.145
2.744	0.971
2.876	0.985
2.935	0.991
2.973	1.017
3.030	0.984
3.078	0.957
3.079	0.942
3.130	0.905
3.199	0.854
3.305	0.845
3.370	0.908
3.450	0.986
3.465	1.134
3.381	1.214
3.358	1.236
3.327	1.251
3.294	1.247
3.277	1.245
3.256	1.236
3.242	1.227
3.174	1.177
3.109	1.125
3.042	1.074
POLYLINE BLACK
1.437	0.559
1.450	0.554
1.421	0.280
1.477	0.244
1.507	0.224
1.559	0.274
1.576	0.283
1.604	0.297
1.635	0.295
1.665	0.288
1.677	0.286
1.681	0.281
1.693	0.283
1.783	0.294
1.881	0.451
1.916	0.492
POLYLINE BLACK
2.117	0.453
2.104	0.414
2.071	0.376
2.076	0.332
2.079	0.309
2.095	0.293
2.115	0.284
2.196	0.247
2.278	0.300
2.317	0.372
2.326	0.389
2.364	0.500
2.303	0.454
2.274	0.433
2.248	0.409
2.220	0.386
POLYLINE BLACK
2.342	0.413
2.343	0.413
2.343	0.413
2.344	0.413
2.425	0.401
2.506	0.390
2.587	0.379
POLYLINE BLACK
2.785	0.422
2.810	-0.129
2.758	-0.197
2.789	0.325
2.792	0.376
2.804	0.426
2.816	0.476
2.821	0.500
2.831	0.524
2.840	0.547
2.843	0.553
2.849	0.560
2.857	0.557
2.864	0.554
2.874	0.539
2.876	0.533
2.893	0.486
2.908	0.438
2.924	0.391
POLYLINE BLACK
3.142	0.556
3.144	0.448
3.142	0.559
3.140	0.244
POLYLINE BLACK
3.205	0.738
3.247	0.756
POLYLINE BLACK
3.374	0.411
3.439	0.421
3.500	0.432
3.557	0.466
3.693	0.547
3.630	0.732
3.468	0.668
3.399	0.642
3.324	0.554
3.359	0.476
3.369	0.454
3.381	0.438
3.406	0.432
3.492	0.409
3.602	0.451
3.678	0.468
POLYLINE BLACK
4.061	0.785
4.054	0.789
3.998	0.891
3.956	0.865
3.917	0.843
3.856	0.640
3.917	0.635
3.972	0.631
4.030	0.698
4.058	0.736
4.075	0.759
4.076	0.772
4.098	0.786
4.143	0.813
4.201	0.784
4.219	0.738
4.227	0.718
4.235	0.698
4.238	0.677
4.248	0.611
4.252	0.544
4.258	0.477
POLYLINE BLACK
4.469	0.935
4.452	0.536
4.362	0.336
4.584	0.614
4.595	0.627
4.610	0.671
4.633	0.645
4.680	0.592
4.713	0.447
4.719	0.432
POLYLINE BLACK
4.889	0.615
4.939	0.626
4.994	0.631
5.037	0.661
5.061	0.677
5.126	0.755
5.082	0.781
5.040	0.805
4.973	0.767
4.944	0.739
4.903	0.699
4.878	0.653
4.852	0.601
4.820	0.535
4.813	0.469
4.854	0.407
4.866	0.389
4.877	0.375
4.896	0.366
4.971	0.328
5.083	0.380
5.148	0.407
POLYLINE BLACK
1.774	-0.474
1.772	-0.601
1.745	-0.766
1.828	-0.878
1.844	-0.899
1.866	-0.922
1.895	-0.916
1.948	-0.906
1.968	-0.837
2.027	-0.826
2.076	-0.817
2.121	-0.850
2.167	-0.823
2.176	-0.817
2.188	-0.813
2.194	-0.804
2.280	-0.682
2.361	-0.557
2.444	-0.433
POLYLINE BLACK
2.714	-0.329
2.710	-0.363
2.652	-0.437
2.680	-0.484
2.700	-0.517
2.765	-0.519
2.791	-0.528
2.940	-0.578
2.908	-0.677
2.856	-0.801
POLYLINE BLACK
3.163	-0.363
3.198	-0.354
3.233	-0.322
3.272	-0.328
3.294	-0.331
3.310	-0.353
3.315	-0.374
3.356	-0.549
3.298	-0.566
3.257	-0.746
3.250	-0.777
3.323	-0.736
3.335	-0.733
3.370	-0.723
3.402	-0.729
3.437	-0.738
3.511	-0.758
3.551	-0.772
3.626	-0.740
3.708	-0.706
3.758	-0.623
3.810	-0.558
POLYLINE BLACK
3.853	-0.427
3.790	-0.569
3.790	-0.577
3.905	-0.695
3.941	-0.732
3.976	-0.745
3.987	-0.796
4.001	-0.853
3.980	-0.917
3.979	-0.974
3.978	-1.024
3.983	-1.040
3.992	-1.079
POLYLINE BLACK
4.324	-0.439
4.281	-0.479
4.239	-0.513
4.212	-0.565
4.191	-0.605
4.177	-0.653
4.181	-0.698
4.190	-0.812
4.301	-0.854
4.397	-0.809
4.473	-0.773
4.515	-0.687
4.505	-0.606
4.503	-0.586
4.497	-0.568
4.481	-0.555
4.437	-0.518
4.362	-0.533
4.312	-0.537
POLYLINE BLACK
4.578	0.050
4.519	-0.188
4.415	-0.454
4.499	-0.701
4.514	-0.747
4.560	-0.811
4.616	-0.805
4.708	-0.794
4.817	-0.691
4.873	-0.653
POLYLINE BLACK
5.003	-0.244
5.042	-0.248
5.091	-0.230
5.126	-0.254
5.160	-0.278
5.149	-0.334
5.142	-0.366
5.123	-0.444
5.080	-0.513
5.013	-0.558
5.000	-0.567
4.985	-0.575
4.970	-0.581
4.958	-0.586
4.943	-0.583
4.934	-0.592
4.930	-0.596
4.939	-0.603
4.941	-0.608
5.015	-0.619
5.089	-0.634
5.163	-0.639
5.242	-0.645
5.330	-0.616
5.403	-0.598
POLYLINE BLACK
5.494	-0.330
5.421	-0.555
5.454	-0.424
5.415	-0.746
POLYLINE BLACK
5.557	0.107
5.551	0.099
POLYLINE BLACK
5.677	-0.360
5.759	-0.352
5.855	-0.340
5.883	-0.250
5.906	-0.172
5.790	-0.167
5.743	-0.181
5.701	-0.193
5.666	-0.223
5.640	-0.256
5.562	-0.354
5.546	-0.403
5.519	-0.526
5.503	-0.598
5.542	-0.657
5.589	-0.708
5.620	-0.742
5.660	-0.769
5.704	-0.780
5.827	-0.811
5.958	-0.733
6.056	-0.672
POLYLINE BLACK
-0.113	0.672
-0.101	0.573
-0.090	0.480
-0.068	0.377
-0.046	0.279
-0.009	0.186
0.014	0.089
0.029	0.026
0.031	-0.039
0.045	-0.102
0.112	-0.411
0.186	-0.718
0.257	-1.027
0.266	-1.066
0.276	-1.104
0.283	-1.144
0.303	-1.244
0.320	-1.345
0.339	-1.445
POLYLINE BLACK
0.383	-1.302
0.396	-1.643
0.282	-1.971
0.130	-2.270
0.084	-2.362
0.030	-2.450
-0.032	-2.531
-0.097	-2.615
-0.325	-2.886
-0.464	-2.966
-1.263	-3.424
-0.519	-2.912
-1.101	-3.330
POLYLINE BLACK
-0.231	-1.435
-0.277	-1.785
-0.529	-2.072
-0.740	-2.335
-0.865	-2.491
-0.997	-2.641
-1.137	-2.783
-1.240	-2.888
-1.367	-2.967
-1.467	-3.075
-1.552	-3.166
-1.615	-3.275
-1.690	-3.376
POLYLINE BLACK
-0.978	-2.803
-0.949	-2.788
-0.888	-2.758
-0.886	-2.757
-0.832	-2.734
-0.784	-2.800
-0.751	-2.825
-0.725	-2.845
-0.697	-2.856
-0.665	-2.864
-0.619	-2.877
-0.562	-2.801
-0.545	-2.778
-0.521	-2.745
-0.500	-2.709
-0.478	-2.674
POLYLINE BLACK
-0.590	-2.374
-0.530	-2.293
-0.463	-2.216
-0.354	-2.262
-0.313	-2.279
-0.290	-2.330
-0.247	-2.328
-0.182	-2.324
-0.127	-2.278
-0.076	-2.247
POLYLINE BLACK
-0.237	-1.894
-0.222	-1.862
-0.222	-1.770
-0.169	-1.752
-0.135	-1.741
-0.061	-1.775
-0.040	-1.779
-0.014	-1.784
0.013	-1.786
0.039	-1.787
0.105	-1.791
0.168	-1.723
0.204	-1.679
POLYLINE BLACK
0.978	0.406
1.073	-0.657
1.155	-0.970
0.957	-1.753
0.930	-1.861
0.831	-2.045
0.743	-2.111
0.629	-2.199
0.393	-2.314
0.292	-2.361
0.269	-2.372
0.030	-2.492
-0.076	-2.502
-0.126	-2.502
-0.175	-2.502
-0.224	-2.503
-0.224	-2.503
-0.225	-2.503
-0.225	-2.503
POLYLINE BLACK
-1.641	-3.083
-1.619	-3.236
-1.660	-3.242
-1.744	-3.362
-1.896	-3.578
-2.042	-3.798
-2.195	-4.013
-2.224	-4.055
-2.262	-4.090
-2.292	-4.132
-2.319	-4.170
-2.337	-4.215
-2.367	-4.252
-2.814	-4.785
-2.545	-4.390
-2.781	-4.754
POLYLINE BLACK
-1.742	-5.460
-1.742	-5.460
-1.742	-5.459
-1.742	-5.459
-1.723	-5.369
-1.703	-5.279
-1.684	-5.189
POLYLINE BLACK
-1.735	-5.337
-1.579	-5.118
-1.561	-4.860
-1.482	-4.602
-1.453	-4.506
-1.384	-4.412
-1.292	-4.368
-1.191	-4.319
-1.076	-4.334
-0.984	-4.397
-0.827	-4.503
-0.674	-4.617
-0.522	-4.731
-0.414	-4.812
-0.460	-4.811
-0.339	-4.867
-0.101	-4.976
-0.118	-4.933
0.058	-5.057
0.149	-5.121
0.305	-5.348
0.323	-5.367
0.923	-6.021
0.514	-5.579
0.964	-5.950
1.140	-6.095
0.997	-6.034
1.195	-6.241
1.490	-6.550
1.715	-6.615
2.070	-6.842
2.153	-6.895
2.226	-6.961
2.307	-7.016
2.349	-7.045
2.476	-7.080
2.503	-7.091
2.698	-7.170
2.891	-7.254
3.085	-7.336
POLYLINE BLACK
-1.017	-3.147
-1.079	-3.215
-1.117	-3.272
-1.066	-3.356
-1.054	-3.377
-1.031	-3.402
-1.011	-3.415
-0.867	-3.504
-0.698	-3.517
-0.534	-3.491
-0.504	-3.486
-0.472	-3.480
-0.445	-3.466
-0.326	-3.408
-0.215	-3.336
-0.097	-3.277
-0.076	-3.267
-0.052	-3.260
-0.029	-3.258
0.164	-3.242
0.293	-3.228
0.469	-3.261
0.547	-3.276
0.605	-3.332
0.676	-3.363
0.763	-3.402
0.856	-3.416
0.928	-3.479
0.994	-3.536
1.080	-3.684
1.110	-3.720
1.140	-3.757
1.180	-3.783
1.212	-3.818
1.225	-3.833
1.237	-3.849
1.246	-3.867
1.290	-3.962
1.329	-4.059
1.371	-4.155
POLYLINE RED
-1.372	-13.072
-1.384	-12.924
-1.377	-12.925
-1.358	-12.763
POLYLINE ORANGE
-1.909	-4.861
-1.820	-4.840
POLYLINE ORANGE
-1.401	-4.634
-1.360	-4.603
POLYLINE ORANGE
-1.552	-3.135
-1.558	-3.164
-1.566	-3.192
-1.555	-3.221
-1.538	-3.267
-1.499	-3.291
-1.454	-3.309
-1.418	-3.324
-1.361	-3.342
-1.318	-3.342
-1.250	-3.342
-1.182	-3.338
-1.114	-3.336
-1.083	-3.335
-1.057	-3.345
-1.031	-3.359
POLYLINE BLACK
1.265	-4.058
1.404	-4.205
1.580	-4.310
1.775	-4.365
1.816	-4.377
1.858	-4.384
1.901	-4.388
2.134	-4.408
2.368	-4.414
2.601	-4.437
2.640	-4.441
2.678	-4.455
2.715	-4.467
2.868	-4.514
3.020	-4.565
3.173	-4.614
3.368	-4.694
3.556	-4.791
3.756	-4.854
4.827	-5.192
4.022	-4.840
4.478	-5.047
POLYLINE ORANGE
-1.358	-4.415
-1.474	-4.159
-1.464	-4.119
-1.624	-3.935
-1.653	-3.901
-1.686	-3.869
-1.723	-3.843
-1.807	-3.783
-1.899	-3.733
-1.987	-3.677
POLYLINE ORANGE
-1.078	-3.536
-0.740	-3.599
-1.342	-3.490
-0.847	-3.564
-0.682	-3.589
-0.615	-3.632
-0.433	-3.614
-0.253	-3.596
-0.075	-3.554
0.104	-3.522
0.126	-3.519
0.146	-3.508
0.168	-3.507
0.396	-3.489
0.449	-3.516
0.691	-3.596
0.718	-3.605
0.744	-3.617
0.768	-3.633
0.980	-3.772
0.981	-3.893
1.155	-4.136
1.218	-4.224
1.395	-4.354
1.470	-4.397
1.656	-4.504
1.772	-4.528
1.981	-4.570
2.113	-4.597
2.247	-4.613
2.379	-4.641
2.413	-4.649
2.443	-4.667
2.477	-4.675
2.513	-4.685
2.550	-4.689
2.586	-4.696
2.647	-4.708
2.708	-4.722
2.769	-4.733
2.866	-4.749
2.965	-4.753
3.059	-4.779
3.198	-4.816
3.333	-4.864
3.464	-4.921
3.573	-4.968
3.670	-5.037
3.775	-5.091
3.790	-5.099
3.807	-5.101
3.823	-5.106
3.860	-5.117
3.897	-5.128
3.934	-5.139
POLYLINE ORANGE
2.982	-7.130
2.993	-7.143
3.009	-7.155
3.016	-7.171
3.018	-7.176
3.004	-7.171
2.999	-7.169
2.800	-7.066
2.602	-6.963
2.406	-6.857
2.302	-6.800
2.204	-6.732
2.098	-6.680
1.979	-6.621
1.651	-6.520
1.524	-6.391
1.242	-6.107
0.990	-5.795
0.710	-5.508
0.628	-5.424
0.529	-5.359
0.441	-5.280
0.180	-5.045
0.475	-5.257
0.080	-4.931
-0.031	-4.839
-0.149	-4.756
-0.266	-4.673
-0.592	-4.442
-0.497	-4.506
-0.732	-4.379
-0.876	-4.301
-0.848	-4.302
-1.003	-4.263
-1.030	-4.256
-1.058	-4.249
-1.086	-4.249
-1.130	-4.250
-1.166	-4.259
-1.205	-4.269
POLYLINE BLUE
-0.319	-3.870
-0.352	-3.854
-0.435	-3.860
-0.480	-3.873
-0.584	-3.900
-0.621	-3.972
-0.614	-4.075
-0.612	-4.104
-0.602	-4.144
-0.588	-4.170
-0.549	-4.246
-0.493	-4.320
-0.417	-4.363
-0.310	-4.424
-0.153	-4.481
-0.027	-4.457
0.016	-4.449
0.065	-4.437
0.096	-4.403
0.164	-4.329
0.137	-4.154
0.089	-4.075
0.035	-3.983
-0.053	-3.921
-0.152	-3.886
-0.161	-3.883
-0.171	-3.882
-0.181	-3.881
-0.229	-3.879
-0.277	-3.877
-0.325	-3.875
-0.323	-3.873
-0.317	-3.872
-0.319	-3.870
POLYLINE BLACK
-0.044	-4.154
0.496	-3.634
1.040	-3.139
1.648	-2.716
POLYLINE BLACK
-0.058	-4.246
-0.159	-4.337
-0.167	-4.405
-0.189	-4.536
POLYLINE BLACK
-0.159	-4.285
-0.075	-4.227
-0.233	-4.334
0.072	-4.101
0.092	-4.085
0.131	-4.089
0.152	-4.103
0.255	-4.175
0.359	-4.247
0.460	-4.323
0.479	-4.337
0.496	-4.366
0.497	-4.390
0.498	-4.442
0.441	-4.489
0.404	-4.516
0.311	-4.583
0.192	-4.593
0.083	-4.558
0.011	-4.534
-0.066	-4.468
-0.120	-4.429
POLYLINE BLACK
-0.923	-3.759
-0.924	-3.760
-0.924	-3.761
-0.925	-3.762
-0.956	-3.810
-0.989	-3.857
-1.017	-3.906
-1.030	-3.931
-1.061	-3.990
-1.052	-4.028
-1.048	-4.048
-1.030	-4.069
-1.011	-4.076
-0.922	-4.109
-0.807	-4.174
-0.706	-4.131
-0.576	-4.074
-0.522	-3.962
-0.455	-3.839
-0.448	-3.828
-0.449	-3.807
-0.457	-3.796
-0.466	-3.784
-0.486	-3.776
-0.500	-3.774
-0.561	-3.767
-0.623	-3.757
-0.686	-3.757
-0.789	-3.758
-0.892	-3.796
-0.989	-3.824
POLYLINE BLACK
0.557	-3.961
0.557	-3.963
0.557	-3.964
0.558	-3.966
0.574	-4.057
0.587	-4.148
0.607	-4.238
0.615	-4.275
0.638	-4.337
0.678	-4.357
0.697	-4.366
0.722	-4.367
0.742	-4.362
0.814	-4.343
0.853	-4.301
0.875	-4.230
0.884	-4.200
0.898	-4.146
0.885	-4.113
0.852	-4.026
0.708	-3.956
0.634	-3.910
POLYLINE BLACK
0.634	-4.588
0.588	-4.669
0.534	-4.762
0.551	-4.860
0.557	-4.892
0.569	-4.918
0.586	-4.946
0.598	-4.966
0.651	-5.084
0.707	-5.108
0.742	-5.123
0.783	-5.108
0.814	-5.091
1.004	-4.986
0.951	-4.872
0.900	-4.686
0.896	-4.670
0.864	-4.635
0.857	-4.630
0.795	-4.584
0.730	-4.543
0.666	-4.499
POLYLINE RED
3.216	-6.019
3.179	-5.990
3.175	-5.982
3.137	-5.966
2.721	-5.785
2.295	-5.628
1.889	-5.427
1.731	-5.348
1.598	-5.228
1.453	-5.127
1.432	-5.113
1.411	-5.097
1.390	-5.082
1.160	-4.907
0.925	-4.737
0.699	-4.556
0.578	-4.459
0.474	-4.343
0.350	-4.250
0.156	-4.102
0.007	-4.038
-0.220	-3.964
-0.269	-3.948
-0.322	-3.942
-0.372	-3.930
-0.387	-3.926
-0.400	-3.916
-0.415	-3.914
-0.465	-3.907
-0.516	-3.906
-0.567	-3.901
POLYLINE BLACK
1.054	-5.550
1.099	-5.493
1.129	-5.469
1.200	-5.495
1.212	-5.499
1.232	-5.510
1.240	-5.519
1.256	-5.537
1.271	-5.555
1.284	-5.575
1.321	-5.631
1.356	-5.727
1.431	-5.754
1.494	-5.778
1.646	-5.713
1.670	-5.706
POLYLINE BLACK
2.535	-6.530
2.560	-6.494
2.584	-6.457
2.610	-6.422
2.647	-6.374
2.739	-6.330
2.785	-6.390
2.817	-6.432
2.822	-6.496
2.868	-6.526
2.902	-6.548
2.944	-6.553
2.983	-6.553
3.092	-6.553
3.128	-6.523
3.199	-6.444
POLYLINE BLACK
3.528	-5.362
3.536	-5.299
POLYLINE BLACK
3.555	-5.355
3.488	-5.396
3.454	-5.465
3.416	-5.531
POLYLINE BLACK
3.542	-5.252
3.399	-5.258
3.256	-5.264
3.114	-5.271
3.111	-5.274
3.105	-5.276
3.106	-5.281
3.107	-5.287
3.112	-5.292
3.117	-5.296
3.139	-5.314
3.161	-5.333
3.186	-5.346
3.301	-5.407
3.419	-5.462
3.535	-5.519
POLYLINE BLACK
2.259	-5.242
2.281	-5.192
2.289	-5.159
2.319	-5.121
2.356	-5.076
2.428	-5.051
2.484	-5.068
2.508	-5.075
2.526	-5.089
2.545	-5.105
2.610	-5.164
2.638	-5.265
2.731	-5.287
2.841	-5.313
2.904	-5.239
2.986	-5.176
POLYLINE BLACK
2.431	-6.075
2.361	-6.158
2.375	-6.133
2.320	-6.244
2.297	-6.291
2.292	-6.321
2.263	-6.359
2.233	-6.398
2.170	-6.429
2.138	-6.450
POLYLINE BLACK
2.438	-6.052
2.318	-6.003
2.200	-5.948
2.077	-5.905
2.015	-5.891
1.953	-5.876
1.891	-5.862
1.887	-5.864
1.882	-5.864
1.880	-5.868
1.874	-5.880
1.892	-5.909
1.895	-5.914
1.904	-5.929
1.914	-5.944
1.926	-5.957
2.178	-6.232
2.085	-6.152
2.299	-6.307
POLYLINE BLACK
2.096	-4.799
1.916	-5.119
2.106	-4.773
1.973	-5.037
1.972	-5.041
1.968	-5.043
1.964	-5.046
1.932	-5.066
1.868	-5.008
1.858	-4.999
1.419	-4.620
1.664	-4.771
1.370	-4.605
POLYLINE BLACK
2.155	-4.801
1.780	-4.706
2.064	-4.776
1.301	-4.605
POLYLINE RED
-0.550	-4.069
-0.455	-4.102
-0.358	-4.130
-0.265	-4.168
-0.225	-4.185
-0.189	-4.210
-0.153	-4.234
0.393	-4.599
0.938	-4.965
1.480	-5.334
1.702	-5.485
2.057	-5.762
2.319	-5.884
2.516	-5.977
2.725	-6.040
2.926	-6.123
3.047	-6.173
3.164	-6.230
3.284	-6.284
POLYLINE BLACK
4.347	-4.994
4.445	-5.058
4.546	-5.116
4.641	-5.185
4.778	-5.285
4.874	-5.434
4.974	-5.566
4.991	-5.590
5.005	-5.616
5.023	-5.640
5.253	-5.940
5.324	-5.986
5.522	-6.356
5.750	-6.780
5.954	-7.217
6.170	-7.647
6.246	-7.797
6.326	-7.944
6.398	-8.095
6.478	-8.262
6.455	-8.238
6.497	-8.367
6.501	-8.379
6.508	-8.390
6.511	-8.402
6.523	-8.453
6.521	-8.482
6.522	-8.534
POLYLINE BLACK
3.165	-7.251
3.168	-7.356
3.015	-7.260
3.017	-7.323
3.018	-7.351
3.074	-7.394
3.082	-7.400
3.142	-7.447
3.208	-7.486
3.266	-7.533
3.441	-7.674
3.606	-7.825
3.781	-7.965
3.843	-8.015
3.912	-8.055
3.974	-8.104
4.415	-8.448
4.842	-8.808
5.288	-9.144
5.920	-9.621
5.147	-8.924
5.649	-9.392
POLYLINE RED
3.304	-6.337
3.330	-6.351
3.359	-6.360
3.382	-6.378
4.129	-6.954
3.679	-6.653
4.610	-7.584
4.791	-7.765
4.986	-7.930
5.181	-8.096
5.256	-8.160
5.342	-8.210
5.418	-8.273
5.540	-8.375
5.568	-8.416
5.656	-8.520
POLYLINE RED
5.768	-8.403
4.967	-7.435
5.452	-7.967
4.612	-7.147
4.589	-7.125
4.570	-7.101
4.549	-7.078
4.325	-6.862
4.113	-6.632
3.877	-6.430
3.729	-6.304
3.561	-6.205
3.401	-6.096
3.364	-6.072
3.323	-6.055
3.287	-6.031
3.253	-6.008
3.219	-5.956
3.197	-5.928
POLYLINE BLACK
3.322	-7.257
3.360	-7.227
3.395	-7.193
3.437	-7.167
3.455	-7.156
3.599	-7.054
3.671	-7.073
3.743	-7.092
3.741	-7.181
3.767	-7.231
3.796	-7.289
3.857	-7.398
3.931	-7.425
3.973	-7.440
4.016	-7.433
4.059	-7.430
POLYLINE BLACK
4.008	-5.962
4.045	-5.919
4.063	-5.890
4.109	-5.861
4.150	-5.835
4.214	-5.803
4.264	-5.826
4.339	-5.860
4.374	-5.974
4.408	-6.031
4.428	-6.063
4.459	-6.094
4.489	-6.118
4.555	-6.168
4.664	-6.167
4.734	-6.175
4.751	-6.177
4.769	-6.178
4.786	-6.175
4.841	-6.168
4.857	-6.162
4.899	-6.148
POLYLINE BLACK
4.852	-6.811
4.869	-6.779
4.880	-6.748
4.905	-6.724
4.937	-6.694
4.984	-6.686
5.025	-6.677
5.094	-6.663
5.178	-6.673
5.231	-6.725
5.257	-6.751
5.281	-6.778
5.303	-6.807
5.390	-6.920
5.401	-6.976
5.520	-7.045
5.626	-7.107
5.766	-7.069
5.876	-7.053
POLYLINE BLACK
4.292	-8.138
4.301	-8.112
4.309	-8.085
4.320	-8.060
4.331	-8.035
4.351	-8.011
4.370	-7.993
4.439	-7.929
4.516	-7.956
4.562	-8.031
4.606	-8.103
4.605	-8.167
4.633	-8.257
4.639	-8.275
4.649	-8.292
4.659	-8.309
4.674	-8.334
4.689	-8.355
4.716	-8.366
4.772	-8.391
4.882	-8.370
4.931	-8.346
5.016	-8.302
5.096	-8.249
5.178	-8.201
POLYLINE BLACK
5.595	-7.865
5.628	-7.812
5.661	-7.760
5.729	-7.758
5.746	-7.758
5.772	-7.762
5.787	-7.770
5.794	-7.773
5.953	-7.904
6.033	-7.879
6.082	-7.863
6.095	-7.806
6.109	-7.764
POLYLINE BLACK
6.469	-8.532
6.491	-8.553
6.514	-8.573
6.534	-8.595
6.546	-8.608
6.557	-8.622
6.564	-8.638
6.644	-8.822
6.728	-9.005
6.793	-9.195
6.874	-9.430
6.930	-9.672
6.999	-9.911
POLYLINE BLACK
5.553	-9.352
5.578	-9.367
5.605	-9.381
5.629	-9.398
5.679	-9.433
5.752	-9.527
5.771	-9.563
6.084	-10.130
5.893	-9.849
6.137	-10.384
6.218	-10.560
6.310	-10.729
6.396	-10.902
POLYLINE BLACK
-2.441	-4.895
-2.426	-4.873
-2.410	-4.832
-2.380	-4.821
-2.323	-4.798
-2.265	-4.837
-2.247	-4.891
-2.229	-4.945
-2.236	-5.006
-2.249	-5.059
-2.262	-5.117
-2.323	-5.227
-2.273	-5.294
-2.255	-5.317
-2.230	-5.323
-2.203	-5.328
-2.056	-5.353
-2.127	-5.336
-2.013	-5.368
POLYLINE BLACK
-2.245	-5.669
-2.264	-5.675
-2.283	-5.680
-2.301	-5.687
-2.345	-5.704
-2.357	-5.770
-2.361	-5.809
-2.366	-5.850
-2.357	-5.889
-2.337	-5.926
-2.319	-5.961
-2.302	-5.984
-2.274	-6.010
-2.232	-6.050
-2.176	-6.050
-2.151	-5.992
-2.127	-5.938
-2.145	-5.851
-2.173	-5.802
-2.183	-5.786
-2.198	-5.760
-2.220	-5.757
-2.255	-5.750
-2.292	-5.782
-2.318	-5.798
POLYLINE BLACK
6.322	-10.779
6.204	-10.841
6.241	-10.854
6.128	-10.974
5.471	-11.669
6.471	-10.545
5.803	-11.328
5.788	-11.345
5.770	-11.360
5.752	-11.373
5.640	-11.454
5.524	-11.527
5.413	-11.610
5.317	-11.681
5.275	-11.867
5.250	-11.952
5.222	-12.044
5.226	-12.142
5.228	-12.237
5.229	-12.248
5.230	-12.261
5.235	-12.271
5.250	-12.308
5.268	-12.343
5.287	-12.377
5.387	-12.555
5.681	-12.598
5.834	-12.653
5.869	-12.666
5.926	-12.709
5.950	-12.736
6.062	-12.857
6.172	-12.980
6.278	-13.107
6.305	-13.139
6.326	-13.177
6.347	-13.213
6.433	-13.363
6.511	-13.518
6.599	-13.666
6.657	-13.764
6.761	-13.838
6.861	-13.886
6.923	-13.916
6.987	-13.942
7.051	-13.966
7.066	-13.972
7.081	-13.977
7.097	-13.977
7.647	-13.984
7.205	-13.982
7.561	-13.941
7.747	-13.919
7.935	-13.909
8.121	-13.887
8.154	-13.883
8.188	-13.875
8.220	-13.864
8.336	-13.824
8.484	-13.692
8.559	-13.615
8.656	-13.517
8.743	-13.413
8.805	-13.290
8.863	-13.175
9.025	-12.940
8.992	-12.762
8.990	-12.752
8.988	-12.741
8.983	-12.731
8.958	-12.685
8.928	-12.642
8.901	-12.597
POLYLINE BLACK
8.998	-12.592
8.993	-12.536
8.986	-12.513
8.997	-12.463
9.004	-12.432
9.017	-12.401
9.035	-12.375
9.162	-12.186
9.123	-12.237
9.256	-12.096
POLYLINE BLACK
10.281	-19.421
10.232	-19.263
POLYLINE BLACK
9.714	-8.575
9.687	-8.630
POLYLINE BLACK
6.960	-9.764
7.019	-9.835
7.091	-9.914
7.182	-9.943
7.418	-10.017
7.664	-9.896
7.871	-9.797
8.102	-9.688
8.319	-9.551
8.550	-9.444
8.660	-9.393
8.778	-9.365
8.891	-9.325
10.643	-8.713
9.372	-9.188
10.314	-8.790
11.081	-8.467
10.154	-8.881
10.790	-8.586
10.815	-8.574
10.842	-8.566
10.867	-8.554
11.131	-8.423
11.071	-8.459
11.209	-8.368
POLYLINE BLACK
8.949	-10.637
9.267	-10.682
9.586	-10.726
9.904	-10.771
10.024	-10.776
10.144	-10.775
10.263	-10.787
10.550	-10.837
10.423	-10.825
10.640	-10.838
POLYLINE BLACK
9.033	-10.603
9.013	-10.590
8.984	-10.579
8.972	-10.556
8.965	-10.542
8.963	-10.527
8.965	-10.512
8.972	-10.457
9.016	-10.415
9.067	-10.396
9.135	-10.370
9.205	-10.347
9.275	-10.326
9.663	-10.215
10.055	-10.120
10.441	-10.003
10.500	-9.985
10.557	-9.957
10.609	-9.923
10.694	-9.869
11.218	-9.546
11.407	-9.352
11.449	-9.310
11.482	-9.260
11.520	-9.213
POLYLINE BLUE
7.073	-10.651
7.073	-10.669
7.069	-10.687
7.070	-10.704
7.070	-10.715
7.073	-10.726
7.075	-10.736
7.074	-10.708
7.074	-10.623
7.073	-10.651
POLYLINE BLUE
7.210	-10.627
7.175	-10.641
7.137	-10.648
7.105	-10.667
7.037	-10.706
6.972	-10.752
6.911	-10.800
6.793	-10.892
6.682	-11.124
6.670	-11.268
6.663	-11.349
6.641	-11.575
6.689	-11.684
6.733	-11.786
6.858	-11.818
6.938	-11.739
6.951	-11.726
6.965	-11.714
6.973	-11.699
7.030	-11.587
7.087	-11.474
7.132	-11.356
7.178	-11.236
7.221	-11.114
7.246	-10.988
7.263	-10.905
7.255	-10.818
7.258	-10.733
7.260	-10.703
7.261	-10.673
7.262	-10.644
7.262	-10.629
7.278	-10.604
7.264	-10.599
7.245	-10.593
7.229	-10.619
7.210	-10.627
POLYLINE BLUE
6.311	-11.238
6.301	-11.273
6.266	-11.296
6.251	-11.328
6.208	-11.418
6.187	-11.493
6.181	-11.589
6.177	-11.653
6.181	-11.732
6.210	-11.790
6.234	-11.837
6.309	-11.816
6.330	-11.776
6.387	-11.667
6.385	-11.537
6.388	-11.417
6.390	-11.343
6.350	-11.221
6.304	-11.170
6.289	-11.154
6.317	-11.216
6.311	-11.238
POLYLINE BLUE
7.579	-10.084
7.580	-10.107
7.574	-10.129
7.575	-10.151
7.576	-10.174
7.579	-10.197
7.585	-10.218
7.631	-10.394
7.664	-10.491
7.750	-10.655
7.815	-10.777
7.866	-10.855
7.963	-10.946
8.062	-11.039
8.201	-11.080
8.335	-11.058
8.387	-11.049
8.442	-11.030
8.474	-10.986
8.509	-10.936
8.513	-10.855
8.517	-10.801
8.520	-10.747
8.509	-10.676
8.478	-10.630
8.275	-10.326
8.271	-10.289
8.007	-10.084
7.969	-10.055
7.927	-10.032
7.884	-10.012
7.817	-9.981
7.742	-9.950
7.670	-9.980
7.600	-10.009
7.614	-10.087
7.573	-10.146
7.561	-10.164
7.579	-10.063
7.579	-10.084
POLYLINE BLACK
6.609	-12.426
6.619	-12.473
6.596	-12.641
6.671	-12.686
6.738	-12.727
6.898	-12.716
6.934	-12.720
6.952	-12.721
6.994	-12.746
7.012	-12.724
7.019	-12.717
7.021	-12.707
7.023	-12.698
7.040	-12.584
7.057	-12.470
7.073	-12.357
7.076	-12.334
7.053	-12.314
7.031	-12.316
7.007	-12.317
6.721	-12.333
6.651	-12.351
6.610	-12.361
6.571	-12.380
6.531	-12.395
POLYLINE BLACK
7.545	-11.967
7.559	-11.939
7.577	-11.912
7.588	-11.882
7.608	-11.819
7.628	-11.757
7.649	-11.694
7.652	-11.691
7.654	-11.687
7.658	-11.685
7.667	-11.681
7.679	-11.685
7.685	-11.691
7.710	-11.715
7.734	-11.740
7.758	-11.766
7.799	-11.811
7.954	-11.931
7.933	-12.035
7.925	-12.077
7.913	-12.107
7.892	-12.144
7.873	-12.177
7.845	-12.202
7.816	-12.226
7.775	-12.258
7.738	-12.273
7.705	-12.224
7.629	-12.114
7.624	-12.017
7.594	-11.881
POLYLINE BLACK
8.442	-11.769
8.513	-11.769
8.540	-11.673
8.604	-11.661
8.658	-11.652
8.688	-11.722
8.703	-11.760
8.716	-11.794
8.839	-11.999
8.799	-12.098
8.773	-12.163
8.642	-12.197
8.609	-12.210
8.594	-12.217
8.554	-12.233
8.532	-12.223
8.520	-12.217
8.511	-12.204
8.508	-12.192
8.489	-12.119
8.464	-12.046
8.455	-11.971
8.446	-11.887
8.454	-11.803
8.454	-11.719
POLYLINE BLACK
7.753	-12.586
7.710	-12.606
7.659	-12.621
7.630	-12.661
7.582	-12.729
7.613	-12.819
7.628	-12.890
7.639	-12.931
7.649	-12.971
7.660	-13.012
7.662	-13.015
7.664	-13.019
7.667	-13.021
7.694	-13.049
7.773	-13.028
7.796	-13.019
7.874	-12.987
7.950	-12.949
8.026	-12.912
8.033	-12.909
8.039	-12.904
8.045	-12.899
8.078	-12.871
8.074	-12.822
8.071	-12.784
8.066	-12.710
8.036	-12.611
7.949	-12.598
7.942	-12.597
7.935	-12.595
7.928	-12.597
7.855	-12.614
7.783	-12.634
7.710	-12.653
POLYLINE BLACK
9.154	-10.949
9.125	-11.024
9.086	-11.140
9.169	-11.197
9.188	-11.211
9.213	-11.219
9.237	-11.217
9.264	-11.215
9.330	-11.216
9.362	-11.193
9.416	-11.153
9.445	-11.014
9.452	-10.991
9.458	-10.975
9.458	-10.952
9.456	-10.935
9.449	-10.892
9.413	-10.875
9.372	-10.869
9.323	-10.862
9.274	-10.859
9.224	-10.855
POLYLINE BLACK
9.185	-11.432
9.180	-11.518
9.173	-11.603
9.169	-11.689
9.167	-11.741
9.224	-11.764
9.267	-11.750
9.315	-11.735
9.352	-11.685
9.363	-11.637
9.375	-11.590
9.386	-11.543
9.395	-11.495
9.396	-11.489
9.395	-11.483
9.394	-11.476
9.385	-11.411
9.307	-11.401
9.254	-11.395
POLYLINE BLACK
8.658	-11.058
8.628	-11.146
8.597	-11.234
8.568	-11.323
8.547	-11.388
8.584	-11.417
8.640	-11.444
8.662	-11.454
8.691	-11.466
8.715	-11.456
8.737	-11.447
8.751	-11.422
8.760	-11.403
8.774	-11.371
8.895	-11.180
8.820	-11.104
8.778	-11.061
8.714	-11.045
8.660	-11.025
POLYLINE BLACK
7.940	-11.147
7.924	-11.214
7.909	-11.281
7.893	-11.347
7.893	-11.353
7.893	-11.359
7.894	-11.364
7.904	-11.442
7.959	-11.474
8.032	-11.477
8.060	-11.478
8.092	-11.478
8.115	-11.460
8.170	-11.420
8.195	-11.340
8.209	-11.276
8.217	-11.236
8.222	-11.191
8.187	-11.164
8.106	-11.102
7.916	-11.092
7.848	-11.081
POLYLINE BLACK
6.332	-11.299
6.622	-10.934
6.446	-11.171
6.824	-10.182
6.962	-9.822
7.076	-9.453
7.210	-9.092
7.423	-8.517
7.223	-9.173
7.370	-8.666
POLYLINE BLACK
7.077	-11.013
7.246	-8.812
7.116	-9.624
7.304	-8.554
POLYLINE BLACK
8.021	-10.385
7.763	-9.975
7.656	-9.488
7.540	-9.024
7.532	-8.991
7.528	-8.958
7.519	-8.925
7.473	-8.765
7.401	-8.615
7.334	-8.463
POLYLINE BLACK
5.464	-8.889
5.490	-8.841
5.530	-8.738
5.607	-8.748
5.641	-8.753
5.716	-8.802
5.734	-8.809
5.773	-8.824
5.857	-8.861
5.914	-8.850
5.952	-8.843
6.012	-8.797
6.036	-8.766
6.066	-8.728
6.091	-8.686
6.119	-8.646
POLYLINE BLACK
6.082	-9.421
6.095	-9.381
6.107	-9.340
6.122	-9.301
6.135	-9.266
6.156	-9.239
6.194	-9.238
6.212	-9.237
6.231	-9.242
6.246	-9.253
6.261	-9.264
6.270	-9.279
6.284	-9.292
6.304	-9.310
6.331	-9.329
6.358	-9.331
6.428	-9.338
6.474	-9.241
6.499	-9.198
POLYLINE BLACK
6.274	-9.804
6.282	-9.782
6.289	-9.758
6.298	-9.736
6.314	-9.701
6.367	-9.653
6.410	-9.671
6.473	-9.698
6.529	-9.746
6.599	-9.728
6.610	-9.725
6.628	-9.713
6.633	-9.707
6.673	-9.664
6.710	-9.618
6.749	-9.574
POLYLINE BLUE
9.020	-9.496
8.996	-9.510
8.971	-9.521
8.949	-9.537
8.871	-9.591
8.774	-9.731
8.758	-9.830
8.746	-9.906
8.742	-9.981
8.755	-10.056
8.767	-10.134
8.821	-10.232
8.852	-10.290
8.883	-10.348
8.939	-10.386
9.004	-10.378
9.020	-10.376
9.036	-10.370
9.049	-10.362
9.104	-10.330
9.135	-10.260
9.150	-10.202
9.205	-10.001
9.193	-9.834
9.138	-9.638
9.127	-9.597
9.114	-9.556
9.095	-9.517
9.086	-9.498
9.076	-9.473
9.055	-9.467
9.041	-9.463
9.033	-9.488
9.020	-9.496
POLYLINE BLACK
9.043	-9.812
9.006	-9.793
8.965	-9.779
8.932	-9.754
8.595	-9.508
8.774	-9.510
8.292	-9.126
7.558	-8.540
7.710	-8.601
7.220	-8.473
POLYLINE RED
5.642	-8.507
5.850	-8.772
5.861	-8.771
6.075	-9.222
6.161	-9.406
6.218	-9.602
6.292	-9.791
6.544	-10.434
6.092	-9.199
6.539	-10.450
POLYLINE RED
6.700	-10.445
6.699	-10.409
6.700	-10.373
6.696	-10.337
6.694	-10.314
6.690	-10.291
6.681	-10.270
5.882	-8.585
6.196	-9.092
5.685	-8.310
POLYLINE BLACK
11.325	-7.268
11.345	-7.307
11.368	-7.345
11.384	-7.385
11.406	-7.441
11.418	-7.500
11.437	-7.557
11.455	-7.612
11.537	-7.584
11.568	-7.563
11.583	-7.552
11.602	-7.532
11.610	-7.516
11.691	-7.360
11.677	-7.345
11.792	-7.233
POLYLINE BLACK
11.632	-7.467
11.700	-7.508
11.793	-7.563
11.876	-7.528
11.937	-7.502
11.950	-7.481
12.010	-7.432
POLYLINE BLACK
12.009	-7.284
12.003	-7.316
11.991	-7.351
11.996	-7.385
11.999	-7.400
12.005	-7.415
12.014	-7.428
12.049	-7.479
12.090	-7.471
12.129	-7.428
12.163	-7.392
12.218	-7.298
12.137	-7.281
12.080	-7.270
12.071	-7.273
12.010	-7.273
POLYLINE BLACK
12.321	-7.093
12.349	-7.150
12.375	-7.208
12.406	-7.264
12.424	-7.298
12.451	-7.309
12.469	-7.272
12.490	-7.232
12.509	-7.190
12.530	-7.150
12.533	-7.144
12.542	-7.140
12.549	-7.140
12.587	-7.138
12.627	-7.198
12.645	-7.217
POLYLINE BLACK
12.751	-6.979
12.816	-7.268
POLYLINE BLACK
12.728	-6.929
12.781	-6.845
12.802	-6.832
12.906	-6.813
POLYLINE BLACK
12.971	-6.987
13.006	-6.959
13.027	-6.951
13.046	-6.919
13.065	-6.889
13.065	-6.802
13.014	-6.806
12.974	-6.810
12.907	-6.871
12.935	-6.916
12.950	-6.939
12.983	-6.956
13.005	-6.965
13.060	-6.985
13.116	-7.000
13.171	-7.018
POLYLINE BLACK
13.401	-6.714
13.353	-6.747
13.281	-6.784
13.289	-6.855
13.292	-6.878
13.302	-6.900
13.319	-6.917
13.335	-6.933
13.358	-6.946
13.381	-6.949
13.449	-6.955
13.517	-6.896
13.568	-6.862
POLYLINE BLACK
14.272	-6.753
14.316	-6.849
14.366	-6.943
14.405	-7.041
14.407	-7.047
14.391	-7.043
14.386	-7.040
14.369	-7.028
14.354	-7.013
14.340	-6.997
14.325	-6.980
14.311	-6.961
14.299	-6.941
14.284	-6.916
14.271	-6.889
14.261	-6.861
14.218	-6.745
14.223	-6.664
14.267	-6.549
14.277	-6.523
14.294	-6.492
14.314	-6.471
14.348	-6.437
14.395	-6.475
14.407	-6.510
14.425	-6.561
14.420	-6.581
14.423	-6.643
POLYLINE BLACK
14.573	-6.342
14.594	-6.398
14.606	-6.447
14.640	-6.493
14.682	-6.549
14.770	-6.589
14.831	-6.536
14.876	-6.497
14.876	-6.425
14.859	-6.373
14.836	-6.297
14.748	-6.290
14.682	-6.291
14.660	-6.291
14.639	-6.293
14.628	-6.313
14.602	-6.358
14.627	-6.428
14.635	-6.471
POLYLINE BLACK
14.998	-6.167
15.020	-6.199
15.041	-6.231
15.064	-6.261
15.133	-6.354
15.257	-6.160
15.297	-6.133
15.315	-6.121
15.320	-6.155
15.321	-6.159
15.324	-6.172
15.324	-6.187
15.329	-6.200
15.342	-6.234
15.390	-6.184
15.412	-6.181
15.490	-6.172
15.599	-6.270
15.642	-6.299
POLYLINE BLACK
15.742	-6.032
15.810	-6.220
15.774	-6.140
15.841	-6.276
POLYLINE BLACK
15.687	-5.887
15.703	-5.860
15.719	-5.832
15.737	-5.806
15.798	-5.719
15.906	-5.765
15.981	-5.800
POLYLINE BLACK
16.097	-5.918
16.084	-5.947
16.070	-5.975
16.059	-6.004
16.038	-6.061
16.050	-6.142
16.119	-6.151
16.135	-6.153
16.151	-6.152
16.165	-6.142
16.181	-6.130
16.190	-6.109
16.194	-6.089
16.203	-6.052
16.205	-6.007
16.181	-5.974
16.145	-5.924
16.089	-5.944
16.068	-5.997
16.043	-6.063
16.136	-6.098
16.184	-6.096
16.235	-6.093
16.271	-6.087
16.316	-6.069
16.359	-6.052
16.384	-6.005
16.424	-5.996
16.462	-5.987
16.491	-6.021
16.530	-6.004
16.595	-5.976
16.648	-5.802
16.726	-5.862
16.754	-5.885
16.782	-5.908
16.809	-5.932
16.833	-5.953
16.833	-5.961
16.858	-5.973
16.893	-5.991
16.957	-5.991
16.981	-5.954
16.987	-5.945
16.989	-5.934
16.989	-5.923
16.991	-5.868
16.930	-5.845
16.884	-5.842
16.769	-5.834
16.737	-5.849
16.610	-5.870
POLYLINE BLACK
16.741	-5.578
16.840	-5.495
16.951	-5.482
17.075	-5.456
POLYLINE BLACK
17.129	-5.752
17.132	-5.769
17.135	-5.828
17.157	-5.853
17.191	-5.893
17.264	-5.859
17.298	-5.837
17.360	-5.797
17.274	-5.843
17.347	-5.790
17.359	-5.781
17.369	-5.789
17.376	-5.800
17.381	-5.807
17.383	-5.817
17.387	-5.825
17.402	-5.857
17.428	-5.866
17.460	-5.847
17.468	-5.842
17.477	-5.837
17.483	-5.830
17.540	-5.761
17.593	-5.689
17.648	-5.618
POLYLINE BLACK
17.621	-5.826
17.560	-6.036
POLYLINE BLACK
11.689	-8.361
11.718	-8.424
11.752	-8.485
11.775	-8.550
11.781	-8.566
11.752	-8.524
11.742	-8.510
11.730	-8.492
11.719	-8.474
11.710	-8.455
11.702	-8.439
11.695	-8.422
11.692	-8.405
11.675	-8.326
11.677	-8.276
11.684	-8.196
11.690	-8.140
11.765	-8.089
11.816	-8.120
11.826	-8.126
11.833	-8.135
11.838	-8.144
11.861	-8.185
11.826	-8.219
11.790	-8.238
11.760	-8.255
11.728	-8.268
11.697	-8.282
POLYLINE BLACK
12.027	-8.195
12.037	-8.164
12.044	-8.133
12.055	-8.102
12.074	-8.048
12.143	-8.033
12.189	-8.062
12.211	-8.076
12.228	-8.118
12.258	-8.098
12.291	-8.077
12.375	-7.928
12.382	-7.918
12.385	-7.914
12.391	-7.912
12.396	-7.910
12.444	-7.900
12.516	-8.052
12.582	-8.005
12.624	-7.975
12.645	-7.850
12.576	-7.844
12.519	-7.839
12.456	-7.875
12.408	-7.894
POLYLINE BLACK
12.713	-7.941
12.748	-7.918
12.778	-7.905
12.803	-7.872
12.897	-7.748
12.913	-7.606
12.937	-7.454
12.940	-7.438
12.942	-7.421
12.939	-7.405
12.938	-7.399
12.932	-7.393
12.927	-7.395
12.904	-7.406
12.892	-7.459
12.890	-7.480
12.882	-7.590
12.934	-7.697
13.000	-7.780
13.019	-7.805
13.051	-7.838
13.084	-7.848
13.121	-7.859
13.192	-7.839
13.201	-7.795
13.210	-7.752
13.160	-7.734
13.127	-7.738
13.064	-7.747
13.057	-7.752
13.005	-7.769
POLYLINE BLACK
13.295	-7.791
13.332	-7.728
13.361	-7.692
13.376	-7.620
13.391	-7.545
13.403	-7.469
13.410	-7.393
13.409	-7.356
13.408	-7.319
13.407	-7.283
13.402	-7.282
13.396	-7.276
13.392	-7.280
13.379	-7.291
13.363	-7.333
13.360	-7.349
13.338	-7.439
13.395	-7.574
13.484	-7.611
13.561	-7.642
13.583	-7.639
13.676	-7.654
POLYLINE BLACK
13.646	-7.578
13.673	-7.572
13.700	-7.565
13.727	-7.559
13.729	-7.554
13.736	-7.548
13.733	-7.544
13.721	-7.523
13.677	-7.512
13.657	-7.529
13.647	-7.537
13.642	-7.550
13.638	-7.562
13.620	-7.625
13.676	-7.657
13.728	-7.676
13.758	-7.687
13.809	-7.701
13.843	-7.689
13.911	-7.666
13.978	-7.637
14.045	-7.611
POLYLINE BLACK
14.024	-7.340
14.045	-7.402
14.067	-7.463
14.087	-7.524
14.091	-7.538
14.092	-7.552
14.098	-7.564
14.100	-7.568
14.105	-7.570
14.108	-7.569
14.121	-7.566
14.136	-7.538
14.140	-7.532
14.174	-7.467
14.206	-7.400
14.241	-7.335
14.244	-7.329
14.249	-7.325
14.255	-7.322
14.305	-7.289
14.369	-7.411
14.385	-7.441
14.392	-7.452
14.398	-7.479
14.415	-7.486
14.426	-7.490
14.441	-7.482
14.447	-7.473
14.477	-7.433
14.503	-7.390
14.530	-7.348
14.538	-7.335
14.551	-7.300
14.574	-7.315
14.591	-7.327
14.616	-7.380
14.621	-7.385
14.713	-7.488
14.724	-7.496
14.790	-7.551
POLYLINE BLACK
15.499	-6.937
15.513	-6.929
15.555	-6.894
15.586	-6.895
15.630	-6.896
15.649	-6.960
15.658	-6.992
15.671	-7.042
15.660	-7.094
15.645	-7.143
15.640	-7.158
15.595	-7.222
15.617	-7.254
15.638	-7.283
15.714	-7.285
15.731	-7.286
15.756	-7.288
15.782	-7.288
15.807	-7.286
15.868	-7.282
15.935	-7.227
15.975	-7.192
POLYLINE BLACK
13.608	-8.524
13.581	-8.528
13.527	-8.523
13.501	-8.550
13.481	-8.571
13.482	-8.605
13.487	-8.632
13.509	-8.752
13.616	-8.804
13.730	-8.784
13.761	-8.779
13.792	-8.765
13.814	-8.742
13.844	-8.710
13.859	-8.672
13.866	-8.629
13.876	-8.565
13.865	-8.470
13.792	-8.448
13.779	-8.445
13.767	-8.443
13.755	-8.446
13.699	-8.457
13.658	-8.517
13.624	-8.557
POLYLINE BLACK
13.688	-8.162
13.684	-8.226
13.674	-8.269
13.688	-8.326
13.718	-8.443
13.822	-8.494
13.938	-8.473
14.009	-8.461
14.070	-8.410
14.127	-8.369
POLYLINE BLACK
14.158	-8.157
14.144	-8.274
14.165	-8.336
14.223	-8.434
POLYLINE BLACK
14.041	-8.158
14.054	-8.089
14.061	-7.998
14.111	-7.941
14.184	-7.858
14.230	-7.833
14.323	-7.763
POLYLINE BLACK
14.472	-7.914
14.448	-7.957
14.401	-8.030
14.462	-8.066
14.495	-8.085
14.516	-8.096
14.553	-8.103
14.563	-8.106
14.627	-8.104
14.631	-8.120
14.633	-8.131
14.622	-8.142
14.617	-8.149
POLYLINE BLACK
14.826	-7.604
14.848	-7.655
14.869	-7.705
14.891	-7.755
14.920	-7.842
14.943	-7.931
14.978	-8.016
15.012	-8.100
15.056	-8.180
15.096	-8.262
POLYLINE BLACK
14.896	-7.990
15.024	-7.858
14.923	-7.950
15.258	-7.796
POLYLINE BLACK
15.366	-7.931
15.364	-7.968
15.360	-8.004
15.360	-8.040
15.360	-8.147
15.451	-8.252
15.561	-8.247
15.582	-8.246
15.606	-8.242
15.623	-8.229
15.644	-8.213
15.651	-8.188
15.651	-8.163
15.653	-8.078
15.584	-7.991
15.503	-7.967
15.436	-7.948
15.348	-7.994
15.288	-8.018
POLYLINE BLACK
9.184	-12.031
9.250	-12.034
9.294	-12.028
9.352	-12.050
9.394	-12.066
9.441	-12.095
9.472	-12.126
9.632	-12.284
9.798	-12.438
9.944	-12.609
10.067	-12.753
10.165	-12.917
10.279	-13.067
10.316	-13.116
10.360	-13.158
10.397	-13.206
10.821	-13.773
11.275	-14.320
11.662	-14.913
11.945	-15.347
12.146	-15.829
12.401	-16.280
12.441	-16.351
12.501	-16.409
12.545	-16.478
13.571	-18.055
12.525	-16.543
13.186	-17.404
13.217	-17.444
13.240	-17.489
13.264	-17.533
13.332	-17.662
13.392	-17.796
13.463	-17.925
13.510	-18.009
13.675	-18.155
13.716	-18.188
13.807	-18.261
13.940	-18.358
14.069	-18.369
14.124	-18.374
14.240	-18.385
14.313	-18.364
14.329	-18.359
14.344	-18.352
14.360	-18.344
14.581	-18.236
14.512	-18.277
14.679	-18.158
POLYLINE BLACK
10.600	-10.763
10.669	-10.795
10.735	-10.832
10.806	-10.859
11.351	-11.060
10.892	-10.760
11.744	-11.300
12.089	-11.518
12.446	-12.046
12.627	-12.315
12.722	-12.457
12.783	-12.619
12.860	-12.771
13.042	-13.132
13.208	-13.501
13.403	-13.855
13.615	-14.241
13.859	-14.608
14.078	-14.989
14.283	-15.344
14.536	-16.144
14.597	-16.330
14.602	-16.345
14.714	-16.862
14.716	-16.886
14.730	-17.052
14.715	-17.219
14.722	-17.385
14.724	-17.426
14.738	-17.466
14.741	-17.507
14.743	-17.530
14.740	-17.553
14.738	-17.576
14.707	-17.916
14.734	-17.776
14.631	-18.087
POLYLINE BLACK
13.659	-17.698
14.619	-17.083
13.318	-17.896
14.178	-17.418
14.252	-17.377
14.317	-17.320
14.386	-17.271
POLYLINE BLACK
13.660	-17.641
13.568	-17.245
13.472	-16.849
13.384	-16.452
13.374	-16.410
13.434	-16.445
13.439	-16.449
13.459	-16.463
13.478	-16.478
13.495	-16.495
13.647	-16.648
13.791	-16.809
13.945	-16.960
14.462	-17.465
14.025	-16.991
14.299	-17.294
POLYLINE BLACK
12.221	-14.669
12.229	-14.577
12.225	-14.517
12.256	-14.435
12.280	-14.375
12.308	-14.324
12.349	-14.275
12.392	-14.225
12.478	-14.159
12.551	-14.191
12.678	-14.246
12.860	-14.370
13.020	-14.342
13.187	-14.312
13.287	-14.070
13.353	-13.955
POLYLINE BLACK
12.344	-15.810
12.600	-15.764
12.622	-15.771
12.803	-15.597
POLYLINE BLACK
12.269	-15.765
12.300	-15.610
12.336	-15.456
12.363	-15.301
12.370	-15.235
12.377	-15.168
12.384	-15.102
12.388	-15.098
12.390	-15.091
12.395	-15.089
12.429	-15.072
12.514	-15.154
12.528	-15.177
12.620	-15.337
12.705	-15.500
12.794	-15.662
POLYLINE BLACK
13.402	-15.828
14.059	-15.587
POLYLINE BLACK
13.392	-15.745
13.451	-15.487
13.495	-15.400
13.492	-15.173
13.491	-15.103
13.476	-15.033
13.477	-14.963
13.477	-14.958
13.487	-14.958
13.492	-14.960
13.503	-14.965
13.513	-14.973
13.521	-14.981
13.555	-15.015
13.590	-15.047
13.616	-15.086
13.742	-15.273
13.856	-15.467
13.976	-15.658
POLYLINE BLACK
13.568	-16.239
13.585	-16.176
13.586	-16.146
13.618	-16.096
13.661	-16.029
13.813	-15.925
13.892	-15.993
13.924	-16.021
13.955	-16.051
13.985	-16.081
14.016	-16.113
14.026	-16.139
14.059	-16.159
14.136	-16.206
14.241	-16.135
14.282	-16.070
14.332	-15.989
14.378	-15.904
14.426	-15.821
POLYLINE BLACK
11.585	-14.074
11.565	-14.134
POLYLINE BLACK
11.507	-14.173
11.549	-14.174
11.592	-14.178
11.634	-14.177
11.657	-14.176
11.679	-14.173
11.701	-14.167
11.942	-14.093
12.001	-14.100
12.153	-13.989
12.174	-13.974
12.193	-13.955
12.213	-13.938
POLYLINE BLACK
11.512	-14.128
11.608	-13.921
11.658	-13.700
11.650	-13.472
11.648	-13.412
11.633	-13.351
11.634	-13.291
11.634	-13.284
11.647	-13.293
11.654	-13.294
11.771	-13.438
11.897	-13.575
12.007	-13.726
12.047	-13.781
12.070	-13.848
12.101	-13.910
POLYLINE BLACK
12.432	-13.732
12.430	-13.681
12.420	-13.630
12.432	-13.581
12.453	-13.499
12.517	-13.406
12.611	-13.409
12.695	-13.411
12.718	-13.484
12.825	-13.454
12.900	-13.434
12.949	-13.337
12.986	-13.282
POLYLINE BLACK
12.207	-13.025
12.202	-12.819
12.194	-12.613
12.192	-12.407
12.191	-12.375
12.224	-12.386
12.238	-12.397
12.314	-12.457
12.357	-12.540
12.398	-12.625
12.413	-12.657
12.425	-12.691
12.442	-12.723
12.467	-12.770
12.497	-12.813
12.522	-12.859
12.524	-12.865
12.524	-12.872
12.522	-12.878
12.518	-12.892
12.500	-12.897
12.488	-12.899
12.190	-12.939
12.386	-12.893
12.126	-12.967
POLYLINE BLACK
10.840	-13.060
10.823	-12.959
10.830	-12.900
10.906	-12.827
10.935	-12.799
10.965	-12.778
11.005	-12.772
11.116	-12.755
11.229	-12.822
11.338	-12.778
11.455	-12.731
11.516	-12.599
11.545	-12.484
11.555	-12.441
11.560	-12.397
11.567	-12.353
POLYLINE BLACK
11.044	-12.160
11.167	-12.154
11.311	-12.131
11.408	-12.049
11.466	-12.000
11.520	-11.947
11.576	-11.896
POLYLINE BLACK
11.115	-12.117
11.179	-11.906
11.169	-11.787
11.140	-11.565
11.135	-11.533
11.123	-11.503
11.119	-11.471
11.118	-11.466
11.122	-11.460
11.125	-11.456
11.133	-11.446
11.151	-11.441
11.162	-11.441
11.259	-11.442
11.354	-11.475
11.423	-11.546
11.512	-11.638
11.595	-11.737
11.680	-11.833
POLYLINE BLACK
15.053	-17.491
15.086	-17.627
15.118	-17.765
15.153	-17.901
15.155	-17.908
15.160	-17.914
15.165	-17.919
15.196	-17.952
15.233	-17.908
15.265	-17.905
15.286	-17.903
15.307	-17.910
15.323	-17.921
15.466	-18.017
15.258	-17.886
15.389	-17.974
15.437	-18.006
15.497	-18.000
15.542	-17.964
15.670	-17.862
15.741	-17.462
15.742	-17.458
POLYLINE BLACK
15.944	-17.517
15.934	-17.549
15.922	-17.581
15.914	-17.613
15.900	-17.672
15.923	-17.764
15.981	-17.794
16.003	-17.805
16.028	-17.807
16.052	-17.803
16.111	-17.793
16.117	-17.722
16.118	-17.676
16.118	-17.630
16.112	-17.571
16.076	-17.538
16.043	-17.508
16.002	-17.493
15.961	-17.479
POLYLINE BLACK
15.961	-17.491
16.045	-17.678
16.095	-17.774
16.312	-17.750
16.333	-17.747
16.402	-17.719
16.415	-17.727
16.441	-17.743
16.425	-17.838
16.425	-17.843
16.436	-17.926
16.455	-18.007
16.470	-18.089
POLYLINE BLACK
16.712	-17.523
16.658	-17.570
16.608	-17.615
16.666	-17.675
16.685	-17.694
16.704	-17.707
16.728	-17.718
16.757	-17.731
16.787	-17.730
16.803	-17.758
16.825	-17.795
16.812	-17.843
16.805	-17.881
POLYLINE BLACK
17.087	-16.997
17.090	-17.093
17.093	-17.188
17.095	-17.284
17.093	-17.369
17.088	-17.454
17.089	-17.539
17.091	-17.614
17.105	-17.699
17.192	-17.704
17.257	-17.709
17.316	-17.657
17.348	-17.606
17.398	-17.527
17.442	-17.444
17.489	-17.363
POLYLINE BLACK
17.392	-17.468
17.384	-17.517
17.364	-17.573
17.387	-17.622
17.425	-17.702
17.530	-17.722
17.608	-17.699
17.625	-17.694
17.695	-17.650
17.727	-17.675
17.746	-17.690
17.747	-17.720
17.755	-17.740
17.779	-17.797
17.862	-17.888
17.930	-17.841
18.036	-17.767
18.087	-17.517
17.912	-17.508
17.817	-17.503
17.682	-17.601
17.627	-17.630
POLYLINE BLACK
15.318	-18.546
15.347	-18.529
15.376	-18.510
15.406	-18.494
15.423	-18.485
15.453	-18.481
15.472	-18.481
15.554	-18.480
15.592	-18.526
15.575	-18.605
15.562	-18.667
15.443	-18.796
15.467	-18.820
15.478	-18.831
15.507	-18.830
15.519	-18.829
15.561	-18.825
15.610	-18.820
15.650	-18.800
15.675	-18.788
15.760	-18.720
15.818	-18.719
15.874	-18.718
15.927	-18.779
15.985	-18.796
16.030	-18.810
16.096	-18.818
16.119	-18.766
16.130	-18.741
16.134	-18.715
16.126	-18.690
16.123	-18.681
16.119	-18.673
16.115	-18.665
16.109	-18.654
16.085	-18.626
16.095	-18.633
16.121	-18.649
16.139	-18.675
16.162	-18.695
16.240	-18.759
16.297	-18.745
16.364	-18.671
16.397	-18.635
16.430	-18.600
16.455	-18.558
16.491	-18.499
16.519	-18.435
16.547	-18.372
16.559	-18.344
16.574	-18.254
16.576	-18.284
16.579	-18.328
16.556	-18.369
16.549	-18.413
16.546	-18.435
16.546	-18.457
16.548	-18.479
16.552	-18.548
16.578	-18.618
16.642	-18.651
16.659	-18.660
16.682	-18.665
16.701	-18.662
16.756	-18.652
16.807	-18.608
16.848	-18.579
16.907	-18.535
16.973	-18.430
17.007	-18.385
POLYLINE BLACK
16.893	-18.484
16.863	-18.563
16.839	-18.641
16.892	-18.715
16.904	-18.731
16.921	-18.744
16.941	-18.750
16.986	-18.763
17.031	-18.740
17.077	-18.747
17.152	-18.758
17.244	-18.848
17.315	-18.780
17.359	-18.738
17.399	-18.653
17.347	-18.602
17.336	-18.592
17.323	-18.586
17.309	-18.586
17.267	-18.588
17.235	-18.628
17.208	-18.653
POLYLINE BLACK
17.475	-18.464
17.483	-18.491
17.491	-18.519
17.500	-18.546
17.527	-18.621
17.662	-18.553
17.688	-18.542
17.731	-18.524
17.823	-18.444
17.830	-18.546
17.834	-18.594
17.836	-18.643
17.835	-18.691
17.835	-18.719
17.831	-18.747
17.829	-18.774
POLYLINE BLACK
17.655	-18.250
17.731	-18.162
17.837	-18.121
17.941	-18.079
POLYLINE BLACK
18.114	-18.506
18.095	-18.534
18.075	-18.561
18.058	-18.591
18.026	-18.645
18.033	-18.751
18.093	-18.784
18.191	-18.837
18.284	-18.727
18.333	-18.659
POLYLINE BLACK
18.324	-18.402
18.436	-18.429
18.418	-18.417
18.518	-18.469
18.585	-18.504
18.533	-18.546
18.532	-18.591
18.529	-18.657
18.608	-18.704
18.667	-18.685
18.697	-18.676
18.730	-18.658
18.753	-18.637
18.785	-18.611
18.811	-18.579
18.842	-18.552
18.847	-18.548
18.853	-18.546
18.860	-18.544
18.897	-18.535
18.903	-18.580
18.933	-18.588
18.995	-18.605
19.074	-18.444
19.059	-18.389
19.055	-18.372
19.044	-18.357
19.029	-18.347
18.957	-18.296
18.844	-18.454
18.810	-18.490
POLYLINE BLACK
19.270	-18.247
19.281	-18.282
19.282	-18.407
19.351	-18.416
19.364	-18.418
19.382	-18.414
19.394	-18.414
19.437	-18.415
19.471	-18.440
19.499	-18.471
19.559	-18.540
19.583	-18.671
19.606	-18.740
POLYLINE BLACK
19.777	-18.365
19.757	-18.422
19.741	-18.446
19.738	-18.501
19.737	-18.533
19.739	-18.557
19.750	-18.587
19.769	-18.640
19.852	-18.712
19.895	-18.642
19.911	-18.617
19.922	-18.594
19.927	-18.565
19.937	-18.510
19.931	-18.463
19.900	-18.416
19.892	-18.404
19.880	-18.394
19.874	-18.380
19.872	-18.376
19.875	-18.370
19.879	-18.368
19.886	-18.365
19.896	-18.366
19.904	-18.368
19.956	-18.376
20.006	-18.392
20.058	-18.398
20.109	-18.403
20.161	-18.405
20.213	-18.401
20.340	-18.391
20.415	-18.350
20.539	-18.303
POLYLINE BLACK
14.745	-20.205
14.751	-20.274
14.760	-20.343
14.762	-20.413
14.764	-20.465
14.744	-20.627
14.693	-20.650
14.650	-20.669
14.585	-20.594
14.566	-20.567
14.486	-20.452
14.504	-20.265
14.553	-20.144
14.584	-20.066
14.632	-19.945
14.721	-19.905
14.750	-19.891
14.785	-19.887
14.817	-19.892
14.854	-19.898
14.913	-19.938
14.888	-19.982
14.862	-20.028
14.797	-20.047
14.751	-20.066
POLYLINE BLACK
15.199	-19.969
15.153	-20.027
15.083	-20.092
15.090	-20.175
15.096	-20.250
15.179	-20.287
15.247	-20.281
15.290	-20.278
15.331	-20.263
15.364	-20.235
15.416	-20.191
15.449	-20.122
15.457	-20.055
15.468	-19.968
15.372	-19.911
15.297	-19.907
15.281	-19.906
15.267	-19.907
15.254	-19.915
15.200	-19.952
15.195	-20.057
15.187	-20.113
POLYLINE BLACK
15.803	-19.877
15.779	-19.900
15.753	-19.922
15.731	-19.947
15.678	-20.005
15.659	-20.102
15.691	-20.174
15.722	-20.245
15.808	-20.204
15.843	-20.159
15.892	-20.096
15.919	-19.993
15.935	-19.928
15.952	-19.860
15.963	-19.790
15.969	-19.720
15.975	-19.647
15.951	-19.430
15.972	-19.500
16.015	-19.642
16.008	-19.794
16.036	-19.939
16.056	-20.006
16.076	-20.074
16.096	-20.141
16.102	-20.148
16.106	-20.166
16.114	-20.162
16.126	-20.155
16.123	-20.137
16.126	-20.124
16.134	-20.093
16.138	-20.061
16.147	-20.030
16.154	-20.011
16.179	-19.920
16.216	-19.899
16.265	-19.872
16.324	-20.014
16.332	-20.039
16.348	-20.097
16.358	-20.155
16.372	-20.213
POLYLINE BLACK
16.518	-19.995
16.536	-20.032
16.553	-20.070
16.573	-20.106
16.602	-20.157
16.673	-20.190
16.725	-20.154
16.766	-20.126
16.787	-20.075
16.817	-20.038
16.823	-20.030
16.837	-20.023
16.847	-20.031
16.852	-20.035
16.854	-20.042
16.857	-20.048
16.894	-20.167
16.934	-20.285
16.967	-20.405
16.995	-20.508
16.957	-20.559
16.864	-20.596
16.794	-20.624
16.714	-20.624
16.649	-20.583
16.625	-20.568
16.622	-20.537
16.639	-20.516
16.668	-20.482
16.699	-20.450
16.730	-20.418
16.828	-20.316
16.935	-20.221
17.028	-20.114
17.070	-20.065
17.102	-20.008
17.133	-19.951
17.219	-19.796
17.225	-19.705
17.251	-19.508
17.256	-19.473
17.263	-19.436
17.250	-19.403
17.245	-19.389
17.231	-19.426
17.225	-19.440
17.213	-19.468
17.203	-19.498
17.196	-19.528
17.189	-19.560
17.183	-19.593
17.182	-19.625
17.182	-19.708
17.187	-19.791
17.213	-19.870
17.253	-19.995
17.410	-20.101
17.540	-20.038
17.608	-20.005
17.655	-19.871
17.684	-19.805
POLYLINE BLACK
17.789	-19.669
17.809	-19.735
17.831	-19.800
17.850	-19.867
17.855	-19.887
17.855	-19.909
17.862	-19.929
17.864	-19.935
17.869	-19.941
17.875	-19.942
17.891	-19.944
17.914	-19.916
17.919	-19.909
17.960	-19.856
17.997	-19.800
18.038	-19.748
18.094	-19.678
18.203	-19.746
18.225	-19.813
18.260	-19.922
18.289	-20.033
18.321	-20.143
POLYLINE BLACK
18.508	-19.779
18.557	-20.104
POLYLINE BLACK
18.505	-19.627
18.624	-19.497
18.680	-19.496
18.860	-19.428
POLYLINE BLACK
19.025	-19.904
19.014	-19.905
18.948	-19.898
18.922	-19.917
18.882	-19.948
18.914	-20.027
18.939	-20.057
19.004	-20.137
19.166	-20.034
19.215	-19.989
19.266	-19.943
19.340	-19.872
19.350	-19.796
19.353	-19.772
19.348	-19.748
19.337	-19.727
19.290	-19.639
19.224	-19.630
19.130	-19.633
19.077	-19.635
19.027	-19.651
18.983	-19.681
18.886	-19.750
18.869	-19.872
18.839	-19.979
POLYLINE BLACK
19.270	-19.711
19.288	-19.744
19.304	-19.778
19.325	-19.809
19.378	-19.887
19.522	-19.977
19.620	-19.979
19.706	-19.981
19.801	-19.922
19.874	-19.887

ELEVATION
STATIONS
0.000	0.000	0
0.301	0.095	1
-1.516	1.051	2
3.051	2.982	3
6.477	4.976	4
6.366	5.663	5
11.081	6.263	6
11.112	6.387	5.1
14.173	12.829	5.2
SHOTS
0.000	0.000	0.293	0.110
0.000	0.000	0.301	0.095
0.301	0.095	-0.268	0.035
0.301	0.095	0.340	-0.383
0.301	0.095	0.125	0.498
0.301	0.095	-1.516	1.051
-1.516	1.051	-0.958	1.084
-1.516	1.051	-1.465	0.102
-1.516	1.051	-1.522	1.391
-1.516	1.051	-1.690	1.379
-1.516	1.051	-2.555	1.100
-1.516	1.051	3.051	2.982
3.051	2.982	4.079	2.755
3.051	2.982	3.050	2.478
3.051	2.982	3.041	3.710
3.051	2.982	6.477	4.976
6.477	4.976	5.568	5.063
6.477	4.976	6.444	5.826
6.477	4.976	6.546	4.021
6.477	4.976	6.366	5.663
6.366	5.663	6.912	5.666
6.366	5.663	9.200	7.104
6.366	5.663	10.351	7.053
6.366	5.663	10.351	7.053
6.366	5.663	11.261	5.868
6.366	5.663	5.220	6.226
6.366	5.663	5.220	6.226
6.366	5.663	5.980	6.798
6.366	5.663	6.684	6.263
6.366	5.663	6.684	6.263
6.366	5.663	7.667	6.362
6.366	5.663	7.667	6.362
6.366	5.663	8.420	6.351
6.366	5.663	8.420	6.351
6.366	5.663	8.904	6.458
6.366	5.663	8.904	6.458
6.366	5.663	11.077	6.249
6.366	5.663	6.376	4.969
6.366	5.663	6.404	7.056
6.366	5.663	8.930	6.256
6.366	5.663	11.081	6.263
11.081	6.263	10.934	6.332
6.366	5.663	11.112	6.387
11.112	6.387	9.882	6.699
11.112	6.387	11.064	5.841
11.112	6.387	10.856	7.473
11.112	6.387	15.154	15.287
11.112	6.387	15.156	15.297
11.112	6.387	15.029	15.039
11.112	6.387	13.694	12.166
11.112	6.387	13.694	12.166
11.112	6.387	13.668	12.422
11.112	6.387	13.668	12.422
11.112	6.387	13.381	11.892
11.112	6.387	14.173	12.829
14.173	12.829	17.228	19.264

