TRIP
DATE 2005-07-01 
DECLINATION     0.00
DATA
1.0	1.1	76.29	-7.25	12.166	>
1.1	1.2	330.77	22.45	5.389	>
1.2		52.08	80.06	9.910	>
1.2		7.31	-89.10	2.510	>
1.2		55.92	5.74	0.769	>
1.2	1.3	340.60	6.71	5.363	>
1.3		221.57	86.12	3.140	>
1.3		201.16	-87.80	1.730	>
1.3		235.00	-5.02	0.719	>
1.3	1.4	338.61	51.47	4.556	>
1.4		101.05	9.43	2.020	>
1.4		61.37	6.22	3.250	>
1.4		12.41	16.21	5.760	>
1.4		236.92	13.30	0.830	>
1.4		90.54	82.37	8.800	>
1.4		134.49	-83.57	2.139	>
1.4	1.5	94.59	-47.24	4.289	>
1.5		338.22	55.96	6.341	>
1.5		129.44	-82.00	3.880	>
1.5		310.65	-28.38	0.900	>
1.5	1.6	18.17	-25.10	3.519	>
1.6		247.89	75.74	2.760	>
1.6		234.39	-82.71	8.810	>
1.6		255.07	-0.68	0.590	>
1.6	1.7	323.25	14.64	5.770	>
1.7		89.40	73.58	5.710	>
1.7		7.91	-86.28	1.680	>
1.7		78.10	-8.21	1.191	>
1.7		34.90	-49.08	10.290	>
1.7		45.82	-58.54	7.770	>

PLAN
STATIONS
0.000	0.000	1.0
11.725	2.861	1.1
9.293	7.208	1.2
7.524	12.232	1.3
6.489	14.874	1.4
9.392	14.641	1.5
10.386	17.669	1.6
7.046	22.142	1.7
SHOTS
10.386	17.669	7.046	22.142
7.046	22.142	8.660	22.159
7.046	22.142	7.061	22.250
7.046	22.142	8.199	22.385
7.046	22.142	10.902	27.670
7.046	22.142	9.954	24.968
9.392	14.641	10.386	17.669
10.386	17.669	9.756	17.413
10.386	17.669	9.477	17.018
10.386	17.669	9.816	17.517
6.489	14.874	9.392	14.641
9.392	14.641	8.075	17.937
9.392	14.641	9.809	14.298
9.392	14.641	8.791	15.157
7.524	12.232	6.489	14.874
6.489	14.874	8.445	14.492
6.489	14.874	9.325	16.422
6.489	14.874	7.678	20.276
6.489	14.874	5.812	14.433
6.489	14.874	7.657	14.863
6.489	14.874	6.660	14.706
9.293	7.208	7.524	12.232
7.524	12.232	7.383	12.073
7.524	12.232	7.500	12.170
7.524	12.232	6.937	11.821
11.725	2.861	9.293	7.208
9.293	7.208	10.642	8.259
9.293	7.208	9.298	7.247
9.293	7.208	9.927	7.637
0.000	0.000	11.725	2.861
POLYLINE BLACK
12.954	24.803
13.014	24.848
13.044	24.893
13.149	24.923
13.179	24.923
13.269	24.863
13.314	24.803
13.314	24.713
13.269	24.593
13.224	24.518
13.314	24.578
13.344	24.578
13.389	24.518
13.464	24.218
13.464	24.158
13.479	24.068
13.479	24.023
13.434	23.933
13.359	23.888
13.179	23.843
POLYLINE BLACK
13.164	24.758
13.179	24.728
13.089	24.458
13.089	24.383
13.074	24.233
13.074	24.038
POLYLINE BLACK
12.594	24.758
12.549	24.728
12.459	24.563
12.429	24.473
12.429	24.308
12.444	24.278
12.444	24.233
12.504	24.113
12.564	24.068
12.609	24.068
12.714	24.203
12.759	24.323
12.819	24.458
12.894	24.683
12.894	24.758
POLYLINE BLACK
11.649	24.908
11.709	24.908
11.904	24.878
12.099	24.848
12.129	24.833
12.144	24.788
12.054	24.593
11.739	24.083
11.724	24.038
11.754	23.993
11.844	23.978
12.009	23.993
12.234	24.038
POLYLINE BLACK
11.289	24.893
11.259	24.878
11.214	24.878
11.049	24.698
11.139	24.593
11.289	24.518
11.364	24.458
11.409	24.398
11.439	24.218
11.439	24.173
11.409	24.098
11.379	24.083
POLYLINE BLACK
10.449	24.458
10.719	24.263
POLYLINE BLACK
10.344	23.993
10.494	24.323
10.659	24.803
10.719	24.683
10.824	24.338
10.839	24.128
POLYLINE BLACK
10.179	24.773
10.089	24.278
10.089	24.203
10.209	24.023
10.329	23.918
POLYLINE BLACK
9.834	24.608
9.834	24.278
9.849	24.098
9.849	23.963
POLYLINE BLACK
9.024	23.828
8.979	23.828
8.904	23.858
8.724	23.873
8.274	23.978
8.229	23.978
8.199	23.993
POLYLINE BLACK
9.174	23.693
8.949	23.453
8.814	23.198
POLYLINE BLACK
7.854	22.793
8.049	22.928
8.229	23.078
8.349	23.168
8.454	23.213
8.574	23.303
8.664	23.348
9.039	23.648
9.069	23.678
POLYLINE BLACK
7.629	21.728
7.569	21.683
7.524	21.668
7.479	21.608
7.509	21.458
7.569	21.413
7.599	21.413
7.659	21.458
7.674	21.503
POLYLINE BLACK
7.944	21.848
7.884	21.893
7.809	21.878
7.779	21.863
7.719	21.788
7.719	21.713
7.809	21.608
7.899	21.563
7.959	21.563
7.989	21.593
7.974	21.848
7.959	21.938
7.929	21.968
POLYLINE BLACK
7.704	21.308
7.674	21.188
7.674	21.128
7.734	21.038
7.839	21.008
7.914	21.038
7.944	21.098
7.944	21.233
7.914	21.413
7.854	21.548
POLYLINE BLACK
7.374	21.803
7.479	21.653
7.509	21.698
7.509	21.833
POLYLINE BLACK
7.284	22.013
7.299	21.968
7.254	21.893
7.254	21.818
7.299	21.713
POLYLINE BLACK
8.154	21.533
8.124	21.668
8.124	21.713
8.139	21.773
8.169	21.803
8.169	21.848
8.229	21.983
8.229	22.013
8.274	22.163
8.259	22.223
8.259	22.253
8.244	22.283
8.244	22.358
8.229	22.418
8.244	22.478
8.244	22.508
8.274	22.583
8.349	22.673
8.379	22.688
POLYLINE BLACK
9.669	18.803
9.639	18.833
9.609	18.833
9.579	18.818
9.564	18.788
9.594	18.713
9.699	18.623
9.729	18.608
9.744	18.638
9.729	18.728
9.624	18.893
POLYLINE BLACK
9.429	18.893
9.339	18.773
9.399	18.623
9.519	18.503
9.564	18.563
9.564	18.608
9.474	18.833
POLYLINE BLACK
9.174	19.748
9.144	19.673
9.144	19.583
9.204	19.508
9.234	19.523
POLYLINE BLACK
9.009	19.403
9.009	19.283
9.054	19.208
9.114	19.178
9.144	19.178
9.159	19.208
9.159	19.283
9.069	19.463
POLYLINE BLACK
8.484	20.708
8.454	20.678
8.454	20.573
8.484	20.468
8.574	20.378
8.589	20.423
8.544	20.528
POLYLINE BLACK
8.364	20.723
8.304	20.618
8.289	20.528
8.289	20.438
8.304	20.378
8.394	20.318
8.424	20.318
8.454	20.348
8.454	20.513
8.424	20.603
POLYLINE BLACK
8.559	20.288
8.484	20.228
8.454	20.153
8.469	20.048
8.559	19.988
8.619	20.018
8.634	20.063
8.634	20.183
8.604	20.243
POLYLINE BLACK
9.594	19.193
9.564	19.178
9.459	19.208
9.429	19.193
9.414	19.148
9.444	19.058
9.474	19.013
9.549	18.983
9.564	19.013
POLYLINE BLACK
9.564	19.133
9.534	19.118
9.504	19.148
9.339	19.178
9.309	19.163
9.294	19.103
9.294	19.028
9.324	18.953
9.354	18.923
9.384	18.923
9.414	18.953
9.429	19.028
9.429	19.103
POLYLINE BLACK
9.249	19.523
9.189	19.478
9.144	19.418
9.129	19.358
9.174	19.208
9.189	19.178
9.249	19.148
9.294	19.208
9.294	19.298
9.279	19.328
POLYLINE BLACK
8.724	20.063
8.724	20.003
8.709	19.943
8.709	19.808
8.844	19.613
8.904	19.478
8.934	19.448
9.009	19.448
9.099	19.508
9.114	19.538
9.114	19.643
9.099	19.718
9.054	19.808
8.994	19.973
8.949	20.048
8.874	20.123
8.694	20.228
POLYLINE BLACK
10.359	17.888
10.329	17.903
10.329	17.933
10.239	18.113
10.209	18.143
10.209	18.173
10.104	18.323
10.044	18.368
10.029	18.413
9.969	18.473
9.939	18.548
9.849	18.623
9.774	18.713
9.774	18.743
9.744	18.818
9.684	18.908
9.534	19.223
9.534	19.253
9.474	19.403
9.369	19.568
9.264	19.688
9.234	19.733
9.189	19.763
9.024	19.988
8.919	20.063
8.784	20.243
8.709	20.333
8.679	20.333
8.649	20.378
8.649	20.408
8.514	20.648
8.454	20.693
8.454	20.738
8.424	20.798
8.424	20.828
8.229	21.053
8.154	21.143
8.154	21.173
8.109	21.278
8.109	21.308
8.094	21.368
8.094	21.458
8.109	21.503
8.139	21.533
8.139	21.563
8.124	21.593
POLYLINE BLACK
9.789	17.708
9.789	17.768
9.699	17.963
9.639	18.053
9.624	18.098
9.534	18.218
9.534	18.248
9.414	18.488
9.414	18.518
9.369	18.653
9.189	18.863
9.099	18.998
8.964	19.163
8.889	19.268
8.874	19.313
8.844	19.343
8.829	19.388
8.754	19.508
8.589	19.823
8.379	20.123
8.274	20.198
8.229	20.258
8.139	20.333
7.944	20.543
7.779	20.678
7.719	20.723
7.629	20.843
7.599	20.858
7.449	21.098
7.434	21.143
7.374	21.233
7.254	21.518
7.164	21.653
7.119	21.863
7.089	21.998
7.059	22.058
7.059	22.118
7.149	22.343
7.179	22.343
7.299	22.433
POLYLINE BLACK
10.134	17.423
10.074	17.438
10.044	17.438
9.969	17.378
9.939	17.288
9.984	17.138
9.999	17.108
10.089	17.048
10.149	17.033
10.224	17.063
10.269	17.123
10.284	17.198
10.284	17.258
10.269	17.288
10.269	17.333
POLYLINE BLACK
10.209	16.673
10.194	16.643
10.149	16.613
10.074	16.508
10.074	16.478
10.149	16.493
10.239	16.538
POLYLINE BLACK
9.834	16.043
9.714	15.938
9.684	15.833
9.729	15.773
9.804	15.758
9.864	15.773
9.939	15.878
9.939	15.938
9.879	16.088
POLYLINE BLACK
9.969	16.463
9.954	16.388
9.879	16.328
9.819	16.223
9.819	16.118
9.894	16.058
9.954	16.058
10.059	16.103
10.104	16.163
10.089	16.328
10.044	16.433
10.014	16.448
POLYLINE BLACK
10.299	17.063
10.284	17.033
10.224	17.018
10.164	16.958
10.164	16.868
10.209	16.808
10.269	16.793
10.314	16.808
10.374	16.913
10.359	16.943
POLYLINE BLACK
9.999	17.018
9.969	17.018
9.879	16.943
9.834	16.868
9.819	16.718
9.909	16.598
9.984	16.583
10.104	16.628
10.164	16.763
10.164	16.928
10.134	17.003
10.044	17.123
POLYLINE BLACK
8.424	15.788
8.364	15.773
8.334	15.728
8.304	15.593
8.364	15.503
8.409	15.503
8.499	15.578
8.514	15.728
POLYLINE BLACK
9.054	17.378
9.084	17.363
9.114	17.318
9.204	17.243
9.219	17.198
9.279	17.108
9.354	16.943
9.354	16.913
9.369	16.883
9.369	16.838
9.399	16.748
9.399	16.703
9.414	16.643
9.414	16.508
9.354	16.343
9.309	16.238
9.174	16.073
9.084	16.013
8.994	15.953
8.964	15.953
8.904	15.908
8.799	15.728
8.799	15.653
8.859	15.533
8.904	15.518
8.979	15.428
9.069	15.383
9.129	15.383
9.159	15.368
9.249	15.398
POLYLINE BLACK
9.159	15.418
9.173	15.390
9.257	15.439
9.327	15.509
9.334	15.530
9.418	15.628
9.453	15.677
9.474	15.726
9.488	15.740
9.600	15.999
9.621	16.034
9.628	16.069
9.670	16.160
9.684	16.244
9.726	16.356
9.775	16.615
9.775	16.678
9.782	16.706
9.782	16.790
9.789	16.825
9.782	16.902
9.796	17.000
9.796	17.035
9.782	17.105
9.789	17.140
9.789	17.182
9.796	17.210
9.796	17.273
9.803	17.287
9.803	17.364
9.810	17.378
9.810	17.441
9.817	17.455
9.817	17.476
9.824	17.504
9.824	17.539
9.831	17.567
9.831	17.595
9.824	17.616
POLYLINE BLACK
9.355	14.655
9.370	14.580
9.400	14.550
9.460	14.565
9.580	14.715
9.610	14.775
9.610	14.820
9.655	14.970
9.685	15.015
9.745	15.165
9.745	15.195
9.775	15.225
9.805	15.330
9.865	15.420
9.895	15.525
9.925	15.585
9.925	15.615
9.940	15.645
9.940	15.720
10.015	15.885
10.075	15.975
10.090	16.050
10.225	16.320
10.330	16.575
10.360	16.635
10.375	16.740
10.420	16.845
10.450	16.980
10.480	17.040
10.480	17.070
10.495	17.130
10.495	17.205
10.510	17.265
10.510	17.295
10.525	17.355
10.525	17.490
10.495	17.550
10.495	17.580
10.390	17.790
10.330	17.835
POLYLINE BLACK
8.995	15.330
9.025	15.330
9.085	15.345
9.115	15.345
9.175	15.375
9.205	15.375
POLYLINE BLACK
7.555	13.965
7.510	13.845
7.510	13.680
7.525	13.650
7.555	13.635
7.600	13.650
7.660	13.755
POLYLINE BLACK
7.540	14.490
7.495	14.430
7.465	14.310
7.465	14.250
7.495	14.175
7.555	14.160
7.645	14.280
7.645	14.340
7.660	14.385
POLYLINE BLACK
8.485	14.985
8.365	15.045
8.305	15.045
8.245	15.015
8.200	14.925
8.200	14.790
8.215	14.760
8.245	14.760
8.350	14.805
POLYLINE BLACK
8.200	14.535
8.170	14.490
8.140	14.355
8.155	14.235
8.200	14.160
8.230	14.145
8.290	14.190
8.350	14.265
8.395	14.505
POLYLINE BLACK
8.950	15.030
8.845	15.015
8.770	14.970
8.725	14.850
8.815	14.715
8.875	14.760
POLYLINE BLACK
8.635	14.550
8.620	14.385
8.680	14.340
8.800	14.400
8.800	14.460
POLYLINE BLACK
7.705	15.420
7.720	15.345
7.780	15.195
7.795	15.225
7.795	15.345
POLYLINE BLACK
8.020	15.045
7.975	15.045
7.930	14.985
7.930	14.955
7.945	14.925
7.975	14.910
8.080	14.910
8.110	14.940
POLYLINE BLACK
7.915	14.430
7.780	14.340
7.765	14.310
7.795	14.265
7.840	14.235
7.900	14.220
7.930	14.235
POLYLINE BLACK
7.990	13.815
7.855	13.710
7.825	13.605
7.840	13.575
7.885	13.560
7.990	13.620
8.005	13.650
8.005	13.725
POLYLINE BLACK
7.615	12.465
7.615	12.375
7.600	12.345
7.570	12.405
7.570	12.480
7.555	12.510
7.555	12.645
7.600	12.780
7.630	12.810
7.630	12.840
7.735	12.960
7.780	13.020
7.810	13.035
7.930	13.170
7.990	13.215
8.095	13.380
8.125	13.395
8.380	13.725
8.395	13.770
8.530	13.875
8.620	14.010
8.650	14.040
8.755	14.085
8.800	14.160
8.875	14.220
8.905	14.220
8.920	14.250
8.965	14.280
9.010	14.340
9.040	14.340
9.115	14.400
9.250	14.445
9.310	14.520
9.595	14.655
9.910	14.730
9.940	14.730
9.970	14.745
POLYLINE BLACK
8.670	18.030
8.730	17.770
8.950	17.390
POLYLINE BLACK
7.670	12.390
7.670	12.350
7.550	12.530
7.570	12.610
7.710	12.810
7.770	12.950
8.030	13.270
8.070	13.310
POLYLINE BLACK
7.590	13.210
7.530	13.190
7.490	13.050
7.490	12.950
7.550	12.890
7.590	12.890
7.650	12.990
POLYLINE BLACK
6.810	15.470
6.810	15.430
6.750	15.350
6.750	15.250
6.830	15.190
6.930	15.210
POLYLINE BLACK
6.150	16.210
6.130	16.130
6.090	16.050
6.110	15.930
6.210	15.870
6.270	15.870
POLYLINE BLACK
6.230	15.670
6.210	15.710
6.170	15.670
6.170	15.630
6.210	15.610
6.290	15.690
6.310	15.810
6.230	16.030
POLYLINE BLACK
6.110	15.210
6.010	15.110
6.010	14.830
6.070	14.390
6.190	14.210
6.270	14.230
6.370	14.270
6.430	14.350
6.450	14.450
6.450	14.650
6.350	15.070
6.310	15.170
6.190	15.270
POLYLINE BLACK
6.870	12.090
6.870	12.050
6.590	12.270
6.430	12.450
6.390	12.510
6.390	12.730
6.370	12.870
6.370	12.930
6.230	13.410
6.170	13.510
6.130	13.670
6.030	13.890
6.010	13.970
5.970	14.090
5.850	14.290
5.750	14.530
POLYLINE BLACK
6.890	12.070
6.890	12.070
POLYLINE BLACK
6.650	13.310
6.470	13.390
6.430	13.390
6.350	13.310
6.330	13.210
6.370	13.110
6.450	13.030
6.550	13.030
6.590	13.050
6.630	13.170
6.630	13.210
POLYLINE BLACK
6.490	14.410
6.490	14.370
6.390	14.290
6.370	14.170
6.430	14.030
6.470	14.030
6.550	14.110
6.510	14.270
6.450	14.350
POLYLINE BLACK
7.170	13.910
7.110	13.890
7.030	13.750
7.030	13.710
7.110	13.630
7.150	13.750
POLYLINE BLACK
6.970	13.310
6.890	13.330
6.850	13.330
6.810	13.290
6.870	13.150
7.010	13.070
7.090	13.090
7.110	13.290
7.030	13.430
6.990	13.470
POLYLINE BLACK
6.890	12.610
6.870	12.550
6.830	12.550
6.790	12.450
6.790	12.390
6.890	12.270
6.930	12.270
6.990	12.450
6.950	12.570
POLYLINE BLACK
6.930	13.090
6.870	13.090
6.830	13.110
6.730	13.090
6.650	13.010
6.590	12.890
6.570	12.770
6.610	12.650
6.750	12.570
6.810	12.630
6.850	12.770
6.810	12.910
POLYLINE BLACK
6.710	13.950
6.670	13.890
6.630	13.890
6.550	13.810
6.530	13.750
6.570	13.650
6.650	13.590
6.710	13.610
6.770	13.930
6.750	14.090
6.710	14.130
POLYLINE BLACK
7.010	14.930
6.810	14.490
6.810	14.310
6.910	14.210
6.990	14.310
7.010	14.370
7.010	14.510
6.950	14.770
6.910	14.850
POLYLINE BLACK
6.850	18.530
6.710	18.170
6.730	17.930
6.750	17.850
6.810	17.750
6.870	17.710
6.930	17.710
6.970	17.690
7.050	17.730
7.130	17.890
7.070	18.110
7.010	18.210
6.870	18.290
POLYLINE BLACK
7.850	17.750
7.810	17.750
7.650	17.630
7.670	17.430
7.770	17.330
7.810	17.310
7.850	17.390
7.850	17.590
7.790	17.690
POLYLINE BLACK
7.550	16.850
7.390	16.750
7.370	16.650
7.390	16.530
7.490	16.370
7.550	16.350
7.590	16.410
7.610	16.570
7.550	16.810
7.490	16.910
7.430	16.910
POLYLINE BLACK
8.010	16.510
7.950	16.530
7.810	16.470
7.730	16.370
7.750	16.230
7.790	16.150
7.930	16.090
7.890	16.270
7.770	16.470
7.670	16.550
7.630	16.550
POLYLINE BLACK
6.390	17.870
6.270	17.730
6.190	17.550
6.170	17.310
6.230	17.150
6.350	17.050
6.450	17.050
6.530	17.150
6.570	17.310
6.570	17.490
6.530	17.710
6.450	17.830
6.350	17.890
POLYLINE BLACK
7.390	17.850
7.310	17.710
7.290	17.570
7.370	17.450
7.430	17.450
7.550	17.570
7.590	17.650
7.450	17.830
POLYLINE BLACK
7.930	17.150
7.830	17.210
7.750	17.210
7.650	17.150
7.570	17.030
7.590	16.830
7.790	16.630
7.870	16.590
7.970	16.590
8.150	16.650
8.210	16.750
8.210	16.830
8.110	17.150
7.990	17.290
POLYLINE BLACK
7.550	15.830
7.510	15.970
7.430	16.130
7.390	16.150
7.290	15.990
7.250	15.870
7.250	15.810
7.290	15.710
7.390	15.650
7.470	15.650
7.530	15.630
7.670	15.650
7.730	15.790
7.710	15.830
POLYLINE BLACK
6.990	16.110
6.950	16.130
6.910	16.110
6.850	16.130
6.810	15.990
6.810	15.930
6.850	15.830
6.950	15.770
7.050	15.730
7.090	15.770
7.090	15.950
7.070	16.030
POLYLINE BLACK
6.470	16.710
6.450	16.670
6.390	16.690
6.290	16.590
6.250	16.490
6.250	16.290
6.310	16.150
6.450	16.070
6.510	16.150
6.550	16.250
6.550	16.410
6.470	16.550
6.430	16.570
POLYLINE BLACK
7.430	17.510
7.290	17.590
7.110	17.610
6.970	17.550
6.850	17.450
6.750	17.310
6.690	17.010
6.710	16.730
6.810	16.510
6.890	16.530
6.990	16.590
7.070	16.750
7.090	16.910
7.030	17.150
POLYLINE BLACK
7.290	19.270
7.190	19.290
7.050	19.210
6.970	19.110
6.930	18.950
6.930	18.830
6.990	18.690
7.070	18.630
7.150	18.710
7.170	18.830
7.190	18.930
POLYLINE BLACK
6.690	18.710
6.610	18.690
6.450	18.530
6.390	18.270
6.430	18.010
6.510	17.950
6.650	18.090
6.690	18.190
6.690	18.610
6.670	18.690
POLYLINE BLACK
6.830	19.910
6.790	19.870
6.770	19.790
6.730	19.750
6.710	19.670
6.630	19.550
6.570	19.450
6.470	19.310
6.370	19.230
6.270	19.030
6.170	18.910
6.130	18.790
6.110	18.690
6.050	18.530
6.030	18.450
5.950	18.070
5.950	17.990
5.930	17.950
5.930	17.770
5.910	17.690
5.910	17.330
5.930	17.110
5.950	17.070
5.930	16.970
5.930	16.770
5.950	16.630
5.890	16.470
5.850	16.250
5.850	16.150
5.830	16.070
5.830	15.930
5.810	15.830
5.810	15.770
5.790	15.690
5.770	15.590
5.670	15.350
5.650	15.170
5.650	15.070
5.670	14.990
5.710	14.810
5.790	14.550
5.810	14.370
5.830	14.290
POLYLINE BLACK
9.210	17.190
9.110	17.290
8.730	17.690
8.630	17.850
8.610	18.030
8.550	18.250
8.550	18.310
8.490	18.410
8.350	18.670
8.250	18.950
8.230	19.170
8.230	19.470
8.250	19.530
8.090	19.890
8.050	19.910
7.790	20.210
7.630	20.350
7.470	20.450
7.350	20.450
7.210	20.410
7.030	20.210
6.850	19.950
6.730	19.830
6.650	19.730
6.730	19.770
6.750	19.810
POLYLINE BLACK
6.510	15.470
6.530	15.430
6.470	15.250
6.470	15.110
6.450	15.030
6.470	14.910
6.530	14.830
6.570	14.730
6.610	14.710
6.690	14.750
6.770	14.870
6.710	15.170
6.530	15.390
6.370	15.490
6.330	15.490
6.290	15.450
6.250	15.450
POLYLINE BLACK
9.830	7.870
9.730	7.990
9.610	8.170
9.550	8.230
9.310	8.570
9.250	8.690
9.230	8.770
9.090	9.130
9.070	9.210
9.010	9.310
8.990	9.390
8.830	9.770
8.710	9.870
8.610	10.050
8.550	10.130
8.490	10.390
8.090	11.250
8.070	11.330
8.010	11.430
7.890	11.630
7.790	11.790
7.690	11.950
7.610	12.190
7.510	12.410
7.510	12.490
7.490	12.570
POLYLINE BLACK
8.450	8.630
8.410	8.610
8.270	8.830
8.150	9.090
7.970	9.230
7.870	9.410
7.750	9.670
7.730	9.850
7.650	9.970
7.570	10.410
7.490	10.590
7.370	10.790
7.290	11.010
7.250	11.050
7.250	11.130
7.230	11.210
7.230	11.370
7.170	11.470
7.130	11.590
7.110	11.670
7.010	11.810
6.730	12.050
6.630	12.050
6.590	12.090
6.510	12.110
6.390	12.170
POLYLINE BLACK
8.230	11.050
8.190	11.050
8.110	11.110
8.070	11.090
8.050	10.950
8.110	10.850
8.190	10.870
8.210	10.970
8.130	11.090
8.070	11.110
POLYLINE BLACK
7.970	10.950
7.890	10.970
7.850	10.970
7.790	10.850
7.790	10.750
7.870	10.610
7.950	10.590
7.990	10.650
7.990	10.870
7.950	10.970
7.910	10.970
POLYLINE BLACK
7.570	11.610
7.490	11.610
7.310	11.390
7.270	11.290
7.270	11.190
7.250	11.070
7.270	10.970
7.370	10.850
7.430	10.850
7.470	10.830
7.710	10.930
7.810	11.070
7.830	11.250
7.770	11.430
7.630	11.670
7.570	11.710
7.530	11.690
POLYLINE BLACK
7.970	11.590
7.830	11.570
7.730	11.590
7.650	11.610
7.610	11.530
7.690	11.450
7.730	11.550
POLYLINE BLACK
7.930	11.170
7.870	11.230
7.790	11.210
7.770	11.130
7.790	11.050
7.870	11.050
7.950	11.090
7.950	11.190
7.930	11.270
7.890	11.310
POLYLINE BLACK
7.690	10.750
7.690	10.530
7.770	10.490
7.810	10.530
7.770	10.710
7.750	10.770
POLYLINE BLACK
9.110	7.470
9.130	7.370
9.090	7.490
9.010	7.570
8.990	7.670
8.890	7.790
8.850	7.890
8.730	8.070
8.710	8.150
8.570	8.350
8.490	8.430
8.450	8.530
8.390	8.610
8.330	8.750
8.250	8.830
POLYLINE BLACK
8.250	10.710
8.150	10.770
8.070	10.750
8.010	10.690
7.990	10.550
8.010	10.450
8.130	10.330
8.270	10.310
8.330	10.330
8.350	10.410
8.350	10.510
8.290	10.670
8.110	10.690
POLYLINE BLACK
9.050	7.830
8.810	7.690
8.810	7.650
8.890	7.590
9.050	7.590
9.110	7.650
9.110	7.830
9.070	7.990
8.970	8.170
POLYLINE BLACK
9.830	7.750
9.710	7.770
9.610	7.650
9.590	7.570
9.630	7.470
9.710	7.410
9.770	7.590
9.770	7.630
POLYLINE BLACK
9.430	8.130
9.350	8.170
9.270	8.110
9.270	8.050
9.250	8.010
9.310	7.910
9.450	7.850
9.530	7.930
9.570	8.050
9.470	8.250
9.430	8.290
POLYLINE BLACK
9.410	7.710
9.410	7.670
9.310	7.710
9.210	7.570
9.190	7.450
9.230	7.350
9.350	7.250
9.430	7.210
9.470	7.250
9.510	7.250
9.610	7.370
9.630	7.470
9.610	7.550
9.590	7.630
9.350	7.850
POLYLINE BLACK
9.050	7.630
9.170	7.350
9.190	7.270
9.350	7.110
9.370	7.010
9.410	6.970
9.430	6.870
9.550	6.610
9.570	6.510
9.650	6.230
9.650	6.170
9.850	5.630
9.950	5.330
10.110	5.050
10.270	4.710
10.290	4.630
10.410	4.290
10.430	4.110
10.470	3.990
10.510	3.810
10.530	3.730
10.530	3.630
10.510	3.550
10.510	3.510
10.290	3.290
10.070	3.210
10.010	3.210
9.930	3.190
9.790	3.190
9.750	3.170
9.710	3.190
POLYLINE BLACK
11.390	2.230
11.470	2.170
11.630	2.330
11.650	2.410
11.690	2.570
11.750	2.630
11.870	2.730
11.930	2.790
11.930	2.830
12.010	2.950
12.070	3.170
12.070	3.250
12.010	3.510
11.950	3.750
11.890	3.930
11.830	4.010
11.550	4.570
11.490	4.670
11.430	4.810
11.310	5.010
10.890	5.690
10.810	5.770
10.690	6.090
10.590	6.310
10.550	6.530
10.410	6.710
10.190	7.070
10.010	7.370
9.970	7.450
9.970	7.510
9.870	7.710
9.870	7.750
9.730	7.950

ELEVATION
STATIONS
0.000	0.000	1.0
12.069	-1.535	1.1
17.050	0.523	1.2
22.376	1.150	1.3
25.214	4.714	1.4
28.127	1.565	1.5
31.314	0.072	1.6
36.897	1.530	1.7
SHOTS
31.314	0.072	36.897	1.530
36.897	1.530	35.948	7.007
36.897	1.530	36.974	-0.146
36.897	1.530	36.405	1.360
36.897	1.530	39.036	-6.246
36.897	1.530	37.432	-5.098
28.127	1.565	31.314	0.072
31.314	0.072	31.057	2.747
31.314	0.072	30.482	-8.667
31.314	0.072	31.211	0.065
25.214	4.714	28.127	1.565
28.127	1.565	29.571	6.819
28.127	1.565	28.253	-2.277
28.127	1.565	27.677	1.137
22.376	1.150	25.214	4.714
25.214	4.714	27.194	5.045
25.214	4.714	27.914	5.066
25.214	4.714	27.887	6.322
25.214	4.714	24.812	4.905
25.214	4.714	26.378	13.436
25.214	4.714	25.034	2.588
17.050	0.523	22.376	1.150
22.376	1.150	22.274	4.283
22.376	1.150	22.325	-0.579
22.376	1.150	22.191	1.087
12.069	-1.535	17.050	0.523
17.050	0.523	17.491	10.284
17.050	0.523	17.084	-1.987
17.050	0.523	17.192	0.600
0.000	0.000	12.069	-1.535
POLYLINE BLACK
33.650	-3.800
33.550	-3.850
33.300	-4.400
33.350	-4.800
33.550	-5.050
34.050	-5.000
34.200	-4.850
34.250	-4.750
POLYLINE BLACK
35.300	-5.300
35.250	-5.400
34.750	-5.700
34.550	-5.950
34.400	-6.450
34.600	-6.800
34.900	-7.000
35.300	-6.900
35.600	-6.550
35.850	-5.800
35.800	-5.550
POLYLINE BLACK
33.000	-9.100
33.100	-9.200
33.750	-9.250
33.950	-9.350
34.150	-9.300
34.350	-9.300
35.050	-9.150
35.150	-9.050
35.500	-8.900
35.900	-8.550
36.350	-8.350
36.450	-8.350
36.750	-8.050
36.900	-7.800
37.300	-7.450
37.650	-7.200
37.750	-7.200
38.350	-6.650
39.150	-6.300
39.350	-6.250
39.550	-6.150
39.800	-6.150
40.200	-6.000
40.350	-6.000
40.550	-6.050
40.750	-6.000
40.950	-6.100
POLYLINE BLACK
33.600	4.950
33.850	5.000
33.950	5.100
34.500	5.300
34.950	5.800
35.250	6.600
35.300	6.800
35.450	7.050
35.700	7.400
36.150	7.650
36.400	7.650
36.800	8.000
37.050	8.050
37.250	8.050
37.600	8.100
38.000	8.050
38.350	7.950
POLYLINE BLACK
31.500	-7.350
31.400	-7.450
31.150	-7.400
30.950	-7.550
30.900	-7.900
31.000	-8.450
31.550	-8.950
32.000	-9.050
32.250	-8.950
32.400	-8.700
32.400	-8.400
POLYLINE BLACK
32.950	-1.200
32.450	-1.450
32.350	-1.700
32.350	-2.000
32.450	-2.300
32.750	-2.600
33.050	-2.700
33.350	-2.700
33.450	-2.650
33.450	-2.400
33.400	-2.150
33.100	-1.650
POLYLINE BLACK
30.700	-0.950
30.500	-0.800
30.400	-0.850
30.300	-1.300
30.450	-1.750
30.700	-2.000
31.150	-2.200
31.450	-2.250
31.850	-2.150
31.950	-2.000
31.650	-1.400
31.050	-0.900
30.800	-0.850
POLYLINE BLACK
30.400	-4.650
POLYLINE BLACK
29.150	-2.850
29.100	-2.950
29.100	-3.450
29.150	-3.700
29.450	-3.950
29.750	-3.950
29.850	-3.700
29.850	-3.300
29.800	-3.000
29.500	-2.400
29.400	-2.300
POLYLINE BLACK
24.000	-0.700
24.250	-0.700
24.600	-0.600
24.750	-0.600
24.850	-0.550
25.450	-0.750
25.750	-0.850
26.550	-1.500
28.000	-2.950
28.200	-3.150
28.300	-3.400
28.800	-3.950
28.950	-4.200
29.100	-4.350
29.550	-5.350
29.800	-6.450
29.850	-6.950
29.900	-7.200
30.050	-7.950
30.150	-8.300
30.650	-8.950
31.100	-9.150
31.250	-9.150
31.500	-9.250
31.800	-9.300
32.150	-9.350
32.900	-9.250
33.100	-9.300
33.500	-9.300
POLYLINE BLACK
26.250	13.500
27.050	13.000
27.900	12.250
28.150	11.900
28.350	11.450
28.600	10.700
29.000	9.700
29.150	9.250
29.200	9.150
29.200	8.950
29.500	7.800
29.500	7.250
29.650	6.600
29.700	6.400
29.900	5.650
30.050	5.400
30.300	4.650
30.650	3.850
31.000	3.550
31.150	3.450
31.700	3.350
31.900	3.400
33.100	4.300
33.500	4.700
33.850	4.850
33.950	4.950
34.150	5.000
POLYLINE BLACK
26.950	5.750
26.650	5.650
26.550	5.500
26.450	5.150
26.450	4.850
26.600	4.450
26.750	4.300
26.950	4.250
27.350	4.350
27.450	4.550
POLYLINE BLACK
25.700	6.650
25.500	6.400
25.400	6.100
25.450	5.800
25.700	5.450
25.950	5.300
26.050	5.300
POLYLINE BLACK
26.200	2.750
26.100	2.300
26.150	2.200
POLYLINE BLACK
25.400	2.550
25.250	2.500
25.000	2.150
24.850	1.550
25.100	1.150
25.450	1.050
25.750	1.150
POLYLINE BLACK
26.950	1.900
26.700	1.750
26.600	1.500
26.600	1.250
26.750	1.000
27.050	0.950
27.250	1.400
27.250	1.700
POLYLINE BLACK
27.850	-0.550
27.750	-0.550
27.650	-0.450
27.500	-0.550
27.500	-0.900
27.800	-1.150
27.900	-1.200
28.050	-1.050
28.100	-0.800
28.050	-0.450
POLYLINE BLACK
25.850	0.700
25.850	0.600
25.750	0.550
25.700	0.200
25.800	-0.200
26.000	-0.350
26.350	-0.400
26.500	-0.200
26.450	0.150
26.350	0.550
POLYLINE BLACK
26.550	13.750
26.600	13.650
26.900	13.650
27.300	13.250
27.300	13.150
27.400	13.050
27.450	12.850
POLYLINE BLACK
26.750	13.700
POLYLINE BLACK
26.500	3.650
26.300	3.750
26.050	3.750
25.800	3.500
25.850	3.100
26.050	2.950
26.200	2.950
26.450	3.200
POLYLINE BLACK
25.100	5.100
25.250	4.900
25.500	3.850
25.200	3.550
25.200	3.400
25.450	3.000
25.550	2.950
25.650	3.050
25.650	3.400
POLYLINE BLACK
23.800	5.150
23.650	4.900
23.650	4.800
23.500	4.550
23.500	4.400
23.700	4.050
23.900	3.950
24.200	4.150
24.250	4.350
24.100	4.750
POLYLINE BLACK
24.800	3.550
24.550	3.450
24.350	3.250
24.300	3.100
24.450	2.700
24.800	2.600
24.900	3.050
24.850	3.300
24.800	3.500
POLYLINE BLACK
26.250	4.400
26.200	4.550
26.000	4.650
25.750	4.500
25.650	4.450
25.650	4.200
25.800	4.000
26.000	4.000
26.050	4.250
26.050	4.350
POLYLINE BLACK
25.950	3.900
25.650	3.600
25.650	3.500
25.900	3.350
26.100	3.350
26.200	3.400
26.200	3.850
25.950	4.250
POLYLINE BLACK
25.000	5.650
24.800	5.500
24.550	5.150
24.300	4.200
24.400	3.600
24.500	3.400
24.750	3.250
25.150	3.450
25.450	3.800
25.600	4.050
25.600	4.650
25.350	5.200
25.150	5.500
25.050	5.550
POLYLINE BLACK
22.550	11.750
22.900	12.250
22.900	12.350
23.450	13.000
23.750	13.200
24.450	13.550
24.650	13.700
25.100	13.800
25.500	13.850
25.750	13.800
26.000	13.800
26.200	13.850
26.750	13.700
26.950	13.700
27.150	13.650
POLYLINE BLACK
20.700	10.300
20.750	10.200
21.100	10.200
21.300	10.100
22.150	10.600
22.500	11.250
22.700	11.850
22.900	12.150
22.900	12.250
POLYLINE BLACK
23.700	-0.400
23.800	-0.350
24.250	0.700
24.350	1.200
24.400	1.400
24.550	1.850
24.850	2.500
25.050	2.550
25.350	2.750
25.900	2.850
26.250	2.850
26.650	2.900
26.800	2.900
26.900	2.950
27.000	2.900
27.100	2.950
27.300	2.850
POLYLINE BLACK
17.550	-1.900
17.700	-2.050
17.900	-2.100
18.250	-2.050
18.350	-2.100
18.550	-1.950
19.200	-1.750
19.500	-1.500
19.850	-1.350
19.950	-1.250
20.350	-1.250
20.900	-0.900
21.100	-0.850
21.300	-0.800
21.500	-0.750
21.950	-0.550
22.450	-0.450
22.550	-0.500
23.050	-0.400
23.350	-0.400
23.700	-0.500
24.050	-0.450
24.200	-0.450
24.500	-0.600
24.700	-0.600
POLYLINE BLACK
23.050	5.150
22.750	5.350
22.550	5.400
22.350	5.300
22.200	5.300
22.000	5.250
21.700	4.800
22.250	4.250
23.000	4.200
23.550	4.600
23.650	4.950
23.600	5.250
23.500	5.350
23.400	5.350
POLYLINE BLACK
23.000	7.450
22.800	7.450
22.550	7.500
22.150	7.550
21.250	7.200
20.700	6.450
20.800	6.000
21.150	5.550
21.350	5.400
22.000	5.050
22.450	5.050
22.650	5.100
23.100	5.050
23.300	5.100
23.450	5.100
23.750	5.250
23.950	5.300
24.400	5.800
24.450	6.000
24.700	6.450
24.600	6.850
24.550	7.050
24.450	7.150
24.250	7.200
24.150	7.300
24.050	7.300
23.850	7.500
23.650	7.800
23.200	7.950
23.100	7.900
POLYLINE BLACK
5.300	9.300
6.000	9.550
6.150	9.550
6.450	9.650
6.600	9.650
6.800	9.700
6.950	9.700
7.200	9.800
7.450	9.800
7.850	9.900
8.150	10.050
8.650	10.200
9.000	10.400
9.750	10.700
10.200	10.950
10.300	10.950
10.550	11.100
12.050	11.450
12.750	11.700
13.350	11.850
13.800	12.000
14.550	12.150
14.950	12.100
16.000	12.100
16.100	12.050
16.700	12.050
17.650	11.150
17.900	11.000
18.300	10.650
18.500	10.600
18.700	10.450
18.800	10.450
18.900	10.350
19.000	10.350
19.100	10.250
19.300	10.250
19.850	10.050
20.200	10.050
20.450	10.000
20.700	10.000
20.900	9.950
21.400	9.900
21.600	9.950
POLYLINE BLACK
10.500	-2.600
10.500	-2.700
10.600	-2.750
10.800	-2.550
11.000	-2.500
11.500	-2.250
11.750	-2.200
11.850	-2.100
12.250	-2.100
13.100	-1.750
13.950	-1.350
14.100	-1.400
14.300	-1.350
14.450	-1.350
14.550	-1.300
14.850	-1.450
15.000	-1.450
15.300	-1.550
15.750	-1.550
16.350	-1.800
16.700	-1.800
17.150	-1.900
17.850	-2.000
18.100	-1.950
18.350	-2.050
18.450	-2.000
