TRIP
DATE 2005-07-01 
DECLINATION     0.00
DATA
1.0	1.1	175.32	1.16	7.300	>
1.1	1.2	253.16	-1.07	7.910	>
1.2	1.3	260.95	-32.16	2.110	>
1.3		22.42	58.16	0.810	>
1.3		19.90	6.69	0.970	>
1.3		15.30	-39.43	0.800	>
1.3	1.4	307.19	26.89	3.016	>
1.4		298.05	32.33	1.840	>
1.4		291.46	15.95	4.410	>
1.4		177.29	36.00	0.890	>
1.4		158.06	2.06	1.500	>
1.4		150.03	-49.55	1.820	>
1.4		204.00	-51.72	2.560	>
1.4	1.5	229.08	-18.85	2.870	>
1.5		248.07	73.46	25.930	>
1.5		330.06	22.14	4.140	>
1.5		13.70	28.90	2.050	>
1.5		81.42	-73.59	2.800	>
1.5		214.99	-80.17	3.430	>
1.5		247.93	79.39	15.050	>
1.5		261.85	70.56	10.930	>
1.5		250.42	63.13	16.541	>
1.5		239.00	72.03	11.330	>
1.5		332.50	26.55	4.360	>
1.5		345.21	35.44	3.660	>
1.5		3.61	36.00	3.670	>
1.5		276.67	-3.95	2.890	>
1.5		290.77	-1.06	2.440	>
1.5		315.70	0.45	2.430	>
1.5		13.33	-0.39	1.930	>
1.5	1.6	158.60	-65.35	4.625	>
1.6	1.7	111.67	-61.69	6.823	>
1.6		178.92	81.18	8.620	>
1.7		136.81	-8.08	2.190	>
1.7		111.69	-6.67	1.790	>
1.7		80.27	-10.12	2.260	>
1.7		47.15	4.15	0.870	>
1.7		325.60	0.84	1.230	>
1.7		298.16	-17.64	0.640	>
1.7		203.14	-8.65	1.410	>
1.7		242.14	-12.29	0.869	>
1.7		281.11	-7.31	1.580	>
1.7		300.17	-13.75	1.960	>
1.7		345.02	-12.09	1.480	>
1.7		178.56	41.45	7.800	>
1.7		182.75	52.11	8.360	>
1.7	1.8	152.95	-77.25	16.036	>
1.8		40.48	10.81	1.771	>
1.8		2.05	2.60	3.130	>
1.8		347.45	-3.81	6.511	>
1.8		335.63	-5.76	5.820	>
1.8		311.41	-0.72	1.840	>
1.8		349.81	-17.02	13.140	>
1.8		98.60	77.61	6.610	>
1.8		266.91	85.69	4.440	>
1.8		321.76	73.93	4.669	>
1.8		351.16	60.49	8.280	>
1.8		13.51	70.02	6.900	>
1.8		45.61	80.58	7.770	>
1.8		117.54	81.55	8.400	>
1.8		16.35	-34.92	2.660	>
1.8		358.54	-32.45	7.120	>
1.8		355.11	-29.69	10.760	>
1.8		350.34	-11.83	11.271	>
1.8		350.22	-8.66	7.269	>
1.8		350.63	-18.27	13.110	>
1.8		251.06	62.20	5.860	>
1.2	1.21	125.96	-20.31	2.736	>
1.21	1.22	262.52	-33.90	8.873	>
1.51	1.5	172.73	-22.73	5.547	>
1.51		92.47	-7.68	2.410	>
1.51		62.62	17.80	1.610	>
1.51		15.77	-4.08	2.390	>
1.51	1.52	47.17	-2.61	9.830	>
1.52		344.03	16.48	1.600	>
1.52		92.88	62.87	0.960	>
1.52		155.98	-0.85	1.750	>
1.52		154.58	-44.42	0.910	>
1.52	1.53	102.11	-9.20	6.833	>

PLAN
STATIONS
0.000	0.000	1.0
0.595	-7.274	1.1
-6.974	-9.565	1.2
-8.738	-9.846	1.3
-10.881	-8.220	1.4
-12.933	-9.999	1.5
-12.229	-11.795	1.6
-9.222	-12.990	1.7
-7.613	-16.141	1.8
-4.897	-11.072	1.21
-12.199	-12.031	1.22
-13.580	-4.924	1.51
-6.378	1.751	1.52
0.217	0.336	1.53
SHOTS
-6.378	1.751	0.217	0.336
-13.580	-4.924	-6.378	1.751
-6.378	1.751	-6.099	1.164
-6.378	1.751	-5.666	0.153
-6.378	1.751	-5.941	1.729
-6.378	1.751	-6.800	3.226
-12.933	-9.999	-13.580	-4.924
-13.580	-4.924	-12.932	-2.630
-13.580	-4.924	-12.219	-4.219
-13.580	-4.924	-11.194	-5.027
-4.897	-11.072	-12.199	-12.031
-6.974	-9.565	-4.897	-11.072
-9.222	-12.990	-7.613	-16.141
-7.613	-16.141	-6.484	-14.818
-7.613	-16.141	-7.501	-13.016
-7.613	-16.141	-9.025	-9.800
-7.613	-16.141	-10.002	-10.866
-7.613	-16.141	-8.993	-14.924
-7.613	-16.141	-9.836	-3.775
-7.613	-16.141	-6.211	-16.353
-7.613	-16.141	-7.946	-16.159
-7.613	-16.141	-8.413	-15.126
-7.613	-16.141	-8.240	-12.111
-7.613	-16.141	-7.062	-13.848
-7.613	-16.141	-6.704	-15.251
-7.613	-16.141	-6.518	-16.712
-7.613	-16.141	-6.999	-14.048
-7.613	-16.141	-7.766	-10.135
-7.613	-16.141	-8.410	-6.828
-7.613	-16.141	-9.464	-5.266
-7.613	-16.141	-8.834	-9.059
-7.613	-16.141	-9.639	-3.858
-7.613	-16.141	-10.198	-17.028
-12.229	-11.795	-9.222	-12.990
-9.222	-12.990	-7.738	-14.571
-9.222	-12.990	-7.570	-13.647
-9.222	-12.990	-7.029	-12.614
-9.222	-12.990	-8.586	-12.400
-9.222	-12.990	-9.917	-11.975
-9.222	-12.990	-9.760	-12.702
-9.222	-12.990	-9.770	-14.272
-9.222	-12.990	-9.973	-13.387
-9.222	-12.990	-10.760	-12.688
-9.222	-12.990	-10.868	-12.033
-9.222	-12.990	-9.596	-11.592
-9.222	-12.990	-9.075	-18.835
-9.222	-12.990	-9.468	-18.118
-12.933	-9.999	-12.229	-11.795
-12.229	-11.795	-12.204	-13.116
-10.881	-8.220	-12.933	-9.999
-12.933	-9.999	-19.781	-12.756
-12.933	-9.999	-14.847	-6.676
-12.933	-9.999	-12.508	-8.255
-12.933	-9.999	-12.151	-9.881
-12.933	-9.999	-13.269	-10.479
-12.933	-9.999	-15.500	-11.040
-12.933	-9.999	-16.534	-10.515
-12.933	-9.999	-19.976	-12.504
-12.933	-9.999	-15.929	-11.799
-12.933	-9.999	-14.734	-6.540
-12.933	-9.999	-13.694	-7.116
-12.933	-9.999	-12.746	-7.036
-12.933	-9.999	-15.797	-9.664
-12.933	-9.999	-15.214	-9.134
-12.933	-9.999	-14.630	-8.260
-12.933	-9.999	-12.488	-8.121
-8.738	-9.846	-10.881	-8.220
-10.881	-8.220	-12.253	-7.489
-10.881	-8.220	-14.827	-6.669
-10.881	-8.220	-10.847	-8.939
-10.881	-8.220	-10.321	-9.610
-10.881	-8.220	-10.291	-9.243
-10.881	-8.220	-11.526	-9.669
-6.974	-9.565	-8.738	-9.846
-8.738	-9.846	-8.575	-9.451
-8.738	-9.846	-8.410	-8.940
-8.738	-9.846	-8.575	-9.250
0.595	-7.274	-6.974	-9.565
0.000	0.000	0.595	-7.274
POLYLINE BLACK
5.099	8.205
5.219	8.145
5.279	7.965
5.219	7.845
POLYLINE BLACK
4.799	8.265
4.919	8.145
4.919	7.725
5.159	7.725
5.279	7.845
5.339	7.425
5.099	6.825
4.859	6.645
4.619	6.705
4.379	7.005
4.439	7.125
POLYLINE BLACK
4.019	8.145
4.139	8.025
4.139	7.605
4.259	8.025
4.379	8.085
4.559	7.905
4.559	7.665
4.619	7.545
4.559	7.425
POLYLINE BLACK
2.879	7.605
2.879	7.605
2.819	7.725
2.819	7.545
2.879	7.305
3.359	7.785
3.719	7.425
3.719	8.145
POLYLINE BLACK
2.699	8.565
2.639	8.325
2.519	8.085
POLYLINE BLACK
2.459	7.725
2.339	7.605
2.159	7.605
1.979	7.425
2.039	7.305
2.399	7.305
2.459	7.545
POLYLINE BLACK
1.439	8.145
1.559	8.085
1.799	8.145
2.099	8.145
2.219	8.085
2.339	8.145
POLYLINE BLACK
1.859	7.905
1.799	7.365
1.799	7.125
POLYLINE BLACK
1.559	7.485
1.139	7.485
1.019	7.425
1.019	7.125
1.079	7.005
1.319	7.065
1.439	7.185
1.439	6.945
1.499	6.705
1.319	6.105
POLYLINE BLACK
0.179	7.125
0.059	7.125
-0.241	6.825
0.119	6.885
0.119	6.105
-0.001	5.985
-0.121	5.985
POLYLINE BLACK
-0.721	6.885
-0.901	6.885
-1.021	6.825
-1.021	6.705
-0.781	6.585
-0.661	6.645
-0.481	6.465
-0.541	6.225
-0.661	5.865
POLYLINE BLACK
-1.201	7.245
POLYLINE BLACK
-1.321	6.885
-1.321	6.345
POLYLINE BLACK
-1.621	6.585
-1.741	6.705
-2.221	6.405
-2.101	6.105
-1.741	6.225
-1.621	6.345
POLYLINE BLACK
-4.201	3.465
-4.561	2.865
-4.321	2.865
-4.141	2.925
-4.021	2.865
-3.901	2.925
POLYLINE BLACK
-4.561	2.985
-4.321	2.985
-4.201	3.165
-4.021	3.225
-3.121	4.125
-2.461	4.605
-2.041	4.965
POLYLINE BLACK
-3.961	1.545
-3.241	1.185
-3.121	1.065
POLYLINE BLACK
-4.861	3.045
-4.561	2.385
POLYLINE BLACK
-5.461	4.725
-5.281	3.945
POLYLINE BLACK
-5.341	6.405
-5.341	6.225
-5.461	5.865
-5.461	5.325
POLYLINE BLACK
-5.761	0.225
-5.461	0.285
-5.221	0.345
-5.101	0.405
-4.861	0.345
-4.501	0.345
-4.261	0.285
-4.021	0.285
-3.901	0.165
-3.661	0.105
-3.241	-0.075
-3.121	-0.015
-2.881	-0.195
-2.641	-0.255
POLYLINE BLACK
-6.841	3.465
-6.781	3.705
-6.601	4.425
-6.481	4.845
-6.241	5.085
POLYLINE BLACK
-12.141	-7.010
-11.721	-5.870
-11.601	-5.630
-11.601	-5.450
-11.421	-4.970
-11.241	-4.670
-10.581	-3.710
-10.461	-3.410
-10.101	-3.050
-10.101	-2.930
-8.781	-1.790
-8.421	-1.430
-8.061	-1.310
-7.761	-1.010
-7.041	-0.590
-6.801	-0.350
-6.681	-0.350
-6.321	-0.050
-6.081	0.130
-5.841	0.190
-5.721	0.310
POLYLINE BLACK
-14.361	-4.910
-14.361	-5.150
-14.061	-4.670
-13.821	-4.250
-13.341	-3.470
-13.281	-3.230
-12.741	-2.330
-12.261	-1.670
-12.021	-1.490
-11.781	-1.070
-11.061	-0.350
-10.401	0.550
-10.281	0.610
-10.101	0.910
-9.741	1.270
-9.621	1.270
-9.561	1.390
-9.381	1.450
-9.201	1.750
-8.601	2.110
-8.481	2.290
-8.241	2.350
-7.881	2.530
-7.821	2.650
-7.581	2.710
-7.221	2.830
-6.981	3.010
-6.621	3.070
POLYLINE BROWN
-2.826	-13.375
-2.841	-13.345
-2.901	-13.330
-2.961	-13.420
-2.931	-13.465
-2.901	-13.465
-2.841	-13.420
-2.826	-13.390
POLYLINE BROWN
-2.976	-13.390
-2.946	-13.360
-2.961	-13.330
-2.991	-13.315
-3.021	-13.345
-3.036	-13.420
-3.036	-13.450
-2.961	-13.420
-2.961	-13.555
-2.976	-13.615
-2.976	-13.645
-3.006	-13.675
-3.051	-13.675
-3.066	-13.645
POLYLINE BROWN
-3.201	-13.420
-3.126	-13.420
-3.066	-13.390
-3.066	-13.360
-3.126	-13.315
-3.186	-13.360
-3.216	-13.420
-3.216	-13.450
-3.171	-13.510
-3.141	-13.510
-3.111	-13.495
POLYLINE BROWN
-3.381	-13.420
-3.381	-13.525
-3.366	-13.480
-3.321	-13.420
-3.291	-13.420
-3.291	-13.450
-3.276	-13.480
POLYLINE BROWN
-3.576	-13.435
-3.591	-13.570
-3.576	-13.540
-3.531	-13.525
-3.516	-13.495
-3.516	-13.525
-3.486	-13.555
-3.456	-13.555
-3.426	-13.465
POLYLINE BROWN
-3.531	-13.210
-3.621	-13.345
-3.621	-13.375
POLYLINE BROWN
-3.681	-13.480
-3.711	-13.450
-3.801	-13.510
-3.801	-13.570
-3.786	-13.600
-3.711	-13.615
-3.681	-13.615
-3.621	-13.495
-3.621	-13.375
-3.651	-13.375
POLYLINE BROWN
-3.891	-13.300
-3.816	-13.285
-3.786	-13.285
-3.756	-13.270
-3.651	-13.270
POLYLINE BROWN
-3.846	-13.345
-3.831	-13.435
-3.831	-13.600
POLYLINE BROWN
-3.921	-13.540
-3.906	-13.480
-3.936	-13.450
-3.981	-13.480
-4.041	-13.480
-4.056	-13.540
-4.041	-13.615
-3.936	-13.570
-3.921	-13.600
-3.921	-13.675
-3.966	-13.765
-3.996	-13.765
-4.011	-13.735
POLYLINE BROWN
-2.271	-12.715
-2.256	-12.745
-2.256	-12.790
POLYLINE BROWN
-2.181	-12.700
-2.166	-12.760
-2.136	-12.775
-2.061	-12.775
-2.016	-12.715
-2.016	-12.745
-2.031	-12.805
POLYLINE BROWN
-2.256	-12.700
-2.256	-12.730
-2.286	-12.715
-2.346	-12.745
-2.361	-12.805
-2.331	-12.835
-2.301	-12.835
-2.271	-12.820
-2.226	-12.820
-2.211	-12.880
-2.256	-12.985
-2.286	-13.015
-2.346	-13.015
-2.361	-12.985
POLYLINE BROWN
-2.436	-12.805
-2.421	-12.775
-2.451	-12.760
-2.481	-12.790
-2.451	-12.805
-2.466	-12.880
-2.436	-12.910
-2.526	-13.075
POLYLINE BROWN
-2.556	-12.700
POLYLINE BROWN
-2.571	-12.805
-2.571	-12.835
-2.586	-12.865
POLYLINE BROWN
-2.676	-12.730
-2.706	-12.745
-2.736	-12.730
-2.781	-12.760
-2.811	-12.760
-2.826	-12.835
-2.796	-12.895
-2.766	-12.895
-2.736	-12.925
-2.706	-12.925
-2.646	-12.910
POLYLINE BROWN
-3.111	-12.775
-3.126	-12.805
-3.111	-12.835
-3.081	-12.835
-3.036	-12.775
-3.006	-12.760
-3.006	-12.790
-3.021	-12.820
-3.006	-12.850
POLYLINE BROWN
-3.171	-12.820
-3.156	-12.790
-3.171	-12.760
-3.201	-12.760
-3.246	-12.820
-3.246	-12.865
-3.216	-12.865
-3.201	-12.835
-3.171	-12.850
-3.156	-12.925
-3.156	-12.955
-3.201	-13.015
-3.231	-13.030
-3.246	-13.000
POLYLINE BROWN
-3.276	-12.865
-3.306	-12.820
-3.336	-12.820
-3.366	-12.835
-3.396	-12.895
-3.336	-12.910
-3.351	-12.970
-3.321	-13.030
-3.321	-13.060
POLYLINE BROWN
-3.501	-12.835
-3.486	-12.880
-3.501	-12.940
-3.501	-13.075
-3.516	-12.955
-3.501	-12.880
-3.501	-12.850
-3.471	-12.820
-3.441	-12.820
-3.411	-12.865
-3.411	-12.925
-3.441	-12.970
-3.471	-12.985
-3.486	-12.955
POLYLINE BROWN
-3.531	-12.865
-3.591	-12.850
-3.576	-12.910
-3.591	-12.940
-3.621	-12.940
POLYLINE BROWN
-4.101	-12.910
-4.101	-13.015
-4.011	-12.955
-3.996	-12.925
-3.951	-13.000
-3.906	-13.000
-3.861	-12.865
-3.861	-12.805
POLYLINE BROWN
-2.706	-12.385
-2.721	-12.355
-2.751	-12.340
-2.781	-12.370
-2.781	-12.430
-2.751	-12.430
-2.721	-12.460
POLYLINE BROWN
-2.826	-12.340
-2.871	-12.430
-2.841	-12.490
POLYLINE BROWN
-2.856	-12.145
-2.916	-12.295
-2.931	-12.325
-2.931	-12.370
-2.946	-12.400
-2.916	-12.385
-2.886	-12.400
-2.856	-12.370
POLYLINE BROWN
-3.126	-12.370
-3.141	-12.400
-3.141	-12.445
-3.141	-12.445
-3.081	-12.385
-3.021	-12.430
-3.021	-12.460
POLYLINE BROWN
-3.276	-12.370
-3.261	-12.400
-3.231	-12.385
-3.216	-12.355
-3.246	-12.355
-3.306	-12.400
-3.246	-12.490
-3.216	-12.505
-3.186	-12.490
POLYLINE BROWN
-3.276	-12.280
-3.261	-12.250
POLYLINE BROWN
-3.306	-12.400
-3.321	-12.430
-3.321	-12.505
POLYLINE BROWN
-3.441	-12.370
-3.411	-12.355
-3.381	-12.385
-3.441	-12.475
-3.441	-12.505
-3.411	-12.535
POLYLINE BROWN
-3.531	-12.460
-3.531	-12.430
-3.606	-12.430
-3.636	-12.445
-3.636	-12.490
-3.576	-12.505
-3.531	-12.445
-3.501	-12.325
-3.501	-12.280
-3.486	-12.220
-3.516	-12.295
-3.516	-12.340
-3.531	-12.400
-3.531	-12.490
POLYLINE BROWN
-3.771	-12.415
-3.786	-12.475
-3.771	-12.505
-3.741	-12.520
-3.711	-12.505
-3.696	-12.475
-3.681	-12.535
-3.681	-12.580
POLYLINE BROWN
-3.846	-12.310
-3.816	-12.325
-3.786	-12.310
-3.756	-12.325
-3.726	-12.310
POLYLINE BROWN
-3.771	-12.190
-3.771	-12.235
-3.831	-12.400
-3.831	-12.505
-3.816	-12.550
POLYLINE BROWN
-3.876	-12.430
-3.951	-12.430
-3.981	-12.415
-3.981	-12.460
-3.966	-12.490
-3.921	-12.520
-3.906	-12.580
-3.921	-12.610
-3.951	-12.610
-3.981	-12.625
-4.011	-12.595
POLYLINE BROWN
-6.296	-11.830
-6.276	-11.910
-6.256	-11.950
POLYLINE BROWN
-6.276	-11.750
-6.176	-11.750
-6.096	-11.730
-6.056	-11.690
POLYLINE BROWN
-6.976	-11.570
-6.716	-11.650
-6.336	-11.750
-6.256	-11.810
-6.176	-11.830
-5.596	-12.070
-5.556	-12.070
-5.516	-12.110
-5.436	-12.130
-5.396	-12.170
-5.316	-12.170
-4.876	-12.350
-4.836	-12.350
-4.676	-12.450
-4.436	-12.530
-4.376	-12.530
-4.256	-12.610
POLYLINE BLACK
-7.756	-11.770
-7.696	-11.770
-7.616	-11.790
POLYLINE BLACK
-8.336	-11.810
-8.096	-11.830
POLYLINE BLACK
-8.836	-11.890
-8.796	-11.890
-8.616	-11.830
POLYLINE BLACK
-9.356	-11.950
-9.316	-11.950
-9.216	-11.910
-9.176	-11.930
POLYLINE BLACK
-8.136	-11.070
-8.096	-11.030
-7.956	-11.030
POLYLINE BLACK
-8.596	-11.110
-8.596	-11.150
-8.516	-11.130
-8.476	-11.110
-8.396	-11.110
POLYLINE BLACK
-9.016	-11.230
-8.976	-11.250
-8.916	-11.210
-8.876	-11.210
POLYLINE BLACK
-9.416	-11.290
-9.236	-11.290
POLYLINE BROWN
-7.536	-11.630
-7.616	-11.610
-7.696	-11.530
-7.756	-11.430
-7.776	-11.350
-7.796	-11.270
-7.796	-11.190
-7.756	-11.090
-7.636	-10.990
-7.476	-10.910
-7.356	-10.910
-7.276	-10.890
-7.116	-10.950
-6.976	-11.090
-6.896	-11.370
-6.936	-11.530
-7.076	-11.670
-7.196	-11.730
-7.276	-11.750
-7.316	-11.730
-7.356	-11.770
-7.516	-11.730
-7.616	-11.690
-7.696	-11.690
-7.776	-11.650
POLYLINE BLACK
-9.756	-11.370
-9.716	-11.390
-9.616	-11.370
-9.556	-11.390
-9.516	-11.370
POLYLINE BLACK
-9.676	-11.870
-9.636	-11.890
-9.496	-11.870
POLYLINE BLACK
-10.096	-11.950
-9.816	-11.950
POLYLINE BLACK
-10.176	-11.430
-10.036	-11.430
POLYLINE BLACK
-10.496	-11.490
-10.416	-11.510
-10.336	-11.510
POLYLINE BLACK
-11.556	-11.650
-11.516	-11.630
-11.276	-11.670
-11.176	-11.670
-11.056	-11.630
-10.996	-11.650
-10.776	-11.590
-10.696	-11.590
POLYLINE BLACK
-10.316	-12.050
-10.256	-11.970
-10.176	-11.990
-10.256	-11.990
-10.316	-12.030
-10.396	-12.050
-10.396	-12.110
POLYLINE BLACK
-11.476	-11.650
-11.356	-11.650
-11.316	-11.670
-11.276	-11.630
-11.236	-11.650
-11.076	-11.610
-10.856	-11.590
-10.816	-11.570
-10.716	-11.570
-10.676	-11.550
POLYLINE BLACK
-10.446	-10.925
POLYLINE BLACK
-10.416	-10.985
POLYLINE BLACK
-9.276	-15.305
-9.216	-15.305
-9.156	-15.245
POLYLINE BLACK
-9.546	-15.395
POLYLINE BLACK
-9.816	-15.635
-9.696	-15.545
-9.636	-15.545
POLYLINE BLACK
-9.576	-14.825
-9.396	-14.735
POLYLINE BLACK
-9.966	-15.035
-9.846	-15.005
-9.786	-14.975
POLYLINE BLACK
-8.946	-15.155
-9.096	-14.735
-9.096	-14.675
-9.036	-14.645
-8.916	-14.705
-8.826	-14.975
-8.826	-15.095
-8.886	-15.155
POLYLINE GREEN
-6.096	-7.515
-5.736	-7.235
-5.576	-7.195
POLYLINE GREEN
-6.616	-8.115
-6.296	-7.715
-6.216	-7.675
POLYLINE GREEN
-7.136	-9.355
-6.856	-8.915
POLYLINE GREEN
-6.616	-8.475
-6.496	-8.315
POLYLINE GREEN
-6.896	-8.995
-6.856	-8.915
POLYLINE GREEN
-7.336	-10.315
-7.216	-10.035
POLYLINE GREEN
-7.416	-10.955
-7.376	-10.635
-7.376	-10.555
POLYLINE BLACK
-10.376	-14.715
-10.456	-14.435
POLYLINE BLACK
-10.256	-15.435
-10.216	-15.235
-10.216	-15.035
-10.256	-14.955
POLYLINE BLACK
-8.136	-17.635
-8.056	-17.475
POLYLINE BLACK
-8.216	-18.075
-8.216	-17.915
-8.176	-17.755
POLYLINE BLACK
-10.176	-16.315
-10.176	-16.075
-10.256	-15.875
POLYLINE BLACK
-10.096	-17.035
-10.136	-16.955
-10.136	-16.595
POLYLINE BLACK
-10.056	-17.715
-10.056	-17.355
POLYLINE BLACK
-11.856	-12.875
-11.656	-12.395
-11.496	-12.555
-11.416	-12.555
-11.376	-12.675
-11.296	-12.675
-11.176	-12.795
-11.256	-12.875
-11.576	-12.915
-11.656	-12.875
-11.936	-12.915
POLYLINE BLACK
-12.816	-12.395
-12.296	-12.675
POLYLINE BLACK
-12.696	-12.315
-12.736	-12.475
-12.816	-12.715
-12.616	-12.755
-12.456	-12.715
-12.296	-12.755
POLYLINE BLACK
-13.256	-11.515
-13.176	-11.675
-12.976	-11.875
-13.056	-11.955
-13.496	-11.955
-13.416	-11.635
POLYLINE BROWN
-7.970	-17.107
-7.964	-17.131
-7.970	-17.155
-7.970	-17.143
-7.940	-17.113
-7.928	-17.113
-7.922	-17.143
-7.922	-17.155
-7.910	-17.131
-7.874	-17.119
-7.862	-17.131
-7.862	-17.161
POLYLINE BROWN
-8.048	-17.113
-8.024	-17.125
-8.006	-17.125
-7.994	-17.119
-8.018	-17.101
-8.042	-17.113
-8.048	-17.137
-8.012	-17.167
-8.000	-17.173
-7.994	-17.191
-7.982	-17.191
POLYLINE BROWN
-8.054	-17.065
POLYLINE BROWN
-8.066	-17.095
-8.060	-17.107
-8.072	-17.149
POLYLINE BROWN
-8.102	-17.113
-8.120	-17.113
-8.132	-17.101
-8.156	-17.113
-8.162	-17.125
-8.150	-17.137
-8.126	-17.137
-8.114	-17.125
-8.102	-17.143
-8.114	-17.203
-8.126	-17.233
-8.150	-17.251
-8.162	-17.251
-8.174	-17.239
-8.174	-17.227
POLYLINE BROWN
-8.180	-17.107
-8.180	-17.095
-8.210	-17.089
-8.222	-17.095
-8.210	-17.119
-8.198	-17.125
-8.210	-17.137
-8.186	-17.167
-8.210	-17.209
POLYLINE BROWN
-8.276	-17.101
-8.288	-17.155
-8.288	-17.221
-8.300	-17.191
-8.300	-17.161
-8.282	-17.101
-8.270	-17.089
-8.252	-17.089
-8.240	-17.095
-8.240	-17.107
-8.252	-17.125
-8.264	-17.125
POLYLINE BROWN
-8.282	-17.077
-8.306	-17.077
-8.330	-17.101
-8.312	-17.137
-8.324	-17.143
POLYLINE BROWN
-8.420	-17.113
-8.432	-17.101
-8.450	-17.101
-8.456	-17.131
-8.432	-17.137
-8.396	-17.089
-8.390	-17.047
-8.414	-17.113
-8.402	-17.161
POLYLINE BROWN
-8.510	-17.041
-8.486	-17.095
-8.498	-17.095
-8.510	-17.107
-8.510	-17.137
-8.486	-17.113
-8.480	-17.101
-8.480	-17.119
-8.462	-17.143
POLYLINE BROWN
-8.588	-17.065
-8.588	-17.119
-8.582	-17.137
-8.582	-17.113
-8.570	-17.083
-8.558	-17.077
-8.540	-17.107
-8.540	-17.131
POLYLINE BROWN
-8.042	-16.915
-8.036	-16.939
-8.036	-16.951
-8.006	-16.915
-8.000	-16.945
-7.976	-16.921
-7.964	-16.921
-7.958	-16.945
-7.964	-16.969
-7.964	-16.981
POLYLINE BROWN
-8.108	-16.819
-7.988	-16.843
POLYLINE BROWN
-8.096	-16.843
-8.102	-16.873
-8.108	-16.897
-8.084	-16.885
-8.072	-16.891
-8.066	-16.939
-8.090	-16.957
-8.102	-16.957
-8.108	-16.945
POLYLINE BROWN
-8.336	-16.927
POLYLINE BROWN
-8.186	-16.915
-8.192	-16.897
-8.204	-16.897
-8.216	-16.885
-8.246	-16.915
-8.228	-16.939
-8.204	-16.933
-8.198	-16.921
POLYLINE BROWN
-8.330	-16.873
-8.324	-16.897
-8.324	-16.909
-8.288	-16.885
-8.270	-16.903
-8.258	-16.933
-8.264	-16.945
POLYLINE BROWN
-8.384	-16.903
-8.366	-16.933
-8.354	-16.933
POLYLINE BROWN
-8.396	-16.837
-8.396	-16.849
-8.408	-16.891
-8.408	-16.915
-8.414	-16.927
-8.372	-16.915
-8.354	-16.891
POLYLINE BROWN
-8.450	-16.885
-8.474	-16.891
-8.498	-16.915
-8.498	-16.927
-8.486	-16.939
-8.462	-16.933
-8.432	-16.903
POLYLINE BROWN
-8.414	-15.913
-8.396	-15.889
-8.384	-15.859
-8.372	-15.853
-8.354	-15.889
-8.354	-15.901
POLYLINE BLACK
-9.010	-16.255
-8.970	-16.215
POLYLINE BLACK
-8.990	-15.955
-8.970	-15.875
-8.890	-15.875
-8.870	-15.955
-8.930	-16.095
-8.970	-16.135
POLYLINE BLACK
-8.770	-16.215
-8.850	-16.275
POLYLINE BLACK
-8.570	-16.095
-8.650	-16.135
POLYLINE BLACK
-8.290	-15.915
-8.330	-15.955
-8.410	-15.955
-8.450	-15.995
POLYLINE BLACK
-8.730	-15.715
-8.650	-15.655
-8.610	-15.655
POLYLINE BLACK
-8.890	-15.775
-8.830	-15.775
-8.750	-15.755
POLYLINE BLACK
-9.070	-15.855
-8.970	-15.815
POLYLINE BROWN
-8.370	-15.855
-8.370	-15.915
-8.390	-15.995
-8.430	-16.175
-8.470	-16.375
-8.510	-16.575
-8.510	-16.715
-8.530	-16.795
-8.550	-16.915
POLYLINE BLACK
-8.290	-15.875
-8.470	-15.695
-8.510	-15.575
-8.510	-15.535
-8.430	-15.515
-8.390	-15.515
-8.250	-15.655
-8.190	-15.835
-8.190	-15.875
-8.230	-15.915
-8.310	-15.875
POLYLINE GREEN
-8.090	-10.215
-8.050	-10.175
-8.050	-10.035
-8.010	-9.955
-7.950	-10.135
-7.950	-10.195
-7.930	-10.235
-8.010	-10.215
-8.110	-10.235
POLYLINE GREEN
-8.270	-12.055
-8.230	-11.775
-8.210	-11.735
-8.150	-12.015
-8.230	-12.035
POLYLINE GREEN
-7.910	-11.455
-7.910	-11.355
-7.870	-11.175
-7.870	-11.135
-7.790	-11.375
-7.790	-11.415
-7.870	-11.415
POLYLINE GREEN
-8.470	-10.835
-8.430	-10.795
-8.430	-10.755
-8.370	-10.655
-8.370	-10.495
-8.310	-10.675
-8.270	-10.815
-8.310	-10.835
-8.410	-10.795
-8.450	-10.815
POLYLINE BLACK
-7.150	-13.855
-7.110	-13.815
-7.110	-13.735
-7.070	-13.595
-7.030	-13.755
-7.010	-13.835
-7.090	-13.855
-7.130	-13.855
POLYLINE BLACK
-7.410	-13.695
-7.370	-13.495
-7.370	-13.415
-7.350	-13.335
-7.330	-13.375
-7.310	-13.555
-7.270	-13.675
-7.450	-13.675
POLYLINE BLACK
-7.010	-14.575
-7.010	-14.435
-6.930	-14.175
-6.830	-14.495
-6.830	-14.535
-6.990	-14.615
POLYLINE BLACK
-7.490	-14.735
-7.490	-14.635
-7.430	-14.415
-7.390	-14.655
-7.370	-14.735
-7.410	-14.755
-7.450	-14.735
-7.510	-14.755
POLYLINE BLACK
-7.370	-15.155
-7.370	-15.195
-7.290	-15.075
-7.250	-14.935
-7.250	-14.935
-7.230	-15.035
-7.210	-15.115
-7.190	-15.155
-7.330	-15.175
-7.370	-15.175
POLYLINE BLACK
-6.950	-15.515
-6.910	-15.615
-6.830	-15.535
-6.830	-15.495
-6.770	-15.415
-6.770	-15.515
-6.750	-15.615
-6.750	-15.695
-6.830	-15.675
-6.870	-15.695
POLYLINE BLACK
-7.130	-16.115
-7.030	-15.935
-7.010	-15.855
-7.010	-15.935
-6.970	-16.055
-6.970	-16.115
-7.050	-16.115
-7.130	-16.155
POLYLINE GREEN
-8.910	-12.335
-8.890	-12.375
-8.950	-12.575
POLYLINE GREEN
-8.930	-11.875
-8.930	-12.015
-9.010	-12.255
POLYLINE GREEN
-8.930	-11.195
-8.930	-11.275
-8.910	-11.415
-8.930	-11.495
POLYLINE GREEN
-9.070	-10.435
-9.070	-10.575
-9.030	-10.795
POLYLINE GREEN
-9.190	-9.915
-9.190	-10.115
POLYLINE GREEN
-9.210	-9.215
-9.210	-9.355
-9.250	-9.575
POLYLINE GREEN
-9.250	-8.555
-9.230	-8.595
-9.230	-8.715
-9.210	-8.855
POLYLINE GREEN
-9.350	-7.815
-9.310	-7.975
-9.310	-8.075
-9.290	-8.235
POLYLINE GREEN
-9.390	-7.255
-9.410	-7.315
-9.410	-7.415
-9.390	-7.535
POLYLINE GREEN
-9.490	-6.675
-9.450	-6.835
-9.450	-7.095
POLYLINE GREEN
-9.630	-5.995
-9.610	-6.095
-9.590	-6.275
-9.570	-6.355
-9.570	-6.395
POLYLINE GREEN
-9.750	-5.295
-9.750	-5.635
POLYLINE GREEN
-9.810	-4.595
-9.810	-4.795
-9.830	-4.895
POLYLINE GREEN
-9.950	-3.875
-9.890	-4.075
-9.890	-4.155
-9.870	-4.235
-9.870	-4.275
POLYLINE GREEN
-8.330	-6.975
-8.370	-6.915
-8.390	-6.835
POLYLINE GREEN
-8.210	-7.555
-8.230	-7.375
-8.290	-7.155
POLYLINE GREEN
-8.090	-8.175
-8.090	-8.115
-8.130	-8.055
-8.190	-7.875
POLYLINE GREEN
-7.990	-8.815
-8.050	-8.695
-8.050	-8.635
-8.090	-8.515
POLYLINE GREEN
-7.890	-9.375
-7.950	-9.135
POLYLINE GREEN
-7.790	-9.875
-7.850	-9.675
-7.850	-9.635
POLYLINE GREEN
-6.830	-13.395
-6.810	-13.575
-6.790	-13.655
-6.770	-13.735
-6.750	-13.775
POLYLINE GREEN
-7.050	-12.915
-6.990	-12.975
-6.910	-13.095
-6.890	-13.235
POLYLINE GREEN
-7.150	-12.435
-7.130	-12.535
-7.130	-12.675
POLYLINE GREEN
-7.310	-11.855
-7.290	-12.035
-7.250	-12.155
POLYLINE GREEN
-7.410	-11.295
-7.430	-11.475
-7.430	-11.575
-7.410	-11.635
POLYLINE GREEN
-7.590	-10.775
-7.590	-11.095
POLYLINE GREEN
-7.770	-10.095
-7.690	-10.355
-7.670	-10.455
-7.650	-10.535
-7.650	-10.615
-7.630	-10.655
POLYLINE BLUE
-7.250	-13.875
-7.210	-14.075
-7.170	-14.155
-7.170	-14.215
-7.150	-14.295
POLYLINE BLUE
-7.330	-13.915
-7.330	-13.975
-7.290	-14.155
-7.250	-14.355
POLYLINE BLUE
-7.410	-13.915
-7.350	-14.235
-7.330	-14.335
-7.350	-14.415
POLYLINE BLACK
-8.490	-12.655
-8.470	-12.695
-8.330	-12.735
-8.210	-12.755
-8.050	-12.715
-8.010	-12.735
-7.930	-12.715
-7.890	-12.755
-7.770	-12.775
-7.730	-12.815
-7.690	-12.795
-7.530	-12.915
-7.490	-12.915
-7.330	-13.035
-7.230	-13.175
-7.050	-13.355
-6.990	-13.455
-6.950	-13.475
-6.810	-13.655
-6.690	-13.855
-6.670	-13.955
-6.630	-14.135
-6.630	-14.215
-6.590	-14.435
-6.570	-14.535
-6.550	-14.615
-6.530	-14.755
POLYLINE BLACK
-7.310	-16.835
-7.190	-16.815
-7.150	-16.855
-7.070	-16.835
-6.890	-16.855
-6.810	-16.875
-6.730	-16.855
-6.690	-16.875
-6.610	-16.855
-6.450	-16.815
-6.310	-16.595
-6.270	-16.475
-6.270	-16.415
-6.210	-16.255
-6.210	-16.135
-6.190	-16.035
-6.190	-15.955
-6.170	-15.875
-6.170	-15.555
-6.190	-15.455
-6.210	-15.335
-6.250	-15.275
-6.250	-15.235
-6.310	-15.135
-6.470	-14.795
-6.550	-14.675
POLYLINE BLACK
-9.570	-14.775
-9.510	-14.915
-9.330	-15.135
-9.010	-15.415
-8.890	-15.535
-8.750	-15.675
-8.610	-15.755
-8.390	-15.955
-8.230	-16.115
-8.010	-16.415
-7.910	-16.515
-7.750	-16.715
-7.570	-16.795
-7.370	-16.835
-7.290	-16.775
POLYLINE BLACK
-9.730	-14.095
-9.730	-14.415
-9.690	-14.615
-9.610	-14.755
POLYLINE BLACK
-10.330	-13.375
-10.170	-13.515
-10.090	-13.535
-9.890	-13.855
-9.750	-14.055
-9.710	-14.195
POLYLINE BLACK
-10.350	-13.305
-10.170	-13.505
POLYLINE BLACK
-9.790	-12.465
-9.690	-12.565
POLYLINE BLACK
-10.210	-13.205
-10.050	-13.285
-10.010	-13.285
-9.970	-13.325
POLYLINE BLACK
-10.010	-13.005
-9.930	-13.025
-9.850	-13.085
-9.810	-13.085
POLYLINE BLACK
-9.850	-12.445
-9.910	-12.725
-9.970	-12.905
-10.090	-13.085
-10.150	-13.185
-10.310	-13.305
POLYLINE BLACK
-9.850	-12.345
-9.730	-12.425
-9.630	-12.445
POLYLINE BLACK
-11.190	-13.185
-11.150	-13.225
-11.110	-13.205
-10.890	-13.265
-10.730	-13.265
-10.650	-13.245
-10.590	-13.265
-10.510	-13.245
-10.390	-13.265
-10.350	-13.245
-10.270	-13.265
-10.190	-13.245
POLYLINE BLACK
-10.710	-11.985
-10.630	-12.005
-10.470	-12.045
-10.350	-12.105
-10.310	-12.105
-10.250	-12.165
-10.170	-12.185
-10.050	-12.245
-9.970	-12.265
-9.850	-12.365
-9.850	-12.425
POLYLINE BLACK
-11.990	-11.405
-11.790	-11.545
-11.650	-11.605
-11.610	-11.645
-11.430	-11.685
-11.250	-11.745
-11.210	-11.785
-11.170	-11.765
-11.050	-11.805
-11.010	-11.785
-10.790	-11.885
-10.750	-11.885
POLYLINE BLACK
-8.940	-18.035
-8.940	-18.275
-8.980	-18.435
-8.980	-18.635
POLYLINE BLACK
-9.300	-18.315
-9.060	-18.315
-8.860	-18.355
-8.540	-18.315
POLYLINE BLACK
-9.340	-18.955
-9.420	-18.955
-9.860	-18.515
-9.940	-18.235
-9.940	-18.075
-9.700	-17.675
-9.540	-17.555
-9.100	-17.475
-8.780	-17.475
-8.540	-17.555
-8.260	-17.875
-8.260	-17.995
-8.180	-18.235
-8.180	-18.435
-8.140	-18.595
-8.180	-18.755
-8.340	-18.915
-8.420	-19.075
-8.660	-19.155
-8.740	-19.115
-8.900	-19.155
-9.180	-19.075
-9.260	-19.075
-9.340	-18.995
POLYLINE BLUE
-7.990	-12.095
-7.870	-12.155
-7.840	-12.215
-7.720	-12.245
-7.630	-12.335
-7.450	-12.005
POLYLINE BLUE
-8.080	-11.135
-8.080	-11.195
-8.140	-11.255
-8.140	-11.345
-8.200	-11.525
-8.140	-11.645
-8.020	-11.675
-7.900	-11.705
-7.840	-11.675
-7.690	-11.945
-7.660	-12.185
-7.660	-12.275
POLYLINE BLACK
-8.110	-12.275
POLYLINE BLACK
-7.390	-11.495
-7.330	-11.435
-7.330	-11.375
-7.270	-11.285
POLYLINE BLACK
-7.630	-11.975
-7.660	-11.825
-7.600	-11.615
POLYLINE BLACK
-8.050	-12.215
-7.990	-12.215
-7.930	-12.155
POLYLINE BLACK
-8.590	-12.545
-8.470	-12.575
-8.410	-12.545
POLYLINE BLACK
-8.920	-12.755
-8.620	-12.695
POLYLINE BLACK
-9.310	-12.635
-9.220	-12.755
-9.160	-12.725
-9.100	-12.785
-8.980	-12.815
-8.920	-12.785
POLYLINE BLACK
-9.670	-12.185
-9.520	-12.365
-9.490	-12.425
-9.430	-12.425
-9.280	-12.575
-9.100	-12.695
-9.040	-12.665
-8.980	-12.695
POLYLINE BLACK
-9.780	-12.265
-9.540	-12.355
-9.480	-12.355
POLYLINE BLACK
-9.780	-12.625
-9.720	-12.595
-9.570	-12.625
POLYLINE BLACK
-9.900	-12.835
-9.720	-12.955
POLYLINE BLACK
-10.050	-13.135
-9.990	-13.195
-9.870	-13.225
POLYLINE BLACK
-10.230	-13.285
-9.990	-13.435
POLYLINE BLACK
-10.410	-13.435
-10.350	-13.435
-10.200	-13.585
POLYLINE BLACK
-12.910	-10.295
-12.950	-10.455
-12.950	-10.575
-12.630	-10.895
-12.390	-11.055
POLYLINE BLACK
-14.550	-12.415
-14.470	-12.415
-14.390	-12.495
-14.230	-12.535
-14.070	-12.655
-13.910	-12.695
-13.750	-12.735
-13.670	-12.735
-13.590	-12.815
-13.430	-12.815
-13.150	-12.895
-12.830	-12.895
-12.670	-12.935
-12.510	-12.975
-12.430	-13.015
-12.350	-12.975
-12.270	-13.055
-11.990	-13.055
-11.910	-13.135
-11.510	-13.135
-11.270	-13.215
-11.190	-13.215
-11.110	-13.295
POLYLINE BLACK
-16.150	-10.055
-16.030	-10.655
-15.910	-10.895
-15.910	-11.015
-15.590	-11.415
-15.150	-11.855
-15.030	-11.975
-14.950	-11.975
-14.630	-12.295
-14.510	-12.295
POLYLINE BLACK
-16.110	-10.375
-16.030	-10.615
POLYLINE BLACK
-16.150	-10.415
POLYLINE BLACK
-16.370	-5.515
POLYLINE BLACK
-12.250	-11.075
-11.890	-11.435
POLYLINE BLACK
-12.610	-10.595
-12.570	-10.755
-12.450	-10.875
POLYLINE BLACK
-15.610	-12.235
-15.530	-12.155
-15.370	-12.115
-15.210	-12.035
-15.130	-12.075
POLYLINE BLACK
-16.850	-12.795
-16.770	-12.715
-16.610	-12.675
-16.370	-12.475
POLYLINE BLACK
-18.010	-13.235
-17.810	-13.235
-17.410	-13.075
POLYLINE BLACK
-17.450	-10.435
-17.090	-10.195
POLYLINE BLACK
-18.490	-10.715
-18.410	-10.755
-18.290	-10.675
-18.130	-10.675
-17.970	-10.555
POLYLINE BLACK
-19.210	-11.395
-19.090	-11.275
-18.930	-11.195
POLYLINE BLACK
-19.170	-12.515
-19.090	-12.435
-19.050	-12.515
-18.890	-12.515
-18.810	-12.555
-18.610	-12.515
-18.530	-12.555
-18.370	-12.515
POLYLINE BLACK
-18.730	-12.155
-18.810	-12.235
-18.850	-12.635
-18.810	-12.795
POLYLINE BLACK
-19.450	-13.115
-19.610	-13.075
-19.810	-12.875
-19.930	-12.515
-19.930	-12.315
-19.570	-11.835
-19.410	-11.795
-19.250	-11.715
-19.130	-11.715
-18.970	-11.595
-18.810	-11.635
-18.490	-11.515
-17.970	-11.755
-17.690	-12.035
-17.690	-12.155
-17.610	-12.395
-17.730	-12.715
-18.010	-12.995
-18.250	-13.115
-18.410	-13.115
-18.650	-13.235
-19.050	-13.155
-19.130	-13.195
-19.210	-13.155
POLYLINE BLACK
-14.970	-6.795
-15.330	-7.275
-15.410	-7.475
-15.810	-8.035
-15.810	-8.115
-16.170	-8.875
-16.130	-8.995
-16.170	-9.075
-16.170	-9.235
-16.290	-9.555
-16.290	-9.835
-16.330	-10.035
POLYLINE BLACK
-15.090	-6.835
-15.330	-6.995
-15.330	-7.075
POLYLINE BLACK
-12.820	-10.045
-12.780	-10.065
-12.740	-10.045
-12.700	-10.065
-12.540	-10.025
-12.500	-10.045
-12.420	-10.025
-12.220	-9.985
-12.140	-9.985
-11.860	-9.885
-11.820	-9.905
-11.680	-9.865
-11.600	-9.845
POLYLINE BLACK
-11.580	-9.785
-11.610	-9.845
-11.490	-9.815
-11.250	-9.725
-11.160	-9.725
-11.040	-9.635
-10.920	-9.635
-10.620	-9.545
POLYLINE BLACK
-9.660	-9.545
-9.780	-9.515
-9.960	-9.515
-10.080	-9.485
-10.200	-9.515
-10.320	-9.485
-10.470	-9.515
-10.590	-9.545
-10.650	-9.515
POLYLINE BLACK
-9.920	-8.065
-9.840	-8.185
POLYLINE BLACK
-10.000	-8.305
-9.840	-8.345
-9.760	-8.345
POLYLINE BLACK
-10.080	-8.065
-10.000	-8.225
POLYLINE BLACK
-12.120	-7.465
-12.040	-7.425
-11.920	-7.545
-11.840	-7.505
-11.600	-7.585
-11.520	-7.665
-11.440	-7.625
-11.280	-7.745
-11.040	-7.785
-10.960	-7.865
-10.800	-7.905
-10.640	-8.025
-10.320	-8.105
-10.240	-8.185
-10.160	-8.185
POLYLINE BLACK
-11.600	-5.665
-11.600	-5.425
-11.560	-5.345
POLYLINE BLACK
-11.960	-6.505
-11.920	-6.345
-11.880	-6.185
-11.840	-6.105
POLYLINE BLACK
-12.240	-7.425
-12.240	-6.985
-12.200	-6.825
POLYLINE BLACK
-14.080	-5.145
-14.000	-4.825
POLYLINE BLACK
-14.440	-5.745
-14.360	-5.465
POLYLINE BLACK
-14.800	-6.505
-14.640	-6.345
-14.640	-6.225
-14.560	-6.065
POLYLINE BLACK
-8.860	-10.165
-8.860	-10.685
-8.880	-10.825
-8.880	-10.885
-8.960	-11.165
POLYLINE BLACK
-8.320	-8.785
-8.200	-8.745
-8.120	-8.685
-8.080	-8.685
-7.940	-8.585
-7.880	-8.505
-7.880	-8.465
-7.760	-8.385
-7.700	-8.265
POLYLINE BLACK
-9.540	-9.605
-9.500	-9.605
-9.420	-9.665
-9.380	-9.665
-9.340	-9.705
-9.300	-9.705
-9.220	-9.765
-9.140	-9.785
-9.020	-9.845
-9.000	-9.885
-8.960	-9.885
-8.840	-10.025
-8.840	-10.065
-8.800	-10.105
POLYLINE BLACK
-9.640	-8.285
-9.580	-8.385
-9.520	-8.405
-9.380	-8.545
-9.300	-8.565
-9.100	-8.665
-8.920	-8.685
-8.680	-8.765
-8.640	-8.765
-8.560	-8.825
-8.440	-8.845
POLYLINE BLACK
-8.360	-8.865
-8.320	-8.845
-8.280	-8.865
-8.120	-8.825
-8.000	-8.745
POLYLINE BLACK
-8.760	-10.085
-8.860	-10.405
-8.900	-10.445
-8.920	-10.585
-8.940	-10.685
-8.980	-10.725
-8.980	-10.805
-9.000	-10.845

ELEVATION
STATIONS
0.000	0.000	1.0
7.298	0.148	1.1
15.206	0.000	1.2
16.992	-1.123	1.3
19.682	0.241	1.4
22.398	-0.686	1.5
24.328	-4.890	1.6
27.564	-10.897	1.7
31.102	-26.538	1.8
17.772	-0.950	1.21
25.137	-5.898	1.22
27.514	1.457	1.51
37.334	1.009	1.52
44.079	-0.083	1.53
SHOTS
37.334	1.009	44.079	-0.083
27.514	1.457	37.334	1.009
37.334	1.009	37.139	0.372
37.334	1.009	36.769	0.983
37.334	1.009	37.640	1.863
37.334	1.009	38.027	1.463
22.398	-0.686	27.514	1.457
27.514	1.457	29.706	1.287
27.514	1.457	28.038	1.949
27.514	1.457	27.105	1.135
17.772	-0.950	25.137	-5.898
15.206	0.000	17.772	-0.950
27.564	-10.897	31.102	-26.538
31.102	-26.538	30.440	-26.206
31.102	-26.538	28.372	-26.396
31.102	-26.538	24.815	-26.971
31.102	-26.538	25.317	-27.122
31.102	-26.538	29.389	-26.561
31.102	-26.538	19.083	-30.385
31.102	-26.538	31.930	-20.082
31.102	-26.538	30.966	-22.111
31.102	-26.538	29.833	-22.051
31.102	-26.538	27.230	-19.332
31.102	-26.538	29.312	-20.053
31.102	-26.538	30.724	-18.873
31.102	-26.538	32.109	-18.229
31.102	-26.538	29.520	-28.061
31.102	-26.538	25.687	-30.358
31.102	-26.538	22.450	-31.868
31.102	-26.538	20.580	-28.848
31.102	-26.538	24.242	-27.632
31.102	-26.538	19.247	-30.649
31.102	-26.538	30.712	-21.354
24.328	-4.890	27.564	-10.897
27.564	-10.897	29.647	-11.205
27.564	-10.897	28.974	-11.105
27.564	-10.897	28.724	-11.294
27.564	-10.897	27.626	-10.834
27.564	-10.897	26.542	-10.879
27.564	-10.897	26.957	-11.091
27.564	-10.897	28.224	-11.109
27.564	-10.897	27.147	-11.082
27.564	-10.897	26.023	-11.098
27.564	-10.897	25.680	-11.363
27.564	-10.897	26.532	-11.207
27.564	-10.897	32.832	-5.734
27.564	-10.897	32.015	-4.299
22.398	-0.686	24.328	-4.890
24.328	-4.890	25.568	3.628
19.682	0.241	22.398	-0.686
22.398	-0.686	25.932	24.171
22.398	-0.686	20.136	0.874
22.398	-0.686	20.930	0.305
22.398	-0.686	21.815	-3.372
22.398	-0.686	22.844	-4.066
22.398	-0.686	23.728	14.107
22.398	-0.686	23.514	9.621
22.398	-0.686	25.770	14.069
22.398	-0.686	24.415	10.091
22.398	-0.686	20.006	1.263
22.398	-0.686	20.258	1.436
22.398	-0.686	20.009	1.471
22.398	-0.686	22.695	-0.885
22.398	-0.686	22.159	-0.731
22.398	-0.686	21.350	-0.667
22.398	-0.686	20.820	-0.699
16.992	-1.123	19.682	0.241
19.682	0.241	20.727	1.225
19.682	0.241	22.702	1.453
19.682	0.241	19.659	0.764
19.682	0.241	18.599	0.295
19.682	0.241	18.592	-1.144
19.682	0.241	21.118	-1.769
15.206	0.000	16.992	-1.123
16.992	-1.123	16.899	-0.435
16.992	-1.123	16.847	-1.010
16.992	-1.123	16.974	-1.631
7.298	0.148	15.206	0.000
0.000	0.000	7.298	0.148
POLYLINE BLACK
46.200	11.295
POLYLINE BLACK
39.260	-2.305
39.300	-2.465
POLYLINE BLACK
39.260	-1.785
39.260	-2.145
POLYLINE BLACK
37.100	0.295
37.180	0.135
37.500	0.055
37.660	0.055
37.740	0.015
37.820	0.055
37.900	-0.025
38.220	0.015
38.460	0.015
38.540	-0.025
38.620	0.055
38.740	-0.065
38.820	-0.025
38.980	-0.145
38.980	-0.265
39.100	-0.585
39.100	-0.785
39.140	-0.945
39.180	-1.305
39.220	-1.465
39.220	-1.545
POLYLINE BLACK
37.160	1.715
37.640	1.655
38.240	1.895
38.360	1.835
38.480	1.955
38.840	1.955
38.960	2.015
POLYLINE BLACK
37.010	1.695
37.170	1.735
37.250	1.695
POLYLINE BLACK
30.650	0.775
30.850	0.775
31.010	0.735
31.170	0.775
31.330	0.735
31.490	0.735
31.570	0.655
31.930	0.655
32.090	0.735
32.250	0.695
32.410	0.695
32.690	0.655
32.890	0.695
32.970	0.615
33.250	0.655
33.330	0.575
33.410	0.615
33.570	0.575
33.810	0.575
34.010	0.615
34.170	0.575
34.410	0.575
34.490	0.615
34.850	0.495
34.930	0.415
35.050	0.415
35.410	0.295
35.570	0.335
35.970	0.255
36.370	0.255
36.450	0.215
36.650	0.255
36.810	0.215
36.890	0.255
37.050	0.215
37.210	0.215
POLYLINE BLACK
32.010	1.815
32.170	1.775
32.410	1.695
32.610	1.695
32.690	1.655
32.850	1.775
32.970	1.735
33.210	1.815
33.290	1.775
33.450	1.815
34.130	1.815
34.210	1.855
34.290	1.775
34.650	1.775
34.810	1.735
35.050	1.815
35.130	1.735
35.410	1.815
35.490	1.775
35.650	1.815
36.090	1.815
36.250	1.855
36.410	1.855
36.570	1.735
36.770	1.775
36.930	1.735
37.010	1.735
POLYLINE BLACK
27.690	5.375
POLYLINE BLACK
27.730	0.855
28.050	0.855
28.250	0.815
28.410	0.855
28.650	0.775
28.890	0.775
28.970	0.735
29.250	0.815
29.330	0.775
29.490	0.855
29.650	0.815
29.730	0.855
29.930	0.815
30.010	0.855
30.090	0.815
30.210	0.895
30.370	0.815
POLYLINE BLACK
27.930	1.975
28.090	1.935
28.250	1.935
28.450	1.855
28.530	1.895
28.690	1.855
28.890	1.895
29.050	1.895
29.330	2.015
29.490	1.975
30.050	1.935
30.210	1.895
30.650	1.895
31.010	1.815
31.210	1.855
31.290	1.815
31.450	1.855
31.650	1.815
31.930	1.815
32.090	1.775
POLYLINE BLUE
25.850	-3.465
25.290	-4.225
24.850	-4.825
POLYLINE BLUE
26.290	-1.705
25.650	-2.225
25.250	-2.585
24.290	-3.505
23.970	-3.745
23.770	-3.985
23.730	-4.105
23.610	-4.225
23.450	-4.425
POLYLINE BLACK
24.050	-5.425
24.010	-5.345
24.130	-5.185
24.210	-5.185
24.290	-5.105
24.450	-5.145
24.530	-5.145
24.730	-5.345
24.770	-5.505
24.570	-5.625
24.410	-5.665
24.130	-5.545
POLYLINE BLACK
23.570	-5.185
23.330	-5.025
23.250	-5.025
23.210	-4.865
23.210	-4.665
23.250	-4.505
23.410	-4.465
23.650	-4.465
23.850	-4.705
24.050	-5.025
24.050	-5.185
23.890	-5.305
23.730	-5.265
POLYLINE BROWN
23.530	-5.265
23.530	-5.345
POLYLINE BLUE
31.950	-1.375
31.980	-1.315
POLYLINE BLUE
31.410	-0.715
31.500	-0.745
31.650	-0.715
31.860	-0.715
31.980	-0.685
POLYLINE BLUE
31.650	-0.895
31.650	-1.105
31.770	-1.285
POLYLINE BLUE
31.530	-1.225
31.500	-1.105
31.380	-1.075
31.170	-1.285
31.260	-1.375
31.320	-1.315
31.380	-1.465
31.380	-1.825
31.320	-1.945
31.110	-1.855
POLYLINE BLUE
29.490	-1.375
29.610	-1.315
29.580	-1.375
29.460	-1.375
29.490	-1.315
29.550	-1.315
POLYLINE BLUE
30.630	-1.285
30.540	-1.585
30.540	-1.645
30.690	-1.585
30.840	-1.375
30.840	-1.495
30.900	-1.585
POLYLINE BLUE
30.450	-1.525
30.270	-1.465
30.120	-1.645
30.150	-1.735
30.270	-1.705
30.390	-1.645
30.450	-1.855
30.420	-2.035
30.420	-2.125
30.390	-2.245
30.300	-2.215
POLYLINE BLUE
29.940	-1.615
29.760	-1.615
29.700	-1.645
29.640	-1.855
29.700	-1.915
29.760	-1.915
29.880	-1.795
30.000	-1.915
29.970	-2.035
29.910	-2.155
29.940	-2.215
POLYLINE BLUE
29.670	-1.345
POLYLINE BLUE
29.400	-1.735
29.280	-1.735
29.100	-1.915
29.070	-2.065
29.190	-2.095
29.460	-1.825
29.520	-2.005
29.580	-2.035
POLYLINE BLUE
30.420	-0.475
30.510	-0.565
30.630	-0.655
POLYLINE BLUE
31.860	-0.415
POLYLINE BLUE
31.470	-0.265
31.530	-0.385
POLYLINE BLUE
31.590	-0.085
31.590	-0.205
31.800	0.005
31.920	0.035
POLYLINE BLUE
30.930	-0.325
30.990	-0.385
31.260	-0.205
31.350	-0.085
31.290	-0.025
31.170	-0.055
30.960	-0.265
31.170	-0.475
31.290	-0.445
31.350	-0.445
POLYLINE BLUE
30.780	-0.115
30.780	-0.055
POLYLINE BLUE
30.750	-0.235
30.840	-0.505
POLYLINE BLUE
30.360	0.005
30.390	-0.145
30.360	-0.445
30.390	-0.565
30.630	-0.355
POLYLINE BLUE
29.520	-0.505
29.520	-0.655
29.580	-0.835
29.700	-0.625
29.790	-0.625
29.910	-0.715
29.970	-0.715
30.000	-0.565
30.000	-0.325
POLYLINE BLUE
31.080	0.725
30.960	0.755
30.900	0.725
30.840	0.755
30.660	0.545
30.660	0.485
30.780	0.395
30.840	0.395
30.990	0.635
31.050	0.485
31.260	0.335
POLYLINE BLUE
30.240	0.605
30.330	0.485
30.360	0.365
30.480	0.545
30.480	0.605
30.630	0.455
30.630	0.395
POLYLINE BLUE
30.060	0.425
30.210	0.245
POLYLINE BLUE
29.790	1.025
29.790	0.515
29.820	0.365
29.820	0.275
29.850	0.215
30.120	0.395
30.150	0.455
POLYLINE BLUE
29.700	0.335
29.580	0.365
29.520	0.395
29.340	0.275
29.220	0.095
29.370	-0.055
29.520	-0.055
29.580	0.005
29.640	0.005
29.700	0.095
29.700	0.185
29.730	0.245
29.670	0.455
POLYLINE BLUE
26.730	-1.225
26.430	-1.585
26.370	-1.705
26.670	-1.705
26.910	-1.765
POLYLINE BLUE
26.070	-2.905
26.010	-3.205
25.950	-3.325
26.190	-3.385
26.370	-3.445
POLYLINE BLUE
25.890	-3.625
26.250	-3.205
27.630	-2.245
27.870	-2.005
28.290	-1.585
28.590	-1.405
28.710	-1.405
29.130	-0.985
29.250	-0.985
POLYLINE BLUE
26.370	-1.705
27.270	-1.225
28.470	-0.745
28.590	-0.745
28.890	-0.565
29.130	-0.445
29.250	-0.505
29.370	-0.385
POLYLINE BLACK
34.990	-16.385
35.030	-16.425
35.110	-16.405
35.130	-16.365
34.990	-16.305
34.870	-16.385
34.830	-16.465
34.870	-16.545
34.930	-16.545
34.970	-16.565
35.010	-16.545
POLYLINE BLACK
34.810	-16.325
34.770	-16.385
34.690	-16.385
34.630	-16.445
34.630	-16.505
34.690	-16.565
34.730	-16.565
POLYLINE BLACK
34.510	-16.525
34.550	-16.565
34.590	-16.565
POLYLINE BLACK
34.350	-16.425
34.350	-16.525
34.330	-16.565
34.350	-16.605
34.410	-16.485
34.490	-16.465
34.510	-16.545
34.510	-16.585
POLYLINE BLACK
34.230	-16.285
POLYLINE BLACK
34.250	-16.445
34.210	-16.525
POLYLINE BLACK
33.830	-16.905
33.830	-16.845
33.890	-16.645
33.890	-16.585
33.910	-16.485
33.990	-16.425
34.070	-16.425
34.130	-16.525
34.050	-16.605
33.970	-16.645
33.930	-16.625
POLYLINE BLACK
33.290	-16.665
POLYLINE BLACK
33.670	-16.565
33.750	-16.525
33.770	-16.485
33.730	-16.445
33.630	-16.545
33.650	-16.625
33.670	-16.665
33.770	-16.665
POLYLINE BLACK
33.350	-16.505
33.370	-16.585
33.370	-16.585
33.470	-16.465
33.510	-16.465
33.550	-16.425
33.570	-16.525
33.470	-16.665
33.590	-16.685
POLYLINE BLACK
33.150	-17.045
33.150	-16.985
33.110	-16.805
33.110	-16.725
33.170	-16.545
33.250	-16.525
33.290	-16.565
33.270	-16.665
33.170	-16.765
33.130	-16.765
POLYLINE BLACK
32.830	-16.565
32.750	-16.705
POLYLINE BLACK
32.710	-16.505
32.690	-16.645
32.730	-16.625
32.810	-16.745
32.770	-16.925
32.690	-16.985
32.650	-16.985
POLYLINE BLACK
32.450	-16.505
32.450	-16.625
32.470	-16.705
32.450	-16.625
32.490	-16.545
32.570	-16.505
32.590	-16.545
32.550	-16.685
32.590	-16.725
32.630	-16.705
POLYLINE BLACK
32.130	-16.665
32.110	-16.725
32.110	-16.985
32.090	-16.925
32.150	-16.645
32.230	-16.565
32.350	-16.605
32.370	-16.645
32.290	-16.725
32.210	-16.745
POLYLINE BLACK
34.470	-15.825
34.390	-15.825
34.350	-15.925
34.430	-15.985
34.510	-15.965
34.550	-15.885
POLYLINE BLACK
34.070	-15.845
34.070	-15.945
34.090	-16.025
34.090	-16.025
34.090	-15.885
34.210	-15.825
34.270	-15.885
34.270	-15.985
POLYLINE BLACK
33.750	-15.905
33.830	-15.985
33.870	-16.005
POLYLINE BLACK
33.670	-15.645
33.670	-15.865
33.650	-15.905
33.670	-15.945
33.650	-16.025
33.650	-15.985
33.850	-15.865
33.870	-15.825
33.910	-15.825
33.950	-15.785
POLYLINE BLACK
33.530	-15.905
33.490	-15.865
33.410	-15.885
33.350	-15.965
33.350	-16.005
33.430	-16.085
33.510	-16.045
33.530	-15.945
POLYLINE BLACK
33.420	-15.345
33.360	-15.285
33.420	-15.225
33.540	-15.255
33.420	-15.345
33.420	-15.285
POLYLINE BLACK
33.300	-14.865
33.240	-14.865
33.090	-14.715
33.090	-14.505
33.210	-14.415
33.450	-14.475
33.510	-14.535
33.540	-14.655
33.570	-14.865
33.450	-15.045
POLYLINE BLACK
32.250	-15.885
32.850	-15.825
32.970	-15.765
POLYLINE BLACK
31.170	-16.185
31.830	-16.005
POLYLINE BLACK
30.390	-16.545
30.810	-16.425
POLYLINE BLACK
32.130	-15.045
32.370	-14.985
32.490	-14.985
32.610	-14.865
32.730	-14.865
POLYLINE BLACK
31.050	-15.345
31.590	-15.285
31.830	-15.225
POLYLINE BLACK
30.090	-15.825
30.630	-15.705
30.690	-15.585
POLYLINE BLACK
29.670	-16.485
29.490	-16.245
29.550	-16.005
29.790	-15.885
29.910	-15.945
30.030	-15.885
30.210	-16.065
30.330	-16.245
30.270	-16.485
30.210	-16.605
29.670	-16.545
29.550	-16.485
POLYLINE BLACK
33.390	-24.185
33.450	-24.185
33.450	-24.245
POLYLINE BLACK
33.420	-23.615
33.270	-23.465
33.270	-23.405
33.450	-23.255
33.570	-23.225
33.720	-23.405
33.720	-23.645
33.600	-23.735
33.570	-23.825
33.450	-23.885
33.450	-23.945
33.540	-24.035
POLYLINE BLACK
32.700	-24.395
32.820	-24.395
33.030	-24.335
POLYLINE BLACK
32.250	-24.275
32.460	-24.245
32.580	-24.275
POLYLINE BLACK
31.590	-24.455
31.650	-24.425
31.740	-24.455
31.890	-24.455
31.950	-24.425
POLYLINE BLACK
32.580	-23.615
32.670	-23.645
32.850	-23.585
32.910	-23.615
32.970	-23.585
POLYLINE BLACK
32.070	-23.675
32.190	-23.705
32.340	-23.705
32.430	-23.735
POLYLINE BLACK
31.650	-23.915
POLYLINE BLACK
31.500	-23.705
31.560	-23.735
31.710	-23.705
32.010	-23.705
POLYLINE BLACK
31.470	-24.185
31.320	-24.215
31.200	-24.215
31.140	-24.155
31.080	-24.155
30.930	-23.915
31.140	-23.675
31.320	-23.675
31.440	-23.705
31.650	-23.915
31.650	-24.095
31.530	-24.215
31.440	-24.215
31.380	-24.245
POLYLINE BLACK
28.140	1.705
POLYLINE BLACK
31.560	-2.135
31.680	-2.135
31.740	-1.955
32.040	-1.775
POLYLINE BLACK
30.600	-3.035
31.080	-2.555
31.200	-2.555
POLYLINE BLACK
29.220	-4.175
30.000	-3.515
30.120	-3.335
POLYLINE BLACK
30.480	-9.635
31.140	-8.795
31.680	-8.255
31.860	-7.955
32.340	-7.235
32.520	-7.055
32.760	-6.815
33.480	-6.215
33.540	-6.095
POLYLINE RED
15.160	-41.975
15.240	-42.075
15.300	-42.235
15.300	-42.395
15.180	-42.615
15.080	-42.695
15.040	-42.695
POLYLINE RED
14.780	-42.195
14.760	-42.295
14.860	-42.295
14.920	-42.375
14.900	-42.495
14.840	-42.655
14.680	-42.755
14.620	-42.755
14.540	-42.695
14.560	-42.615
14.580	-42.555
14.740	-42.415
POLYLINE RED
14.620	-42.115
14.600	-42.275
14.680	-42.215
POLYLINE RED
14.580	-41.855
14.480	-42.055
POLYLINE RED
14.540	-42.195
14.420	-42.195
14.360	-42.255
14.420	-42.355
14.520	-42.255
POLYLINE RED
14.180	-41.975
14.240	-42.115
14.120	-42.175
14.200	-42.175
14.240	-42.135
14.280	-42.195
14.280	-42.275
14.300	-42.335
14.200	-42.535
14.100	-42.575
14.060	-42.535
14.080	-42.495
POLYLINE RED
13.900	-42.175
13.820	-42.115
13.760	-42.215
13.800	-42.215
13.840	-42.255
13.940	-42.235
POLYLINE RED
13.640	-42.055
13.580	-42.035
13.540	-42.055
13.480	-42.215
13.540	-42.275
13.600	-42.235
13.640	-42.235
13.740	-42.075
13.780	-41.915
13.760	-41.875
13.660	-42.075
13.640	-42.215
POLYLINE RED
13.600	-41.795
13.460	-41.895
13.300	-42.195
POLYLINE RED
15.720	-41.435
POLYLINE RED
15.640	-41.575
15.700	-41.655
POLYLINE RED
15.560	-41.555
15.540	-41.655
POLYLINE RED
15.420	-41.295
15.380	-41.495
15.380	-41.595
15.460	-41.615
15.520	-41.615
15.600	-41.575
POLYLINE RED
15.140	-41.415
15.100	-41.535
15.140	-41.575
15.220	-41.515
15.260	-41.555
15.260	-41.655
15.160	-41.855
15.080	-41.895
15.020	-41.835
14.980	-41.775
POLYLINE RED
14.720	-41.415
14.740	-41.575
14.800	-41.595
14.860	-41.415
14.940	-41.355
14.980	-41.355
15.020	-41.395
15.020	-41.475
14.960	-41.575
14.900	-41.595
14.880	-41.635
14.900	-41.675
14.980	-41.675
POLYLINE RED
14.600	-41.455
14.520	-41.455
14.500	-41.495
14.560	-41.535
14.620	-41.475
14.640	-41.555
14.640	-41.615
POLYLINE RED
14.280	-41.335
14.400	-41.295
14.480	-41.315
14.540	-41.295
14.580	-41.315
POLYLINE RED
14.520	-41.135
14.420	-41.355
14.380	-41.575
POLYLINE RED
14.160	-41.375
14.120	-41.435
14.120	-41.515
14.160	-41.535
14.240	-41.475
14.260	-41.555
14.260	-41.655
14.200	-41.835
14.140	-41.855
14.100	-41.835
14.100	-41.775
POLYLINE RED
14.020	-41.355
14.000	-41.395
14.020	-41.455
14.100	-41.395
POLYLINE RED
13.940	-41.315
13.900	-41.275
13.860	-41.275
13.780	-41.355
13.760	-41.455
13.780	-41.495
13.860	-41.515
13.920	-41.455
13.940	-41.415
POLYLINE RED
13.600	-41.315
13.620	-41.395
13.660	-41.475
13.740	-41.475
POLYLINE RED
13.600	-41.035
13.600	-41.095
13.560	-41.235
13.500	-41.335
13.480	-41.375
13.540	-41.395
13.640	-41.355
13.700	-41.295
POLYLINE RED
14.940	-40.695
15.020	-40.755
15.100	-40.755
15.140	-40.775
15.240	-40.735
15.160	-40.715
15.120	-40.675
15.040	-40.695
14.980	-40.795
15.000	-40.875
15.040	-40.935
15.200	-40.935
POLYLINE RED
14.820	-40.555
14.860	-40.595
14.960	-40.595
15.020	-40.655
POLYLINE RED
14.920	-40.375
14.960	-40.475
14.880	-40.655
14.880	-40.715
14.860	-40.795
POLYLINE RED
14.820	-40.635
14.780	-40.655
14.700	-40.595
14.680	-40.635
14.720	-40.775
14.620	-40.795
14.600	-40.755
POLYLINE RED
14.500	-40.655
14.380	-40.555
14.300	-40.535
14.240	-40.615
14.240	-40.675
14.220	-40.715
14.260	-40.755
14.400	-40.715
14.440	-40.675
14.480	-40.775
POLYLINE RED
14.240	-40.475
POLYLINE RED
14.220	-40.555
14.200	-40.675
14.220	-40.715
POLYLINE RED
13.900	-40.555
13.900	-40.655
14.020	-40.535
14.100	-40.595
14.100	-40.695
14.120	-40.735
POLYLINE RED
13.840	-40.415
POLYLINE RED
13.700	-40.295
13.660	-40.435
13.660	-40.515
13.700	-40.635
13.740	-40.635
13.840	-40.515
13.820	-40.675
13.860	-40.675
POLYLINE RED
13.560	-40.515
13.480	-40.475
13.360	-40.515
13.340	-40.555
13.420	-40.675
13.540	-40.595
13.540	-40.735
13.500	-40.855
13.420	-40.915
13.380	-40.915
POLYLINE RED
16.170	-36.065
16.170	-36.125
16.080	-36.275
16.050	-36.545
16.020	-36.695
16.020	-36.905
15.870	-37.535
15.630	-38.285
15.630	-38.435
15.570	-38.765
15.570	-38.885
15.510	-39.215
15.510	-39.305
15.480	-39.455
15.450	-39.605
15.420	-39.755
15.420	-39.905
15.390	-40.055
POLYLINE BLACK
15.930	-35.465
15.990	-35.555
16.020	-35.705
16.050	-35.825
16.170	-35.825
16.320	-35.795
16.470	-35.705
16.560	-35.615
16.620	-35.645
POLYLINE BLACK
16.770	-34.565
16.650	-34.745
16.530	-34.865
16.260	-35.315
16.170	-35.585
16.170	-35.795
16.200	-35.855
POLYLINE BLACK
14.820	-36.515
14.940	-36.485
POLYLINE BLACK
14.910	-36.725
15.150	-36.905
15.210	-36.905
15.030	-36.755
14.790	-36.725
14.730	-36.725
14.730	-36.785
14.820	-36.935
14.850	-36.995
14.760	-36.995
14.460	-37.175
14.490	-37.265
14.550	-37.295
POLYLINE BLACK
14.760	-36.395
14.640	-36.635
14.640	-36.695
14.820	-36.575
POLYLINE BLACK
14.820	-35.795
14.640	-36.035
POLYLINE BLACK
14.610	-36.425
14.610	-36.335
14.400	-36.305
14.340	-36.335
14.370	-36.455
14.490	-36.575
14.670	-36.515
POLYLINE BLACK
14.250	-36.215
14.280	-36.155
14.220	-36.095
14.100	-36.125
14.040	-36.155
14.040	-36.215
14.100	-36.275
14.220	-36.215
14.220	-36.335
14.160	-36.575
13.980	-36.725
13.860	-36.725
13.680	-36.665
13.680	-36.605
POLYLINE BLACK
13.320	-35.765
13.380	-35.795
POLYLINE BLACK
13.080	-35.795
13.230	-35.795
13.350	-35.825
13.410	-35.825
POLYLINE BLACK
13.680	-35.855
13.560	-35.885
13.530	-35.945
13.650	-36.065
13.860	-35.915
13.920	-35.825
13.920	-35.705
13.830	-35.855
13.800	-36.005
13.770	-36.065
POLYLINE BLACK
13.590	-35.825
13.500	-35.615
13.410	-35.585
13.230	-35.705
13.230	-35.825
13.290	-35.885
POLYLINE BLACK
12.780	-36.305
12.780	-36.125
12.840	-35.975
12.840	-35.675
13.020	-35.405
13.200	-35.345
13.320	-35.435
13.350	-35.585
13.200	-35.735
13.050	-35.675
12.990	-35.615
POLYLINE BLACK
11.460	-34.355
11.580	-34.325
11.730	-34.355
11.790	-34.355
POLYLINE BLACK
12.450	-34.985
12.360	-34.895
12.240	-34.895
12.180	-34.925
12.210	-35.045
12.240	-35.105
12.360	-35.105
12.420	-35.075
12.480	-35.135
12.450	-35.255
12.330	-35.495
12.120	-35.555
12.060	-35.525
12.030	-35.435
POLYLINE BLACK
12.090	-34.835
12.090	-34.775
11.970	-34.745
11.910	-34.745
11.820	-34.865
11.910	-34.955
12.030	-35.015
12.060	-34.955
11.940	-34.955
11.910	-35.045
11.940	-35.195
11.940	-35.255
POLYLINE BLACK
11.790	-34.385
POLYLINE BLACK
11.400	-34.355
11.280	-34.535
11.460	-34.715
11.670	-34.655
11.730	-34.655
11.670	-34.835
11.730	-34.895
POLYLINE BLACK
14.670	-34.865
14.580	-35.015
14.580	-35.075
14.640	-35.135
14.700	-35.105
14.760	-35.135
14.790	-35.075
14.850	-35.165
14.850	-35.345
14.700	-35.555
14.550	-35.645
14.400	-35.675
14.250	-35.585
14.220	-35.525
POLYLINE BLACK
14.220	-34.715
14.220	-34.925
14.190	-34.985
14.370	-34.805
14.430	-34.805
14.520	-34.925
14.430	-35.045
POLYLINE BLACK
14.220	-34.745
14.190	-34.625
14.100	-34.535
13.890	-34.535
13.860	-34.685
13.890	-34.805
14.100	-34.865
14.190	-34.775
POLYLINE BLACK
14.040	-34.325
14.040	-34.265
POLYLINE BLACK
13.920	-34.355
13.770	-34.535
13.770	-34.625
13.740	-34.685
13.770	-34.745
POLYLINE BLACK
13.380	-34.205
13.380	-34.325
13.440	-34.325
13.590	-34.175
13.680	-34.175
13.710	-34.295
13.680	-34.445
13.590	-34.565
POLYLINE BLACK
13.410	-33.875
POLYLINE BLACK
13.290	-33.635
13.110	-33.815
13.020	-33.965
12.990	-34.145
13.110	-34.115
13.230	-34.115
13.350	-34.025
13.320	-34.145
13.260	-34.295
POLYLINE BLACK
12.360	-33.545
12.270	-33.695
12.300	-33.755
POLYLINE BLACK
12.870	-33.875
12.900	-33.815
12.840	-33.725
12.720	-33.695
12.600	-33.725
12.540	-33.785
12.570	-33.905
12.660	-33.995
12.870	-33.905
12.750	-34.025
12.570	-34.325
12.390	-34.385
12.300	-34.295
12.300	-34.235
POLYLINE BLACK
12.450	-33.575
12.360	-33.485
12.240	-33.515
12.180	-33.635
12.210	-33.755
12.330	-33.785
12.390	-33.725
12.390	-33.785
POLYLINE BLACK
11.820	-33.095
12.150	-33.305
12.030	-33.335
11.940	-33.365
11.880	-33.335
11.700	-33.455
12.120	-33.635
POLYLINE BLACK
11.760	-33.755
POLYLINE BLACK
22.010	-38.555
21.850	-38.515
21.730	-38.635
21.770	-38.835
21.890	-38.955
21.970	-38.955
22.090	-38.795
22.170	-38.835
22.170	-38.915
22.250	-38.995
POLYLINE BLACK
21.690	-38.275
POLYLINE BLACK
21.490	-38.635
21.570	-38.795
21.570	-38.995
POLYLINE BLACK
20.930	-38.635
20.930	-38.835
20.970	-38.675
21.170	-38.555
21.250	-38.555
21.370	-38.715
21.330	-38.955
POLYLINE BLACK
20.370	-38.675
20.250	-38.715
20.170	-38.875
20.330	-39.035
20.610	-38.755
20.730	-38.395
20.730	-38.275
20.690	-38.115
20.570	-38.555
20.610	-38.715
20.610	-38.835
20.690	-38.995
20.770	-39.035
POLYLINE BLACK
19.450	-38.715
19.530	-38.955
19.530	-39.035
19.610	-39.155
19.770	-39.155
19.970	-38.835
20.050	-39.075
POLYLINE BLACK
18.890	-38.675
19.130	-38.595
19.490	-38.595
19.650	-38.635
POLYLINE BLACK
19.130	-38.035
19.170	-38.315
19.170	-38.835
19.290	-39.235
POLYLINE BLACK
18.770	-38.715
18.690	-38.795
18.570	-38.795
18.330	-38.955
18.490	-39.075
18.690	-39.195
18.770	-39.355
18.610	-39.395
18.450	-39.395
POLYLINE BLACK
17.550	-37.315
18.630	-37.675
18.630	-37.495
18.510	-37.375
18.450	-36.895
18.450	-36.595
POLYLINE BLACK
17.850	-35.155
17.790	-35.395
17.670	-35.995
17.670	-36.535
18.090	-37.195
18.270	-37.375
18.510	-37.615
POLYLINE BLACK
13.230	-32.815
13.530	-33.415
POLYLINE BLACK
13.050	-32.515
13.710	-32.395
13.830	-32.395
13.950	-32.515
14.370	-32.515
14.490	-32.575
POLYLINE BLACK
13.290	-32.755
13.470	-32.755
13.530	-32.875
13.710	-32.935
13.890	-33.115
14.310	-33.235
14.430	-33.235
14.490	-33.355
14.910	-33.415
15.150	-33.595
15.390	-33.655
POLYLINE BLACK
24.390	-30.895
24.210	-30.595
24.630	-30.175
24.870	-30.235
24.990	-30.355
24.990	-30.595
24.810	-31.015
24.570	-31.075
24.450	-30.955
POLYLINE BLACK
23.430	-31.135
23.430	-30.595
23.550	-30.475
23.910	-30.415
24.090	-30.595
24.030	-31.015
23.670	-31.375
23.550	-31.375
POLYLINE BLUE
29.490	-23.875
29.550	-24.115
29.550	-24.295
29.490	-24.535
29.490	-24.655
POLYLINE BLUE
29.250	-23.935
29.250	-24.235
29.130	-24.595
29.130	-24.715
POLYLINE BLUE
28.890	-23.875
28.950	-24.055
28.890	-24.175
28.890	-24.475
28.830	-24.715
POLYLINE BLUE
29.670	-18.835
29.490	-19.675
29.550	-19.915
POLYLINE BLUE
29.130	-19.015
29.130	-19.435
29.070	-19.555
29.070	-19.975
POLYLINE BLUE
28.830	-19.135
28.830	-19.675
POLYLINE BLUE
29.670	-14.155
29.670	-14.395
29.550	-14.935
POLYLINE BLUE
29.250	-14.275
29.310	-14.395
29.250	-14.635
29.250	-15.055
29.190	-15.355
POLYLINE BLUE
29.010	-14.035
29.010	-15.175
POLYLINE BLACK
17.430	-34.735
17.430	-34.855
17.310	-34.855
POLYLINE BLACK
17.310	-32.875
17.370	-32.635
17.610	-32.395
17.910	-32.455
18.090	-32.635
18.150	-32.875
18.030	-33.175
17.430	-33.595
17.310	-33.955
17.490	-34.195
17.730	-34.135
POLYLINE BLACK
19.530	-33.655
18.990	-34.255
POLYLINE BLACK
20.370	-32.815
19.950	-33.115
POLYLINE BLACK
17.250	-31.975
17.190	-32.095
16.770	-32.275
16.710	-32.395
POLYLINE BLACK
18.270	-31.075
17.790	-31.555
POLYLINE BLACK
21.750	-32.095
21.210	-32.455
20.970	-32.515
20.850	-32.575
POLYLINE BLACK
24.930	-26.695
24.450	-27.415
24.150	-27.535
24.090	-27.655
23.970	-27.655
23.490	-27.955
23.250	-27.955
23.130	-28.075
22.890	-28.075
22.650	-28.255
22.410	-28.315
20.970	-28.735
20.250	-29.155
19.530	-29.875
19.230	-30.175
19.110	-30.175
18.690	-30.595
POLYLINE BLACK
26.850	-19.675
26.850	-20.215
26.910	-20.455
26.910	-20.935
26.670	-21.355
26.550	-22.015
26.370	-22.855
26.010	-24.175
25.590	-25.195
25.350	-25.855
25.230	-25.975
25.230	-26.095
24.930	-26.575
POLYLINE BLACK
26.970	-14.215
26.970	-14.875
27.030	-15.115
27.030	-15.415
27.090	-15.535
27.030	-15.775
27.030	-16.675
27.150	-16.915
27.150	-17.215
27.210	-17.455
27.150	-17.935
27.150	-18.295
27.090	-18.595
27.090	-18.835
26.970	-19.195
26.970	-19.495
POLYLINE BLACK
29.130	-28.555
28.830	-28.675
28.770	-28.795
28.650	-28.795
28.050	-29.275
27.810	-29.335
26.190	-30.235
25.830	-30.535
25.470	-30.715
24.930	-30.835
24.450	-31.195
24.150	-31.255
23.790	-31.435
23.310	-31.555
23.070	-31.735
22.530	-31.855
22.410	-31.975
22.290	-31.915
21.870	-32.095
POLYLINE BLACK
31.230	-27.295
31.770	-27.055
POLYLINE BLACK
31.110	-27.475
30.810	-27.775
30.690	-27.775
30.510	-27.955
30.390	-27.955
30.090	-28.135
29.850	-28.195
29.430	-28.315
POLYLINE BLACK
31.590	-17.395
31.830	-17.875
31.890	-18.115
32.010	-18.235
32.070	-18.475
32.190	-18.835
32.190	-19.015
32.250	-19.255
32.310	-19.795
32.310	-20.695
32.250	-20.935
32.190	-21.475
32.250	-21.895
32.250	-23.395
32.190	-23.635
32.190	-23.875
32.130	-24.115
32.130	-24.535
32.070	-24.655
32.130	-24.895
32.130	-25.435
32.070	-25.675
32.070	-25.975
32.010	-26.215
32.010	-26.455
31.950	-26.755
POLYLINE BLACK
30.610	-14.735
30.850	-15.335
30.970	-15.455
30.970	-15.695
31.570	-17.015
31.690	-17.135
31.750	-17.375
31.810	-17.495
POLYLINE BLACK
29.470	-12.215
29.470	-12.335
29.590	-12.635
POLYLINE BLACK
29.710	-12.755
29.830	-12.875
29.830	-13.115
30.190	-13.835
30.250	-14.135
30.370	-14.255
30.370	-14.375
POLYLINE BLACK
29.210	-4.395
29.210	-4.155
29.250	-4.075
POLYLINE BLACK
28.650	-5.035
28.770	-4.915
28.890	-4.755
POLYLINE BLACK
27.970	-5.755
28.210	-5.795
28.450	-5.555
28.490	-5.475
POLYLINE BLACK
29.620	-10.735
29.620	-10.615
29.680	-10.675
29.950	-10.375
30.010	-10.225
30.310	-9.865
30.400	-9.775
POLYLINE BLACK
29.620	-10.735
29.530	-11.215
29.500	-11.485
29.500	-11.965
POLYLINE BLACK
26.830	-11.485
26.980	-11.725
27.040	-12.025
27.100	-12.355
27.100	-13.045
27.070	-13.195
27.070	-13.765
POLYLINE BLUE
31.810	-7.760
31.840	-7.805
POLYLINE BLUE
31.780	-7.775
31.795	-7.805
POLYLINE BLUE
31.690	-7.550
31.675	-7.685
31.675	-7.745
31.690	-7.775
31.675	-7.805
31.705	-7.865
31.735	-7.805
31.735	-7.775
31.840	-7.580
POLYLINE BLUE
31.825	-7.565
POLYLINE BLUE
31.480	-7.760
31.480	-7.835
31.495	-7.865
31.495	-7.910
31.525	-7.970
POLYLINE BLUE
31.615	-7.760
31.615	-7.805
31.630	-7.835
31.585	-8.120
31.570	-8.180
31.510	-8.225
POLYLINE BLUE
31.555	-7.745
31.540	-7.775
POLYLINE BLUE
31.165	-7.955
31.165	-8.000
31.195	-8.105
31.210	-8.045
31.210	-7.985
31.225	-7.955
31.210	-7.925
31.240	-7.865
31.270	-8.000
31.270	-8.060
31.300	-8.030
31.300	-7.985
31.315	-7.955
31.315	-7.910
31.360	-7.850
31.360	-7.820
31.390	-7.850
31.390	-7.880
31.405	-7.910
31.405	-7.955
31.420	-7.985
POLYLINE BLUE
30.925	-8.180
30.955	-8.225
30.985	-8.225
31.045	-8.195
POLYLINE BLUE
31.060	-8.000
31.075	-8.075
31.075	-8.105
31.090	-8.165
POLYLINE BLUE
30.910	-8.045
30.910	-8.195
30.925	-8.225
POLYLINE BLUE
30.745	-8.105
30.760	-8.135
30.805	-8.075
POLYLINE BLUE
30.730	-8.150
30.745	-8.210
30.745	-8.270
30.760	-8.240
POLYLINE BLUE
30.505	-8.060
30.535	-8.045
30.655	-8.075
POLYLINE BLUE
30.595	-7.895
30.610	-7.925
30.610	-8.240
30.625	-8.270
30.625	-8.315
POLYLINE BLUE
30.460	-8.195
30.430	-8.195
30.370	-8.255
30.475	-8.435
30.415	-8.480
POLYLINE BLUE
30.685	-7.565
30.700	-7.610
30.685	-7.670
POLYLINE BLUE
30.370	-7.775
30.460	-7.775
30.520	-7.730
POLYLINE BLUE
30.100	-7.895
30.130	-7.925
30.160	-7.910
POLYLINE BLUE
30.985	-7.385
30.955	-7.505
30.955	-7.580
31.015	-7.535
31.045	-7.535
31.090	-7.475
31.090	-7.625
31.075	-7.685
31.045	-7.880
31.015	-7.955
30.940	-7.985
30.865	-7.880
30.865	-7.835
30.850	-7.760
30.865	-7.685
30.865	-7.640
30.895	-7.610
POLYLINE BLUE
30.805	-7.505
30.805	-7.535
30.805	-7.535
30.835	-7.460
30.895	-7.415
POLYLINE BLUE
30.700	-7.535
30.670	-7.505
30.610	-7.505
30.550	-7.550
30.535	-7.610
30.595	-7.655
30.625	-7.655
30.655	-7.670
30.700	-7.580
30.700	-7.550
POLYLINE BLUE
30.745	-7.595
POLYLINE BLUE
30.715	-7.655
30.715	-7.595
POLYLINE BLUE
30.370	-7.745
30.430	-7.745
POLYLINE BLUE
30.415	-7.775
30.400	-7.835
30.400	-7.895
30.385	-7.940
30.400	-8.000
30.385	-7.970
30.385	-7.925
30.370	-7.895
30.370	-7.850
30.355	-7.820
30.355	-7.700
30.385	-7.625
30.475	-7.580
30.520	-7.685
30.520	-7.715
POLYLINE BLUE
30.250	-7.715
30.190	-7.760
30.220	-7.820
30.220	-7.850
30.235	-7.910
POLYLINE BLUE
29.200	-9.380
29.260	-9.560
29.260	-9.650
29.350	-9.830
29.440	-9.740
29.590	-9.470
POLYLINE BLUE
30.010	-8.540
29.530	-9.020
29.440	-9.200
29.440	-9.290
29.380	-9.530
29.380	-9.650
POLYLINE BLACK
24.250	-9.790
24.030	-9.930
24.030	-9.990
24.150	-10.030
24.250	-10.010
23.970	-10.090
23.870	-10.150
23.830	-10.130
23.710	-10.170
23.650	-10.110
23.610	-10.130
23.610	-9.970
23.590	-9.930
23.690	-9.770
POLYLINE BLACK
24.170	-9.590
24.210	-9.530
24.190	-9.470
24.210	-9.510
24.190	-9.410
24.110	-9.430
24.010	-9.530
23.990	-9.570
24.070	-9.630
24.190	-9.630
24.270	-9.610
24.310	-9.570
24.410	-9.550
24.430	-9.530
24.290	-9.610
24.210	-9.630
24.030	-9.750
24.010	-9.790
POLYLINE BLACK
24.110	-9.390
24.190	-9.330
24.190	-9.290
24.230	-9.230
24.230	-9.150
24.170	-9.090
24.110	-9.090
24.030	-9.150
23.990	-9.150
23.970	-9.250
23.990	-9.290
24.030	-9.290
24.070	-9.330
POLYLINE BLACK
24.090	-8.570
24.010	-8.630
23.950	-8.650
23.930	-8.690
23.890	-8.690
23.890	-8.750
24.030	-8.770
24.030	-8.830
23.930	-8.930
23.950	-9.010
24.030	-9.030
24.250	-8.970
POLYLINE BLACK
23.910	-8.350
23.930	-8.290
23.990	-8.230
23.910	-8.150
23.830	-8.170
23.750	-8.250
23.790	-8.350
23.870	-8.390
POLYLINE BLACK
24.110	-7.750
24.130	-7.790
24.110	-7.890
24.110	-7.990
24.130	-8.130
24.130	-8.230
POLYLINE BLACK
24.110	-7.990
23.930	-8.030
23.750	-8.150
POLYLINE BLACK
23.910	-7.810
23.950	-7.870
23.990	-7.850
23.990	-7.710
23.870	-7.670
23.790	-7.690
23.710	-7.770
23.750	-7.850
23.790	-7.870
23.830	-7.850
23.870	-7.870
23.750	-7.990
23.730	-8.030
POLYLINE BLACK
23.930	-7.870
POLYLINE BLACK
23.870	-7.150
23.830	-7.190
23.750	-7.210
23.790	-7.170
23.870	-7.210
23.890	-7.290
23.810	-7.350
23.910	-7.410
23.930	-7.450
23.890	-7.550
23.750	-7.630
POLYLINE BLACK
25.190	-9.570
25.310	-9.690
25.430	-9.690
25.490	-9.870
25.790	-9.570
POLYLINE BLACK
24.650	-6.930
25.070	-7.350
25.070	-7.710
25.010	-7.950
25.010	-8.250
25.190	-8.430
25.550	-8.670
25.550	-9.090
25.430	-9.450
25.610	-9.870
POLYLINE BLACK
26.650	-5.050
26.570	-4.850
26.490	-4.810
26.490	-4.330
26.450	-4.210
26.690	-3.530
26.690	-3.370
26.810	-3.050
26.810	-2.850
27.170	-2.130
27.370	-1.650
27.490	-1.170
27.490	-1.010
27.610	-0.690
27.610	-0.570
27.650	-0.410
27.610	-0.130
POLYLINE BLACK
26.690	-5.010
26.690	-5.090
27.090	-5.410
27.250	-5.410
27.410	-5.570
POLYLINE BLACK
25.410	-11.050
25.450	-11.210
25.610	-11.330
25.930	-11.410
26.170	-11.410
26.530	-11.490
26.770	-11.490
26.930	-11.530
POLYLINE BLACK
27.970	-5.850
27.610	-5.570
POLYLINE BLACK
27.930	-5.970
POLYLINE BLACK
23.970	-5.770
24.050	-5.970
24.130	-6.050
24.170	-6.210
POLYLINE BLACK
24.130	-6.090
24.250	-6.330
24.290	-6.490
24.370	-6.610
24.450	-6.930
24.570	-7.090
24.650	-7.450
24.770	-7.690
24.810	-7.850
24.890	-8.210
24.890	-8.330
24.930	-8.490
24.930	-8.770
25.010	-8.850
25.010	-9.170
25.050	-9.250
25.050	-9.450
25.090	-9.650
25.130	-9.970
25.130	-10.130
25.170	-10.330
25.170	-10.410
25.450	-10.970
25.530	-11.050
POLYLINE BLACK
25.290	-11.050
POLYLINE BLACK
24.050	-2.010
POLYLINE BLACK
24.410	-1.890
24.210	-2.130
POLYLINE BLACK
24.490	-1.250
24.490	-1.450
24.410	-1.650
POLYLINE BLACK
24.530	-0.410
24.530	-0.970
POLYLINE BLACK
24.250	0.550
24.410	0.110
POLYLINE BLACK
22.650	-0.090
22.810	0.150
23.250	0.590
23.650	0.990
23.810	1.070
23.970	1.030
24.050	1.030
POLYLINE BLACK
20.970	1.270
21.330	1.150
22.050	0.550
22.610	-0.250
23.090	-1.050
POLYLINE BLACK
22.050	0.750
POLYLINE BLACK
22.290	-0.010
22.610	-0.330
POLYLINE BLACK
24.090	-2.170
24.570	-2.970
POLYLINE BLACK
23.010	-0.730
23.170	-1.010
23.250	-1.050
23.410	-1.330
23.810	-1.770
23.810	-1.850
24.290	-2.570
POLYLINE BLACK
21.490	-3.730
21.570	-3.930
21.810	-4.090
21.850	-4.210
22.010	-4.250
22.090	-4.370
22.170	-4.370
22.450	-4.610
22.930	-4.970
23.050	-4.970
23.250	-5.170
23.330	-5.170
23.450	-5.290
23.930	-5.570
24.050	-5.730
POLYLINE BLACK
22.290	-0.010
22.410	-0.130
22.490	-0.490
POLYLINE BLACK
21.610	1.110
21.610	1.030
21.770	0.790
POLYLINE BLACK
22.210	0.270
22.370	0.110
22.410	-0.050
POLYLINE BLACK
21.770	0.910
21.930	0.750
POLYLINE BLACK
20.490	1.470
20.770	1.390
20.930	1.430
21.010	1.390
POLYLINE BLACK
28.010	1.290
28.010	0.690
28.110	0.290
28.110	-0.010
POLYLINE BLACK
27.910	3.990
27.910	3.590
27.710	2.890
27.710	2.690
POLYLINE BLACK
19.350	-1.930
19.430	-1.930
19.590	-2.090
19.670	-2.090
20.030	-2.330
20.910	-3.210
21.310	-3.610
21.350	-3.690
POLYLINE BLACK
27.890	5.830
27.890	5.030
27.790	4.830
POLYLINE BLACK
28.590	9.530
28.190	8.130
28.190	7.530
28.090	7.330
POLYLINE BLACK
29.290	12.330
29.290	11.630
29.190	11.230
POLYLINE BLACK
29.930	16.110
29.810	15.690
29.810	15.330
29.750	15.090
29.690	14.490
29.630	14.370
POLYLINE BLACK
30.470	19.110
30.410	18.570
30.350	18.330
30.350	18.090
30.230	17.550
30.230	17.430
POLYLINE BLACK
30.890	22.050
30.890	21.930
30.590	21.030
30.590	20.730
POLYLINE BLACK
31.430	23.910
31.190	23.370
31.130	23.130
31.010	22.710
POLYLINE BLACK
26.930	23.250
26.990	23.550
27.290	24.390
27.350	24.510
POLYLINE BLACK
26.630	22.110
26.690	22.470
26.750	22.830
POLYLINE BLACK
26.030	20.130
26.330	21.030
POLYLINE BLACK
25.730	18.210
26.090	19.110
POLYLINE BLACK
25.010	16.110
25.250	16.650
25.430	17.070
POLYLINE BLACK
24.650	14.670
24.650	14.550
24.830	15.090
24.890	15.210
POLYLINE BLACK
24.170	12.750
24.170	12.870
24.290	13.050
24.230	13.410
24.410	13.290
24.410	13.410
POLYLINE BLACK
18.890	12.390
POLYLINE BLACK
23.990	11.370
23.990	11.550
24.050	11.670
POLYLINE BLACK
23.390	9.870
23.570	10.050
23.630	10.290
23.690	10.590
POLYLINE BLACK
22.970	8.010
23.090	8.370
23.090	8.610
23.210	8.850
POLYLINE BLACK
22.670	6.750
22.790	7.050
22.790	7.230
22.850	7.350
POLYLINE BLACK
19.130	0.750
19.610	1.050
19.850	1.110
20.450	1.590
20.510	1.770
20.630	1.830
20.870	2.250
21.230	2.670
21.710	3.450
22.130	4.650
22.190	5.370
22.250	5.610
22.250	5.790
22.370	6.210
POLYLINE BLACK
17.680	2.450
POLYLINE BLACK
19.060	0.660
19.100	0.700
19.140	0.700
19.200	0.740
19.240	0.740
POLYLINE BLACK
17.400	-1.500
17.480	-1.460
17.580	-1.460
17.660	-1.440
17.740	-1.460
17.900	-1.460
17.980	-1.480
18.360	-1.480
18.480	-1.520
18.520	-1.500
18.880	-1.640
19.040	-1.740
19.080	-1.740
19.120	-1.780
19.200	-1.800
19.320	-1.880
POLYLINE BLACK
16.980	-1.400
17.000	-1.440
17.120	-1.440
17.160	-1.480
17.200	-1.480
17.240	-1.440
17.280	-1.460
17.320	-1.440
17.420	-1.460
POLYLINE BLACK
20.120	2.320
POLYLINE BLACK
16.900	-0.320
17.060	-0.280
17.140	-0.320
17.380	-0.200
17.460	-0.200
17.540	-0.120
17.700	-0.080
18.460	0.240
18.620	0.280
18.660	0.400
19.020	0.560
19.060	0.640
19.140	0.640
