TRIP
DATE 2014-05-08 
DECLINATION     0.00
DATA
1.0	1.1	282.91	-27.47	3.770	>
1.1		197.23	4.41	1.510	>
1.1		200.79	30.11	1.290	>
1.1		200.56	48.41	1.210	>
1.1		201.54	67.56	1.470	>
1.1		18.79	67.46	0.940	>
1.1		28.31	37.48	1.219	>
1.1		33.29	14.88	0.829	>
1.1	1.2	269.97	-8.67	1.863	>
1.2		319.41	3.96	1.650	>
1.2		321.38	26.47	1.400	>
1.2		308.88	52.59	0.949	>
1.2		232.09	69.78	0.730	>
1.2		186.74	42.11	0.620	>
1.2	1.3	236.75	-11.92	6.076	>
1.3		154.35	2.50	0.620	>
1.3		156.83	24.32	0.920	>
1.3		163.16	48.05	0.780	>
1.3		166.41	59.33	1.210	>
1.3		176.66	63.69	1.740	>
1.3		213.83	80.54	1.420	>
1.3		289.21	69.85	1.350	>
1.3		305.67	55.01	1.460	>
1.3		307.11	26.76	1.910	>
1.3		308.51	19.88	2.420	>
1.3		309.72	3.66	2.209	>
1.3		307.99	-3.23	1.120	>
1.3	1.4	224.37	10.67	3.559	>
1.4		104.66	-48.22	0.801	>
1.4		102.16	-20.34	1.119	>
1.4		103.72	-1.25	1.560	>
1.4		101.84	29.72	1.971	>
1.4		104.08	56.91	1.800	>
1.4		114.80	72.84	1.770	>
1.4		266.89	78.09	1.160	>
1.4		279.68	50.66	1.360	>
1.4		279.09	27.48	2.120	>
1.4	1.5	187.09	5.05	4.320	>
1.4		246.14	25.33	2.010	>
1.5		329.70	-76.90	0.910	>
1.5		294.87	-41.20	1.510	>
1.5		299.00	-25.11	2.130	>
1.5		302.99	-9.23	2.090	>
1.5		302.01	6.07	1.730	>
1.5		298.55	20.57	1.520	>
1.5		298.65	33.09	1.130	>
1.5		299.23	42.42	0.430	>
1.5	1.6	235.48	-27.86	3.263	>
1.6	1.7	110.50	18.46	6.374	>
1.7	1.8	66.34	2.80	3.910	>
1.7		242.96	16.28	4.810	>
1.7		318.37	64.52	1.960	>
1.7		352.65	51.04	2.561	>
1.7		354.21	18.34	3.470	>
1.6	1.9	218.71	-17.66	7.366	>
1.9		136.14	1.24	2.310	>
1.9		149.84	47.29	2.479	>
1.9		154.90	50.73	4.391	>
1.9		217.31	72.68	2.200	>
1.9		286.68	48.42	1.700	>
1.9		298.43	22.71	1.860	>
1.9		306.67	-1.47	1.010	>
1.9	1.10	202.84	-10.94	7.447	>
1.10		153.43	-88.63	0.840	>
1.10		321.40	-39.55	1.291	>
1.10		320.76	18.94	1.140	>
1.10		312.90	28.74	5.100	>
1.10		314.82	48.75	6.051	>
1.10		296.33	75.30	4.779	>
1.10	1.11	269.12	-20.70	5.479	>
1.11		199.43	9.96	1.920	>
1.11		201.21	53.56	6.610	>
1.11		231.65	82.52	6.380	>
1.11		349.85	64.99	5.920	>
1.11		1.57	37.77	4.010	>
1.11	1.12	227.97	29.28	11.000	>
1.12	1.13	224.88	22.83	3.300	>
1.11	1.14	328.69	32.25	18.800	>
1.11	1.15	272.72	-0.78	7.323	>
1.15	1.16	306.19	30.95	6.400	>
1.15	1.17	8.24	-14.98	4.216	>
1.17	1.18	284.79	-60.44	2.080	>
1.18	1.19	18.05	-62.44	2.253	>
1.19		239.95	-58.30	3.580	>
1.19	1.20	215.92	-69.58	1.309	>
1.20	1.21	281.70	-69.75	1.410	>
1.21	1.22	33.69	-61.97	1.880	>
1.22	1.23	192.72	-2.67	3.110	>
1.23		356.37	-6.33	0.191	>
1.23	1.24	356.43	-6.20	3.963	>
1.23	1.25	292.87	-33.16	2.856	>
1.25	1.26	254.85	-34.59	1.450	>
1.26		324.11	74.27	0.560	>
1.26		12.19	-11.74	0.300	>
1.26		73.13	-82.79	1.290	>
1.26	1.27	295.85	-52.82	2.539	>
1.27		200.27	-1.36	0.970	>
1.27		202.25	41.78	0.630	>
1.27		252.21	71.99	1.090	>
1.27	1.28	283.80	-27.64	2.442	>
1.28		140.91	-86.52	1.020	>
1.28		55.56	-16.30	2.170	>
1.28		37.72	69.11	0.830	>
1.28	1.29	350.74	-31.12	4.100	>
1.29	1.30	50.01	29.77	3.080	>
1.30		164.83	-82.83	0.980	>
1.30		178.31	-15.41	1.020	>
1.30		186.94	68.08	0.820	>
1.30	1.31	115.22	36.73	2.023	>
1.31	1.32	38.23	9.69	1.510	>
1.32	1.33	137.46	33.55	1.663	>
1.33		29.34	-25.12	1.840	>
1.33	1.34	109.10	40.75	4.293	>
1.34	1.35	83.61	34.95	1.129	>
1.35	1.36	194.48	19.00	2.039	>
1.36	1.23	188.01	7.44	4.503	>
1.29	1.37	290.65	-22.51	2.210	>
1.37		208.76	-2.05	1.260	>
1.37		301.67	79.18	1.340	>
1.37		27.70	2.65	0.930	>
1.37	1.38	287.80	-24.14	5.450	>
1.38	1.39	36.93	-58.51	2.392	>
1.39		158.41	-34.55	2.250	>
1.38	1.40	270.91	-32.13	9.379	>
1.40		186.17	1.91	1.740	>
1.40		201.52	59.25	1.600	>
1.40		320.24	75.22	2.580	>
1.40		352.11	38.72	1.671	>
1.40		359.81	-6.56	1.830	>
1.40	1.41	288.77	-20.71	5.606	>
1.41	1.42	186.84	-13.39	3.460	>
1.42		313.42	43.27	14.000	>
1.42	1.43	282.04	-11.42	4.312	>
1.43		56.11	-86.17	1.210	>
1.43		150.40	-8.52	2.100	>
1.43		149.05	44.44	1.730	>
1.43	1.44	198.01	-14.21	3.953	>
1.44		335.82	-43.27	4.670	>
1.44	1.45	241.17	7.79	1.779	>
1.45		308.07	-87.30	1.620	>
1.45		117.21	-2.48	1.640	>
1.45		104.36	30.18	2.300	>
1.45		103.23	43.77	0.720	>
1.45	1.46	183.37	-11.64	4.739	>
1.46	1.47	236.18	-3.31	4.290	>
1.47	1.48	0.84	-34.26	5.460	>
1.48	1.49	140.10	-65.10	1.663	>
1.49	1.50	17.53	-33.75	2.056	>
1.50		28.23	-45.48	4.900	>
1.50		144.60	29.44	0.930	>
1.47	1.51	200.32	35.42	3.213	>
1.51	1.52	132.05	42.05	2.240	>
1.52		161.00	-14.14	3.520	>
1.52	1.53	254.05	39.93	3.469	>
1.53	1.54	166.06	14.53	10.640	>
1.54	1.55	263.20	-13.46	2.109	>
1.55	1.56	182.73	-7.04	3.623	>
1.56	1.57	115.76	-55.62	2.580	>
1.57	1.58	127.57	-10.16	1.916	>
1.55	1.59	92.56	49.15	1.096	>
1.59	1.60	296.47	39.32	1.786	>
1.60	1.61	219.65	30.40	2.840	>
1.61		329.71	38.82	0.980	>
1.61		319.75	-54.90	0.519	>
1.61		154.78	-37.88	1.300	>
1.61	1.62	253.65	24.47	4.919	>
1.62	1.63	352.03	26.61	2.509	>
1.63		336.88	-18.50	3.290	>
1.63		336.88	-18.71	3.229	>
1.63		336.60	-18.75	3.260	>
1.53	1.64	339.65	27.68	3.446	>
1.64	1.65	298.84	21.76	4.020	>
1.65		263.08	52.77	12.561	>

PLAN
STATIONS
0.000	0.000	1.0
-3.260	0.747	1.1
-5.102	0.746	1.2
-10.074	-2.514	1.3
-12.520	-5.014	1.4
-13.051	-9.284	1.5
-15.428	-10.919	1.6
-9.765	-13.036	1.7
-6.188	-11.469	1.8
-19.818	-16.396	1.9
-22.656	-23.134	1.10
-27.781	-23.213	1.11
-34.908	-29.637	1.12
-37.054	-31.792	1.13
-36.043	-9.628	1.14
-35.095	-22.866	1.15
-39.525	-19.625	1.16
-34.511	-18.835	1.17
-35.503	-18.573	1.18
-35.180	-17.582	1.19
-35.448	-17.952	1.20
-35.926	-17.853	1.21
-35.436	-17.118	1.22
-35.260	-20.957	1.23
-36.365	-16.216	1.24
-38.323	-19.219	1.25
-39.475	-19.531	1.26
-40.856	-18.862	1.27
-42.957	-18.346	1.28
-43.522	-14.882	1.29
-41.474	-13.164	1.30
-40.007	-13.855	1.31
-39.086	-12.686	1.32
-38.149	-13.707	1.33
-35.076	-14.771	1.34
-34.156	-14.668	1.35
-34.638	-16.535	1.36
-45.432	-14.162	1.37
-50.167	-12.642	1.38
-49.416	-11.643	1.39
-58.109	-12.516	1.40
-63.074	-10.829	1.41
-63.475	-14.171	1.42
-67.609	-13.289	1.43
-68.794	-16.933	1.44
-70.338	-17.783	1.45
-70.611	-22.417	1.46
-74.169	-24.801	1.47
-74.103	-20.289	1.48
-73.654	-20.826	1.49
-73.139	-19.196	1.50
-75.078	-27.256	1.51
-73.843	-28.370	1.52
-76.401	-29.101	1.53
-73.919	-39.097	1.54
-75.956	-39.340	1.55
-76.127	-42.932	1.56
-74.815	-43.565	1.57
-73.320	-44.715	1.58
-75.240	-39.372	1.59
-76.477	-38.756	1.60
-78.040	-40.642	1.61
-82.336	-41.902	1.62
-82.647	-39.680	1.63
-77.462	-26.240	1.64
-80.732	-24.439	1.65
SHOTS
-77.462	-26.240	-80.732	-24.439
-80.732	-24.439	-88.276	-25.354
-76.401	-29.101	-77.462	-26.240
-82.336	-41.902	-82.647	-39.680
-82.647	-39.680	-83.872	-36.811
-82.647	-39.680	-83.848	-36.867
-82.647	-39.680	-83.873	-36.847
-78.040	-40.642	-82.336	-41.902
-76.477	-38.756	-78.040	-40.642
-78.040	-40.642	-78.425	-39.983
-78.040	-40.642	-78.233	-40.414
-78.040	-40.642	-77.603	-41.570
-75.240	-39.372	-76.477	-38.756
-75.956	-39.340	-75.240	-39.372
-74.815	-43.565	-73.320	-44.715
-76.127	-42.932	-74.815	-43.565
-75.956	-39.340	-76.127	-42.932
-73.919	-39.097	-75.956	-39.340
-76.401	-29.101	-73.919	-39.097
-73.843	-28.370	-76.401	-29.101
-75.078	-27.256	-73.843	-28.370
-73.843	-28.370	-72.732	-31.597
-74.169	-24.801	-75.078	-27.256
-73.654	-20.826	-73.139	-19.196
-73.139	-19.196	-71.514	-16.169
-73.139	-19.196	-72.670	-19.856
-74.103	-20.289	-73.654	-20.826
-74.169	-24.801	-74.103	-20.289
-70.611	-22.417	-74.169	-24.801
-70.338	-17.783	-70.611	-22.417
-68.794	-16.933	-70.338	-17.783
-70.338	-17.783	-70.398	-17.736
-70.338	-17.783	-68.881	-18.532
-70.338	-17.783	-68.412	-18.276
-70.338	-17.783	-69.832	-17.902
-67.609	-13.289	-68.794	-16.933
-68.794	-16.933	-70.187	-13.831
-63.475	-14.171	-67.609	-13.289
-67.609	-13.289	-67.542	-13.244
-67.609	-13.289	-66.583	-15.095
-67.609	-13.289	-66.974	-14.348
-63.074	-10.829	-63.475	-14.171
-63.475	-14.171	-70.879	-7.164
-58.109	-12.516	-63.074	-10.829
-50.167	-12.642	-58.109	-12.516
-58.109	-12.516	-58.296	-14.245
-58.109	-12.516	-58.409	-13.277
-58.109	-12.516	-58.530	-12.010
-58.109	-12.516	-58.288	-11.225
-58.109	-12.516	-58.115	-10.698
-50.167	-12.642	-49.416	-11.643
-49.416	-11.643	-48.734	-13.366
-45.432	-14.162	-50.167	-12.642
-43.522	-14.882	-45.432	-14.162
-45.432	-14.162	-46.038	-15.266
-45.432	-14.162	-45.646	-14.030
-45.432	-14.162	-45.000	-13.339
-34.638	-16.535	-35.260	-20.957
-34.156	-14.668	-34.638	-16.535
-35.076	-14.771	-34.156	-14.668
-38.149	-13.707	-35.076	-14.771
-39.086	-12.686	-38.149	-13.707
-38.149	-13.707	-37.333	-12.255
-40.007	-13.855	-39.086	-12.686
-41.474	-13.164	-40.007	-13.855
-43.522	-14.882	-41.474	-13.164
-41.474	-13.164	-41.442	-13.282
-41.474	-13.164	-41.445	-14.147
-41.474	-13.164	-41.511	-13.468
-42.957	-18.346	-43.522	-14.882
-40.856	-18.862	-42.957	-18.346
-42.957	-18.346	-42.918	-18.394
-42.957	-18.346	-41.239	-17.168
-42.957	-18.346	-42.776	-18.112
-39.475	-19.531	-40.856	-18.862
-40.856	-18.862	-41.192	-19.772
-40.856	-18.862	-41.034	-19.297
-40.856	-18.862	-41.177	-18.965
-38.323	-19.219	-39.475	-19.531
-39.475	-19.531	-39.564	-19.408
-39.475	-19.531	-39.413	-19.244
-39.475	-19.531	-39.320	-19.484
-36.120	-20.148	-38.323	-19.219
-36.120	-20.148	-36.365	-16.216
-35.436	-17.118	-36.120	-20.148
-36.120	-20.148	-36.132	-19.959
-35.926	-17.853	-35.436	-17.118
-35.448	-17.952	-35.926	-17.853
-35.180	-17.582	-35.448	-17.952
-35.503	-18.573	-35.180	-17.582
-35.180	-17.582	-36.808	-18.524
-34.511	-18.835	-35.503	-18.573
-35.095	-22.866	-34.511	-18.835
-35.095	-22.866	-39.525	-19.625
-27.781	-23.213	-35.095	-22.866
-27.781	-23.213	-36.043	-9.628
-34.908	-29.637	-37.054	-31.792
-27.781	-23.213	-34.908	-29.637
-22.656	-23.134	-27.781	-23.213
-27.781	-23.213	-28.410	-24.996
-27.781	-23.213	-29.201	-26.873
-27.781	-23.213	-28.432	-23.728
-27.781	-23.213	-28.222	-20.749
-27.781	-23.213	-27.694	-20.044
-19.818	-16.396	-22.656	-23.134
-22.656	-23.134	-22.647	-23.152
-22.656	-23.134	-23.277	-22.356
-22.656	-23.134	-23.338	-22.299
-22.656	-23.134	-25.932	-20.090
-22.656	-23.134	-25.486	-20.322
-22.656	-23.134	-23.743	-22.596
-15.428	-10.919	-19.818	-16.396
-19.818	-16.396	-18.218	-18.061
-19.818	-16.396	-18.973	-17.850
-19.818	-16.396	-18.639	-18.913
-19.818	-16.396	-20.215	-16.917
-19.818	-16.396	-20.899	-16.072
-19.818	-16.396	-21.327	-15.579
-19.818	-16.396	-20.628	-15.793
-9.765	-13.036	-6.188	-11.469
-15.428	-10.919	-9.765	-13.036
-9.765	-13.036	-13.877	-15.135
-9.765	-13.036	-10.325	-12.406
-9.765	-13.036	-9.971	-11.439
-9.765	-13.036	-10.097	-9.759
-13.051	-9.284	-15.428	-10.919
-12.520	-5.014	-13.051	-9.284
-13.051	-9.284	-13.155	-9.106
-13.051	-9.284	-14.082	-8.806
-13.051	-9.284	-14.738	-8.349
-13.051	-9.284	-14.781	-8.161
-13.051	-9.284	-14.510	-8.372
-13.051	-9.284	-14.301	-8.604
-13.051	-9.284	-13.882	-8.830
-13.051	-9.284	-13.328	-9.129
-10.074	-2.514	-12.520	-5.014
-12.520	-5.014	-12.004	-5.149
-12.520	-5.014	-11.494	-5.235
-12.520	-5.014	-11.005	-5.384
-12.520	-5.014	-10.845	-5.365
-12.520	-5.014	-11.567	-5.253
-12.520	-5.014	-12.046	-5.233
-12.520	-5.014	-12.759	-5.027
-12.520	-5.014	-13.370	-4.869
-12.520	-5.014	-14.377	-4.717
-12.520	-5.014	-14.182	-5.749
-5.102	0.746	-10.074	-2.514
-10.074	-2.514	-9.806	-3.072
-10.074	-2.514	-9.744	-3.285
-10.074	-2.514	-9.923	-3.013
-10.074	-2.514	-9.929	-3.114
-10.074	-2.514	-10.029	-3.284
-10.074	-2.514	-10.204	-2.708
-10.074	-2.514	-10.513	-2.361
-10.074	-2.514	-10.754	-2.026
-10.074	-2.514	-11.434	-1.485
-10.074	-2.514	-11.855	-1.097
-10.074	-2.514	-11.770	-1.105
-10.074	-2.514	-10.955	-1.826
-3.260	0.747	-5.102	0.746
-5.102	0.746	-6.173	1.996
-5.102	0.746	-5.884	1.725
-5.102	0.746	-5.551	1.108
-5.102	0.746	-5.301	0.591
-5.102	0.746	-5.156	0.289
0.000	0.000	-3.260	0.747
-3.260	0.747	-3.706	-0.691
-3.260	0.747	-3.656	-0.296
-3.260	0.747	-3.542	-0.005
-3.260	0.747	-3.466	0.225
-3.260	0.747	-3.144	1.088
-3.260	0.747	-2.801	1.599
-3.260	0.747	-2.820	1.417
POLYLINE BLACK
-78.115	-25.116
-77.875	-25.236
-77.995	-25.716
-78.295	-26.316
POLYLINE BLACK
-77.935	-25.416
POLYLINE BLACK
-78.895	-24.876
-78.595	-24.876
-78.475	-24.816
-78.415	-25.176
-78.055	-25.416
-77.875	-25.356
-77.755	-25.416
POLYLINE BLACK
-79.975	-24.396
-79.735	-24.456
-79.615	-24.576
-79.615	-24.756
-79.915	-25.176
-80.335	-25.596
POLYLINE BLACK
-81.355	-23.676
-81.175	-23.976
-80.995	-24.156
-80.755	-24.216
-80.455	-24.216
-80.275	-24.516
-80.155	-24.636
-80.035	-24.636
POLYLINE BLACK
-80.935	-22.896
-80.755	-23.256
-80.695	-23.496
-80.455	-23.916
-80.035	-24.216
-79.795	-24.216
-79.555	-24.276
-79.255	-24.336
-78.895	-24.456
-78.775	-24.396
-78.595	-24.576
-78.475	-24.576
-78.295	-24.696
-78.175	-24.696
POLYLINE BLACK
-80.515	-22.956
POLYLINE BLACK
-78.895	-27.636
-78.955	-27.456
-79.255	-27.156
-79.615	-26.796
-81.115	-25.296
-81.235	-25.116
-81.235	-24.996
-81.475	-24.636
-81.475	-24.456
-81.535	-24.336
-81.535	-23.736
-81.475	-23.436
-81.475	-23.316
POLYLINE BLACK
-73.255	-29.676
POLYLINE BLACK
-78.775	-27.516
-78.655	-27.636
POLYLINE BLACK
-78.115	-28.356
-78.175	-28.056
-78.235	-28.176
-78.535	-27.696
-78.535	-27.516
-78.835	-27.516
-78.955	-27.456
-79.015	-27.276
POLYLINE BLACK
-78.055	-28.536
POLYLINE BLACK
-76.795	-25.716
-76.915	-25.716
-77.275	-25.056
-77.575	-24.876
-77.695	-24.876
-77.875	-24.516
POLYLINE BLACK
-77.275	-29.676
-77.395	-29.316
-77.575	-29.076
-77.635	-28.896
-78.055	-28.656
-78.175	-28.656
POLYLINE BLACK
-81.345	-41.716
-81.255	-41.716
-81.195	-41.656
-80.925	-41.596
-80.805	-41.626
-80.685	-41.626
-80.535	-41.656
-80.385	-41.626
-80.985	-41.956
-81.195	-42.076
-81.255	-42.046
-81.375	-42.076
-81.435	-41.866
-81.435	-41.806
POLYLINE BLACK
-81.765	-41.176
-81.585	-41.176
-81.525	-41.146
-81.315	-41.176
-80.985	-41.146
-80.925	-41.146
-80.985	-41.236
-81.165	-41.266
-81.405	-41.476
-81.525	-41.476
-81.645	-41.506
-81.765	-41.476
-81.855	-41.356
-81.915	-41.086
POLYLINE BLACK
-83.565	-38.656
-83.295	-38.266
-83.235	-38.416
-83.235	-38.506
-83.205	-38.566
-83.175	-38.506
POLYLINE BLACK
-83.805	-38.176
-83.595	-37.966
-83.355	-38.176
-83.265	-38.086
-83.235	-37.996
POLYLINE BLACK
-83.895	-37.786
-83.805	-37.606
-83.685	-37.576
-83.595	-37.696
POLYLINE BLACK
-84.105	-37.306
-84.015	-37.306
-83.895	-37.276
-83.745	-37.426
-83.595	-37.336
POLYLINE BLACK
-82.245	-39.976
-82.275	-39.736
-82.275	-39.616
-82.365	-39.226
-82.455	-38.866
-82.575	-38.506
-82.785	-38.026
-82.785	-37.966
-82.905	-37.786
-82.995	-37.636
-83.205	-37.486
-83.385	-37.306
-83.445	-37.276
POLYLINE BLACK
-83.475	-37.276
-83.565	-37.096
-83.835	-36.946
-83.955	-36.976
-84.105	-37.126
-84.105	-37.216
-84.135	-37.336
-84.165	-37.576
-84.165	-37.786
-84.045	-38.116
-83.625	-38.686
-83.535	-38.836
-83.475	-38.896
-83.475	-38.956
-83.295	-39.256
-83.295	-40.066
-83.265	-40.186
-83.265	-40.396
-83.205	-40.516
-83.205	-40.606
-83.145	-40.816
POLYLINE BLACK
-80.865	-40.816
-80.985	-40.816
-81.165	-40.906
-81.285	-40.906
-81.405	-40.936
-81.735	-40.936
-81.795	-40.966
-81.975	-40.786
-82.065	-40.516
-82.035	-40.366
-82.065	-40.246
-82.065	-39.946
-82.095	-39.826
POLYLINE BLACK
-83.025	-41.506
-82.995	-42.436
-82.875	-42.616
POLYLINE BLACK
-83.055	-40.546
-83.025	-40.756
-83.025	-41.596
POLYLINE BLACK
-82.845	-42.616
-82.905	-42.586
POLYLINE BLACK
-82.125	-42.496
-82.245	-42.496
-82.575	-42.586
-82.695	-42.616
POLYLINE BLACK
-78.705	-40.216
-78.855	-40.306
-78.945	-40.306
-79.125	-40.396
-79.575	-40.486
-79.905	-40.576
-80.025	-40.606
-80.145	-40.636
-80.655	-40.816
-80.775	-40.816
-80.895	-40.876
-80.985	-40.876
POLYLINE BLACK
-78.015	-41.536
-78.165	-41.566
-78.285	-41.656
-78.585	-41.746
-78.735	-41.836
-78.945	-41.896
-79.185	-42.046
-79.395	-42.046
-79.455	-42.076
-79.605	-42.046
-79.725	-42.076
-79.815	-42.076
-79.935	-42.106
-80.205	-42.106
-80.685	-42.196
-81.045	-42.286
-81.255	-42.376
-81.315	-42.436
-81.555	-42.436
-81.615	-42.496
-81.885	-42.496
-81.975	-42.526
-82.185	-42.466
POLYLINE BLACK
-77.145	-40.356
-77.265	-40.596
-77.265	-40.636
-77.365	-40.816
-77.565	-41.256
-77.665	-41.376
-77.805	-41.676
POLYLINE BLACK
-79.325	-39.216
POLYLINE BLACK
-77.225	-40.656
-77.345	-40.936
-77.345	-40.996
-77.405	-41.136
-77.465	-41.216
-77.605	-41.556
-77.765	-41.856
POLYLINE BLACK
-77.525	-39.556
-77.625	-39.676
-77.645	-39.736
-78.105	-39.956
-78.145	-39.996
-78.225	-40.016
-78.565	-40.356
POLYLINE BLACK
-77.125	-39.776
-77.365	-40.116
-77.465	-40.316
-77.545	-40.436
-77.545	-40.496
-77.585	-40.616
-77.605	-40.696
-77.785	-41.196
-77.905	-41.416
POLYLINE BLACK
-76.825	-39.496
-76.825	-39.536
POLYLINE BLACK
-77.425	-39.956
-77.305	-39.796
-77.245	-39.736
-77.245	-39.996
-77.265	-40.036
-77.325	-40.016
-77.365	-40.036
-77.445	-39.996
-77.425	-39.916
POLYLINE BLACK
-77.065	-39.016
-77.045	-38.976
-77.005	-38.976
-76.965	-39.016
-76.925	-39.016
POLYLINE BLACK
-77.245	-39.316
-77.165	-39.396
-77.085	-39.376
-77.005	-39.256
-77.045	-39.216
-77.145	-39.236
-77.225	-39.256
-77.265	-39.276
POLYLINE BLACK
-77.425	-39.636
-77.385	-39.616
-77.305	-39.676
-77.185	-39.496
POLYLINE BLACK
-77.565	-39.956
-77.585	-40.056
-77.565	-40.136
-77.525	-40.156
-77.425	-40.056
-77.385	-39.956
-77.385	-39.896
-77.425	-39.856
-77.465	-39.876
-77.505	-39.856
-77.545	-39.896
POLYLINE BLACK
-77.825	-40.316
-77.825	-40.276
-77.725	-40.256
-77.645	-40.276
-77.565	-40.276
POLYLINE BLACK
-76.485	-38.696
-76.545	-38.716
-76.585	-38.696
-76.765	-38.736
-76.845	-38.756
-76.945	-38.776
-77.105	-38.896
-77.105	-38.936
-77.145	-38.976
-77.145	-39.016
-77.245	-39.196
-77.265	-39.276
-77.325	-39.376
-77.325	-39.416
-77.465	-39.576
-77.625	-39.836
-77.765	-40.076
-77.805	-40.116
-77.885	-40.136
-78.045	-40.316
-78.185	-40.516
POLYLINE BLACK
-76.545	-39.076
-76.625	-39.036
-76.785	-39.156
-76.825	-39.216
-76.825	-39.256
-76.945	-39.456
-77.065	-39.816
-77.125	-39.936
-77.145	-40.036
-77.265	-40.196
-77.305	-40.196
-77.425	-40.296
-77.465	-40.296
-77.645	-40.556
-77.765	-40.676
-77.945	-40.856
POLYLINE BLACK
-76.805	-36.096
POLYLINE BLACK
-75.825	-38.836
-75.745	-38.916
POLYLINE BLACK
-75.945	-38.976
-75.845	-39.076
POLYLINE BLACK
-76.105	-39.016
-75.985	-39.096
POLYLINE BLACK
-76.165	-39.196
-76.085	-39.276
-76.045	-39.276
POLYLINE BLACK
-76.105	-38.996
-76.025	-39.076
POLYLINE BLACK
-76.205	-39.156
-76.165	-39.156
-76.085	-39.216
POLYLINE BLACK
-76.245	-39.236
-76.245	-39.196
-76.365	-39.096
-76.525	-39.036
-76.605	-39.036
-76.725	-38.976
-76.845	-38.996
POLYLINE BLACK
-75.525	-38.696
-75.585	-38.696
-75.705	-38.736
-75.785	-38.736
-75.865	-38.716
-75.965	-38.696
-76.005	-38.676
-76.045	-38.696
-76.125	-38.676
-76.245	-38.656
-76.285	-38.696
-76.365	-38.676
-76.445	-38.716
-76.485	-38.696
-76.565	-38.736
-76.605	-38.716
POLYLINE BLACK
-74.245	-43.916
-74.085	-43.956
-73.925	-43.836
-73.885	-43.716
-74.085	-43.716
-74.245	-43.756
-74.205	-43.876
POLYLINE BLACK
-74.285	-44.036
-74.205	-44.036
-74.085	-44.196
-74.085	-44.356
-74.165	-44.556
-74.365	-44.316
-74.445	-44.356
-74.485	-44.276
POLYLINE BLACK
-73.685	-44.476
-73.605	-44.556
-73.605	-44.796
-73.845	-44.996
-74.005	-44.636
-74.005	-44.516
-73.925	-44.436
POLYLINE BLACK
-73.525	-44.076
-73.525	-43.996
-73.765	-43.996
-73.925	-44.316
-73.925	-44.396
-73.845	-44.356
-73.685	-44.436
-73.445	-44.116
-73.645	-44.076
POLYLINE BLACK
-74.925	-43.876
-74.205	-44.636
-74.125	-44.636
-73.845	-44.956
-73.365	-44.956
-73.125	-44.556
-73.165	-44.356
-73.245	-44.276
-73.245	-44.196
-73.405	-44.076
-73.445	-43.956
-73.525	-43.956
-73.885	-43.396
-73.965	-43.396
-74.085	-43.316
-74.165	-43.356
-74.485	-43.116
-74.525	-43.036
-74.605	-43.036
-74.645	-42.956
-74.725	-43.036
POLYLINE BLACK
-75.845	-40.756
-75.765	-40.756
-75.765	-40.996
-75.845	-41.196
-75.845	-41.316
-75.925	-41.556
-76.005	-41.116
-76.005	-40.756
POLYLINE BLACK
-76.445	-40.276
-76.205	-40.316
-76.125	-40.316
-76.245	-41.036
-76.245	-41.116
POLYLINE BLACK
-76.445	-40.316
-76.365	-40.396
-76.245	-40.956
POLYLINE BLACK
-76.525	-40.276
POLYLINE BLACK
-75.645	-42.596
-75.565	-42.876
-75.405	-42.916
-75.165	-42.916
-75.005	-42.956
-74.925	-43.036
-74.845	-43.036
-74.765	-43.116
POLYLINE BLACK
-76.685	-41.996
-76.565	-42.356
-76.565	-42.556
-76.445	-42.996
-76.365	-43.276
-75.965	-43.516
-75.845	-43.636
-75.685	-43.676
-75.445	-43.756
-75.205	-43.716
-74.885	-43.876
-74.805	-43.876
POLYLINE BLACK
-76.425	-43.196
-76.425	-43.316
-76.305	-43.376
POLYLINE BLACK
-76.725	-42.236
-76.725	-42.236
POLYLINE BLACK
-72.885	-40.256
POLYLINE BLACK
-74.745	-37.916
-74.325	-38.336
-74.145	-38.036
-74.085	-37.916
POLYLINE BLACK
-75.165	-39.176
-74.925	-38.756
-74.805	-38.876
-74.625	-38.876
-74.505	-38.816
-74.325	-38.996
POLYLINE BLACK
-76.065	-40.496
-75.765	-39.716
-75.765	-39.896
-75.525	-40.136
POLYLINE BLACK
-76.125	-41.576
-76.005	-41.696
-75.945	-41.516
POLYLINE BLACK
-74.565	-39.536
-75.045	-39.776
-75.405	-40.376
-75.405	-40.676
-75.465	-40.916
-75.465	-41.156
-75.525	-41.396
-75.525	-41.876
-75.585	-42.116
-75.585	-43.076
POLYLINE BLACK
-75.165	-37.916
-74.985	-38.696
-75.165	-38.696
-75.405	-38.756
-75.645	-38.816
-75.885	-38.876
-76.305	-39.416
-76.365	-39.716
-76.425	-39.956
-76.425	-40.196
-76.485	-40.496
-76.485	-41.396
-76.665	-42.176
POLYLINE BLACK
-75.105	-37.796
POLYLINE BLACK
-79.065	-25.256
-79.065	-27.056
POLYLINE BLACK
-73.065	-37.316
-72.945	-36.476
-72.825	-35.996
-72.825	-35.816
-72.765	-35.696
POLYLINE BLACK
-79.005	-25.496
POLYLINE BLACK
-73.425	-36.176
-73.425	-36.896
-73.365	-37.016
POLYLINE BLACK
-73.665	-35.696
-73.725	-35.576
-73.365	-36.056
-73.365	-36.356
-73.185	-35.936
-73.065	-35.816
-73.065	-35.696
POLYLINE BLACK
-74.685	-35.456
POLYLINE BLACK
-75.045	-34.796
-74.745	-34.856
-74.505	-35.216
-74.505	-34.976
POLYLINE BLACK
-75.465	-32.996
-75.345	-32.756
-74.985	-33.536
-74.985	-33.656
-74.925	-33.536
POLYLINE BLACK
-76.365	-31.616
-76.125	-31.556
-75.825	-31.856
-75.705	-31.856
-75.585	-31.736
POLYLINE BLACK
-75.105	-37.196
-75.105	-37.376
-74.925	-37.736
-74.925	-37.976
-75.165	-38.156
POLYLINE BLACK
-73.785	-39.116
-73.845	-39.236
-74.085	-39.296
-74.565	-39.536
-74.805	-39.536
POLYLINE BLACK
-76.965	-29.996
-76.905	-30.236
-76.785	-30.476
-76.785	-30.656
-76.545	-31.136
-76.485	-31.376
-76.005	-32.876
-75.825	-33.776
-75.405	-35.156
-75.345	-35.396
-75.105	-36.116
-75.105	-36.776
-75.045	-37.016
-74.925	-37.676
POLYLINE BLACK
-74.265	-29.396
-74.385	-29.156
-74.625	-29.216
-74.745	-29.096
-75.585	-29.396
-75.705	-29.576
-75.705	-30.116
-75.585	-30.356
-75.585	-30.536
-75.285	-30.836
-75.165	-31.256
-75.105	-31.736
-74.985	-32.396
-74.805	-32.756
-74.685	-33.356
-74.565	-34.016
-74.445	-34.496
-74.145	-35.396
-74.085	-35.636
-73.905	-36.116
-73.605	-37.376
-73.485	-37.856
-73.425	-38.336
-73.425	-38.636
-73.785	-39.176
-74.145	-39.416
POLYLINE BLACK
-77.425	-22.276
POLYLINE BLACK
-70.345	-32.196
POLYLINE BLACK
-73.225	-25.756
POLYLINE BLACK
-74.145	-29.196
POLYLINE BLACK
-73.385	-30.956
-73.745	-30.316
-73.745	-30.156
-73.905	-29.476
-73.905	-29.316
-74.065	-29.156
POLYLINE BLACK
-73.665	-27.716
-73.465	-28.076
-73.385	-28.396
-73.305	-28.836
-73.185	-29.436
-73.145	-29.756
-73.105	-29.956
-72.865	-30.396
-72.825	-30.556
-72.785	-30.716
-72.785	-31.276
POLYLINE BLACK
-76.505	-26.036
POLYLINE BLACK
-73.465	-25.756
-73.545	-26.036
-73.585	-26.196
-73.785	-26.796
-73.785	-26.876
-73.945	-27.116
-73.985	-27.356
-73.865	-27.596
-73.465	-27.836
POLYLINE BLACK
-70.265	-28.716
-69.905	-29.516
-69.865	-29.716
-69.905	-29.596
-69.905	-29.676
-69.945	-29.436
-70.025	-29.356
-69.985	-29.236
-69.905	-29.396
-69.865	-29.796
-69.945	-29.716
-69.865	-29.756
-69.825	-29.516
-69.825	-29.516
-69.825	-29.676
-69.865	-29.756
POLYLINE BLACK
-69.825	-23.316
-69.745	-23.556
-69.785	-24.036
POLYLINE BLACK
-69.745	-21.716
POLYLINE BLACK
-69.945	-21.676
POLYLINE BLACK
-70.465	-22.436
-70.585	-22.636
-70.745	-22.756
-70.825	-22.756
-71.225	-23.196
-71.465	-23.516
-72.345	-24.156
-72.665	-24.396
-72.745	-24.396
-72.905	-24.516
-72.985	-24.516
-73.145	-24.636
-73.225	-24.996
-73.225	-25.156
-73.305	-25.476
-73.305	-25.596
-73.385	-25.916
-73.385	-25.996
POLYLINE BLACK
-75.225	-22.596
-75.305	-22.556
-75.345	-22.636
-75.145	-23.116
-74.825	-23.596
-74.745	-23.876
-74.705	-24.036
-74.745	-24.156
-74.705	-24.236
-74.825	-24.636
-75.025	-24.956
-75.505	-25.276
-75.985	-25.796
POLYLINE RED
-75.825	-23.436
-76.105	-24.116
-76.305	-24.676
-76.345	-24.836
-76.465	-25.236
-76.505	-25.396
-76.585	-25.676
POLYLINE BLACK
-72.810	-19.810
POLYLINE BLACK
-72.930	-19.960
-72.990	-20.500
-73.020	-20.710
-73.020	-21.100
-73.050	-21.250
-73.050	-21.400
-73.080	-21.550
-73.080	-21.670
-73.110	-21.820
-73.110	-21.880
POLYLINE BLACK
-73.230	-20.440
-73.380	-20.950
-73.530	-21.100
POLYLINE BLACK
-73.230	-19.090
-73.350	-19.090
-73.440	-19.180
-73.530	-19.330
-73.530	-19.480
-73.560	-19.600
-73.560	-19.750
POLYLINE BLACK
-72.960	-19.480
-73.050	-19.690
-73.110	-19.750
-73.110	-20.020
-73.350	-20.470
POLYLINE BLACK
-71.340	-23.650
-71.640	-23.830
-71.880	-23.290
-72.180	-23.170
-72.540	-23.170
-72.660	-22.990
-72.480	-22.390
-72.240	-22.690
-72.060	-22.690
-71.940	-22.750
-72.600	-21.910
-72.660	-21.490
-72.600	-21.310
-73.080	-20.470
-73.260	-19.930
POLYLINE BLACK
-73.860	-23.830
-73.200	-23.590
-72.720	-23.170
-72.720	-23.050
-72.960	-22.750
-73.020	-22.570
-73.020	-21.910
-72.960	-21.670
POLYLINE BLACK
-70.620	-20.650
-71.040	-20.530
POLYLINE BLACK
-75.120	-20.350
-75.180	-20.230
-75.060	-20.290
-74.820	-20.170
POLYLINE BLACK
-74.820	-20.470
-74.580	-20.290
POLYLINE BLACK
-74.220	-20.350
-74.040	-20.770
POLYLINE BLACK
-74.220	-19.750
-73.980	-19.630
POLYLINE BLACK
-74.520	-19.750
-74.400	-20.050
POLYLINE BLACK
-74.160	-19.810
-74.460	-19.630
-74.700	-19.690
-74.880	-19.990
-75.000	-20.230
-74.700	-20.590
-74.460	-20.590
-74.220	-20.650
-73.620	-20.290
-73.560	-19.990
-73.560	-19.810
-74.100	-19.750
-74.400	-19.870
-74.520	-19.990
POLYLINE BLACK
-74.700	-20.110
-74.700	-20.290
-74.880	-20.770
-74.880	-21.010
-75.120	-21.670
-75.120	-22.450
-75.240	-22.870
-75.180	-22.330
-75.060	-21.970
-75.060	-21.790
-75.000	-21.550
-75.000	-21.370
-74.940	-21.070
-74.880	-20.830
POLYLINE BLACK
-73.680	-20.230
-73.680	-20.470
-73.860	-20.770
-74.040	-21.730
-74.100	-21.970
-74.040	-22.210
-74.040	-22.450
-73.860	-22.990
POLYLINE BLACK
-73.620	-20.410
-73.560	-20.290
POLYLINE BLACK
-75.060	-20.050
-75.060	-20.350
-75.120	-20.590
-75.120	-21.490
-75.360	-22.210
POLYLINE BLACK
-75.060	-19.990
POLYLINE BLACK
-75.060	-20.050
POLYLINE BLACK
-70.200	-22.270
POLYLINE BLACK
-70.860	-22.210
-70.800	-21.970
-70.680	-21.970
POLYLINE BLACK
-71.760	-21.790
-71.640	-21.730
-71.220	-22.150
-70.980	-21.910
POLYLINE BLACK
-72.420	-22.810
-72.060	-22.870
-71.820	-22.630
-71.760	-22.450
POLYLINE BLACK
-71.520	-20.470
-71.640	-21.070
-71.640	-21.430
-71.760	-21.790
-71.940	-22.090
-72.060	-22.090
-72.300	-22.330
-72.540	-22.330
-72.780	-22.450
-72.900	-22.390
-73.020	-22.450
POLYLINE BLACK
-73.860	-23.590
-73.620	-23.230
-73.380	-23.050
-73.140	-22.990
-73.380	-23.170
-73.860	-23.230
-74.280	-22.990
-74.400	-22.570
-74.400	-22.210
-74.220	-21.610
-74.220	-21.430
-74.100	-20.950
POLYLINE BLACK
-71.280	-18.250
-70.980	-18.070
-70.800	-18.250
-70.680	-18.250
POLYLINE BLACK
-70.440	-18.130
-70.140	-18.190
-69.960	-18.370
-69.720	-18.310
-69.660	-18.190
POLYLINE BLACK
-70.560	-18.970
-70.380	-18.610
-70.080	-18.790
POLYLINE BLACK
-71.280	-18.970
-71.040	-18.550
-70.860	-18.850
-70.680	-18.910
-70.560	-18.850
POLYLINE BLACK
-71.220	-19.570
-71.160	-19.450
-71.040	-19.450
-70.800	-19.630
-70.560	-19.450
POLYLINE BLACK
-71.280	-20.230
-71.220	-19.990
-70.980	-20.170
-70.740	-20.050
POLYLINE BLACK
-70.620	-17.530
-70.860	-17.770
-71.220	-18.010
-71.340	-18.130
-71.340	-19.330
-71.400	-19.570
-71.400	-19.930
-71.460	-20.170
-71.460	-20.950
POLYLINE BLACK
-69.720	-18.850
-69.840	-18.970
-69.960	-18.970
-70.260	-19.330
-70.260	-20.050
-70.200	-20.290
-70.200	-20.590
-70.140	-20.830
-70.140	-21.730
-70.200	-22.030
-70.260	-22.270
-70.560	-22.750
POLYLINE BLACK
-69.660	-18.730
POLYLINE BLACK
-70.800	-17.650
-70.980	-17.830
POLYLINE BLACK
-69.120	-18.430
-69.300	-18.730
-69.780	-19.090
-69.840	-19.210
POLYLINE BLACK
-69.900	-16.390
-69.960	-16.630
-70.320	-17.350
-70.680	-17.830
-70.740	-18.070
POLYLINE BLACK
-68.220	-17.470
-68.580	-17.710
-69.000	-18.370
POLYLINE BLACK
-70.800	-13.510
-70.500	-14.410
-70.440	-15.070
-70.320	-15.550
-69.900	-16.090
-69.900	-16.270
-69.780	-16.510
POLYLINE BLACK
-69.120	-14.350
-69.060	-14.650
-69.120	-14.890
-69.480	-14.590
-69.480	-14.350
-69.660	-13.810
-70.140	-13.330
POLYLINE BLACK
-64.260	-15.430
POLYLINE BLACK
-66.960	-15.130
-67.500	-15.730
-67.740	-16.570
-67.740	-17.050
-67.860	-17.290
POLYLINE BLACK
-68.160	-11.890
-67.920	-12.610
-68.400	-13.210
-68.580	-13.750
-68.580	-13.930
-68.700	-14.170
-68.700	-14.350
-68.820	-14.710
POLYLINE BLACK
-67.680	-12.250
POLYLINE BLACK
-63.180	-12.010
-63.540	-11.590
-63.780	-11.230
-64.140	-10.990
-64.380	-10.990
-64.500	-10.930
-64.920	-11.050
-65.040	-10.990
-65.520	-11.170
-65.640	-11.290
-65.760	-11.290
-66.600	-12.010
-66.960	-12.310
-67.200	-12.370
-67.680	-12.670
-67.800	-12.790
-68.040	-12.850
POLYLINE BLACK
-63.600	-14.650
-64.200	-14.650
-64.440	-14.590
-64.620	-14.590
-64.740	-14.530
-64.980	-14.590
-65.220	-14.590
-65.760	-14.710
-66.000	-14.770
-66.660	-15.010
-66.900	-15.010
-67.140	-15.070
POLYLINE BLACK
-59.460	-10.810
POLYLINE BLACK
-60.240	-12.670
POLYLINE BLACK
-62.580	-8.170
-62.220	-9.130
-62.100	-9.190
-61.920	-8.890
-61.740	-8.530
-61.740	-8.530
-61.800	-8.650
-61.800	-9.190
-61.620	-8.950
-61.560	-9.370
-61.440	-9.370
-61.260	-9.010
-61.140	-9.190
-61.140	-9.490
-61.020	-9.730
-60.840	-9.490
-60.720	-9.970
-60.600	-9.970
-60.540	-9.850
-60.300	-10.390
-60.000	-10.030
-60.000	-10.150
-59.820	-10.450
-59.760	-10.570
-59.520	-10.510
-59.400	-10.630
POLYLINE BLACK
-55.980	-4.750
POLYLINE BLACK
-57.900	-10.810
-58.320	-10.870
-58.620	-10.810
-58.860	-10.810
-58.980	-10.690
-59.520	-10.570
-59.640	-10.510
-59.760	-10.570
-60.000	-10.510
-60.240	-10.570
-60.420	-10.510
-60.540	-10.570
-60.840	-10.510
-60.960	-10.570
-61.200	-10.510
-61.320	-10.570
-61.560	-10.510
-61.980	-10.510
-62.220	-10.570
-62.820	-10.570
-62.940	-10.630
-63.060	-10.570
-63.480	-10.690
POLYLINE BLACK
-59.400	-13.990
-59.640	-13.990
-59.880	-13.930
-60.120	-13.930
-60.780	-13.750
-61.020	-13.690
-61.560	-13.870
-61.680	-13.870
-61.800	-13.990
-62.160	-14.050
-62.340	-14.170
-62.460	-14.110
-62.580	-14.230
-63.180	-14.350
-63.480	-14.410
-63.900	-14.410
-64.140	-14.350
-64.380	-14.410
POLYLINE BLACK
-59.280	-11.230
POLYLINE BLACK
-57.300	-10.990
-57.660	-10.990
-57.900	-10.930
-58.140	-10.750
-59.040	-10.450
-59.340	-10.450
-60.060	-10.090
-60.180	-9.970
-60.420	-9.910
-61.380	-9.130
-61.860	-8.830
-61.980	-8.830
-62.100	-8.710
-62.220	-8.710
-62.640	-8.470
POLYLINE BLACK
-58.260	-14.170
-59.220	-13.870
-59.460	-13.870
-59.820	-13.750
-60.060	-13.570
-60.480	-13.450
-60.780	-13.150
-61.860	-12.430
-61.980	-12.430
-62.100	-12.310
-62.340	-12.250
-62.700	-12.010
-62.880	-11.770
-63.000	-11.770
-63.360	-11.230
-63.600	-11.170
-63.720	-11.050
POLYLINE BLACK
-48.960	-11.410
-49.440	-11.350
-49.860	-11.290
-49.980	-11.350
-50.100	-11.290
-50.700	-11.350
-51.060	-11.410
-51.180	-11.350
-51.360	-11.410
-52.680	-11.110
-53.340	-11.110
-53.580	-10.990
-53.700	-11.050
-54.240	-10.930
-54.960	-10.990
-55.680	-11.110
-55.920	-11.050
-56.040	-11.110
-56.700	-10.990
-57.180	-10.930
-57.300	-10.990
-57.540	-10.930
-57.780	-10.930
POLYLINE BLACK
-50.160	-13.990
-50.280	-13.870
-50.520	-13.870
-50.760	-13.810
-51.060	-13.810
-51.180	-13.870
-51.300	-13.810
-51.660	-13.930
-51.840	-13.930
-52.320	-14.050
-52.560	-14.050
-52.920	-14.170
-53.160	-14.110
-53.460	-14.230
-53.940	-14.110
-54.120	-14.170
-54.360	-14.110
-54.720	-14.110
-54.840	-14.170
-55.140	-14.110
-55.440	-14.110
-55.680	-14.050
-56.280	-14.050
-56.400	-13.990
-56.520	-14.050
-56.640	-13.990
-56.760	-14.110
-57.180	-14.050
-57.300	-14.110
-57.420	-14.050
-57.540	-14.170
-57.780	-14.110
-58.020	-14.110
-58.140	-14.050
-58.260	-14.110
POLYLINE BLACK
-50.030	-11.940
-50.090	-12.090
POLYLINE BLACK
-49.670	-12.180
-49.760	-12.330
POLYLINE BLACK
-48.920	-12.540
-49.010	-12.750
POLYLINE BLACK
-49.850	-12.990
-49.790	-13.200
-49.760	-13.320
POLYLINE BLACK
-50.210	-13.050
-50.210	-13.200
POLYLINE BLACK
-48.950	-13.440
-49.040	-13.530
-49.160	-13.590
-49.640	-13.440
-49.730	-13.440
-49.910	-13.350
-50.030	-13.380
-50.240	-13.380
-50.360	-13.410
-50.540	-13.290
-50.750	-12.930
POLYLINE BLACK
-49.520	-13.110
-49.460	-13.350
POLYLINE BLACK
-49.970	-12.990
-49.880	-13.230
POLYLINE BLACK
-49.610	-12.000
-49.550	-12.060
-49.460	-12.060
-49.250	-12.210
-49.190	-12.210
-49.130	-12.270
-49.010	-12.300
-48.890	-12.330
-48.710	-12.480
-48.680	-12.600
-48.620	-12.870
-48.620	-12.990
-48.650	-13.140
-48.680	-13.260
-48.800	-13.440
-48.980	-13.500
-49.100	-13.500
-49.220	-13.440
-49.370	-13.290
-49.460	-13.290
-49.580	-13.260
-49.880	-13.260
-50.060	-13.320
-50.330	-13.200
-50.360	-13.140
POLYLINE BLACK
-48.470	-13.770
POLYLINE BLACK
-46.250	-15.090
-46.460	-14.970
-46.880	-14.910
-47.000	-14.880
-47.210	-14.910
-47.330	-14.820
-47.450	-14.820
-47.900	-14.640
-48.170	-14.580
-48.590	-14.460
-48.680	-14.460
-48.740	-14.400
-48.860	-14.370
-49.190	-14.220
-49.340	-14.190
-49.520	-14.100
-49.580	-14.100
-49.640	-14.040
-49.700	-14.040
-49.790	-13.950
-50.510	-13.620
-50.570	-13.650
POLYLINE BLACK
-50.630	-12.630
-50.420	-12.690
POLYLINE BLACK
-50.330	-13.080
-50.090	-12.780
POLYLINE BLACK
-49.670	-13.020
-49.670	-13.170
POLYLINE BLACK
-49.580	-12.480
-49.340	-12.660
POLYLINE BLACK
-49.820	-12.030
-49.790	-12.150
-49.790	-12.270
-49.760	-12.330
POLYLINE BLACK
-50.150	-12.030
-50.090	-12.060
-49.910	-12.450
POLYLINE BLACK
-49.880	-12.000
-49.550	-12.000
-49.370	-12.120
-49.280	-12.450
-49.280	-12.810
-49.370	-13.050
-49.460	-13.200
-49.670	-13.200
-49.730	-13.230
-49.790	-13.200
-49.910	-13.230
-50.210	-13.170
-50.450	-13.050
-50.600	-12.720
-50.630	-12.480
-50.630	-12.330
-50.570	-12.210
-50.570	-12.120
-50.390	-12.000
-50.180	-12.000
-50.030	-11.940
POLYLINE BLACK
-45.980	-13.050
-46.130	-12.990
-46.250	-13.020
-46.370	-12.990
-46.490	-13.020
-46.610	-12.990
-46.670	-12.990
POLYLINE BLACK
-42.920	-13.620
POLYLINE BLACK
-44.720	-13.980
-44.480	-14.220
-44.450	-14.280
-44.390	-14.280
-44.180	-13.950
POLYLINE BLACK
-44.600	-13.950
-44.660	-13.980
-44.570	-13.980
-44.510	-13.950
-44.390	-13.980
-44.270	-13.980
-44.210	-14.010
-44.090	-13.980
POLYLINE BLACK
-44.030	-15.510
-44.120	-15.240
-44.300	-15.180
-44.450	-15.180
-44.570	-15.210
-44.780	-15.240
-44.960	-15.180
-45.020	-15.120
-45.260	-15.090
-45.440	-15.060
-45.650	-15.090
-45.920	-15.090
POLYLINE BLACK
-43.460	-13.680
-43.580	-13.710
-43.670	-13.710
-43.790	-13.680
-44.060	-13.710
-44.180	-13.680
-44.240	-13.710
-44.630	-13.440
-44.690	-13.380
-44.750	-13.380
-44.870	-13.290
-45.050	-13.290
-45.170	-13.260
POLYLINE BLACK
-43.310	-13.590
-43.430	-13.710
-43.490	-13.710
-43.550	-13.770
-43.670	-13.770
-43.790	-13.800
-43.910	-13.770
POLYLINE BLACK
-39.680	-10.440
POLYLINE BLACK
-35.120	-14.430
-35.420	-14.220
-35.510	-14.190
-35.540	-14.130
-35.870	-13.950
-36.140	-13.620
-36.470	-13.320
-37.010	-12.810
-37.130	-12.720
-37.130	-12.660
-37.310	-12.480
POLYLINE BLACK
-38.930	-12.810
-38.810	-12.810
-38.750	-12.780
-38.690	-12.810
-38.540	-12.720
-38.420	-12.690
-38.300	-12.660
-38.150	-12.510
-37.880	-12.450
-37.760	-12.420
-37.640	-12.330
-37.520	-12.360
-37.400	-12.330
-37.280	-12.360
-37.220	-12.390
-37.190	-12.570
POLYLINE BLACK
-38.990	-13.500
-38.870	-13.530
-38.750	-13.560
-38.720	-13.410
-38.720	-13.350
-38.780	-13.290
-38.870	-13.290
-38.990	-13.320
POLYLINE BLACK
-39.320	-13.410
-39.200	-13.440
-39.080	-13.410
-38.930	-13.260
-38.930	-13.140
-39.140	-13.110
-39.320	-13.260
-39.350	-13.440
POLYLINE BLACK
-39.740	-13.260
-39.590	-13.170
-39.500	-13.020
-39.710	-13.110
-39.800	-13.230
POLYLINE BLACK
-38.480	-13.200
POLYLINE BLACK
-39.230	-13.530
-39.200	-13.590
-39.080	-13.560
-39.020	-13.590
-38.960	-13.560
-38.840	-13.650
-38.720	-13.680
-38.600	-13.770
-38.540	-13.770
-38.510	-13.830
-38.390	-13.830
-38.330	-13.860
POLYLINE BLACK
-39.230	-13.590
POLYLINE BLACK
-41.450	-15.960
-41.510	-15.990
POLYLINE BLACK
-39.110	-12.990
POLYLINE BLACK
-39.830	-13.920
-39.620	-13.800
-39.470	-13.530
-39.440	-13.410
-39.350	-13.200
-39.200	-13.050
POLYLINE BLACK
-39.230	-12.690
POLYLINE BLACK
-40.520	-13.290
-40.400	-13.260
-39.890	-12.900
-39.830	-12.900
-39.710	-12.810
-39.620	-12.810
-39.440	-12.690
-39.320	-12.690
POLYLINE BLACK
-40.340	-14.760
-40.430	-14.820
-40.550	-14.850
-40.820	-14.970
-40.880	-15.030
-40.940	-15.030
-41.000	-15.090
POLYLINE BLACK
-41.000	-13.710
-41.120	-13.800
-41.240	-13.830
-41.420	-13.740
-41.420	-13.680
-41.240	-13.530
-41.120	-13.560
-41.060	-13.620
POLYLINE BLACK
-41.600	-13.560
-41.660	-13.620
-41.660	-13.680
-41.780	-13.710
-41.900	-13.680
-42.110	-13.590
-42.140	-13.440
-41.960	-13.380
-41.660	-13.440
-41.600	-13.440
-41.570	-13.590
POLYLINE BLACK
-42.350	-13.710
-42.290	-13.920
-42.530	-13.980
-42.680	-13.950
-42.740	-13.980
-42.680	-13.830
-42.530	-13.770
-42.410	-13.800
-42.350	-13.800
POLYLINE BLACK
-42.290	-13.350
-42.230	-13.470
-42.290	-13.530
-42.440	-13.530
-42.590	-13.500
-42.710	-13.530
-42.560	-13.380
-42.500	-13.350
POLYLINE BLACK
-41.450	-12.630
-41.210	-12.840
-40.910	-13.050
-40.820	-13.140
-40.580	-13.290
-40.460	-13.290
-40.340	-13.200
POLYLINE BLACK
-41.810	-14.070
-41.810	-14.010
-41.570	-13.920
-41.300	-13.980
-41.180	-14.010
-41.060	-14.070
-40.970	-14.070
-40.730	-14.160
-40.550	-14.160
-40.490	-14.130
-40.430	-14.160
-40.250	-14.100
-40.100	-13.920
POLYLINE BLACK
-41.810	-14.130
POLYLINE BLACK
-41.060	-16.800
-41.030	-16.200
-40.910	-15.780
-40.880	-15.510
-40.850	-15.390
-40.850	-14.970
-40.790	-14.790
POLYLINE BLACK
-42.830	-15.060
-42.830	-14.970
-42.860	-14.820
-42.830	-14.700
-42.710	-14.520
-42.500	-14.370
-42.440	-14.370
-42.260	-14.220
-42.200	-14.220
-42.140	-14.160
-42.080	-14.160
-41.900	-14.040
-41.870	-13.980
-41.630	-13.950
-41.570	-13.950
POLYLINE BLACK
-42.080	-12.870
-41.810	-12.930
-41.690	-12.960
-41.570	-13.020
-41.450	-13.140
-41.330	-13.170
-41.180	-13.200
-41.060	-13.200
-41.000	-13.170
POLYLINE BLACK
-43.610	-13.500
-43.550	-13.650
-43.490	-13.710
-43.370	-13.710
-43.130	-13.530
-42.860	-13.260
-42.680	-13.170
-42.590	-13.080
-42.470	-13.020
-42.380	-13.020
-42.260	-12.930
-42.140	-12.900
-41.900	-12.810
-41.780	-12.840
-41.600	-12.870
-41.480	-12.840
-41.360	-12.870
POLYLINE BLACK
-41.090	-15.030
-41.030	-15.270
-40.910	-15.540
-40.880	-15.720
-40.820	-15.960
-40.730	-16.110
-40.430	-16.980
-40.430	-17.070
-40.370	-17.280
POLYLINE BLACK
-40.940	-18.930
-41.030	-19.260
-41.000	-19.350
-40.940	-19.350
-40.790	-19.260
-40.610	-19.050
-40.580	-18.870
-40.580	-18.810
-40.730	-18.720
-40.850	-18.720
-41.000	-18.780
-41.030	-18.840
POLYLINE BLACK
-42.110	-18.840
-41.900	-19.230
-41.840	-19.380
-41.780	-19.410
-41.630	-19.350
-41.390	-19.020
-41.510	-18.930
-41.660	-18.930
-41.930	-19.050
POLYLINE BLACK
-41.810	-17.790
-41.810	-18.000
-41.930	-18.450
-41.960	-18.660
-41.840	-18.660
-41.720	-18.630
-41.600	-18.630
-41.390	-18.510
-41.330	-18.150
-41.330	-17.940
-41.420	-17.820
-41.750	-17.760
-41.870	-17.790
-41.930	-17.790
POLYLINE BLACK
-39.260	-19.020
-39.650	-18.930
-39.770	-18.870
-39.920	-18.720
-40.130	-18.690
-40.310	-18.660
-40.640	-18.360
-40.850	-17.910
-41.060	-17.760
-41.150	-17.610
-41.330	-17.430
-41.360	-17.370
POLYLINE BLACK
-39.290	-19.920
-39.410	-19.950
-39.470	-19.920
-39.530	-19.980
-39.860	-19.890
-40.040	-19.830
-40.160	-19.800
-40.250	-19.770
-40.310	-19.800
-40.430	-19.770
-40.820	-19.770
-40.880	-19.740
-41.030	-19.770
-41.090	-19.740
-41.180	-19.770
-41.300	-19.740
POLYLINE BLACK
-39.410	-20.100
-39.410	-20.040
POLYLINE BLACK
-41.300	-17.400
-41.300	-17.760
-41.210	-18.060
POLYLINE BLACK
-42.110	-17.370
-42.110	-17.370
-42.080	-17.430
-42.110	-17.610
-42.140	-17.880
-42.140	-18.000
POLYLINE BLACK
-42.140	-17.370
-42.110	-17.550
-42.110	-17.700
-42.050	-17.970
POLYLINE BLACK
-42.620	-17.490
-42.620	-17.700
-42.650	-17.430
-42.650	-17.340
-42.530	-17.610
-42.500	-17.790
-42.620	-17.820
-42.680	-17.490
-42.680	-17.430
POLYLINE BLACK
-43.340	-17.340
-43.340	-17.430
-43.400	-17.640
-43.400	-17.700
-43.280	-17.730
-43.160	-17.700
-43.010	-17.610
-43.010	-17.340
-43.070	-17.160
-43.220	-17.130
POLYLINE BLACK
-43.400	-16.470
-43.190	-16.380
-43.130	-16.410
-43.100	-16.530
-43.130	-16.740
-43.130	-16.860
-43.250	-16.950
-43.400	-16.920
-43.460	-16.920
-43.460	-16.530
POLYLINE BLACK
-43.310	-15.540
-43.100	-15.630
-42.980	-15.840
-42.980	-15.960
-43.010	-16.110
-43.160	-16.080
-43.280	-16.050
-43.370	-15.960
-43.400	-15.840
-43.280	-15.510
POLYLINE BLACK
-42.680	-16.350
-42.470	-16.440
-42.290	-16.620
-42.290	-16.770
-42.350	-16.980
-42.410	-17.040
-42.410	-17.100
-42.710	-16.740
-42.770	-16.470
POLYLINE BLACK
-41.090	-17.520
-41.270	-17.340
-41.300	-17.220
-41.390	-17.070
-41.570	-16.890
-41.750	-16.620
-41.750	-16.530
-42.050	-16.170
-42.170	-16.050
-42.650	-15.210
-42.920	-14.760
POLYLINE BLACK
-43.340	-18.480
-43.520	-18.180
-43.760	-17.820
-43.790	-17.610
-43.790	-16.500
-43.820	-16.440
-43.790	-16.350
-43.850	-16.080
-43.850	-15.930
-43.880	-15.780
-43.880	-15.630
-43.850	-15.480
-43.880	-15.240
POLYLINE BLACK
-43.280	-18.420
-43.490	-18.240
-43.250	-18.480
POLYLINE BLACK
-43.220	-18.570
POLYLINE BLACK
-43.160	-18.660
-43.190	-18.600
POLYLINE BLACK
-41.120	-19.830
-41.240	-19.830
-41.300	-19.800
-41.360	-19.830
-41.420	-19.770
-41.600	-19.740
-42.020	-19.410
-42.080	-19.410
-42.290	-19.230
-42.650	-19.110
-42.770	-19.020
-42.830	-19.020
-43.010	-18.870
-43.070	-18.870
-43.100	-18.810
POLYLINE BLACK
-38.810	-17.300
POLYLINE BLACK
-33.150	-20.780
POLYLINE BLACK
-38.050	-15.380
-37.950	-15.880
-37.950	-16.180
-37.850	-16.580
-37.750	-16.980
-37.250	-18.280
-37.050	-18.480
-36.950	-18.980
-36.850	-18.680
-38.050	-16.380
-37.650	-16.780
-37.350	-18.180
-37.250	-18.380
-37.550	-16.980
-37.650	-16.580
-37.650	-17.080
-37.250	-18.280
-37.050	-18.780
-36.650	-19.080
-36.350	-18.780
-36.150	-18.380
-35.750	-18.280
-34.950	-18.180
-34.550	-18.080
-34.350	-17.680
-34.350	-17.180
-34.850	-15.680
-35.250	-15.480
-35.550	-15.180
-36.250	-14.880
-36.450	-14.680
-36.650	-14.680
-37.050	-14.280
-37.050	-14.080
-37.250	-13.880
-37.350	-13.280
-37.150	-13.680
-37.150	-13.980
-36.950	-14.180
-36.850	-14.580
-35.250	-16.180
-34.650	-16.380
-34.350	-16.980
-34.350	-17.480
-34.750	-18.080
-35.550	-18.580
-35.750	-18.580
POLYLINE BLACK
-33.950	-17.680
-33.850	-18.180
-33.950	-19.180
-33.650	-20.580
POLYLINE BLACK
-36.950	-18.780
-36.950	-19.080
-36.350	-20.780
-35.950	-21.780
-35.650	-22.180
POLYLINE BLACK
-36.350	-18.580
-35.750	-19.280
-35.550	-19.280
-35.350	-19.480
-34.650	-19.280
-34.050	-18.480
-34.050	-17.980
POLYLINE BLACK
-37.650	-16.180
-37.550	-16.580
-37.250	-17.280
-37.250	-17.980
-37.150	-18.480
-36.950	-18.680
-36.950	-18.880
-36.550	-18.980
-35.850	-18.280
-35.050	-18.280
-34.850	-18.380
-34.050	-17.880
-33.850	-17.280
-34.150	-16.380
-34.350	-15.880
-35.350	-15.380
-35.750	-14.980
-35.850	-14.680
-36.750	-14.180
POLYLINE BLACK
-33.850	-15.580
POLYLINE BLACK
-39.450	-22.080
-40.050	-21.780
-40.450	-21.880
-40.850	-21.780
-41.050	-21.180
-40.950	-20.380
-40.750	-19.480
-40.350	-18.880
-40.350	-18.580
-40.250	-18.180
-40.250	-16.380
-39.650	-16.780
-39.150	-17.680
-39.150	-16.580
-39.050	-16.380
-39.250	-15.780
-39.350	-15.380
-39.050	-14.580
-38.850	-14.380
-38.050	-15.180
-37.950	-15.580
-37.350	-16.580
-36.950	-16.980
-36.650	-16.980
-36.250	-17.080
-35.450	-16.580
-35.550	-16.180
-35.950	-15.280
-36.950	-14.080
POLYLINE BLACK
-36.250	-18.580
-36.850	-19.080
-37.450	-19.080
-37.650	-18.980
POLYLINE BLACK
-34.650	-16.580
-34.350	-17.080
-33.550	-17.680
-34.150	-17.080
-34.450	-16.780
-33.750	-16.180
-33.750	-15.880
-33.550	-16.680
-33.550	-16.980
-33.450	-17.480
-33.350	-18.080
-34.050	-16.880
-33.750	-17.680
-34.550	-16.080
-34.150	-16.680
-33.850	-16.680
-33.850	-16.180
-33.550	-16.680
-33.150	-18.380
-33.150	-17.980
-33.550	-16.780
-33.750	-16.980
-33.850	-17.380
-33.750	-16.980
-33.850	-16.480
POLYLINE BLACK
-35.350	-13.780
-35.050	-14.080
-34.750	-14.280
-34.050	-15.180
-33.850	-15.380
-34.750	-13.880
-34.950	-13.380
-35.550	-13.780
-35.150	-13.380
-34.950	-13.380
-34.850	-13.180
-34.450	-13.780
-34.250	-14.780
-33.950	-15.180
-34.750	-14.480
-35.350	-14.080
-35.150	-14.080
-34.250	-14.980
-34.850	-14.080
-35.050	-13.580
-35.050	-13.780
-34.850	-13.980
-34.750	-13.680
-34.850	-13.480
-34.750	-13.880
POLYLINE BLACK
-33.250	-17.480
-33.050	-17.580
-32.950	-18.080
-32.950	-18.380
-33.250	-18.680
-33.750	-18.180
POLYLINE BLACK
-33.950	-14.680
-33.650	-15.180
POLYLINE BLACK
-35.950	-12.880
-35.750	-13.080
-35.150	-13.280
POLYLINE BLACK
-35.550	-12.980
-35.250	-12.780
-34.750	-13.480
-35.150	-13.880
-35.450	-13.980
-35.650	-13.880
POLYLINE BLACK
-36.250	-14.380
-36.150	-14.080
-35.450	-13.880
-35.050	-14.180
-34.950	-14.480
-35.350	-14.880
-35.750	-14.980
-35.950	-14.780
POLYLINE BLACK
-34.650	-14.580
-34.750	-14.780
-34.550	-15.280
-34.150	-15.680
-33.950	-15.680
-33.850	-15.280
-33.950	-14.780
-34.150	-14.680
-34.650	-14.780
POLYLINE BLACK
-33.750	-15.780
-33.950	-15.980
-33.950	-16.380
-33.650	-16.580
-33.250	-16.280
-33.450	-16.280
-33.750	-16.480
POLYLINE BLACK
-34.650	-16.080
-34.250	-15.780
-34.050	-15.980
-34.050	-16.380
-34.250	-16.980
-34.550	-16.880
POLYLINE BLACK
-34.950	-17.980
-34.750	-18.080
-34.150	-17.880
-34.050	-17.380
-34.450	-17.480
-34.850	-17.580
-34.950	-17.780
-34.850	-18.080
POLYLINE BLACK
-37.650	-9.280
-37.150	-10.080
-37.150	-11.380
-37.050	-11.780
-37.050	-12.180
-37.150	-12.880
-36.950	-14.180
-35.950	-15.180
-35.450	-16.380
-35.450	-17.180
-35.550	-17.680
-35.750	-18.680
-36.550	-19.480
POLYLINE BLACK
-29.950	-17.580
-30.450	-16.980
-31.650	-15.080
-31.750	-14.580
-31.850	-14.180
-31.850	-13.680
-32.550	-12.380
-33.550	-11.580
-33.950	-11.280
-34.250	-11.180
-34.950	-10.480
-35.850	-9.580
-36.150	-9.280
-36.750	-8.880
-36.950	-8.680
POLYLINE BLACK
-47.650	-0.680
POLYLINE BLACK
-35.350	-23.980
-34.750	-23.680
-34.350	-23.680
-33.750	-23.980
-33.650	-24.280
POLYLINE BLACK
-36.750	-21.380
-36.150	-21.180
-35.650	-21.180
-35.050	-21.580
-34.850	-21.980
-34.850	-22.480
-35.250	-22.880
-36.350	-23.180
-36.750	-23.180
-36.850	-22.580
POLYLINE BLACK
-33.650	-19.080
-33.650	-19.580
-33.450	-19.780
-32.850	-19.680
-32.650	-19.380
-32.850	-19.280
POLYLINE BLACK
-31.850	-19.880
-31.950	-19.480
-31.850	-19.080
-31.450	-18.680
-30.950	-18.780
-30.250	-19.180
-30.150	-19.380
-30.350	-19.880
-30.850	-20.280
-31.250	-20.280
-31.450	-20.180
POLYLINE BLACK
-31.650	-20.780
-30.950	-21.180
-30.650	-20.780
-30.650	-20.480
POLYLINE BLACK
-32.250	-22.580
-31.650	-24.180
POLYLINE BLACK
-34.550	-21.280
-33.250	-23.780
POLYLINE BLACK
-32.650	-22.080
-32.250	-23.380
POLYLINE BLACK
-34.650	-22.280
-33.650	-21.480
-33.450	-21.380
-34.850	-22.580
-34.750	-23.580
POLYLINE BLACK
-33.350	-20.080
-33.750	-20.380
-33.750	-21.480
-33.650	-21.980
-33.050	-22.480
-32.350	-22.480
-31.450	-21.980
-31.450	-21.680
-31.650	-21.380
-31.650	-21.180
-31.950	-20.680
-32.350	-20.580
POLYLINE BLACK
-30.350	-20.880
-30.650	-21.380
-30.650	-22.080
-30.250	-22.380
-30.050	-22.380
-29.550	-21.780
-29.450	-21.380
-29.450	-21.180
-29.650	-20.980
-30.050	-20.980
POLYLINE BLACK
-31.750	-22.980
-31.250	-22.680
-31.050	-22.680
-30.250	-23.380
-30.150	-23.780
-30.750	-24.380
-31.450	-24.680
-32.050	-24.280
-32.150	-24.080
-32.050	-23.880
POLYLINE BLACK
-33.650	-23.680
-33.250	-23.480
-32.150	-23.780
-31.750	-24.380
-31.850	-24.780
-32.550	-25.480
-33.050	-25.680
-33.550	-25.380
-33.750	-25.380
-34.150	-24.580
POLYLINE BLACK
-37.750	-22.780
-38.150	-22.880
-39.350	-22.480
POLYLINE BLACK
-38.250	-23.980
-37.650	-23.980
-37.050	-23.580
-37.450	-23.480
-37.650	-23.680
-38.250	-23.680
-38.450	-23.780
-37.750	-23.580
-38.150	-23.480
-38.450	-23.480
POLYLINE BLACK
-37.050	-25.180
-37.550	-25.480
-37.750	-25.680
-37.450	-25.680
-37.250	-25.480
-37.050	-25.480
-36.850	-25.280
-36.650	-25.280
-36.450	-25.080
-36.850	-25.680
-36.850	-25.480
-36.650	-25.380
-36.550	-25.080
-37.450	-25.380
-37.650	-25.480
-37.050	-24.980
-37.550	-24.980
POLYLINE BLACK
-37.450	-26.580
-37.050	-26.480
-36.650	-26.380
-36.250	-26.280
-36.050	-26.380
-37.150	-27.180
-37.250	-27.380
-37.250	-27.180
-36.550	-26.680
-36.350	-26.380
-37.450	-26.980
-37.250	-26.680
-36.950	-26.580
-37.350	-26.880
POLYLINE BLACK
-38.650	-23.380
-37.950	-24.880
-37.750	-25.780
-37.550	-26.680
-37.550	-27.780
POLYLINE BLACK
-37.850	-24.580
-37.650	-25.180
-37.650	-25.680
-37.550	-25.880
POLYLINE BLACK
-37.650	-24.780
-37.050	-24.780
-36.650	-24.680
-36.050	-24.680
-36.750	-25.580
-37.750	-26.180
POLYLINE BLACK
-38.250	-23.980
-37.550	-23.580
-37.150	-23.580
-36.750	-23.480
-37.350	-23.980
-37.550	-23.980
-38.250	-24.380
POLYLINE BLACK
-37.150	-22.880
POLYLINE BLACK
-36.350	-23.680
POLYLINE BLACK
-35.850	-24.480
-35.650	-24.380
POLYLINE BLACK
-35.950	-25.280
-35.350	-25.280
POLYLINE BLACK
-28.950	-26.280
-29.050	-26.780
POLYLINE BLACK
-29.650	-25.680
-29.850	-26.280
-30.050	-26.480
POLYLINE BLACK
-30.850	-25.380
-30.850	-26.280
POLYLINE BLACK
-31.750	-25.580
-31.650	-25.980
-31.650	-26.180
POLYLINE BLACK
-32.450	-25.780
-32.250	-26.180
POLYLINE BLACK
-33.150	-25.680
-33.050	-26.380
-32.850	-26.680
POLYLINE BLACK
-31.950	-28.580
-32.550	-29.280
POLYLINE BLACK
-32.750	-27.680
-32.950	-27.880
-33.150	-27.880
POLYLINE BLACK
-34.050	-26.980
-33.950	-27.680
-34.050	-27.880
POLYLINE BLACK
-34.650	-27.080
-34.650	-27.580
POLYLINE BLACK
-35.350	-27.180
-35.350	-27.780
POLYLINE BLACK
-38.850	-29.680
-38.750	-30.380
-38.850	-30.880
-39.050	-31.880
-39.550	-33.880
-39.350	-33.680
-39.150	-33.680
-38.750	-33.380
-38.550	-33.380
-37.750	-32.880
-37.050	-32.580
-36.850	-32.380
-36.450	-32.280
-36.250	-32.180
POLYLINE BLACK
-35.450	-30.880
-35.250	-30.080
-34.950	-29.780
-34.350	-29.480
-33.650	-30.580
-34.150	-30.980
-34.250	-31.280
-34.850	-31.580
-35.050	-31.580
-35.450	-31.880
-35.650	-31.680
-35.750	-31.280
POLYLINE BLACK
-32.450	-15.280
-32.150	-15.780
-31.650	-16.480
-30.650	-17.380
POLYLINE BLACK
-38.650	-24.080
-38.650	-23.580
-39.250	-22.280
-39.450	-22.080
POLYLINE BLACK
-38.250	-22.680
-37.650	-22.980
-37.250	-23.080
-36.250	-23.780
-36.150	-24.280
-35.950	-24.880
-35.950	-25.780
-36.050	-26.280
-36.250	-27.380
-36.350	-27.780
POLYLINE BLACK
-35.650	-26.280
-35.050	-26.680
-34.850	-26.680
POLYLINE BLACK
-35.750	-26.480
-34.550	-25.280
-34.950	-26.180
-34.950	-26.380
POLYLINE BLACK
-32.050	-28.480
-31.650	-28.080
-31.250	-27.380
-30.950	-26.980
-30.850	-27.380
-30.850	-27.680
-31.150	-28.480
-31.350	-28.580
-31.750	-28.480
-31.950	-28.280
POLYLINE BLACK
-27.450	-26.080
-27.450	-26.280
-27.050	-26.280
-27.050	-25.980
-27.250	-25.880
-27.450	-25.980
-27.950	-25.780
-28.350	-25.980
-28.450	-26.380
-28.350	-26.580
POLYLINE BLACK
-27.850	-27.180
-27.450	-27.180
-27.050	-27.380
-26.850	-27.880
-27.150	-28.180
-27.350	-28.280
-27.850	-27.980
-28.050	-28.180
-28.050	-27.580
POLYLINE BLACK
-23.950	-25.480
-24.050	-25.880
-24.050	-26.080
-23.850	-26.280
-23.550	-25.780
-23.850	-25.380
-24.050	-25.380
POLYLINE BLACK
-24.350	-26.180
POLYLINE BLACK
-25.050	-25.980
-24.850	-25.380
-24.850	-25.080
-24.750	-25.780
-24.850	-26.380
POLYLINE BLACK
-26.050	-23.880
-25.650	-23.780
-25.450	-23.680
POLYLINE BLACK
-26.250	-22.980
-25.750	-22.980
-25.550	-22.880
POLYLINE BLACK
-26.050	-22.880
-25.650	-22.680
POLYLINE BLACK
-25.750	-23.680
POLYLINE BLACK
-25.550	-22.180
-25.050	-22.680
-25.050	-22.880
-24.850	-23.580
-24.850	-23.980
-25.250	-24.580
POLYLINE BLACK
-33.450	-27.380
-32.450	-26.280
-32.050	-26.180
-31.650	-26.080
-30.750	-26.080
-30.450	-26.280
-30.050	-26.180
-29.150	-26.480
-28.550	-26.780
-28.250	-27.280
-28.150	-28.080
-28.150	-28.580
-28.350	-29.180
-28.450	-28.980
-28.450	-29.380
-28.750	-29.680
-29.050	-29.880
-29.550	-29.980
-31.150	-30.480
-31.650	-30.480
POLYLINE BLACK
-37.450	-27.980
-37.150	-28.080
-36.850	-27.780
-35.750	-27.380
-35.250	-27.580
-34.850	-27.480
-34.450	-27.580
-34.150	-27.580
-32.950	-27.980
-31.750	-29.480
-31.450	-30.380
-31.550	-30.780
-31.950	-31.380
-33.450	-31.880
-33.750	-31.780
-34.150	-31.880
-34.950	-31.580
-35.450	-31.580
-36.550	-30.080
-36.750	-29.280
-37.550	-28.480
-37.750	-28.480
-37.950	-28.280
POLYLINE BLACK
-38.750	-29.380
-38.750	-27.880
-38.850	-27.480
-38.850	-26.980
-38.750	-26.480
-38.650	-25.980
-38.350	-25.080
-38.550	-24.180
-38.850	-23.480
POLYLINE BLACK
-39.150	-30.080
-38.750	-29.980
-37.950	-28.980
-37.950	-28.780
POLYLINE BLACK
-26.150	-27.080
-26.250	-27.480
-26.350	-27.980
-27.250	-29.280
-27.850	-29.680
-28.850	-29.880
-29.550	-30.680
-29.650	-31.080
-29.850	-31.480
-30.550	-31.980
-31.050	-32.080
-31.450	-31.980
-31.650	-32.080
-32.750	-31.880
-33.250	-31.880
-33.450	-31.980
-34.250	-31.780
-34.850	-31.780
-35.050	-31.680
-35.650	-31.880
-36.050	-31.980
-36.450	-32.080
-36.650	-32.280
-37.050	-32.380
POLYLINE BLACK
-24.850	-24.280
-25.050	-24.280
-25.650	-24.680
-25.950	-25.080
-25.950	-25.380
-26.050	-25.780
-26.050	-26.380
-25.750	-27.480
-25.550	-28.280
-25.550	-28.980
-25.750	-29.780
POLYLINE BLACK
-27.250	-17.580
-27.650	-17.580
-28.450	-17.880
-29.150	-17.880
-29.350	-17.980
-29.750	-17.880
-30.350	-17.480
-30.750	-17.380
POLYLINE BLACK
-26.910	-17.460
-27.570	-17.880
-27.930	-17.940
POLYLINE BLACK
-23.370	-16.020
-23.130	-16.620
-22.770	-16.860
-22.650	-16.260
-22.710	-15.960
POLYLINE BLACK
-24.270	-16.380
-23.970	-16.800
-23.910	-16.920
-23.610	-15.420
-23.610	-15.600
POLYLINE BLACK
-25.590	-16.680
-24.690	-17.340
-24.990	-16.440
POLYLINE BLACK
-25.710	-18.300
-24.750	-17.340
POLYLINE BLACK
-27.030	-17.340
-26.550	-17.160
-25.710	-16.680
-25.530	-16.680
-24.330	-16.140
-23.730	-16.020
-23.430	-15.960
-23.190	-15.900
-23.070	-15.960
-22.950	-15.900
-22.710	-15.960
-22.530	-15.960
-22.290	-16.020
-21.930	-16.020
-21.270	-15.840
POLYLINE BLACK
-25.230	-22.380
-24.630	-22.020
-24.510	-22.080
-24.270	-22.020
-24.030	-22.080
-23.850	-22.080
-23.730	-22.020
-23.490	-22.080
-23.370	-22.080
-23.250	-21.960
-23.130	-22.020
-23.130	-21.840
-23.070	-21.540
-23.070	-21.420
-23.490	-20.880
-23.970	-20.400
-24.390	-19.800
-24.690	-19.500
-25.050	-19.080
-25.530	-18.000
-25.650	-17.880
-25.650	-17.760
-26.190	-17.400
-26.670	-17.400
-26.790	-17.340
-27.150	-17.580
-27.450	-18.420
-27.450	-18.780
-27.270	-19.560
-27.090	-20.400
-26.670	-21.360
-26.190	-21.780
-25.770	-22.080
-25.530	-22.140
-25.350	-22.260
-25.230	-22.200
-25.110	-22.260
POLYLINE BLACK
-19.050	-19.440
-19.770	-20.040
-20.130	-20.400
-20.610	-21.000
-21.030	-21.780
-21.210	-22.560
-21.930	-23.460
-22.170	-23.520
-22.530	-23.760
-22.770	-23.700
-23.130	-23.700
-23.310	-23.760
-23.610	-23.700
-23.850	-23.760
-24.630	-24.120
-24.930	-24.300
POLYLINE BLACK
-21.930	-16.080
-22.170	-16.440
-22.410	-16.620
-22.950	-16.740
-23.550	-17.040
-24.090	-17.040
-24.330	-17.100
-24.930	-17.580
-25.050	-17.580
-25.170	-17.700
POLYLINE BLACK
-26.170	-8.540
-26.110	-8.660
-26.110	-9.140
-26.050	-9.620
-26.050	-10.340
-25.990	-10.580
-25.990	-10.760
-25.930	-11.060
-25.930	-11.360
-25.870	-11.600
-25.870	-12.860
-25.930	-13.160
-25.870	-13.700
POLYLINE BLACK
-25.270	-14.120
-25.630	-14.180
-25.750	-14.120
-25.870	-14.240
-26.350	-14.240
-26.470	-14.180
-26.830	-14.240
-27.070	-14.240
-26.890	-14.060
-26.530	-14.000
-26.410	-14.120
-26.290	-14.120
-26.050	-13.880
-25.810	-13.880
-25.630	-14.060
-25.390	-14.000
-25.270	-13.880
-25.150	-13.880
-25.090	-14.060
-24.910	-14.060
-24.850	-13.940
-24.670	-13.940
-24.550	-14.000
POLYLINE BLACK
-26.710	-13.700
-26.770	-13.460
-26.830	-13.220
-26.770	-12.920
-26.770	-12.080
-27.010	-11.660
-27.250	-11.540
-27.610	-11.120
-27.790	-10.340
-27.790	-9.320
-27.490	-8.840
-27.370	-8.720
-27.250	-8.720
-26.770	-8.360
-26.110	-8.240
-25.450	-8.240
-24.610	-8.420
-24.130	-8.540
-23.650	-8.840
-23.470	-9.080
-23.470	-9.320
-23.410	-9.560
-23.770	-10.400
-24.010	-11.060
-24.130	-11.780
-24.190	-12.020
-24.190	-13.160
-24.250	-13.460
-24.250	-13.700
-24.970	-13.940
POLYLINE BLACK
-18.130	-18.740
-18.250	-19.400
-17.650	-18.920
POLYLINE BLACK
-18.190	-18.560
-18.250	-18.800
-18.310	-18.920
-17.830	-18.740
POLYLINE BLACK
-17.350	-18.380
-18.070	-19.220
-18.250	-19.520
POLYLINE BLACK
-18.310	-18.860
-18.010	-19.280
-17.650	-19.460
-17.530	-19.460
-17.410	-19.580
POLYLINE BLACK
-24.070	-13.940
-23.590	-14.420
-23.230	-14.720
-23.110	-14.720
-23.050	-14.840
-22.870	-14.900
-22.630	-15.260
-22.270	-15.440
-21.970	-15.740
-21.850	-15.800
POLYLINE BLACK
-18.190	-18.440
-18.850	-19.460
-19.690	-20.240
-20.050	-20.720
-20.350	-21.020
POLYLINE BLACK
-19.630	-14.720
-19.930	-15.020
-20.890	-15.320
-21.010	-15.320
-21.430	-15.740
-21.670	-16.100
-22.030	-16.400
POLYLINE BLACK
-17.110	-12.260
-17.230	-12.320
-17.410	-12.620
-17.530	-12.740
-17.590	-12.980
-17.710	-13.100
-17.770	-13.340
-19.090	-14.660
-19.450	-14.780
-19.690	-14.960
-19.810	-14.960
-19.990	-15.380
-20.230	-15.740
-20.410	-15.920
POLYLINE BLACK
-15.430	-13.340
-15.670	-13.580
-15.970	-13.820
-16.150	-13.880
-16.330	-14.120
-16.510	-14.180
-17.050	-14.900
-17.170	-15.200
-17.530	-15.500
-17.530	-15.920
-17.350	-16.280
-17.290	-16.640
-17.470	-17.240
-17.650	-17.480
-17.710	-17.720
-17.890	-18.140
-18.130	-18.500
POLYLINE BLACK
-9.910	-12.380
POLYLINE BLACK
-13.090	-11.360
-12.850	-11.720
-12.730	-11.780
-13.150	-11.360
-12.730	-11.660
-12.790	-11.420
-12.490	-11.480
-12.490	-11.660
-12.550	-11.540
-12.610	-11.780
POLYLINE BLACK
-13.450	-11.180
-13.150	-11.360
-12.490	-11.420
-12.250	-11.480
-12.190	-11.600
-12.370	-12.020
-12.490	-12.140
-12.490	-12.260
POLYLINE BLACK
-13.330	-11.300
-13.330	-11.420
-12.850	-11.780
-12.550	-12.080
-12.430	-12.140
POLYLINE BLACK
-8.350	-14.120
-8.350	-14.480
-8.230	-14.000
-8.170	-13.880
-8.050	-13.940
-7.990	-14.180
-7.510	-14.000
-7.450	-14.300
-7.450	-14.420
POLYLINE BLACK
-9.370	-14.120
-9.250	-13.940
-9.010	-13.940
-8.950	-14.240
-9.010	-14.360
-8.770	-14.420
-8.770	-14.600
-9.010	-14.840
-9.130	-14.780
POLYLINE BLACK
-10.750	-13.820
-10.750	-14.060
-10.630	-14.660
-10.630	-14.780
-10.330	-14.720
-10.150	-14.480
-10.030	-14.720
-10.030	-13.940
POLYLINE BLACK
-12.370	-15.200
-11.890	-15.200
-11.230	-15.380
-10.750	-15.860
-10.510	-16.280
-9.910	-16.760
-9.370	-16.880
-9.250	-16.940
-8.890	-16.820
-8.470	-16.820
-7.930	-16.580
-7.690	-16.520
-6.850	-15.620
-6.670	-15.260
-6.670	-15.140
POLYLINE BLACK
-14.710	-15.320
-14.530	-15.320
-14.290	-15.380
-13.750	-15.380
-13.630	-15.440
-13.390	-15.320
-13.270	-15.380
-13.150	-15.260
-12.910	-15.320
-12.550	-15.200
-12.430	-15.260
-12.010	-15.200
-11.890	-15.200
POLYLINE BLACK
-13.990	-12.380
-13.810	-12.380
-13.330	-12.620
-13.330	-12.800
-13.150	-13.220
-13.330	-13.700
-13.630	-14.060
-13.990	-14.540
-14.110	-14.540
-14.530	-14.840
-14.590	-14.960
POLYLINE BLACK
-5.470	-11.420
-5.830	-11.720
-6.010	-12.260
-6.010	-12.620
-5.950	-12.860
-6.010	-12.980
-5.950	-13.100
-6.010	-13.220
-5.950	-13.340
-6.010	-13.640
-6.070	-13.880
-6.250	-14.660
-6.310	-14.900
-6.490	-15.200
-6.790	-15.500
POLYLINE BLACK
-11.770	-10.340
-11.590	-10.580
-11.350	-10.580
-11.110	-10.700
-10.750	-10.400
-10.570	-10.340
-10.090	-9.680
-10.090	-9.560
-9.610	-9.020
-9.130	-8.900
-8.890	-8.840
-8.590	-8.840
-7.690	-9.080
-7.330	-9.440
-7.270	-9.560
-7.090	-9.620
-6.610	-10.520
-6.370	-10.700
-5.890	-10.760
POLYLINE BLACK
-11.530	-10.580
-10.870	-10.580
-10.750	-10.520
-10.510	-10.580
-10.390	-10.520
-10.270	-10.580
-9.790	-10.280
-9.730	-10.160
POLYLINE BLACK
-21.370	-2.360
POLYLINE BLACK
-21.010	-11.000
-20.710	-11.120
-20.530	-11.060
-20.350	-11.240
-20.290	-11.360
-20.590	-11.600
-20.170	-11.540
-20.230	-11.780
-20.470	-12.140
-20.650	-12.260
-20.770	-12.260
POLYLINE BLACK
-19.750	-12.980
-19.750	-12.320
-19.810	-12.020
-19.810	-11.720
-19.750	-11.420
-19.570	-10.700
-19.510	-10.580
POLYLINE BLACK
-21.670	-11.180
-21.430	-10.820
-21.310	-10.700
POLYLINE BLACK
-18.490	-10.520
-18.910	-10.340
-18.970	-10.220
-19.090	-10.220
-19.210	-10.100
-19.630	-10.160
-19.990	-10.160
-20.650	-10.280
-20.770	-10.280
POLYLINE BLACK
-19.630	-13.100
-19.270	-13.220
-19.030	-13.160
-18.730	-13.100
-18.250	-12.980
-17.830	-12.500
-17.830	-12.320
-17.650	-12.080
-17.650	-11.840
-17.770	-11.480
-18.130	-11.120
-18.130	-11.000
-18.490	-10.640
POLYLINE BLACK
-21.790	-11.420
-21.550	-11.660
-21.370	-11.840
-20.950	-12.440
-20.890	-12.680
-20.710	-12.980
-20.530	-13.100
-20.410	-13.100
-20.290	-13.220
-20.050	-13.160
-19.810	-13.220
-19.690	-13.220
-19.570	-13.100
-19.450	-13.100
POLYLINE BLACK
-21.310	-10.520
-21.730	-11.000
POLYLINE BLACK
-20.890	-10.220
-21.250	-10.460
-21.370	-10.580
POLYLINE BLACK
-17.830	-10.520
-17.830	-10.700
-17.890	-11.000
-17.470	-10.760
-17.290	-10.520
POLYLINE BLACK
-17.530	-10.100
-17.470	-10.340
-17.590	-10.820
POLYLINE BLACK
-17.110	-11.300
-17.350	-11.120
-18.250	-10.820
-18.370	-10.700
-18.610	-10.640
-18.730	-10.520
POLYLINE BLACK
-13.390	-13.040
-13.630	-12.980
-13.870	-12.800
-14.110	-12.740
-14.230	-12.620
POLYLINE BLACK
-16.230	-11.020
-16.230	-11.100
-16.390	-11.060
-16.550	-11.100
-16.710	-11.100
-16.790	-11.140
POLYLINE BLACK
-16.270	-11.060
-16.670	-10.740
POLYLINE BLACK
-16.070	-10.060
-16.230	-10.060
-16.310	-10.100
-16.390	-10.060
-16.590	-10.100
-16.670	-10.060
POLYLINE BLACK
-15.950	-10.260
-16.310	-9.980
-16.550	-9.740
POLYLINE BLACK
-15.630	-9.380
-15.790	-9.300
-15.950	-9.340
-16.110	-9.300
-16.350	-9.220
POLYLINE BLACK
-15.670	-9.420
-16.070	-9.020
POLYLINE BLACK
-14.830	-8.540
-15.430	-9.140
-15.630	-9.580
-15.790	-9.740
-15.790	-9.820
-15.870	-9.900
-15.910	-10.100
-16.030	-10.340
-16.070	-10.660
-16.150	-11.020
-16.270	-11.380
-16.350	-11.660
-16.510	-11.900
-16.630	-12.180
-16.710	-12.260
POLYLINE BLACK
-17.270	-12.740
-17.030	-12.580
-16.870	-12.340
-16.830	-11.980
-16.830	-11.740
-16.790	-11.580
-16.790	-11.180
-16.670	-10.540
-16.710	-10.460
-16.590	-10.100
-16.590	-9.980
-16.550	-9.820
-16.550	-9.740
-16.430	-9.540
-16.390	-9.380
-16.350	-9.260
-15.790	-8.820
-15.630	-8.780
-15.350	-8.620
-15.030	-8.340
-14.950	-8.340
-14.910	-8.260
-14.830	-8.260
POLYLINE BLACK
-13.510	-12.300
-13.950	-12.380
-14.190	-12.420
-14.270	-12.500
-14.430	-12.500
-14.590	-12.540
-14.830	-12.860
-14.870	-13.020
-14.950	-13.180
-15.190	-13.420
POLYLINE BLACK
-13.070	-9.940
-13.070	-10.020
-13.150	-10.100
-13.190	-10.460
-12.910	-10.740
-12.830	-10.700
-12.670	-10.780
-12.270	-10.540
-11.830	-10.540
-11.510	-10.700
POLYLINE BLACK
-14.230	-7.820
-14.430	-8.020
-14.670	-8.460
-14.510	-8.180
-14.270	-8.020
-13.990	-7.620
-13.950	-7.460
-13.990	-7.300
POLYLINE BLACK
-11.470	-7.660
-11.470	-8.020
-11.510	-8.100
-11.390	-8.140
-11.230	-8.100
-11.150	-8.020
POLYLINE BLACK
-10.910	-7.380
-11.310	-8.100
POLYLINE BLACK
-18.870	-3.740
-18.710	-3.740
-18.510	-3.860
-18.630	-4.060
-18.790	-4.180
-18.670	-4.180
-18.430	-4.100
-18.350	-4.140
-18.390	-4.260
-18.630	-4.500
-18.790	-4.500
POLYLINE BLACK
-18.510	-4.140
-18.470	-4.220
-18.710	-4.260
POLYLINE BLACK
-18.070	-2.900
-18.070	-3.300
-18.110	-3.380
-17.950	-4.220
-17.950	-4.380
-17.830	-4.820
-17.870	-4.980
-17.870	-5.100
-17.910	-5.180
-17.870	-5.380
POLYLINE BLACK
-18.750	-5.540
-18.550	-5.580
-18.270	-5.540
-18.070	-5.780
-18.070	-5.860
-17.710	-5.500
-17.470	-5.620
-17.430	-5.700
-17.350	-5.700
-17.070	-5.540
-16.910	-5.580
-16.750	-5.660
-16.670	-5.620
-16.550	-5.780
-16.390	-5.780
POLYLINE BLACK
-18.670	-5.780
-18.030	-5.660
-17.950	-5.620
-17.790	-5.660
-17.510	-5.580
-16.830	-5.580
-16.750	-5.620
-16.590	-5.580
-16.430	-5.580
POLYLINE BLACK
-18.670	-5.740
-18.310	-5.660
-18.230	-5.700
-17.950	-5.660
-17.790	-5.660
-17.430	-5.580
-17.110	-5.380
-16.790	-5.380
-16.470	-5.620
-16.350	-5.740
-16.190	-5.700
-16.030	-5.700
POLYLINE BLACK
-19.230	-5.500
-19.430	-5.340
-19.470	-5.140
-19.590	-5.020
-19.710	-4.620
-19.710	-4.460
-19.750	-4.300
-19.830	-3.860
-19.830	-3.700
-19.590	-3.180
-19.110	-2.740
-18.870	-2.580
-18.430	-2.580
-18.270	-2.540
-17.630	-2.540
-17.550	-2.620
-17.350	-2.660
-17.110	-2.820
-16.830	-3.100
-16.710	-3.260
-16.710	-3.380
-16.670	-3.540
-16.670	-3.700
-16.590	-3.980
-16.350	-4.100
-16.190	-4.140
-16.110	-4.060
-15.950	-4.100
-15.790	-3.980
-15.630	-3.940
-15.190	-3.820
-15.030	-3.860
-14.950	-3.780
-14.910	-4.100
-14.990	-4.460
-15.110	-4.820
-15.390	-5.220
-15.630	-5.420
-15.710	-5.420
-16.110	-5.700
-16.270	-5.740
-16.430	-5.860
-16.510	-5.860
POLYLINE BLACK
-16.230	-5.260
-16.150	-5.500
-16.150	-5.740
-15.830	-5.580
POLYLINE BLACK
-16.070	-5.740
-15.830	-5.300
-15.710	-5.140
-15.750	-5.260
-15.950	-5.460
-16.110	-5.700
-15.950	-5.420
-15.790	-5.180
-15.790	-5.260
-15.990	-5.660
-15.990	-5.580
-15.670	-5.140
-15.950	-5.380
-16.070	-5.580
-16.190	-5.740
-15.790	-5.100
-15.910	-5.300
POLYLINE BLACK
-16.030	-5.380
-16.030	-5.780
-15.870	-5.740
-15.790	-5.740
-15.750	-5.620
POLYLINE BLACK
-16.030	-5.340
-16.070	-5.660
-16.070	-5.740
-15.750	-5.580
POLYLINE BLACK
-15.470	-5.180
-15.750	-5.460
-15.910	-5.740
POLYLINE BLACK
-16.310	-5.700
-16.350	-5.780
-16.630	-5.820
-17.070	-5.820
-17.230	-5.780
-17.590	-5.780
-17.710	-5.740
-17.870	-5.780
-17.950	-5.740
-18.030	-5.780
-18.110	-5.740
-18.190	-5.780
-18.350	-5.740
-18.710	-5.780
-18.790	-5.820
POLYLINE BLACK
-11.670	-7.860
-11.390	-8.060
-11.190	-8.100
-10.950	-8.220
-10.870	-8.220
POLYLINE BLACK
-16.030	-5.700
-15.830	-5.820
-15.670	-5.820
-15.230	-6.020
POLYLINE BLACK
-14.830	-7.540
-14.550	-7.140
-14.470	-7.220
-14.310	-7.180
-14.150	-7.340
-13.990	-7.620
-13.990	-7.980
-14.110	-8.180
POLYLINE BLACK
-15.230	-7.940
-15.070	-7.900
-15.030	-7.780
-14.750	-7.620
-14.630	-7.460
-14.630	-7.300
-14.550	-7.140
-14.550	-7.020
-14.470	-6.860
-14.230	-6.660
-14.070	-6.580
-13.910	-6.620
-13.830	-6.780
-13.830	-7.140
-13.990	-7.700
-14.030	-7.860
-14.230	-8.180
-14.270	-8.420
-14.230	-8.500
-14.310	-8.860
POLYLINE BLACK
-15.830	-8.340
-15.590	-7.900
POLYLINE BLACK
-16.030	-7.740
-16.190	-7.900
POLYLINE BLACK
-14.510	-4.740
-14.590	-5.100
-14.830	-5.540
-15.030	-5.780
-15.350	-6.300
-15.510	-6.740
-15.950	-7.220
-15.950	-7.380
POLYLINE BLACK
-14.110	-3.660
-14.390	-4.180
-14.430	-4.380
-14.510	-4.700
-14.510	-4.860
-14.470	-5.060
-14.510	-5.340
-14.510	-5.540
-14.470	-5.620
-14.510	-5.820
-14.510	-6.180
-14.470	-6.260
-14.590	-6.580
-14.630	-6.780
-14.790	-7.020
-14.830	-7.180
-14.910	-7.380
POLYLINE BLACK
-11.310	-4.300
-11.310	-4.700
-11.270	-4.860
-11.190	-5.180
-11.070	-5.540
-10.990	-5.620
-10.990	-5.740
-10.950	-5.900
-10.990	-6.060
-10.990	-6.220
-11.310	-7.060
-11.510	-7.380
-11.830	-8.100
-11.950	-8.300
-12.230	-8.820
-12.670	-9.380
-12.950	-9.900
-12.950	-9.980
POLYLINE BLACK
-12.380	-1.860
-12.440	-1.920
-12.440	-2.520
-12.530	-2.850
-12.770	-3.240
-12.830	-3.270
-12.830	-3.330
-12.920	-3.330
-13.100	-3.390
-13.220	-3.360
-13.400	-3.360
-13.460	-3.330
-13.700	-3.420
-13.880	-3.540
-13.910	-3.600
-13.970	-3.600
-14.030	-3.660
-14.060	-3.780
POLYLINE BLACK
-12.110	-1.320
-12.260	-1.470
-12.380	-1.950
POLYLINE BLACK
-11.210	-2.520
-11.300	-2.670
-11.300	-2.790
POLYLINE BLACK
-10.970	-2.580
-10.970	-2.760
POLYLINE BLACK
-10.790	-2.520
-10.760	-2.730
POLYLINE BLACK
-11.000	-2.550
-11.030	-2.670
POLYLINE BLACK
-11.090	-2.490
-11.090	-2.610
-11.000	-2.490
-10.940	-2.550
-10.760	-2.490
-10.730	-2.550
POLYLINE BLACK
-11.420	-2.340
-11.390	-2.280
-11.270	-2.370
-11.390	-2.640
-11.450	-2.700
-11.300	-2.700
-11.240	-2.670
POLYLINE BLACK
-11.930	-2.250
-11.990	-2.640
-11.990	-2.790
-11.870	-2.550
-11.780	-2.730
-11.690	-2.580
-11.630	-2.310
POLYLINE BLACK
-9.500	-2.190
-9.530	-2.250
-9.500	-2.340
-9.530	-2.460
-9.530	-2.520
POLYLINE BLACK
-9.740	-1.770
-9.650	-1.890
POLYLINE BLACK
-10.730	-3.690
-10.730	-3.780
-10.910	-3.960
-11.210	-4.620
POLYLINE BLACK
-9.560	-2.970
-9.530	-3.090
-9.530	-3.480
-9.650	-3.720
-9.980	-3.810
-10.100	-3.810
-10.670	-3.990
-10.730	-3.990
-10.760	-4.050
-10.820	-4.050
-11.090	-4.200
-11.120	-4.290
-11.180	-4.290
POLYLINE BLACK
-9.860	-3.390
-9.860	-3.450
-9.920	-3.480
-10.040	-3.450
-10.370	-3.540
-10.490	-3.570
-10.550	-3.570
-10.580	-3.660
-10.760	-3.750
-10.790	-3.810
POLYLINE BLACK
-9.860	-1.530
-10.010	-1.530
-10.130	-1.560
-10.400	-1.290
-10.490	-1.140
-10.520	-1.020
-10.790	-0.750
-10.970	-0.630
-11.300	-0.720
-11.420	-0.810
-11.540	-0.840
-11.720	-0.900
-11.870	-1.080
-11.930	-1.230
-12.020	-1.320
-12.020	-1.380
-12.080	-1.410
-12.170	-1.260
POLYLINE BLACK
-7.070	-2.850
-6.890	-2.850
-6.770	-2.970
-6.680	-3.240
-6.680	-3.420
-6.740	-3.630
-6.920	-3.630
-7.040	-3.690
-7.220	-3.600
-7.370	-3.450
-7.670	-3.630
-7.730	-3.630
-7.940	-3.450
-8.060	-3.450
-8.120	-3.360
-8.120	-3.300
-8.300	-3.270
-8.360	-3.210
-8.420	-3.240
-8.510	-3.150
-8.420	-3.000
-8.300	-3.000
-8.180	-2.970
-8.120	-3.000
POLYLINE BLACK
-8.150	-2.970
-8.090	-3.000
-8.030	-2.970
-7.910	-3.030
-7.850	-3.000
-7.700	-3.030
-7.370	-2.910
-7.370	-2.850
-7.310	-2.880
-7.190	-2.790
-6.950	-2.790
-6.860	-2.760
-6.740	-2.790
POLYLINE BLACK
-9.080	-3.180
-8.960	-3.270
-8.900	-3.270
-8.870	-3.330
-9.110	-3.540
POLYLINE BLACK
-9.110	-3.420
-9.170	-3.390
-9.110	-3.330
-8.990	-3.330
-8.870	-3.300
POLYLINE BLACK
-8.720	0.450
-8.540	0.270
-8.510	0.150
-8.660	0.150
-8.780	0.030
POLYLINE BLACK
-8.660	0.300
-8.540	0.210
-8.420	0.180
POLYLINE BLACK
-8.810	-3.000
-8.810	-3.150
-8.780	-3.270
-8.780	-3.330
-8.720	-3.390
-8.480	-3.300
-8.330	-3.300
-8.270	-3.240
POLYLINE BLACK
-9.560	-0.870
-9.440	-1.050
-9.410	-1.230
-9.350	-1.290
POLYLINE BLACK
-11.150	0.720
-11.090	0.690
-11.030	0.810
-10.910	0.870
-10.850	0.810
-10.730	0.810
-10.670	0.840
-10.550	0.810
-10.310	0.840
-10.100	0.840
-10.040	0.810
-9.920	0.840
-9.830	0.720
-9.830	0.600
-9.950	0.600
-10.070	0.630
-10.130	0.570
-10.190	0.600
-10.190	0.660
-10.250	0.690
-10.370	0.540
-10.430	0.600
-10.550	0.570
-10.610	0.600
-10.730	0.540
-10.760	0.480
-10.850	0.570
-10.850	0.630
-11.030	0.690
-11.060	0.750
POLYLINE BLACK
-8.450	0.180
-8.570	0.180
-8.630	0.210
-8.690	0.180
-9.050	0.300
-9.320	0.450
POLYLINE BLACK
-7.610	-1.410
-7.610	-1.590
-7.430	-1.950
POLYLINE BLACK
-8.240	0.210
-8.150	-0.060
-8.120	-0.180
-8.060	-0.240
POLYLINE BLACK
-7.190	-1.080
-7.310	-1.080
POLYLINE BLACK
-7.580	-0.210
-7.790	-0.270
-8.180	-0.660
-8.270	-0.840
-8.630	-1.080
-8.870	-1.230
-8.930	-1.230
-9.230	-1.440
-9.260	-1.500
-9.380	-1.500
-9.530	-1.530
-9.590	-1.590
-9.710	-1.590
-9.770	-1.620
POLYLINE BLACK
-7.070	-0.990
-7.250	-1.140
-7.430	-1.260
-7.700	-1.590
-7.880	-1.950
-8.300	-2.580
-8.630	-2.850
-8.750	-2.910
-8.840	-3.000
-8.960	-3.090
-9.080	-3.120
-9.440	-3.360
-9.560	-3.390
-9.680	-3.390
POLYLINE BLACK
-5.660	0.060
-5.630	-0.090
-5.630	-0.180
-5.690	-0.180
-5.750	-0.120
-5.750	-0.060
POLYLINE BLACK
-6.440	1.410
-6.410	1.470
-6.320	1.470
-6.260	1.500
-6.140	1.410
-6.170	1.290
-6.230	1.230
-6.320	1.230
-6.440	1.320
POLYLINE BLACK
-6.050	1.050
-6.050	0.960
-6.110	0.810
-6.170	0.750
-6.170	0.540
-6.140	0.480
-6.050	0.450
-5.900	0.630
-5.900	0.810
-6.110	0.840
POLYLINE BLACK
-5.780	-0.120
-5.690	-0.210
POLYLINE BLACK
-6.260	0.750
-6.350	0.600
-6.350	0.480
-6.290	0.420
-6.230	0.420
-6.140	0.540
-6.170	0.720
-6.230	0.750
POLYLINE BLACK
-6.710	-0.630
-6.650	-0.600
-6.620	-0.660
-6.770	-0.690
-6.830	-0.660
POLYLINE BLACK
-6.200	-0.210
-6.320	-0.330
-6.290	-0.390
-6.170	-0.360
-6.140	-0.240
-6.200	-0.090
-6.320	-0.090
-6.440	-0.210
POLYLINE BLACK
-6.470	0.210
-6.560	0.210
-6.680	0.090
POLYLINE BLACK
-6.680	0.000
-6.650	-0.090
-6.590	-0.090
-6.560	-0.030
POLYLINE BLACK
-6.170	-0.600
-6.290	-0.630
-6.470	-0.690
-6.530	-0.690
-6.860	-1.020
-6.890	-1.080
POLYLINE BLACK
-6.710	0.360
-6.860	0.180
-6.860	0.120
-7.040	-0.060
-7.220	-0.120
-7.280	-0.120
POLYLINE BLACK
-4.700	-0.480
-4.940	-0.390
-5.180	-0.450
-5.300	-0.480
-5.540	-0.540
-5.690	-0.540
-5.750	-0.570
-5.810	-0.540
-5.930	-0.570
-6.050	-0.600
-6.110	-0.630
-6.170	-0.600
POLYLINE BLACK
-6.560	1.380
-6.410	1.110
-6.290	0.930
-6.350	0.720
-6.350	0.660
-6.650	0.270
POLYLINE BLACK
-6.680	2.400
-6.590	2.280
POLYLINE BLACK
-6.770	2.070
-6.830	2.040
-6.680	1.830
-6.620	1.830
-6.470	1.500
-6.470	1.410
POLYLINE BLACK
-5.690	1.800
-5.750	1.800
-6.050	2.010
-6.170	2.010
-6.230	2.070
-6.350	2.040
-6.380	1.980
POLYLINE BLACK
-4.520	1.080
-4.430	0.840
POLYLINE BLACK
-2.480	1.290
POLYLINE BLACK
-3.500	1.380
-3.440	1.410
-3.350	1.260
-3.350	1.140
POLYLINE BLACK
-3.590	1.320
POLYLINE BLACK
-4.430	1.470
-4.220	1.410
-4.160	1.410
POLYLINE BLACK
-3.890	0.870
-3.950	0.810
-3.920	1.020
-3.860	0.960
POLYLINE BLACK
-3.830	0.180
-3.830	0.330
-3.800	0.150
-3.770	0.030
POLYLINE BLACK
-3.230	-0.090
-3.350	-0.090
-3.350	-0.090
-3.230	0.000
-3.140	-0.030
POLYLINE BLACK
-4.010	-0.270
-4.040	-0.210
POLYLINE BLACK
-4.040	0.030
-4.040	-0.240
POLYLINE BLACK
-4.310	0.150
POLYLINE BLACK
-1.100	0.090
-1.250	0.090
-1.310	0.060
-1.430	0.060
-1.730	0.150
-1.820	0.150
-1.940	0.180
-2.000	0.180
-1.460	-0.150
-1.220	-0.120
-1.160	-0.060
-1.190	0.090
-1.190	0.150
-1.250	0.060
-1.250	-0.120
-1.280	-0.240
-1.280	-0.090
-1.250	0.030
-1.250	0.030
-1.310	-0.180
-1.280	-0.030
-1.400	0.000
-1.790	0.120
-1.910	0.240
-1.730	0.030
-1.520	-0.060
-1.520	0.000
-1.640	0.120
-1.430	-0.120
-1.580	-0.090
-1.670	0.030
-1.490	-0.150
-1.430	-0.150
-1.400	-0.210
-1.490	-0.120
-1.370	-0.150
-1.370	-0.150
-1.460	-0.030
POLYLINE BLACK
-1.550	0.120
-1.490	-0.030
-1.580	-0.330
-1.730	-0.270
-1.940	-0.030
-1.910	0.030
POLYLINE BLACK
-2.120	0.120
-2.270	0.120
-2.360	0.030
-2.360	-0.030
-2.300	-0.120
-2.210	-0.150
-1.970	-0.030
-1.970	0.210
-2.060	0.300
-2.120	0.300
POLYLINE BLACK
-2.060	0.690
-1.970	0.750
-1.880	0.630
-1.850	0.420
-1.940	0.450
-2.000	0.420
-2.150	0.510
-2.240	0.660
-2.210	0.720
POLYLINE BLACK
-2.090	1.350
-2.210	1.260
-2.240	1.110
-2.150	0.990
-1.970	0.960
-1.910	0.990
-1.820	0.960
-1.700	1.050
-1.700	1.170
-1.850	1.410
-2.000	1.470
-2.210	1.440
POLYLINE BLACK
-1.400	0.840
-1.520	0.810
-1.580	0.750
-1.580	0.540
-1.490	0.450
-1.310	0.390
-1.040	0.450
-1.040	0.660
-1.220	0.810
-1.550	0.810
POLYLINE BLACK
-0.890	0.270
-1.010	0.240
-1.130	0.120
-1.160	0.000
-1.130	-0.060
-0.980	-0.090
-0.920	-0.120
-0.800	-0.090
-0.530	-0.090
-0.440	0.030
-0.440	0.240
-0.530	0.330
-0.770	0.420
-0.890	0.420
-1.070	0.360
-1.130	0.300
POLYLINE BLACK
-0.560	-0.450
-0.680	-0.480
-0.740	-0.540
-0.950	-0.540
-1.070	-0.510
-1.130	-0.660
-1.010	-0.690
-0.830	-0.750
-0.680	-0.750
-0.560	-0.780
-0.470	-0.780
-0.440	-0.690
-0.470	-0.570
-0.500	-0.420
-0.770	-0.390
-0.920	-0.360
-0.980	-0.390
POLYLINE BLACK
-4.260	-0.640
-4.180	-0.660
-4.140	-0.700
-4.060	-0.680
-3.880	-0.720
-3.800	-0.700
-3.740	-0.700
-3.660	-0.720
-3.520	-0.740
-3.440	-0.700
POLYLINE BLACK
-4.300	-0.620
-4.340	-0.580
-4.380	-0.600
-4.660	-0.400
-4.820	-0.160
-5.160	0.140
-5.220	0.200
-5.240	0.260
-5.280	0.260
-5.380	0.380
-5.420	0.380
-5.640	0.600
-5.720	0.660
POLYLINE BLACK
-4.440	1.720
-4.480	1.660
-4.520	1.660
-4.540	1.620
-4.580	1.620
-4.760	1.480
-4.800	1.480
-4.880	1.420
-4.960	1.400
-5.040	1.420
-5.120	1.440
-5.220	1.460
-5.460	1.700
-5.500	1.720
POLYLINE BLACK
-4.020	1.900
-4.060	1.920
-4.140	1.880
POLYLINE BLACK
-2.200	-0.220
-2.320	-0.260
-2.400	-0.280
-2.480	-0.360
-2.600	-0.440
-2.680	-0.500
-2.780	-0.520
-2.980	-0.600
-3.020	-0.560
-3.100	-0.620
-3.180	-0.640
-3.220	-0.660
-3.260	-0.640
-3.340	-0.660
-3.400	-0.660
POLYLINE BLACK
-3.320	1.760
-3.380	1.760
-3.460	1.740
POLYLINE BLACK
-2.940	2.000
-2.980	1.960
-3.020	1.980
-3.100	1.960
-3.140	1.960
POLYLINE BLACK
-2.200	1.880
-2.400	1.940
-2.440	1.920
-2.580	1.960
POLYLINE BLACK
-1.740	1.640
-1.780	1.640
POLYLINE BLACK
0.640	0.480
0.620	0.520
0.500	0.520
0.420	0.540
0.280	0.520
0.100	0.520
0.060	0.500
-0.220	0.600
-0.320	0.620
-0.560	0.720
-0.660	0.740
-0.780	0.780
-0.800	0.820
-0.840	0.800
-0.940	0.860
-1.020	0.860
-1.220	0.980
-1.360	1.200
-1.460	1.380
-1.580	1.540
POLYLINE BLACK
0.080	-1.060
0.040	-1.060
0.020	-1.020
-0.060	-1.000
-0.140	-0.980
-0.220	-0.980
-0.500	-0.880
-0.760	-0.700
-0.860	-0.680
-1.120	-0.560
-1.160	-0.560
-1.200	-0.520
-1.280	-0.520
-1.540	-0.340
-1.660	-0.240
-1.780	-0.220
-1.820	-0.180
-2.020	-0.140
POLYLINE BLACK
-0.200	-0.500
-0.200	-0.640
-0.160	-0.820
POLYLINE BLACK
-0.200	-0.140
-0.240	-0.260
POLYLINE BLACK
0.000	0.360
-0.100	0.240
POLYLINE BLACK
0.240	0.600
0.080	0.500

ELEVATION
STATIONS
0.000	0.000	1.0
3.345	-1.739	1.1
5.187	-2.020	1.2
11.132	-3.275	1.3
14.630	-2.616	1.4
18.933	-2.236	1.5
21.818	-3.761	1.6
27.863	-1.743	1.7
31.768	-1.552	1.8
28.837	-5.996	1.9
36.148	-7.409	1.10
41.274	-9.346	1.11
50.869	-3.966	1.12
53.910	-2.686	1.13
57.174	0.685	1.14
48.596	-9.446	1.15
54.085	-6.155	1.16
52.669	-10.536	1.17
53.695	-12.345	1.18
54.738	-14.342	1.19
55.195	-15.569	1.20
55.683	-16.892	1.21
56.566	-18.551	1.22
88.206	-17.748	1.23
63.613	-19.124	1.24
62.064	-20.258	1.25
63.258	-21.081	1.26
64.793	-23.104	1.27
66.957	-24.237	1.28
70.466	-26.356	1.29
73.139	-24.827	1.30
74.761	-23.617	1.31
76.249	-23.363	1.32
77.635	-22.444	1.33
80.887	-19.642	1.34
81.813	-18.995	1.35
83.741	-18.331	1.36
72.507	-27.202	1.37
77.480	-29.431	1.38
78.730	-31.471	1.39
85.423	-34.419	1.40
90.667	-36.402	1.41
94.033	-37.203	1.42
98.261	-38.057	1.43
102.093	-39.027	1.44
103.856	-38.786	1.45
108.498	-39.742	1.46
112.781	-39.990	1.47
117.293	-43.064	1.48
117.993	-44.572	1.49
119.702	-45.714	1.50
115.399	-38.128	1.51
117.062	-36.628	1.52
119.723	-34.401	1.53
130.022	-31.732	1.54
132.074	-32.223	1.55
135.670	-32.667	1.56
137.127	-34.796	1.57
139.013	-35.134	1.58
132.791	-31.394	1.59
134.173	-30.262	1.60
136.622	-28.825	1.61
141.100	-26.788	1.62
143.344	-25.664	1.63
122.774	-32.800	1.64
126.507	-31.310	1.65
SHOTS
122.774	-32.800	126.507	-31.310
126.507	-31.310	132.669	-21.309
119.723	-34.401	122.774	-32.800
141.100	-26.788	143.344	-25.664
143.344	-25.664	146.357	-26.708
143.344	-25.664	146.298	-26.700
143.344	-25.664	146.321	-26.712
136.622	-28.825	141.100	-26.788
134.173	-30.262	136.622	-28.825
136.622	-28.825	136.569	-28.211
136.622	-28.825	136.671	-29.250
136.622	-28.825	136.743	-29.623
132.791	-31.394	134.173	-30.262
132.074	-32.223	132.791	-31.394
137.127	-34.796	139.013	-35.134
135.670	-32.667	137.127	-34.796
132.074	-32.223	135.670	-32.667
130.022	-31.732	132.074	-32.223
119.723	-34.401	130.022	-31.732
117.062	-36.628	119.723	-34.401
115.399	-38.128	117.062	-36.628
117.062	-36.628	118.467	-37.488
112.781	-39.990	115.399	-38.128
117.993	-44.572	119.702	-45.714
119.702	-45.714	123.079	-49.208
119.702	-45.714	119.215	-45.257
117.293	-43.064	117.993	-44.572
112.781	-39.990	117.293	-43.064
108.498	-39.742	112.781	-39.990
103.856	-38.786	108.498	-39.742
102.093	-39.027	103.856	-38.786
103.856	-38.786	103.849	-40.404
103.856	-38.786	103.610	-38.857
103.856	-38.786	102.818	-37.630
103.856	-38.786	103.568	-38.288
98.261	-38.057	102.093	-39.027
102.093	-39.027	99.894	-42.228
94.033	-37.203	98.261	-38.057
98.261	-38.057	98.201	-39.264
98.261	-38.057	98.290	-38.368
98.261	-38.057	98.213	-36.846
90.667	-36.402	94.033	-37.203
94.033	-37.203	99.277	-27.607
85.423	-34.419	90.667	-36.402
77.480	-29.431	85.423	-34.419
85.423	-34.419	85.326	-34.361
85.423	-34.419	85.571	-33.044
85.423	-34.419	85.983	-31.924
85.423	-34.419	85.883	-33.374
85.423	-34.419	85.788	-34.628
77.480	-29.431	78.730	-31.471
78.730	-31.471	77.763	-32.747
72.507	-27.202	77.480	-29.431
70.466	-26.356	72.507	-27.202
72.507	-27.202	72.722	-27.247
72.507	-27.202	72.750	-25.886
72.507	-27.202	72.372	-27.159
83.741	-18.331	88.206	-17.748
81.813	-18.995	83.741	-18.331
80.887	-19.642	81.813	-18.995
77.635	-22.444	80.887	-19.642
76.249	-23.363	77.635	-22.444
77.635	-22.444	77.496	-23.225
74.761	-23.617	76.249	-23.363
73.139	-24.827	74.761	-23.617
70.466	-26.356	73.139	-24.827
73.139	-24.827	73.167	-25.799
73.139	-24.827	72.954	-25.098
73.139	-24.827	72.997	-24.066
66.957	-24.237	70.466	-26.356
64.793	-23.104	66.957	-24.237
66.957	-24.237	66.906	-25.255
66.957	-24.237	66.393	-24.846
66.957	-24.237	67.047	-23.462
63.258	-21.081	64.793	-23.104
64.793	-23.104	64.801	-23.127
64.793	-23.104	64.815	-22.684
64.793	-23.104	65.080	-22.067
62.064	-20.258	63.258	-21.081
63.258	-21.081	63.391	-20.542
63.258	-21.081	63.207	-21.142
63.258	-21.081	63.096	-22.361
59.673	-18.696	62.064	-20.258
59.673	-18.696	63.613	-19.124
56.566	-18.551	59.673	-18.696
59.673	-18.696	59.861	-18.717
55.683	-16.892	56.566	-18.551
55.195	-15.569	55.683	-16.892
54.738	-14.342	55.195	-15.569
53.695	-12.345	54.738	-14.342
54.738	-14.342	56.458	-17.388
52.669	-10.536	53.695	-12.345
48.596	-9.446	52.669	-10.536
48.596	-9.446	54.085	-6.155
41.274	-9.346	48.596	-9.446
41.274	-9.346	57.174	0.685
50.869	-3.966	53.910	-2.686
41.274	-9.346	50.869	-3.966
36.148	-7.409	41.274	-9.346
41.274	-9.346	42.932	-9.014
41.274	-9.346	44.774	-4.028
41.274	-9.346	42.102	-3.020
41.274	-9.346	40.846	-3.981
41.274	-9.346	40.208	-6.890
28.837	-5.996	36.148	-7.409
36.148	-7.409	36.149	-8.249
36.148	-7.409	36.280	-8.231
36.148	-7.409	36.314	-7.039
36.148	-7.409	37.944	-4.957
36.148	-7.409	37.510	-2.860
36.148	-7.409	37.218	-2.786
21.818	-3.761	28.837	-5.996
28.837	-5.996	29.539	-5.946
28.837	-5.996	29.774	-4.174
28.837	-5.996	30.627	-2.597
28.837	-5.996	29.471	-3.896
28.837	-5.996	29.084	-4.724
28.837	-5.996	28.899	-5.278
28.837	-5.996	28.744	-6.022
27.863	-1.743	31.768	-1.552
21.818	-3.761	27.863	-1.743
27.863	-1.743	24.742	-0.395
27.863	-1.743	27.118	0.026
27.863	-1.743	27.112	0.248
27.863	-1.743	26.407	-0.651
18.933	-2.236	21.818	-3.761
14.630	-2.616	18.933	-2.236
18.933	-2.236	18.780	-3.122
18.933	-2.236	19.127	-3.231
18.933	-2.236	19.049	-3.140
18.933	-2.236	18.834	-2.571
18.933	-2.236	18.896	-2.053
18.933	-2.236	19.036	-1.702
18.933	-2.236	18.998	-1.619
18.933	-2.236	18.949	-1.946
11.132	-3.275	14.630	-2.616
14.630	-2.616	14.488	-3.213
14.630	-2.616	14.289	-3.005
14.630	-2.616	14.181	-2.650
14.630	-2.616	14.060	-1.639
14.630	-2.616	14.355	-1.108
14.630	-2.616	14.618	-0.925
14.630	-2.616	14.727	-1.481
14.630	-2.616	14.830	-1.564
14.630	-2.616	15.085	-1.638
14.630	-2.616	16.316	-1.756
5.187	-2.020	11.132	-3.275
11.132	-3.275	11.296	-3.248
11.132	-3.275	11.393	-2.896
11.132	-3.275	11.354	-2.695
11.132	-3.275	11.430	-2.234
11.132	-3.275	11.638	-1.715
11.132	-3.275	11.362	-1.874
11.132	-3.275	11.353	-2.008
11.132	-3.275	11.329	-2.079
11.132	-3.275	11.496	-2.415
11.132	-3.275	11.568	-2.452
11.132	-3.275	11.513	-3.134
11.132	-3.275	11.355	-3.338
3.345	-1.739	5.187	-2.020
5.187	-2.020	5.757	-1.906
5.187	-2.020	5.586	-1.396
5.187	-2.020	5.465	-1.266
5.187	-2.020	5.438	-1.335
5.187	-2.020	5.430	-1.604
0.000	0.000	3.345	-1.739
3.345	-1.739	3.662	-1.623
3.345	-1.739	3.655	-1.092
3.345	-1.739	3.565	-0.834
3.345	-1.739	3.509	-0.380
3.345	-1.739	3.274	-0.871
3.345	-1.739	3.015	-0.997
3.345	-1.739	3.014	-1.526
POLYLINE BLACK
0.110	1.260
0.350	1.200
0.470	1.170
0.560	1.020
0.740	0.840
0.890	0.600
0.920	0.480
1.070	0.120
1.310	-0.180
1.580	-0.450
1.910	-0.720
1.970	-0.720
2.030	-0.780
2.090	-0.780
2.120	-0.870
2.600	-1.200
2.660	-1.200
2.780	-1.320
2.960	-1.410
3.020	-1.410
3.380	-1.680
3.620	-1.740
3.740	-1.800
4.130	-1.800
4.250	-1.830
4.430	-1.860
4.670	-2.010
4.790	-1.980
4.910	-2.010
4.970	-2.010
POLYLINE BLACK
-0.190	-0.180
-0.190	-0.240
-0.070	-0.270
0.020	-0.450
0.020	-0.600
0.170	-0.570
0.290	-0.570
0.410	-0.600
0.590	-0.750
0.590	-0.840
0.770	-1.080
0.950	-1.080
1.010	-1.140
1.070	-1.110
1.370	-1.440
1.370	-1.500
1.430	-1.560
1.610	-1.410
1.700	-1.530
1.700	-1.650
1.880	-1.740
2.060	-1.770
2.120	-1.830
2.180	-1.830
2.240	-1.890
2.420	-1.890
2.480	-1.950
2.750	-1.950
2.930	-2.010
3.050	-1.980
3.170	-1.980
3.230	-1.950
3.590	-2.070
3.890	-2.220
3.950	-2.280
4.100	-2.280
4.130	-2.370
4.460	-2.310
4.700	-2.340
4.760	-2.340
4.880	-2.430
5.090	-2.460
5.150	-2.460
