TRIP
DATE 2005-07-03 
DECLINATION     0.00
DATA
1.0	1.1	148.66	-22.96	7.979	>
1.1		330.78	71.62	2.300	>
1.1		262.58	8.59	0.689	>
1.1		314.89	4.71	1.450	>
1.1		353.67	1.83	1.569	>
1.1		350.54	-50.33	2.850	>
1.1		264.67	-74.04	4.620	>
1.1	1.2	230.34	-51.05	6.546	>
1.2		90.54	-19.72	1.250	>
1.2		75.55	74.79	6.600	>
1.2		176.80	-2.64	2.690	>
1.2		140.52	-5.18	9.910	>
1.2		217.08	-12.63	1.710	>
1.2		39.65	2.78	2.701	>
1.2		176.38	-79.61	12.120	>
1.2		145.01	-75.31	13.060	>
1.2	1.3	139.25	-60.94	14.519	>

PLAN
STATIONS
0.000	0.000	1.0
3.822	-6.275	1.1
0.654	-8.901	1.2
5.257	-14.243	1.3
SHOTS
0.654	-8.901	5.257	-14.243
3.822	-6.275	0.654	-8.901
0.654	-8.901	1.831	-8.912
0.654	-8.901	2.331	-8.469
0.654	-8.901	0.804	-11.584
0.654	-8.901	6.929	-16.519
0.654	-8.901	-0.352	-10.232
0.654	-8.901	2.375	-6.824
0.654	-8.901	0.792	-11.082
0.654	-8.901	2.554	-11.615
0.000	0.000	3.822	-6.275
3.822	-6.275	3.468	-5.642
3.822	-6.275	3.146	-6.363
3.822	-6.275	2.798	-5.255
3.822	-6.275	3.649	-4.716
3.822	-6.275	3.523	-4.480
3.822	-6.275	2.557	-6.393
POLYLINE BLACK
4.820	-11.860
4.880	-11.740
5.000	-11.740
5.060	-11.620
POLYLINE BLACK
4.820	-11.680
4.880	-11.560
POLYLINE BLACK
4.460	-11.920
3.980	-11.380
POLYLINE BLACK
4.940	-11.680
4.940	-11.680
4.580	-11.140
4.340	-10.780
4.160	-11.140
4.160	-11.260
4.040	-11.380
4.460	-11.440
4.580	-11.380
4.520	-11.800
4.460	-12.040
4.820	-11.800
POLYLINE BLACK
4.640	-11.920
4.640	-12.040
4.700	-11.920
POLYLINE BLACK
6.000	-10.800
6.000	-10.400
POLYLINE BLACK
6.000	-11.300
6.100	-10.800
POLYLINE BLACK
6.100	-11.100
6.400	-11.100
7.000	-11.300
POLYLINE BLACK
5.300	-11.500
6.000	-11.200
6.200	-11.000
POLYLINE BLACK
5.200	-11.500
5.400	-11.700
6.100	-11.700
7.200	-11.300
7.300	-11.000
6.400	-10.200
6.200	-10.200
5.700	-10.700
5.500	-11.200
5.300	-11.400
5.300	-11.600
POLYLINE BLACK
3.200	-13.000
4.200	-12.900
4.400	-12.700
4.100	-11.900
3.800	-11.900
3.400	-12.200
3.200	-12.900
POLYLINE BLACK
5.000	-13.200
5.300	-13.100
5.800	-12.700
6.300	-12.700
6.400	-12.500
6.200	-12.500
5.900	-12.000
5.200	-12.500
5.000	-12.500
5.000	-13.200
POLYLINE BLACK
4.200	-14.300
5.300	-15.600
6.100	-16.400
6.300	-16.700
POLYLINE BLACK
6.200	-13.100
6.800	-14.300
7.700	-15.300
7.900	-15.300
8.100	-15.500
POLYLINE BLACK
0.500	-11.000
1.100	-11.800
1.400	-11.900
1.500	-12.200
1.800	-12.200
1.800	-12.400
3.200	-13.600
3.600	-13.700
3.800	-13.900
4.000	-13.900
4.400	-14.200
4.600	-14.200
POLYLINE BLACK
1.900	-7.300
2.500	-7.000
3.100	-7.000
3.300	-6.800
4.500	-7.200
4.700	-7.400
5.100	-7.500
6.100	-8.300
6.500	-8.700
6.600	-9.100
7.200	-10.500
7.200	-10.900
7.300	-11.400
6.600	-12.900
6.300	-13.200
6.300	-13.400
5.600	-14.000
POLYLINE BLACK
2.600	-7.900
4.100	-9.400
4.200	-9.600
POLYLINE BLACK
2.300	-7.900
2.700	-8.000
3.000	-8.400
POLYLINE BLACK
-0.500	-9.900
0.300	-11.200
0.500	-11.200
POLYLINE BLACK
1.200	-9.700
1.600	-10.300
POLYLINE BLACK
0.600	-7.000
0.500	-7.300
0.700	-8.200
0.700	-8.400
POLYLINE BLACK
0.800	-4.700
0.800	-5.000
0.400	-5.700
0.300	-6.100
POLYLINE BLACK
-0.900	-9.000
-0.900	-9.500
-0.700	-9.900
POLYLINE BLACK
-1.500	-5.300
-1.300	-6.900
POLYLINE BLACK
-1.600	-2.500
-1.600	-4.500
POLYLINE BLACK
-1.100	-2.900
-1.000	-3.500
-1.200	-3.700
-1.100	-3.900
POLYLINE BLACK
-0.900	-2.800
POLYLINE BLACK
1.200	-3.800
1.100	-4.000
POLYLINE BLACK
1.300	-2.700
0.700	-3.200
POLYLINE BLACK
0.400	-2.400
0.400	-2.900
POLYLINE BLACK
-0.300	-2.900
-0.200	-3.400
POLYLINE BLACK
1.300	-4.600
1.200	-3.700
1.300	-3.500
1.300	-2.800
0.900	-2.100
0.500	-2.100
0.100	-2.500
0.200	-2.700
0.000	-2.900
-0.800	-3.000
-1.600	-2.500
POLYLINE BLACK
1.300	-4.700
POLYLINE BLACK
1.900	-4.600
1.600	-4.600
POLYLINE BLACK
0.700	1.300
1.000	1.100
1.800	1.300
2.000	1.300
2.200	1.500
2.200	1.300
2.900	1.400
3.100	1.400
3.200	1.200
3.700	1.100
4.100	1.000
4.500	0.400
5.000	-0.900
4.600	-2.100
4.400	-2.600
3.400	-3.600
POLYLINE BLACK
-1.600	-2.400
POLYLINE BLACK
0.200	0.900
0.000	0.300
-0.300	0.100
-0.500	-0.400
-1.100	-1.400
-1.400	-2.300
POLYLINE BLACK
0.800	-4.900
1.300	-5.000
1.700	-4.900
2.000	-4.800
2.200	-5.000
POLYLINE BLACK
2.100	-5.200
2.300	-5.900
2.300	-6.600
1.900	-7.400
1.900	-7.600
POLYLINE BLACK
2.600	-3.100
3.200	-3.500
3.400	-3.500
3.600	-3.700
3.800	-3.700
4.400	-4.200
4.600	-4.700
4.800	-4.900
4.900	-5.700
4.600	-6.600
3.700	-7.500

ELEVATION
STATIONS
0.000	0.000	1.0
7.348	-3.112	1.1
11.463	-8.203	1.2
18.515	-20.895	1.3
SHOTS
11.463	-8.203	18.515	-20.895
7.348	-3.112	11.463	-8.203
11.463	-8.203	11.244	-8.625
11.463	-8.203	10.055	-1.834
11.463	-8.203	13.600	-8.327
11.463	-8.203	21.331	-9.098
11.463	-8.203	12.453	-8.577
11.463	-8.203	8.812	-8.072
11.463	-8.203	13.210	-20.124
11.463	-8.203	14.760	-20.836
0.000	0.000	7.348	-3.112
7.348	-3.112	6.623	-0.929
7.348	-3.112	7.779	-3.009
7.348	-3.112	5.944	-2.993
7.348	-3.112	5.926	-3.062
7.348	-3.112	5.659	-5.306
7.348	-3.112	8.056	-7.554
POLYLINE BLACK
46.470	-13.830
45.570	-15.480
45.570	-15.480
46.020	-14.880
46.020	-14.430
46.470	-13.830
46.920	-13.680
47.520	-13.830
47.820	-14.130
48.870	-14.280
POLYLINE BLACK
44.070	-13.830
44.820	-13.830
45.420	-13.530
45.570	-13.230
45.420	-12.930
44.670	-12.780
43.920	-13.530
43.770	-14.280
43.770	-14.730
44.220	-15.330
45.120	-15.030
45.570	-15.030
POLYLINE BLACK
43.470	-10.230
42.870	-11.730
42.570	-12.180
42.570	-12.630
POLYLINE BLACK
43.170	-11.730
42.270	-14.580
42.270	-14.880
POLYLINE BLACK
43.320	-12.030
42.720	-12.030
41.670	-12.780
41.370	-13.530
41.070	-13.830
41.070	-14.130
41.670	-14.580
42.270	-14.730
POLYLINE BLACK
39.270	-13.830
40.320	-12.630
40.620	-13.980
40.170	-15.330
POLYLINE BLACK
39.120	-11.880
39.120	-12.330
38.970	-12.930
38.820	-13.830
38.670	-14.280
38.820	-14.580
POLYLINE BLACK
37.020	-12.330
36.720	-12.930
36.720	-13.380
36.870	-13.680
POLYLINE BLACK
37.170	-11.580
36.720	-12.030
36.120	-12.630
35.820	-13.230
36.120	-13.980
36.720	-14.130
37.170	-13.380
37.320	-12.780
37.320	-12.330
37.170	-12.030
POLYLINE BLACK
33.420	-12.630
33.720	-12.630
34.320	-13.080
34.770	-13.080
35.370	-12.480
35.220	-11.880
34.920	-11.280
34.620	-11.130
33.570	-11.430
32.370	-12.780
32.370	-13.830
32.670	-14.580
33.720	-14.430
34.320	-13.830
POLYLINE BLACK
27.720	-10.680
27.570	-13.230
27.270	-14.130
29.370	-11.430
29.670	-12.030
29.670	-12.480
29.370	-13.830
29.820	-12.780
30.420	-12.180
30.570	-11.730
31.170	-11.580
31.620	-11.730
31.770	-12.780
31.170	-14.280
POLYLINE BLACK
21.570	-4.380
20.970	-6.630
20.970	-7.530
21.120	-8.280
21.120	-8.580
POLYLINE BLACK
21.420	-12.480
21.570	-13.230
21.570	-13.680
21.720	-13.980
21.570	-14.580
21.570	-17.880
21.420	-18.330
POLYLINE BLACK
21.570	-6.930
21.420	-7.830
21.420	-9.180
21.570	-9.930
21.570	-10.530
21.870	-12.180
21.720	-12.780
21.570	-13.530
21.570	-13.830
POLYLINE BLACK
29.970	-23.430
30.720	-23.580
31.620	-24.030
32.670	-24.030
POLYLINE BLACK
24.420	-23.730
25.770	-23.430
26.820	-23.430
27.420	-23.280
POLYLINE BLACK
28.020	-6.180
29.070	-6.630
29.670	-7.080
30.420	-7.530
POLYLINE BLACK
25.020	-3.780
25.320	-3.780
25.920	-4.380
26.820	-5.130
27.420	-5.130
POLYLINE BLACK
21.420	-2.280
21.570	-2.580
21.870	-2.430
23.520	-2.580
23.820	-2.730
POLYLINE BLACK
21.780	-22.920
22.500	-22.920
22.740	-22.980
23.220	-22.980
23.340	-22.920
23.460	-22.980
POLYLINE BLACK
18.720	-23.160
19.620	-22.980
20.100	-22.980
20.400	-22.860
POLYLINE BLACK
17.940	-22.500
18.300	-22.500
POLYLINE BLACK
15.300	-21.120
15.420	-21.120
16.200	-21.840
POLYLINE BLACK
18.120	-21.300
18.480	-21.900
18.420	-22.200
18.180	-22.380
18.120	-22.260
POLYLINE BLACK
18.120	-21.300
17.760	-21.240
17.580	-21.300
17.520	-21.420
18.060	-21.960
18.180	-22.500
POLYLINE BLACK
17.040	-21.360
17.220	-21.420
17.520	-21.720
POLYLINE BLACK
17.580	-20.880
17.520	-21.060
17.340	-21.060
16.980	-21.420
16.980	-21.900
17.040	-22.200
16.980	-22.440
POLYLINE BLACK
17.640	-20.880
17.100	-21.000
16.860	-21.060
16.740	-21.120
16.680	-21.300
16.680	-21.600
16.980	-22.200
16.980	-22.320
17.160	-22.140
17.220	-21.960
17.520	-21.780
17.760	-21.540
17.820	-21.240
17.580	-20.880
POLYLINE BLACK
16.140	-20.880
16.080	-21.540
16.200	-21.540
POLYLINE BLACK
16.440	-20.280
16.380	-20.520
16.380	-20.640
16.200	-20.940
16.200	-20.820
16.260	-20.940
16.260	-20.820
16.380	-20.880
16.740	-20.760
POLYLINE BLACK
16.260	-20.280
15.660	-20.640
15.420	-20.700
15.420	-20.820
15.780	-21.060
15.960	-21.360
16.080	-21.360
16.200	-21.600
16.860	-21.000
16.920	-20.700
16.800	-20.400
16.320	-20.280
16.200	-20.220
POLYLINE BLACK
12.120	-20.340
12.360	-20.340
12.480	-20.280
12.840	-20.400
13.020	-20.400
13.260	-20.340
13.500	-20.340
13.740	-20.520
13.920	-20.520
14.280	-20.640
14.400	-20.760
14.880	-20.880
15.000	-20.820
15.480	-21.000
POLYLINE BLACK
12.120	-20.700
POLYLINE BLACK
12.540	-20.400
POLYLINE BLACK
12.960	-20.220
POLYLINE BLACK
12.300	-20.340
POLYLINE BLACK
11.340	-9.600
11.400	-9.720
11.340	-10.140
11.460	-10.680
11.460	-12.300
11.400	-12.720
11.460	-13.020
11.400	-14.220
11.280	-14.760
11.280	-15.600
11.340	-15.840
11.340	-16.320
11.460	-16.860
11.460	-17.340
11.400	-17.700
11.460	-18.000
11.460	-18.240
11.520	-18.420
11.460	-18.540
11.520	-18.780
11.520	-19.320
11.640	-19.860
11.640	-20.040
11.760	-20.400
11.760	-20.640
POLYLINE BLACK
8.100	-8.220
8.280	-8.340
8.520	-8.340
9.060	-8.880
9.300	-8.940
9.540	-9.000
9.780	-9.180
10.020	-9.240
10.200	-9.300
10.320	-9.240
10.380	-9.360
10.920	-9.420
11.040	-9.480
11.280	-9.420
11.400	-9.480
11.580	-9.420
POLYLINE BLACK
19.260	-1.200
20.160	-1.440
20.280	-1.560
20.400	-1.560
POLYLINE BLACK
19.380	-1.140
POLYLINE BLACK
19.380	-1.140
19.680	-1.200
19.800	-1.200
POLYLINE BLACK
16.200	-0.660
16.380	-0.600
16.680	-0.600
17.280	-0.720
18.000	-0.780
18.300	-0.960
POLYLINE BLACK
13.260	-0.660
13.380	-0.600
13.980	-0.600
14.340	-0.660
14.520	-0.600
14.880	-0.660
15.000	-0.600
POLYLINE BLACK
10.200	-1.680
11.100	-1.140
11.820	-0.780
POLYLINE BLACK
7.020	-1.260
7.440	-1.440
7.680	-1.680
7.860	-1.680
8.340	-1.860
8.640	-1.860
8.760	-1.980
9.120	-1.980
9.240	-2.100
9.480	-2.040
9.660	-2.100
9.780	-2.040
10.020	-2.160
POLYLINE BLACK
6.660	-1.020
6.780	-1.080
POLYLINE BLACK
5.460	-3.000
5.400	-3.120
5.520	-3.300
5.640	-3.780
5.700	-4.020
5.820	-4.680
5.820	-5.700
5.880	-5.940
5.880	-6.180
6.060	-6.720
6.360	-6.960
6.420	-7.140
7.080	-7.740
7.200	-7.740
7.380	-7.920
7.500	-7.920
7.620	-8.040
7.740	-7.980
7.860	-8.100
8.100	-8.100
8.700	-8.280
POLYLINE BLACK
4.680	-2.820
4.560	-3.060
4.560	-3.240
POLYLINE BLACK
4.200	-2.760
4.020	-3.180
4.020	-3.360
POLYLINE BLACK
3.540	-2.460
3.540	-3.120
POLYLINE BLACK
2.760	-2.520
2.760	-3.000
2.820	-3.120
POLYLINE BLACK
2.220	-2.820
2.340	-3.180
POLYLINE BLACK
1.860	-2.640
1.980	-2.700
2.100	-2.640
2.340	-2.700
2.520	-2.700
2.760	-2.640
3.000	-2.640
3.240	-2.580
3.420	-2.580
3.660	-2.640
3.900	-2.580
4.440	-2.640
4.800	-2.700
4.920	-2.820
5.040	-2.760
5.160	-2.880
POLYLINE BLACK
0.180	3.000
0.120	2.880
0.180	2.640
0.180	2.040
0.240	1.020
POLYLINE BLACK
4.440	1.020
4.380	0.120
4.440	-0.180
4.440	-0.360
POLYLINE BLACK
4.080	2.880
4.140	2.040
4.260	1.560
POLYLINE BLACK
6.840	-1.080
7.140	-1.860
7.260	-2.220
7.140	-2.940
7.200	-3.180
POLYLINE BLACK
4.800	-0.300
4.800	-0.420
4.980	-0.420
5.400	-0.720
5.700	-0.840
5.760	-0.960
6.240	-1.080
6.780	-1.260
7.020	-1.260
7.080	-1.380
POLYLINE BLACK
7.020	-5.280
7.020	-5.580
POLYLINE BLACK
5.460	-5.700
POLYLINE BLACK
5.280	-2.940
5.520	-3.420
POLYLINE BLACK
5.340	-3.000
5.160	-3.540
5.100	-3.780
5.040	-4.200
5.040	-4.380
4.980	-4.620
4.800	-5.580
4.800	-5.880
4.740	-6.120
4.680	-6.540
POLYLINE BLACK
1.560	-2.760
1.680	-3.120
1.740	-4.140
1.740	-5.220
1.680	-5.460
1.740	-5.580
1.680	-5.700
1.740	-5.880
POLYLINE BLACK
0.060	-2.700
0.180	-2.760
0.300	-2.700
0.780	-2.700
1.260	-2.760
1.440	-2.760
1.680	-2.820
1.980	-2.760
POLYLINE BLACK
0.180	-2.040
0.120	-2.280
0.180	-2.160
0.180	-2.280
POLYLINE BLACK
0.180	-1.500
POLYLINE BLACK
0.180	-2.640
POLYLINE BLACK
0.180	-1.980
POLYLINE BLACK
-0.060	0.540
-0.060	0.420
0.060	0.420
0.060	0.120
0.240	-1.380
