TRIP
DATE 2022-08-02
DECLINATION 0.0
DATA
0		224.60	-1.96	2.363	>
0		294.31	11.55	2.471	>
0		151.15	-2.24	4.669	>
0		160.07	-3.50	4.678	>
0		233.72	-2.11	2.343	>
0		309.07	30.86	3.735	>
0		309.08	30.90	3.733	>
0		309.09	30.94	3.733	>
0	1	309.08	30.90	3.734	>
1		76.56	-5.27	0.604	>
1		348.57	81.66	2.128	>
1		359.54	-72.28	2.368	>
1		12.08	-43.67	6.365	>
1		11.81	-43.86	6.450	>
1		13.00	-44.00	6.406	>
1	2	12.30	-43.84	6.407	>
2		252.49	1.56	1.462	>
2		297.86	-80.12	1.479	>
2		318.64	51.51	2.636	>
2		293.72	61.53	4.234	>
2		310.63	-4.13	2.459	>
2		337.60	-4.08	1.732	>
2		305.90	-3.10	2.279	>
2		313.12	18.09	3.107	>
2		152.90	-17.97	2.472	>
2		169.18	-14.70	2.741	>
2		324.85	-3.76	5.038	>
2		324.98	-3.71	5.036	>
2		324.94	-3.70	5.053	>
2	3	324.92	-3.72	5.042	>
3		75.62	0.70	0.469	>
3		71.67	-64.22	3.492	>
3		271.61	73.15	5.883	>
3		68.26	6.48	0.748	>
3		259.99	29.80	1.021	>
3		345.26	2.48	16.997	>
3		10.04	-15.94	2.345	>
3		9.82	-16.08	5.057	>
3		9.82	-16.05	4.124	>
3		8.74	-14.45	2.339	>
3		9.29	-15.47	2.316	>
3		9.31	-15.86	2.318	>
3	4	9.11	-15.26	2.324	>
4		269.54	0.34	0.540	>
4		74.01	-71.13	4.555	>
4		286.24	52.51	6.335	>
4		309.51	28.99	2.871	>
4		309.17	29.67	2.890	>
4		309.30	29.52	2.903	>
4	5	309.33	29.39	2.888	>
5		70.99	5.43	1.809	>
5		47.07	1.53	3.056	>
5		31.31	-0.31	3.327	>
5		24.11	-2.10	7.520	>
5		8.59	-0.94	10.695	>
5		349.39	-3.14	11.131	>
5		336.10	-3.71	9.280	>
5		322.41	-3.68	5.984	>
5		308.79	-1.67	2.228	>
5		348.76	4.78	12.159	>
5		342.86	6.83	11.239	>
5		32.32	-69.72	17.923	>
5		38.06	-66.80	17.917	>
5		28.78	-63.61	17.565	>
5		343.47	7.85	11.522	>
5		343.53	7.86	11.523	>
5		343.43	7.92	11.521	>
5	6	343.48	7.88	11.522	>
6		71.99	-1.21	1.575	>
6		73.75	-64.00	3.356	>
6		94.05	43.62	1.185	>
6		4.15	12.35	5.894	>
6		4.27	12.45	5.911	>
6		4.45	12.54	5.907	>
6	7	4.29	12.45	5.904	>
7		264.84	7.02	0.456	>
7		299.34	72.80	4.044	>
7		164.20	-83.49	2.094	>
7		229.75	21.32	0.414	>
7		230.26	21.91	0.409	>
7		230.45	22.20	0.409	>
7		229.19	19.32	0.396	>
7		228.83	19.98	0.397	>
7		229.37	19.69	0.395	>
7	8	229.13	19.67	0.396	>
8		5.10	-7.71	1.678	>
8		355.00	-7.59	1.676	>
8		355.45	-7.05	1.673	>
8		348.51	-8.13	1.647	>
8		348.04	-8.08	1.646	>
8		347.59	-7.94	1.648	>
8	9	348.05	-8.05	1.647	>
9		177.42	78.90	0.993	>
9		203.55	25.13	0.835	>
9		6.74	29.70	1.531	>
9		300.12	-6.48	1.005	>
9		300.44	-6.70	1.007	>
9		300.44	-6.81	1.003	>
9	10	300.34	-6.66	1.005	>
10		62.94	-1.60	0.867	>
10		205.80	-74.79	1.950	>
10		50.15	61.81	0.347	>
10		57.08	1.12	0.956	>
10		243.82	-77.23	3.628	>
10		309.93	-29.26	0.723	>
10		308.88	-29.45	0.719	>
10		308.97	-29.37	0.721	>
10	11	309.26	-29.36	0.721	>
11		199.64	-3.32	1.497	>
11		29.37	-7.29	0.813	>
11		186.08	-73.65	3.206	>
11		51.16	71.39	3.329	>
11		46.90	36.88	0.907	>
11		46.53	79.69	1.557	>
11		203.33	60.99	0.478	>
11		242.54	6.78	1.120	>
11		242.64	7.01	1.121	>
11		242.68	7.10	1.121	>
11	12	242.62	6.97	1.121	>
12		74.06	1.98	0.548	>
12		73.91	-62.61	1.745	>
12		343.32	77.03	0.900	>
12		15.27	3.94	1.375	>
12		15.22	4.17	1.366	>
12		15.28	4.32	1.374	>
12	13	15.26	4.14	1.372	>
13		252.67	2.60	0.616	>
13		352.19	-80.54	1.436	>
13		173.80	86.51	0.452	>

PLAN
STATIONS
0.000	0.000	0
-2.487	2.020	1
-1.503	6.534	2
-4.394	10.652	3
-4.039	12.866	4
-5.986	14.461	5
-9.232	25.403	6
-8.800	31.152	7
-9.082	30.908	8
-9.420	32.504	9
-10.282	33.008	10
-10.768	33.405	11
-11.756	32.894	12
-11.396	34.214	13
SHOTS
0.000	0.000	-1.658	-1.681
0.000	0.000	-2.206	0.997
0.000	0.000	2.251	-4.086
0.000	0.000	1.592	-4.390
0.000	0.000	-1.888	-1.385
0.000	0.000	-2.487	2.020
-2.487	2.020	-1.902	2.159
-2.487	2.020	-2.548	2.322
-2.487	2.020	-2.493	2.740
-2.487	2.020	-1.503	6.534
-1.503	6.534	-2.897	6.095
-1.503	6.534	-1.727	6.653
-1.503	6.534	-2.587	7.766
-1.503	6.534	-3.351	7.347
-1.503	6.534	-3.364	8.132
-1.503	6.534	-2.161	8.132
-1.503	6.534	-3.346	7.869
-1.503	6.534	-3.658	8.553
-1.503	6.534	-0.432	4.441
-1.503	6.534	-1.005	3.930
-1.503	6.534	-4.394	10.652
-4.394	10.652	-3.940	10.769
-4.394	10.652	-2.952	11.130
-4.394	10.652	-6.099	10.700
-4.394	10.652	-3.704	10.928
-4.394	10.652	-5.267	10.498
-4.394	10.652	-8.716	27.074
-4.394	10.652	-4.001	12.873
-4.394	10.652	-3.566	15.440
-4.394	10.652	-3.719	14.558
-4.394	10.652	-4.039	12.866
-4.039	12.866	-4.579	12.862
-4.039	12.866	-2.623	13.272
-4.039	12.866	-7.741	13.945
-4.039	12.866	-5.986	14.461
-5.986	14.461	-4.283	15.048
-5.986	14.461	-3.749	16.542
-5.986	14.461	-4.257	17.304
-5.986	14.461	-2.915	21.320
-5.986	14.461	-4.388	25.035
-5.986	14.461	-8.033	25.385
-5.986	14.461	-9.738	22.927
-5.986	14.461	-9.628	19.193
-5.986	14.461	-7.722	15.856
-5.986	14.461	-8.348	26.345
-5.986	14.461	-9.275	25.124
-5.986	14.461	-2.664	19.711
-5.986	14.461	-1.634	20.019
-5.986	14.461	-2.226	21.305
-5.986	14.461	-9.232	25.403
-9.232	25.403	-7.734	25.890
-9.232	25.403	-7.819	25.815
-9.232	25.403	-8.376	25.342
-9.232	25.403	-8.800	31.152
-8.800	31.152	-9.251	31.111
-8.800	31.152	-9.843	31.738
-8.800	31.152	-8.736	30.923
-8.800	31.152	-9.095	30.903
-8.800	31.152	-9.092	30.910
-8.800	31.152	-9.092	30.911
-8.800	31.152	-9.082	30.908
-9.082	30.908	-8.935	32.564
-9.082	30.908	-9.227	32.563
-9.082	30.908	-9.214	32.563
-9.082	30.908	-9.420	32.504
-9.420	32.504	-9.412	32.312
-9.420	32.504	-9.722	31.811
-9.420	32.504	-9.264	33.824
-9.420	32.504	-10.282	33.008
-10.282	33.008	-9.510	33.402
-10.282	33.008	-10.504	32.547
-10.282	33.008	-10.156	33.113
-10.282	33.008	-9.479	33.527
-10.282	33.008	-11.001	32.654
-10.282	33.008	-10.768	33.405
-10.768	33.405	-11.271	31.998
-10.768	33.405	-10.373	34.108
-10.768	33.405	-10.864	32.508
-10.768	33.405	-9.941	34.072
-10.768	33.405	-10.239	33.901
-10.768	33.405	-10.566	33.597
-10.768	33.405	-10.860	33.192
-10.768	33.405	-11.756	32.894
-11.756	32.894	-11.229	33.044
-11.756	32.894	-10.985	33.116
-11.756	32.894	-11.814	33.087
-11.756	32.894	-11.396	34.214
-11.396	34.214	-11.983	34.030
-11.396	34.214	-11.428	34.447
-11.396	34.214	-11.393	34.186
POLYLINE BLACK
-6.200	3.683
-6.085	3.803
-6.092	3.824
-6.120	3.983
POLYLINE BLACK
-6.160	3.973
-6.130	4.073
POLYLINE BLACK
-6.490	4.603
-6.490	4.428
POLYLINE BLACK
1.610	-4.544
1.455	-4.219
1.472	-4.178
1.274	-3.956
1.216	-3.891
1.159	-3.824
1.090	-3.771
0.992	-3.695
0.879	-3.641
0.778	-3.569
0.683	-3.503
0.600	-3.419
0.502	-3.358
0.321	-3.245
0.120	-3.166
-0.058	-3.047
-0.231	-2.930
-0.392	-2.795
-0.548	-2.655
-0.845	-2.388
-0.720	-2.433
-0.958	-2.194
-1.004	-2.148
-1.056	-2.109
-1.108	-2.070
-1.237	-1.974
-1.367	-1.877
-1.502	-1.789
-1.539	-1.764
-1.583	-1.751
-1.624	-1.732
-1.664	-1.714
-1.707	-1.699
-1.745	-1.676
-1.903	-1.579
-2.080	-1.448
-2.129	-1.256
-2.223	-0.882
-2.232	-0.363
-2.233	-0.034
-2.233	0.139
-2.209	0.312
-2.188	0.483
-2.149	0.805
-2.127	0.624
-2.136	0.896
-2.140	1.013
-2.260	1.195
-2.310	1.287
POLYLINE BLACK
2.780	-4.329
2.527	-4.324
2.422	-4.308
2.256	-4.104
2.229	-4.071
2.199	-4.038
2.184	-3.998
2.044	-3.613
1.938	-3.217
1.794	-2.834
1.666	-2.494
1.596	-2.582
1.405	-2.241
0.731	-1.099
1.509	-2.255
1.066	-1.448
0.763	-0.896
0.608	-0.786
0.217	-0.240
0.160	-0.161
0.120	-0.071
0.067	0.010
-0.057	0.197
-0.749	1.161
-0.771	1.189
-1.203	1.645
-1.046	1.448
-1.274	1.753
POLYLINE BLACK
0.267	-2.631
0.259	-2.731
0.247	-2.831
0.243	-2.931
0.239	-3.044
0.276	-3.129
0.394	-3.148
0.427	-3.153
0.467	-3.153
0.495	-3.133
0.516	-3.117
0.534	-3.089
0.540	-3.063
0.550	-3.021
0.606	-2.868
0.579	-2.788
0.545	-2.687
0.420	-2.661
0.333	-2.637
POLYLINE BLACK
0.947	-2.843
0.993	-2.902
1.198	-2.739
1.291	-2.758
1.392	-2.779
1.444	-2.942
1.457	-3.026
1.466	-3.082
1.480	-3.192
1.451	-3.250
1.437	-3.278
1.407	-3.295
1.377	-3.300
1.232	-3.323
1.130	-3.258
1.053	-3.134
1.017	-3.075
0.988	-3.012
0.956	-2.952
POLYLINE BLACK
-0.584	-2.038
-0.558	-2.105
-0.346	-1.948
-0.277	-1.987
-0.226	-2.016
-0.212	-2.108
-0.208	-2.156
-0.196	-2.278
-0.189	-2.400
-0.182	-2.521
-0.178	-2.588
-0.270	-2.600
-0.315	-2.602
-0.354	-2.604
-0.404	-2.602
-0.439	-2.580
-0.466	-2.564
-0.485	-2.537
-0.495	-2.509
-0.590	-2.245
-0.567	-2.328
-0.608	-2.136
POLYLINE BLACK
0.480	-1.980
0.488	-2.274
0.413	-2.333
0.672	-2.398
0.702	-2.405
0.737	-2.412
0.764	-2.393
0.784	-2.378
0.798	-2.349
0.803	-2.325
0.827	-2.207
0.902	-1.995
0.741	-1.931
0.665	-1.901
0.560	-1.920
0.487	-1.924
POLYLINE BLACK
-0.357	-1.411
-0.323	-1.500
-0.293	-1.589
-0.257	-1.677
-0.215	-1.778
-0.049	-1.804
0.025	-1.729
0.069	-1.685
0.091	-1.625
0.107	-1.566
0.117	-1.530
0.125	-1.476
0.098	-1.443
0.083	-1.425
0.055	-1.412
0.032	-1.410
-0.151	-1.388
-0.125	-1.391
-0.269	-1.397
POLYLINE BLACK
-1.246	-1.315
-1.247	-1.354
-1.250	-1.394
-1.249	-1.433
-1.246	-1.532
-1.183	-1.601
-1.088	-1.615
-1.049	-1.620
-1.006	-1.609
-0.976	-1.583
-0.890	-1.510
-0.809	-1.309
-0.912	-1.217
-0.944	-1.188
-0.984	-1.168
-1.028	-1.169
-1.038	-1.169
-1.048	-1.170
-1.058	-1.173
-1.110	-1.186
-1.161	-1.202
-1.213	-1.217
POLYLINE BLACK
-0.460	-0.517
-0.477	-0.589
-0.491	-0.661
-0.510	-0.733
-0.523	-0.782
-0.542	-0.828
-0.554	-0.877
-0.567	-0.930
-0.567	-0.998
-0.508	-1.023
-0.438	-1.051
-0.369	-1.080
-0.297	-1.104
-0.233	-1.126
-0.170	-1.139
-0.118	-1.088
-0.062	-1.033
-0.031	-0.962
-0.011	-0.888
0.009	-0.812
0.026	-0.735
0.043	-0.657
0.045	-0.647
0.043	-0.628
0.040	-0.618
0.024	-0.568
-0.032	-0.540
-0.078	-0.528
-0.225	-0.491
-0.338	-0.521
-0.474	-0.569
POLYLINE BLACK
-1.902	-0.510
-1.871	-0.573
-1.840	-0.636
-1.809	-0.699
-1.798	-0.725
-1.788	-0.751
-1.775	-0.777
-1.723	-0.877
-1.643	-0.914
-1.537	-0.872
-1.440	-0.834
-1.285	-0.752
-1.229	-0.680
-1.182	-0.621
-1.195	-0.525
-1.194	-0.462
-1.193	-0.374
-1.244	-0.266
-1.344	-0.271
-1.360	-0.272
-1.377	-0.273
-1.393	-0.277
-1.563	-0.321
-1.732	-0.370
-1.902	-0.417
POLYLINE BLACK
-3.046	6.004
-3.046	6.265
-3.035	6.178
-3.157	6.581
-3.197	6.710
-3.268	6.830
-3.296	6.963
-3.357	7.242
-3.383	7.529
-3.424	7.812
-3.452	8.007
-3.429	8.005
-3.533	8.150
POLYLINE BLACK
-1.313	5.084
-1.337	5.081
POLYLINE BLACK
-3.581	8.138
-3.871	8.589
-3.769	8.401
-3.914	8.686
POLYLINE BLACK
-0.844	3.037
-0.841	3.029
-0.818	2.939
-0.785	2.916
-0.739	2.884
-0.687	2.951
-0.647	2.959
-0.591	2.971
-0.569	2.917
-0.520	2.921
-0.451	2.927
-0.421	3.022
-0.345	2.995
-0.334	2.991
-0.315	2.981
-0.307	2.971
-0.265	2.919
-0.225	2.865
-0.184	2.811
POLYLINE BLACK
-0.030	2.896
0.026	2.990
0.092	3.079
0.140	3.177
0.179	3.259
0.205	3.348
0.230	3.435
0.239	3.488
0.248	3.541
0.257	3.594
0.253	3.596
0.250	3.602
0.245	3.600
0.219	3.590
0.163	3.508
0.163	3.508
0.104	3.420
0.115	3.329
0.121	3.223
0.123	3.195
0.144	3.104
0.162	3.072
0.185	3.033
0.214	2.997
0.240	2.959
POLYLINE BLACK
0.424	3.034
0.488	3.032
0.726	3.230
0.567	3.268
0.524	3.279
0.494	3.238
0.478	3.204
0.453	3.148
0.440	3.089
0.447	3.028
0.458	2.925
0.533	2.786
0.654	2.856
0.692	2.879
0.728	2.912
0.756	2.945
0.868	3.080
0.922	3.337
0.960	3.455
0.984	3.531
1.016	3.767
1.017	3.687
1.021	3.473
0.982	3.261
0.967	3.048
0.959	2.939
1.172	2.920
1.232	2.972
1.528	3.233
1.380	3.221
1.529	3.228
POLYLINE BLACK
1.221	2.956
1.258	2.942
1.293	2.924
1.330	2.912
1.412	2.884
1.493	2.938
1.573	2.906
1.671	2.868
1.759	2.805
1.855	2.879
1.884	2.901
1.907	2.927
1.917	2.963
1.937	3.034
1.882	3.109
1.811	3.116
1.739	3.122
1.671	3.093
1.604	3.076
POLYLINE BLACK
-0.605	2.499
-0.577	2.377
-0.554	2.272
-0.412	2.341
-0.377	2.358
-0.325	2.421
-0.295	2.422
-0.254	2.422
-0.251	2.360
-0.222	2.342
-0.193	2.324
-0.151	2.335
-0.124	2.350
-0.024	2.403
0.016	2.438
0.087	2.519
POLYLINE BLACK
0.445	2.481
0.425	2.453
0.404	2.427
0.385	2.399
0.347	2.343
0.409	2.261
0.473	2.274
0.534	2.286
0.580	2.357
0.599	2.411
0.604	2.423
0.608	2.434
0.608	2.447
0.607	2.454
0.604	2.463
0.597	2.465
0.586	2.467
0.575	2.459
0.564	2.454
0.498	2.422
0.553	2.360
0.595	2.335
0.706	2.270
0.941	2.311
1.035	2.315
POLYLINE BLACK
1.216	2.312
1.238	2.247
1.266	2.184
1.283	2.117
1.339	1.909
1.287	1.956
1.233	2.067
1.201	2.130
1.193	2.191
1.191	2.263
1.188	2.350
1.195	2.456
1.239	2.535
1.266	2.583
1.351	2.662
1.396	2.591
1.404	2.579
1.413	2.566
1.416	2.552
1.433	2.486
1.443	2.417
1.456	2.350
POLYLINE BLACK
1.691	2.528
1.689	2.294
POLYLINE BLACK
1.781	2.797
1.822	2.838
POLYLINE BLACK
1.979	2.563
2.005	2.581
2.036	2.595
2.058	2.618
2.063	2.623
2.053	2.631
2.047	2.633
2.033	2.639
2.017	2.640
2.002	2.641
1.879	2.654
1.794	2.532
1.909	2.453
1.944	2.430
1.975	2.414
2.015	2.404
2.034	2.399
2.053	2.395
2.073	2.395
2.119	2.394
2.165	2.398
2.210	2.400
POLYLINE BLACK
2.430	2.824
2.444	2.723
2.448	2.620
2.471	2.521
2.474	2.508
2.488	2.539
2.495	2.550
2.505	2.567
2.511	2.587
2.520	2.605
2.534	2.630
2.560	2.648
2.589	2.640
2.608	2.635
2.631	2.617
2.644	2.605
2.661	2.590
2.675	2.572
2.685	2.551
2.695	2.529
2.715	2.452
2.716	2.449
POLYLINE BLACK
2.920	2.846
2.917	2.733
2.910	2.621
2.910	2.509
2.910	2.504
2.916	2.498
2.921	2.499
2.931	2.503
2.938	2.512
2.945	2.521
2.998	2.592
3.047	2.666
3.101	2.736
3.128	2.771
3.164	2.744
3.175	2.713
3.188	2.674
3.201	2.636
3.208	2.596
3.216	2.559
3.216	2.522
3.220	2.484
3.228	2.447
3.236	2.409
3.244	2.371
POLYLINE BLACK
3.310	2.588
3.357	2.604
3.405	2.618
3.451	2.636
3.511	2.660
3.600	2.732
3.575	2.807
3.569	2.825
3.557	2.843
3.540	2.853
3.513	2.870
3.475	2.860
3.450	2.846
3.332	2.781
3.297	2.726
3.310	2.593
3.317	2.524
3.332	2.456
3.389	2.413
3.481	2.344
3.601	2.345
3.709	2.325
POLYLINE BLACK
-2.599	5.944
-2.600	5.851
-2.603	5.757
-2.603	5.663
-2.603	5.632
-2.574	5.597
-2.550	5.581
-2.457	5.522
-2.352	5.497
-2.254	5.557
-2.197	5.591
-2.160	5.638
-2.145	5.703
-2.134	5.755
-2.120	5.828
-2.154	5.876
-2.192	5.932
-2.302	5.955
-2.344	5.971
-2.350	5.973
-2.357	5.973
-2.364	5.973
-2.416	5.975
-2.468	5.976
-2.520	5.977
POLYLINE BLACK
-1.918	5.770
-1.908	5.471
-1.964	5.565
-1.873	5.444
POLYLINE BLACK
-1.931	5.719
-1.865	5.798
-1.794	5.876
-1.685	5.831
-1.632	5.809
-1.584	5.755
-1.547	5.723
POLYLINE BLACK
-1.055	0.139
-0.962	0.229
-0.869	0.319
-0.776	0.409
-0.771	0.412
-0.765	0.416
-0.759	0.418
-0.727	0.428
-0.693	0.416
-0.666	0.399
-0.532	0.318
-0.516	0.153
-0.463	0.014
POLYLINE BLACK
-1.124	0.123
-1.099	0.040
-1.074	-0.043
-1.048	-0.126
-1.045	-0.131
-1.042	-0.136
-1.038	-0.141
-1.016	-0.165
-0.977	-0.168
-0.947	-0.164
-0.757	-0.140
-0.618	0.013
-0.475	0.125
POLYLINE BLUE
-2.042	7.880
-2.042	7.865
-2.018	7.861
-2.006	7.852
-2.018	7.861
-2.042	7.895
-2.042	7.880
POLYLINE BLACK
-1.329	1.785
-1.463	2.111
-1.521	2.209
-1.535	2.675
-1.555	3.332
-1.517	3.989
-1.494	4.646
-1.489	4.772
-1.468	4.897
-1.451	5.022
-1.441	5.094
-1.312	5.037
-1.296	4.970
-1.252	4.775
-1.213	4.579
-1.170	4.383
-1.077	3.958
-1.042	4.031
-0.731	3.325
POLYLINE BLACK
-0.331	3.790
-0.336	4.004
-0.327	4.047
-0.399	4.287
-0.454	4.472
-0.541	4.647
-0.593	4.833
-0.820	5.647
-0.501	4.802
-0.731	5.467
-0.743	5.503
-0.759	5.538
-0.781	5.569
-0.937	5.786
-1.100	5.999
-1.265	6.210
-1.464	6.464
-1.445	6.380
-1.533	6.550
-1.536	6.556
-1.538	6.562
-1.540	6.569
-1.549	6.614
-1.556	6.660
-1.564	6.706
POLYLINE BLACK
-0.609	3.741
-0.597	3.739
-0.529	3.742
-0.502	3.724
-0.439	3.683
-0.504	3.534
-0.515	3.503
-0.527	3.467
-0.547	3.433
-0.557	3.397
-0.559	3.391
-0.555	3.383
-0.549	3.379
-0.528	3.364
-0.462	3.388
-0.458	3.389
-0.398	3.408
-0.373	3.429
-0.317	3.463
POLYLINE BLACK
-0.455	3.274
-0.443	3.272
POLYLINE BLACK
-0.488	3.338
-0.517	3.310
-0.555	3.283
-0.573	3.245
-0.586	3.217
-0.588	3.185
-0.581	3.155
-0.554	3.025
-0.417	3.050
-0.354	3.141
-0.334	3.169
-0.319	3.219
-0.349	3.247
-0.354	3.252
-0.360	3.256
-0.366	3.256
-0.411	3.251
-0.456	3.239
-0.501	3.230
POLYLINE BLACK
-0.538	3.971
-0.379	4.076
-0.219	4.182
-0.060	4.288
-0.032	4.302
-0.006	4.318
0.023	4.330
0.061	4.346
0.101	4.357
0.140	4.370
POLYLINE BLACK
0.196	4.531
0.211	4.554
0.246	4.161
0.338	4.307
0.373	4.364
0.402	4.424
0.439	4.479
0.450	4.495
0.469	4.483
0.478	4.475
0.486	4.466
0.491	4.454
0.498	4.444
0.505	4.434
0.511	4.423
0.519	4.413
0.544	4.384
0.585	4.385
0.616	4.403
0.632	4.412
0.647	4.421
0.661	4.432
0.753	4.503
0.787	4.690
0.814	4.761
POLYLINE BLACK
0.844	4.620
0.854	4.583
0.855	4.520
0.893	4.490
0.910	4.477
0.932	4.473
0.953	4.473
1.051	4.475
1.117	4.565
1.164	4.640
1.190	4.682
1.271	4.811
1.208	4.868
1.203	4.872
1.198	4.876
1.192	4.877
1.150	4.889
1.107	4.898
1.064	4.908
POLYLINE BLACK
1.063	4.684
1.092	4.660
1.120	4.634
1.151	4.613
1.214	4.569
1.303	4.560
1.377	4.560
1.402	4.559
1.427	4.563
1.452	4.567
1.480	4.571
1.517	4.591
1.540	4.562
1.548	4.552
1.555	4.532
1.556	4.519
1.560	4.440
1.558	4.362
1.564	4.284
1.566	4.250
1.574	4.217
1.579	4.183
POLYLINE BLACK
1.763	4.971
1.724	4.926
1.682	4.884
1.646	4.836
1.626	4.810
1.610	4.781
1.596	4.751
1.590	4.737
1.591	4.720
1.608	4.714
1.617	4.711
1.627	4.711
1.637	4.712
1.695	4.719
1.751	4.731
1.809	4.737
1.920	4.750
1.970	4.671
1.943	4.566
1.935	4.534
1.910	4.486
1.898	4.461
POLYLINE BLACK
1.990	5.210
1.990	5.081
1.991	4.952
1.990	4.823
1.990	4.768
1.988	4.712
1.989	4.657
1.991	4.564
2.111	4.635
2.143	4.656
2.274	4.742
2.328	4.903
2.387	5.039
POLYLINE BLACK
2.101	4.860
2.262	4.719
2.179	4.778
2.346	4.679
POLYLINE BLACK
2.454	4.850
2.508	4.722
2.481	4.798
2.523	4.619
POLYLINE BLACK
2.469	5.139
2.469	5.150
POLYLINE BLACK
3.107	4.898
3.135	4.791
3.167	4.685
3.191	4.578
3.192	4.573
3.184	4.573
3.180	4.570
3.162	4.609
3.139	4.647
3.125	4.687
3.105	4.745
3.088	4.804
3.077	4.864
3.061	4.947
3.034	5.207
3.160	5.248
3.185	5.256
3.217	5.262
3.241	5.248
3.272	5.230
3.274	5.184
3.271	5.153
3.260	5.048
3.234	5.004
3.182	4.912
POLYLINE BLACK
3.470	5.099
3.475	5.122
3.581	5.429
3.672	5.324
3.678	5.316
3.684	5.307
3.689	5.299
3.722	5.238
3.745	5.171
3.787	5.116
3.794	5.106
3.795	5.140
3.798	5.153
3.803	5.174
3.803	5.195
3.809	5.216
3.823	5.265
3.892	5.429
3.966	5.424
4.011	5.421
4.042	5.285
4.047	5.274
4.117	5.123
4.195	5.172
4.330	5.227
POLYLINE BLACK
4.415	5.345
4.467	5.358
4.509	5.362
4.553	5.388
4.576	5.401
4.652	5.463
4.635	5.495
4.612	5.539
4.484	5.498
4.455	5.478
4.399	5.442
4.355	5.385
4.340	5.320
4.311	5.197
4.388	5.053
4.525	5.052
4.673	5.051
4.761	5.120
4.841	5.240
4.922	5.364
4.972	5.476
5.013	5.619
5.026	5.662
5.030	5.708
5.036	5.752
5.037	5.763
5.039	5.802
5.025	5.813
5.000	5.832
4.951	5.777
4.941	5.766
4.880	5.697
4.869	5.601
4.854	5.514
4.849	5.481
4.845	5.436
4.853	5.401
4.870	5.331
4.949	5.298
5.015	5.321
5.056	5.335
5.090	5.371
5.136	5.370
5.204	5.368
5.223	5.288
5.309	5.300
5.442	5.319
5.368	5.485
5.266	5.455
5.180	5.430
5.333	5.347
5.363	5.337
5.423	5.317
5.522	5.321
5.568	5.323
5.591	5.323
5.615	5.329
5.637	5.336
5.777	5.381
5.764	5.396
5.898	5.504
POLYLINE BLACK
5.030	5.695
5.011	5.708
4.943	5.741
4.923	5.779
4.907	5.811
4.926	5.844
4.947	5.869
5.035	5.976
5.194	6.006
5.319	6.045
POLYLINE BLACK
5.477	5.678
5.515	5.717
5.551	5.757
5.591	5.794
5.640	5.839
5.768	5.899
5.784	5.791
5.790	5.748
5.790	5.720
5.781	5.677
5.775	5.648
5.753	5.607
5.760	5.572
5.774	5.505
5.879	5.497
5.930	5.501
6.038	5.509
6.140	5.585
6.229	5.634
POLYLINE BLACK
6.585	5.526
6.605	5.350
6.602	5.449
6.578	5.227
POLYLINE BLACK
7.049	5.872
7.032	5.588
7.053	5.696
7.018	5.543
POLYLINE BLACK
7.103	6.160
7.139	6.192
POLYLINE BLACK
7.231	5.786
7.235	5.752
7.239	5.719
7.245	5.685
7.259	5.618
7.351	5.652
7.388	5.670
7.432	5.693
7.483	5.734
7.498	5.784
7.527	5.878
7.359	5.927
7.288	5.891
7.260	5.877
7.233	5.860
7.206	5.845
POLYLINE BLACK
7.593	6.361
7.513	6.245
7.320	6.001
7.429	5.842
7.484	5.763
7.607	5.754
7.692	5.772
7.745	5.782
7.794	5.810
7.843	5.832
POLYLINE BLACK
7.715	6.131
7.788	6.136
7.861	6.146
7.935	6.148
7.966	6.148
7.998	6.143
8.029	6.138
8.094	6.127
8.160	6.088
8.125	6.013
8.104	5.967
8.087	5.934
8.052	5.898
8.025	5.870
7.980	5.853
7.959	5.819
7.920	5.757
8.002	5.681
8.058	5.669
8.118	5.656
8.186	5.671
8.242	5.675
POLYLINE BLACK
8.360	5.843
8.359	5.550
POLYLINE BLACK
8.426	6.214
8.497	6.214
POLYLINE BLACK
8.511	5.823
8.606	5.835
8.716	5.841
8.786	5.917
8.795	5.927
8.805	5.943
8.804	5.958
8.801	6.011
8.707	6.028
8.669	6.030
8.641	6.032
8.609	6.027
8.583	6.018
8.522	5.996
8.486	5.971
8.434	5.930
8.356	5.866
8.326	5.788
8.359	5.692
8.367	5.668
8.381	5.642
8.398	5.623
8.452	5.561
8.564	5.528
8.638	5.512
8.740	5.490
8.803	5.494
8.904	5.493
POLYLINE BLACK
9.690	5.968
9.694	5.873
9.698	5.779
9.702	5.684
9.705	5.678
9.707	5.672
9.711	5.666
9.740	5.632
9.806	5.663
9.835	5.668
9.864	5.673
9.894	5.667
9.920	5.654
9.944	5.640
9.943	5.633
9.966	5.628
10.050	5.609
10.174	5.739
10.213	5.771
POLYLINE BLACK
10.841	5.676
10.839	5.635
10.822	5.580
10.842	5.538
10.861	5.497
10.908	5.475
10.951	5.472
11.034	5.467
11.119	5.518
11.185	5.554
11.282	5.608
11.352	5.691
11.390	5.795
11.427	5.894
11.268	5.938
11.201	5.903
11.195	5.900
11.191	5.895
11.187	5.891
11.144	5.848
11.102	5.804
11.060	5.761
POLYLINE BLACK
11.451	6.295
11.424	6.205
11.393	6.116
11.372	6.024
11.346	5.916
11.344	5.778
11.439	5.702
11.467	5.679
11.503	5.662
11.539	5.659
11.587	5.655
11.611	5.663
11.662	5.675
11.702	5.684
11.739	5.701
11.780	5.692
11.816	5.685
11.824	5.661
11.846	5.636
11.881	5.595
11.970	5.570
12.016	5.606
12.028	5.616
12.043	5.652
12.032	5.667
11.995	5.718
11.949	5.764
11.908	5.812
POLYLINE BLACK
11.896	6.065
12.164	6.235
POLYLINE BLACK
12.158	5.546
12.200	5.581
12.327	5.672
12.363	5.740
12.432	5.871
12.497	6.004
12.553	6.141
12.575	6.212
12.599	6.283
12.618	6.355
12.619	6.360
12.625	6.390
12.605	6.385
12.553	6.373
12.459	6.253
12.429	6.199
12.380	6.109
12.335	5.931
12.385	5.832
12.439	5.727
12.549	5.656
12.661	5.628
12.667	5.627
12.674	5.625
12.680	5.626
12.739	5.635
12.797	5.648
12.855	5.659
POLYLINE BLACK
12.338	6.438
13.406	6.498
POLYLINE BLACK
-1.521	6.483
-1.657	6.763
-1.500	6.423
-1.676	6.950
-1.730	7.110
-1.915	7.329
-1.971	7.437
-2.089	7.662
-2.170	7.905
-2.289	8.130
-2.835	9.169
-2.705	8.974
-3.162	9.553
POLYLINE BLACK
-1.329	5.046
-1.328	5.131
-1.329	5.217
-1.324	5.302
-1.320	5.400
-1.208	5.390
-1.148	5.350
-1.096	5.316
-1.061	5.256
-1.049	5.196
-1.040	5.155
-1.055	5.119
-1.094	5.102
-1.101	5.099
-1.109	5.096
-1.117	5.095
-1.176	5.095
-1.235	5.098
-1.295	5.099
POLYLINE BLACK
-0.964	5.077
-0.975	4.998
-0.987	4.918
-0.935	4.851
-0.922	4.834
-0.893	4.798
-0.867	4.818
-0.815	4.858
-0.804	5.030
-0.866	5.073
-0.901	5.097
-0.956	5.087
-0.991	5.087
POLYLINE BLACK
-1.171	4.586
-1.135	4.603
-1.100	4.623
-1.064	4.639
-0.993	4.669
-0.915	4.606
-0.878	4.553
-0.860	4.527
-0.842	4.493
-0.841	4.461
-0.839	4.382
-0.948	4.314
-1.018	4.354
-1.078	4.390
-1.119	4.460
-1.160	4.508
POLYLINE BLACK
-0.639	4.431
-0.674	4.418
-0.710	4.407
-0.744	4.392
-0.808	4.365
-0.826	4.272
-0.772	4.225
-0.742	4.198
-0.664	4.168
-0.645	4.223
-0.625	4.282
-0.692	4.425
-0.695	4.436
POLYLINE BLACK
-0.921	4.002
-0.897	4.065
-0.872	4.131
-0.795	4.125
-0.744	4.121
-0.692	4.101
-0.642	4.111
-0.593	4.120
-0.554	4.157
-0.510	4.181
POLYLINE BLACK
-3.011	6.523
-2.938	6.145
-2.962	6.329
-2.934	5.974
POLYLINE BLACK
-3.084	6.437
-3.078	6.450
-2.594	6.906
-2.480	6.633
-2.467	6.603
-2.322	6.389
-2.373	6.282
-2.460	6.099
-2.807	6.025
-2.957	5.977
POLYLINE BLACK
-2.051	6.744
-1.952	6.199
-1.956	6.392
-1.953	6.174
POLYLINE BLACK
-2.212	6.727
-2.131	6.723
-2.073	6.872
-1.979	6.868
-1.909	6.864
-1.818	6.743
-1.804	6.728
-1.708	6.624
-1.673	6.541
-1.626	6.414
POLYLINE BLACK
-2.121	6.086
-1.775	6.366
-1.939	6.239
-1.631	6.470
POLYLINE BLACK
-2.846	7.499
-2.762	7.142
POLYLINE BLACK
-2.865	7.486
-2.527	7.593
-2.619	7.607
-2.520	7.301
-2.508	7.264
-2.467	7.222
-2.491	7.181
-2.521	7.129
-2.694	7.074
-2.708	7.068
POLYLINE BLACK
-1.868	6.810
-1.566	7.229
-1.966	6.665
-1.447	7.470
-1.418	7.515
-1.381	7.554
-1.348	7.596
POLYLINE BLACK
-1.183	7.877
-1.191	7.835
-1.207	7.795
-1.201	7.753
-1.198	7.734
-1.190	7.713
-1.180	7.698
-1.142	7.639
-1.090	7.613
-1.027	7.654
-0.998	7.672
-0.974	7.696
-0.960	7.728
-0.940	7.777
-0.949	7.854
-1.016	7.860
-1.023	7.860
-1.029	7.858
-1.036	7.855
-1.080	7.838
-1.123	7.819
-1.167	7.801
POLYLINE BLACK
-1.015	8.200
-1.016	8.116
-1.104	7.795
-0.937	7.738
-0.910	7.729
-0.877	7.729
-0.850	7.739
-0.797	7.760
-0.766	7.798
-0.721	7.836
POLYLINE BLACK
-0.732	8.022
-0.718	7.956
-0.713	7.879
-0.665	7.826
-0.602	7.755
-0.482	7.747
-0.404	7.798
-0.324	7.850
-0.290	7.974
-0.256	8.045
POLYLINE BLACK
-0.078	8.194
-0.083	8.036
-0.077	8.130
-0.102	7.913
POLYLINE BLACK
-0.164	8.453
-0.141	8.463
POLYLINE BLACK
0.089	8.043
0.120	8.068
0.152	8.092
0.181	8.118
0.218	8.152
0.182	8.188
0.147	8.199
0.088	8.217
0.037	8.166
0.006	8.122
-0.035	8.062
-0.073	7.961
-0.022	7.895
0.040	7.816
0.195	7.816
0.281	7.839
0.331	7.853
0.367	7.879
0.414	7.905
POLYLINE BLACK
1.150	8.059
1.122	8.043
1.094	8.027
1.066	8.011
1.063	8.005
1.056	8.000
1.056	7.992
1.054	7.965
1.098	7.945
1.118	7.938
1.213	7.904
1.310	7.996
1.350	8.073
1.389	8.149
1.301	8.249
1.230	8.179
1.195	8.146
1.162	8.110
1.128	8.075
POLYLINE BLACK
1.301	8.417
1.276	8.315
1.190	7.943
1.425	8.028
1.465	8.043
1.489	8.066
1.516	8.097
1.522	8.105
1.527	8.115
1.536	8.121
1.583	8.151
1.577	8.023
1.633	8.058
1.692	8.095
1.709	8.241
1.718	8.269
POLYLINE BLACK
1.823	8.321
1.859	8.267
1.888	8.239
1.904	8.183
1.915	8.143
1.899	8.111
1.894	8.071
1.885	8.007
1.978	7.997
2.020	8.002
2.025	8.002
2.066	8.010
2.077	8.018
2.110	8.046
2.142	8.076
2.175	8.105
POLYLINE BLACK
2.034	8.551
2.043	8.562
POLYLINE BLACK
2.172	8.256
2.208	8.279
2.247	8.297
2.280	8.324
2.284	8.329
2.272	8.337
2.266	8.337
2.247	8.340
2.227	8.337
2.207	8.335
2.184	8.332
2.160	8.327
2.138	8.321
2.110	8.313
2.087	8.301
2.065	8.283
1.997	8.226
1.986	8.089
2.049	8.026
2.091	7.984
2.159	7.963
2.216	7.953
2.307	7.938
2.389	7.966
2.475	7.990
POLYLINE BLACK
3.132	8.331
3.142	8.290
3.151	8.249
3.163	8.209
3.182	8.149
3.236	8.171
3.279	8.172
3.299	8.173
3.318	8.170
3.336	8.162
3.375	8.146
3.402	8.112
3.448	8.128
3.530	8.156
3.592	8.272
3.636	8.334
POLYLINE BLACK
3.739	8.258
3.767	8.237
3.793	8.213
3.823	8.194
3.855	8.174
3.881	8.217
3.890	8.240
3.930	8.345
3.764	8.402
3.763	8.261
3.763	8.214
3.801	8.178
3.839	8.157
3.986	8.075
4.147	8.112
4.299	8.148
POLYLINE BLACK
4.246	8.309
4.248	8.291
4.245	8.228
4.268	8.202
4.299	8.165
4.378	8.194
4.423	8.184
4.539	8.160
4.566	8.060
4.599	7.960
POLYLINE BLACK
4.865	8.840
4.823	8.112
4.903	8.376
4.773	8.018
POLYLINE BLACK
4.622	8.453
5.113	8.508
POLYLINE BLACK
4.920	8.347
4.946	8.315
4.970	8.283
4.997	8.253
5.060	8.182
5.153	8.290
5.195	8.227
5.214	8.198
5.220	8.124
5.221	8.110
5.228	8.010
5.211	7.888
5.127	7.821
5.114	7.810
5.066	7.773
5.045	7.787
5.032	7.796
5.048	7.830
5.049	7.832
5.091	7.903
5.130	7.975
5.181	8.040
5.292	8.179
5.415	8.309
5.532	8.443
POLYLINE BLACK
0.198	7.513
0.200	7.449
0.197	7.386
0.202	7.322
0.210	7.223
0.243	7.188
0.329	7.246
0.470	7.344
0.498	7.376
0.621	7.532
0.648	7.567
0.668	7.608
0.691	7.647
POLYLINE BLACK
0.410	7.333
0.451	7.278
0.489	7.209
0.566	7.208
0.614	7.208
0.658	7.224
0.707	7.216
0.789	7.203
0.895	7.143
0.972	7.202
1.005	7.227
1.039	7.288
0.997	7.321
0.991	7.326
0.984	7.335
0.976	7.333
0.937	7.323
0.902	7.302
0.865	7.286
POLYLINE BLACK
1.436	7.668
1.383	7.553
1.272	7.405
1.302	7.263
1.319	7.184
1.391	7.129
1.470	7.121
1.476	7.121
1.483	7.121
1.490	7.122
1.527	7.130
1.565	7.139
1.603	7.148
POLYLINE BLACK
1.331	7.568
1.591	7.695
1.439	7.635
1.794	7.724
POLYLINE BLACK
1.710	7.256
1.710	7.215
1.707	7.174
1.708	7.133
1.712	7.015
1.925	6.993
1.968	7.063
1.980	7.083
1.977	7.108
1.969	7.129
1.951	7.180
1.911	7.206
1.856	7.202
1.782	7.195
1.730	7.173
1.663	7.141
POLYLINE BLACK
2.809	7.131
2.843	7.060
2.871	6.986
2.911	6.919
2.927	6.892
2.889	6.977
2.881	7.008
2.874	7.037
2.870	7.068
2.868	7.098
2.864	7.147
2.876	7.210
2.904	7.251
2.928	7.287
2.960	7.254
2.957	7.227
2.952	7.172
2.935	7.120
2.924	7.066
POLYLINE BLACK
3.230	7.300
3.233	7.244
3.219	7.165
3.255	7.111
3.302	7.043
3.404	7.039
3.470	7.078
3.533	7.115
3.551	7.176
3.578	7.241
POLYLINE BLACK
3.756	7.365
3.762	7.262
3.758	7.159
3.774	7.057
3.776	7.041
3.789	7.085
3.797	7.099
3.807	7.117
3.814	7.128
3.829	7.141
3.869	7.174
3.938	7.176
3.966	7.126
3.994	7.076
3.997	7.020
4.010	6.964
POLYLINE BLACK
4.128	7.589
4.149	7.497
4.171	7.404
4.192	7.312
4.195	7.306
4.198	7.300
4.202	7.295
4.260	7.222
4.387	7.268
4.440	7.321
4.444	7.326
4.446	7.333
4.448	7.339
4.463	7.378
4.477	7.417
4.492	7.456
POLYLINE BLACK
4.299	7.372
4.412	7.191
4.344	7.277
4.505	7.116
POLYLINE BLACK
4.748	7.839
4.792	7.569
4.812	7.523
4.788	7.205
4.784	7.165
4.760	7.130
4.746	7.092
POLYLINE BLACK
4.640	7.430
5.044	7.509
POLYLINE BLACK
5.110	7.293
5.105	7.208
5.098	7.122
5.094	7.036
5.092	6.969
5.176	6.961
5.220	6.987
5.242	7.000
5.258	7.019
5.275	7.039
5.275	7.040
5.327	7.137
5.362	7.122
5.380	7.114
5.391	7.076
5.396	7.068
5.405	7.051
5.420	7.037
5.435	7.027
5.540	6.958
5.646	7.015
5.742	7.063
POLYLINE RED
-2.759	2.076
-2.722	2.068
-2.685	2.057
-2.647	2.052
-2.618	2.048
-2.588	2.047
-2.558	2.051
-2.376	2.071
-2.191	2.084
-2.012	2.123
-1.781	2.173
-1.683	2.230
-1.500	2.322
POLYLINE RED
-1.580	1.979
-1.576	1.984
POLYLINE RED
-1.524	2.183
-2.688	1.765
POLYLINE BROWN
-2.329	1.552
-2.063	1.541
-1.967	1.605
-1.707	1.710
POLYLINE BROWN
-1.800	1.619
-1.837	0.780
-1.799	1.083
-1.850	0.705
POLYLINE BROWN
-2.361	1.562
-1.887	0.709
-2.366	1.536
-1.990	0.961
-1.941	0.886
-1.919	0.813
-1.888	0.730
POLYLINE BROWN
-2.142	1.500
-2.123	1.403
-2.092	1.308
-2.086	1.210
-2.085	1.193
-2.162	1.318
-2.158	1.313
-2.140	1.294
-2.139	1.247
-2.114	1.249
-2.092	1.250
-2.141	1.394
-2.097	1.272
-2.075	1.212
-2.056	1.151
-2.034	1.092
-2.030	1.082
-2.026	1.071
-2.018	1.063
-2.015	1.061
-2.009	1.065
-2.008	1.068
-2.005	1.083
-2.007	1.098
-2.007	1.114
-2.009	1.151
-2.013	1.188
-2.014	1.225
-2.014	1.229
-2.013	1.239
-2.009	1.238
-1.992	1.235
-1.982	1.144
-1.956	1.229
-1.947	1.258
-1.959	1.305
-1.932	1.319
-1.904	1.333
-1.921	0.719
-1.887	1.007
-1.871	1.139
-1.986	1.304
-1.900	1.405
-1.819	1.500
-1.809	1.144
-1.865	1.033
-1.918	0.928
-1.869	1.272
-1.912	1.381
-1.915	1.313
-1.918	1.244
-1.921	1.176
-1.927	1.185
-1.934	1.193
-1.939	1.203
-1.965	1.264
-1.986	1.327
-2.012	1.389
-2.040	1.457
-2.047	1.380
-2.047	1.357
-2.047	1.352
-2.050	1.299
-2.031	1.292
-2.002	1.281
-1.925	1.368
-1.992	1.418
-2.088	1.491
-2.152	1.242
-2.052	1.203
-2.029	1.195
-2.007	1.213
-1.995	1.230
-1.945	1.299
-1.912	1.416
-1.963	1.494
-1.992	1.538
-2.057	1.563
-2.094	1.514
-2.103	1.504
-2.109	1.492
-2.116	1.480
-2.127	1.463
-2.127	1.433
-2.147	1.429
-2.161	1.426
-2.153	1.459
-2.154	1.473
-2.157	1.494
-2.140	1.525
-2.158	1.534
-2.174	1.542
-2.176	1.504
-2.182	1.488
-2.198	1.446
-2.206	1.387
-2.190	1.343
-2.163	1.270
-2.135	1.198
-2.101	1.128
-2.098	1.122
-2.086	1.115
-2.080	1.120
-2.070	1.128
-2.072	1.145
-2.067	1.158
-2.063	1.166
-2.065	1.181
-2.056	1.184
-2.049	1.187
-2.043	1.174
-2.040	1.167
-1.839	0.618
-2.018	0.993
-1.981	1.130
-1.940	0.971
-1.948	0.905
-1.932	0.999
-1.928	1.018
-1.927	1.078
-1.922	1.058
-1.903	0.988
-1.889	0.769
-1.891	0.842
-1.906	1.308
-1.974	1.251
-1.865	0.916
-1.860	0.901
-1.858	0.948
-1.857	0.965
-1.846	1.089
-1.853	1.216
-1.828	1.339
-1.817	1.396
-1.819	1.224
-1.816	1.166
-1.815	1.156
-1.811	1.143
-1.819	1.136
-1.824	1.132
-1.827	1.148
-1.829	1.154
-1.864	1.278
-1.896	1.403
-1.929	1.527
POLYLINE BROWN
-1.643	1.295
-1.387	1.326
-1.525	1.297
-1.232	1.397
POLYLINE BROWN
-1.691	1.284
-1.591	1.145
-1.489	1.008
-1.393	0.867
-1.326	0.769
-1.269	0.665
-1.202	0.567
-1.188	0.546
-1.170	0.553
-1.165	0.574
-1.153	0.616
-1.149	0.694
-1.157	0.734
-1.228	1.118
-1.225	1.082
-1.323	1.388
POLYLINE BROWN
-2.099	0.449
-1.947	0.482
-1.804	0.536
-1.666	0.606
POLYLINE BROWN
-1.750	0.582
-1.708	0.248
-1.701	0.295
-1.719	-0.073
-1.721	-0.112
-1.732	-0.149
-1.738	-0.187
POLYLINE BROWN
-2.154	0.470
-1.913	-0.001
-2.058	0.242
-1.707	-0.250
POLYLINE BROWN
-1.560	0.471
-1.500	0.401
-1.564	0.255
-1.498	0.177
-1.480	0.155
-1.452	0.142
-1.424	0.136
-1.279	0.103
-1.248	0.353
-1.339	0.408
-1.407	0.449
-1.432	0.413
-1.544	0.399
POLYLINE BROWN
-1.658	1.796
-1.654	1.750
-1.653	1.703
-1.647	1.657
-1.642	1.623
-1.626	1.569
-1.598	1.545
-1.553	1.507
-1.468	1.545
-1.439	1.587
-1.402	1.639
-1.441	1.708
-1.491	1.735
-1.526	1.753
-1.620	1.772
-1.633	1.776
POLYLINE BROWN
-2.093	2.533
-2.038	2.538
-1.984	2.542
-1.929	2.546
-1.913	2.550
-1.897	2.551
-1.883	2.557
-1.865	2.565
-1.851	2.578
-1.835	2.588
POLYLINE BROWN
-2.167	2.551
-2.002	3.052
-2.099	2.801
-1.870	3.302
POLYLINE BROWN
-1.906	3.261
-1.942	2.738
-1.935	2.997
-1.928	2.483
POLYLINE BROWN
-2.438	3.177
-2.396	3.174
-2.353	3.169
-2.311	3.168
-2.289	3.168
-2.266	3.172
-2.244	3.176
-2.188	3.187
-2.169	3.212
-2.183	3.266
-2.197	3.322
-2.218	3.377
-2.226	3.434
-2.291	3.878
-2.219	3.589
-2.254	3.726
POLYLINE BROWN
-2.477	3.206
-2.294	3.759
POLYLINE BROWN
-2.016	3.488
-1.728	3.517
-1.855	3.478
-1.630	3.584
POLYLINE BROWN
-1.766	4.183
-1.781	3.998
-1.799	3.919
-1.760	3.722
-1.742	3.626
-1.703	3.534
-1.675	3.440
POLYLINE BLACK
-2.589	4.462
-2.568	4.506
-2.522	4.584
-2.518	4.643
-2.495	4.942
-2.597	5.218
-2.720	5.488
-2.777	5.615
-2.862	5.726
-2.924	5.851
-2.972	5.950
-2.977	6.074
-2.990	6.179
POLYLINE BLACK
-1.971	5.384
-1.531	5.693
-1.682	5.558
-1.482	5.746
POLYLINE BROWN
-2.021	3.499
-1.766	4.212
POLYLINE BLACK
-2.397	1.226
-2.567	1.697
-2.334	1.067
-2.606	1.725
-2.615	1.746
-2.619	1.769
-2.621	1.791
-2.640	2.036
-2.607	1.801
-2.607	2.053
-2.608	2.190
-2.676	2.319
-2.654	2.457
-2.618	2.694
-2.546	2.926
-2.523	3.165
-2.351	4.966
-2.576	3.943
-2.429	4.579
POLYLINE BROWN
-2.340	4.386
-2.021	4.427
POLYLINE BROWN
-2.326	4.452
-2.326	4.447
POLYLINE BROWN
-2.372	4.387
-2.230	4.981
-2.266	4.743
-2.222	5.092
POLYLINE BROWN
-2.250	5.074
-2.035	4.434
POLYLINE BROWN
-1.931	4.808
-1.901	4.891
-1.873	4.974
-1.843	5.056
-1.837	5.072
-1.815	5.060
-1.809	5.053
-1.751	4.985
-1.693	4.917
-1.636	4.849
POLYLINE BROWN
-1.972	4.812
-1.946	4.759
-1.919	4.708
-1.894	4.655
-1.892	4.651
-1.887	4.621
-1.876	4.613
-1.854	4.595
-1.817	4.645
-1.809	4.655
-1.659	4.865
-1.765	4.735
-1.651	4.870
POLYLINE BROWN
-1.971	4.302
-1.965	4.318
-1.960	4.335
-1.953	4.351
-1.934	4.396
-1.870	4.436
-1.820	4.426
-1.758	4.413
-1.738	4.377
-1.674	4.396
-1.626	4.410
-1.607	4.453
-1.584	4.493
POLYLINE BROWN
-2.411	3.964
-2.388	3.999
-2.346	4.054
-2.295	4.036
-2.251	4.020
-2.211	3.994
-2.163	4.009
-2.124	4.022
-2.107	4.070
-2.089	4.100
POLYLINE BROWN
-1.867	2.862
-1.845	2.916
-1.832	2.934
-1.771	2.934
-1.745	2.933
-1.725	2.927
-1.701	2.939
-1.666	2.954
-1.643	2.998
-1.623	3.023
POLYLINE BROWN
-2.387	2.381
-2.385	2.378
POLYLINE BROWN
-2.294	2.368
-2.324	2.356
-2.346	2.345
-2.346	2.311
-2.346	2.301
-2.345	2.294
-2.341	2.285
-2.328	2.255
-2.274	2.242
-2.248	2.261
-2.217	2.285
-2.215	2.364
-2.260	2.375
-2.288	2.382
-2.330	2.362
-2.350	2.357
POLYLINE BROWN
-2.149	2.393
-2.160	2.388
-2.171	2.383
-2.182	2.377
-2.192	2.372
-2.200	2.360
-2.203	2.349
-2.218	2.297
-2.187	2.241
-2.128	2.259
-2.093	2.270
-2.070	2.311
-2.082	2.346
-2.085	2.355
-2.091	2.364
-2.099	2.369
-2.120	2.382
-2.150	2.380
-2.171	2.383
POLYLINE BROWN
-1.964	2.366
-1.972	2.361
-1.992	2.352
-2.000	2.339
-2.004	2.332
-2.006	2.323
-2.004	2.315
-1.994	2.274
-1.951	2.253
-1.915	2.279
-1.868	2.313
-1.874	2.388
-1.936	2.398
-1.966	2.403
-1.997	2.379
-2.020	2.366
POLYLINE BROWN
-1.887	2.283
-1.921	2.292
POLYLINE BROWN
-1.966	2.321
-1.748	2.392
-1.943	2.323
-1.520	2.551
-1.493	2.566
-1.464	2.577
-1.436	2.590
POLYLINE BROWN
-1.475	2.591
-1.190	2.698
-1.288	2.674
-0.881	2.736
-0.830	2.744
-0.778	2.744
-0.726	2.747
POLYLINE BROWN
-1.929	-1.222
-1.862	-1.112
-1.801	-1.000
-1.658	-1.014
-1.640	-1.016
-1.622	-1.020
-1.604	-1.025
-1.553	-1.038
-1.504	-1.056
-1.453	-1.066
-1.423	-1.072
-1.392	-1.073
-1.361	-1.073
-1.273	-1.073
-1.182	-1.038
-1.117	-0.977
-1.088	-0.950
-1.062	-0.919
-1.034	-0.890
POLYLINE BROWN
-0.887	-0.526
-0.874	-0.507
-0.863	-0.488
-0.849	-0.470
-0.769	-0.362
-0.528	-0.427
-0.452	-0.431
-0.434	-0.432
-0.415	-0.429
-0.397	-0.426
-0.289	-0.407
-0.211	-0.317
-0.140	-0.241
POLYLINE BROWN
-1.114	-1.904
-1.054	-1.833
-0.973	-1.711
-0.860	-1.731
-0.784	-1.746
-0.727	-1.795
-0.647	-1.790
-0.567	-1.784
-0.534	-1.757
-0.474	-1.708
POLYLINE BROWN
0.184	-1.781
0.219	-1.722
0.259	-1.628
0.338	-1.613
0.387	-1.603
0.468	-1.628
0.502	-1.629
0.533	-1.631
0.564	-1.627
0.594	-1.623
0.661	-1.613
0.728	-1.588
0.779	-1.542
0.806	-1.518
0.829	-1.490
0.854	-1.463
POLYLINE BROWN
-2.471	5.238
-2.449	5.259
-2.432	5.285
-2.403	5.297
-2.364	5.313
-2.319	5.296
-2.282	5.285
-2.217	5.267
-2.156	5.237
-2.087	5.248
-2.002	5.261
-1.949	5.326
-1.895	5.386
POLYLINE BROWN
-1.141	4.697
-1.143	4.697
POLYLINE BROWN
-1.139	4.695
-1.088	4.721
-1.043	4.742
-0.987	4.727
-0.944	4.715
-0.862	4.675
-0.803	4.690
-0.764	4.699
-0.739	4.732
-0.711	4.757
POLYLINE BROWN
-1.503	5.476
-1.448	5.497
-1.399	5.514
-1.341	5.506
-1.320	5.503
-1.300	5.497
-1.279	5.496
-1.227	5.491
-1.180	5.506
-1.135	5.529
-1.131	5.531
-1.127	5.534
-1.124	5.538
-1.096	5.571
-1.070	5.606
-1.042	5.640
POLYLINE BROWN
-1.942	6.018
-1.932	6.041
-1.923	6.065
-1.912	6.087
-1.880	6.148
-1.795	6.218
-1.721	6.192
-1.629	6.161
-1.559	6.074
-1.456	6.071
-1.396	6.069
-1.359	6.110
-1.316	6.145
POLYLINE BROWN
-3.023	6.848
-2.998	6.869
-2.975	6.891
-2.948	6.909
-2.889	6.950
-2.789	6.991
-2.715	6.973
-2.619	6.951
-2.529	6.908
-2.429	6.929
-2.360	6.944
-2.326	6.988
-2.274	7.037
POLYLINE BROWN
-3.115	7.664
-3.123	7.730
-3.135	7.773
-3.126	7.834
-3.111	7.934
-3.014	7.988
-2.918	7.974
-2.822	7.959
-2.743	7.877
-2.640	7.908
-2.547	7.936
-2.513	8.010
-2.469	8.089
POLYLINE BLACK
-3.138	9.364
-3.173	9.485
-3.188	9.594
-3.254	9.697
-3.305	9.776
-3.369	9.847
-3.413	9.930
-3.549	10.184
-3.730	10.542
-3.793	10.845
-3.861	11.179
-3.833	11.292
-3.815	11.632
POLYLINE BLACK
-3.967	8.501
-3.998	8.756
-3.984	8.898
-4.077	9.108
-4.146	9.265
-4.232	9.414
-4.298	9.572
-4.332	9.652
-4.366	9.734
-4.373	9.820
-4.514	11.410
-4.524	11.132
-4.485	11.869
POLYLINE BROWN
-3.609	8.576
-3.589	8.665
-3.568	8.741
-3.479	8.774
-3.450	8.784
-3.407	8.791
-3.377	8.780
-3.342	8.766
-3.308	8.751
-3.275	8.734
-3.225	8.708
-3.199	8.676
-3.148	8.669
-3.112	8.663
-3.075	8.673
-3.043	8.688
-2.951	8.733
-2.933	8.792
-2.895	8.882
POLYLINE BROWN
-3.899	8.914
-3.884	8.977
-3.873	9.041
-3.853	9.103
-3.841	9.141
-3.823	9.178
-3.804	9.213
-3.789	9.241
-3.770	9.267
-3.751	9.292
-3.625	9.453
-3.594	9.282
-3.446	9.260
-3.440	9.259
-3.433	9.261
-3.427	9.263
-3.392	9.273
-3.358	9.285
-3.324	9.296
POLYLINE BROWN
-4.238	9.705
-4.217	9.732
-4.198	9.761
-4.175	9.786
-4.129	9.839
-4.035	9.828
-3.977	9.811
-3.926	9.795
-3.887	9.763
-3.830	9.777
-3.766	9.793
-3.717	9.876
-3.683	9.915
POLYLINE BROWN
-4.342	10.235
-4.264	10.318
-4.193	10.389
-4.075	10.370
-4.019	10.361
-3.970	10.331
-3.914	10.329
-3.835	10.325
-3.771	10.370
-3.704	10.404
POLYLINE BLACK
-3.907	10.966
-3.887	11.095
-3.805	11.421
-3.839	11.614
-3.857	11.711
-3.887	11.805
-3.910	11.900
-3.947	12.025
-3.996	12.146
-4.020	12.274
-4.094	12.679
-4.082	12.647
-4.032	12.944
POLYLINE BLACK
-4.598	11.614
-4.579	11.715
-4.556	11.816
-4.541	11.918
-4.537	11.949
-4.539	11.980
-4.542	12.011
-4.565	12.248
-4.587	12.484
-4.618	12.720
-4.623	12.756
-4.634	12.792
-4.649	12.826
-4.849	13.265
-4.724	12.893
-4.833	13.249
POLYLINE BLACK
-9.497	25.043
-9.497	25.043
POLYLINE BLACK
-4.115	12.880
-4.108	12.883
POLYLINE RED
-9.371	25.193
-9.736	24.550
-9.815	24.480
-10.055	23.806
-10.084	23.724
-10.098	23.638
-10.107	23.551
-10.233	22.356
-10.379	21.855
-10.110	20.766
-9.903	19.929
-9.666	19.621
-9.341	18.864
-9.282	18.727
-9.255	18.578
-9.191	18.443
-9.078	18.205
-8.945	17.976
-8.810	17.749
-8.698	17.562
-8.543	17.401
-8.453	17.203
-8.199	16.642
-7.908	15.918
-7.825	15.264
-7.780	14.908
-7.840	14.501
-7.654	14.170
-7.634	14.135
-7.615	14.099
-7.584	14.073
-7.317	13.847
-7.047	13.624
-6.764	13.418
-6.442	13.183
-6.087	13.061
-5.689	13.102
-5.421	13.130
-5.357	13.202
-5.060	13.303
-4.937	13.345
-4.765	13.289
-4.655	13.267
POLYLINE RED
-4.129	13.049
-4.137	13.286
-4.131	13.523
-4.151	13.760
-4.187	14.191
-4.303	14.487
-4.239	14.897
-4.131	15.594
-4.042	15.534
-4.053	16.025
-4.062	16.382
-4.135	16.922
-4.022	17.284
-3.840	17.870
-3.608	18.439
-3.367	19.003
-3.166	19.475
-2.853	19.832
-2.774	20.329
-2.738	20.551
-2.710	20.775
-2.704	20.999
-2.690	21.453
-2.932	22.303
-3.034	22.579
-3.311	23.335
-3.640	24.071
-3.975	24.802
-4.035	24.932
-4.242	25.232
-4.386	25.348
-4.670	25.579
-4.950	25.710
-5.297	25.850
-5.405	25.893
-5.516	25.933
-5.632	25.946
-5.901	25.975
-6.173	25.985
-6.444	25.977
-6.780	25.966
-7.114	25.907
-7.449	25.888
-7.612	25.879
-7.915	25.988
-8.025	26.019
POLYLINE BLACK
-7.919	25.993
-8.160	26.157
-8.418	26.305
-8.551	26.575
-8.635	26.747
-8.677	26.989
-8.719	27.159
POLYLINE BLACK
-9.671	25.100
-9.453	25.354
-9.300	25.540
-9.296	25.879
-9.295	25.942
-9.296	26.007
-9.312	26.068
-9.361	26.264
-9.431	26.453
-9.490	26.645
POLYLINE BLACK
-7.703	19.604
-5.952	19.756
-6.566	19.597
-5.812	19.810
POLYLINE BLACK
-6.921	20.566
-7.108	20.608
-7.298	20.658
-7.488	20.609
-7.727	20.548
-7.897	20.310
-8.044	20.143
-8.201	19.965
-8.275	19.699
-8.256	19.465
-8.230	19.136
-8.015	18.809
-7.671	18.752
-7.363	18.700
-7.032	18.804
-6.753	18.923
-6.347	19.097
-6.133	19.277
-5.849	19.612
-5.764	19.712
-5.719	19.856
-5.710	19.985
-5.691	20.259
-5.852	20.447
-6.090	20.559
-6.320	20.666
-6.520	20.746
-6.771	20.715
-6.891	20.701
-7.009	20.680
-7.118	20.627
-7.219	20.579
-7.271	20.489
-7.342	20.404
POLYLINE BLACK
-8.782	26.901
-8.786	27.085
-8.784	27.269
-8.795	27.452
-8.948	29.905
-8.791	23.547
-8.782	30.423
-8.852	31.343
-8.857	31.009
-8.846	31.422
POLYLINE BLACK
-9.595	26.553
-9.593	26.901
-9.612	27.251
-9.589	27.598
-9.400	30.434
-9.487	27.216
-9.443	29.247
-9.430	29.815
-9.406	30.383
-9.407	30.951
-9.408	31.393
-9.502	31.020
-9.403	31.400
POLYLINE BLACK
-9.178	26.296
-9.133	25.798
-9.169	25.977
-9.119	25.750
POLYLINE BLACK
-9.249	26.261
-9.166	26.317
-9.084	26.373
-9.001	26.428
-8.983	26.440
-8.949	26.436
-8.936	26.418
-8.856	26.305
-8.777	26.192
-8.698	26.079
POLYLINE BLACK
-9.154	25.675
-8.696	26.239
POLYLINE BLACK
-9.330	26.922
-9.286	26.975
-9.241	27.028
-9.199	27.083
-9.195	27.088
-9.123	27.250
-9.075	27.174
-9.001	27.056
-8.929	26.936
-8.856	26.816
POLYLINE BLACK
-9.363	26.877
-9.357	26.825
-9.349	26.774
-9.298	26.750
-9.281	26.741
-9.260	26.739
-9.241	26.742
-9.203	26.750
-9.113	26.791
-9.105	26.794
-9.031	26.819
-8.955	26.841
-8.881	26.864
POLYLINE BLACK
-9.324	26.480
-9.291	26.542
-9.240	26.642
-9.154	26.638
-9.128	26.636
-9.105	26.622
-9.080	26.615
-9.061	26.610
-9.040	26.610
-9.020	26.613
-8.980	26.618
-8.923	26.670
-8.907	26.680
POLYLINE BLACK
-9.440	27.319
-9.429	27.388
-9.413	27.449
-9.347	27.482
-9.320	27.495
-9.286	27.506
-9.255	27.502
-9.209	27.495
-9.188	27.457
-9.140	27.452
-9.087	27.447
-9.035	27.475
-8.988	27.491
POLYLINE RED
-8.010	25.961
-8.037	25.970
-8.064	25.982
-8.092	25.990
-8.205	26.021
-8.363	25.974
-8.459	25.939
-8.806	25.815
-8.938	25.628
-9.253	25.350
-9.309	25.300
-9.331	25.249
-9.375	25.189
-9.388	25.172
-9.404	25.158
-9.417	25.141
-9.442	25.107
-9.454	25.053
-9.466	25.018
POLYLINE BLACK
-9.487	31.116
-9.453	31.295
-9.447	31.365
-9.500	31.532
-9.509	31.560
-9.540	31.631
-9.565	31.655
-9.656	31.745
-9.754	31.829
-9.848	31.916
POLYLINE BLACK
-9.378	28.111
-9.337	27.834
-9.365	27.950
-9.310	27.761
POLYLINE BLACK
-9.394	28.043
-9.384	28.105
-9.376	28.167
-9.364	28.228
-9.353	28.289
-9.228	28.313
-9.204	28.321
-9.192	28.326
-9.177	28.320
-9.169	28.311
-9.135	28.273
-9.136	28.141
-9.136	28.139
-9.132	28.052
-9.132	27.966
-9.133	27.879
-9.133	27.858
-9.147	27.818
-9.166	27.807
-9.200	27.788
-9.237	27.774
-9.272	27.758
POLYLINE BLACK
-9.441	28.522
-9.422	28.578
-9.402	28.621
-9.342	28.634
-9.314	28.640
-9.282	28.641
-9.255	28.629
-9.193	28.600
-9.143	28.554
-9.072	28.551
-8.971	28.546
-8.939	28.585
-8.859	28.647
POLYLINE BLACK
-9.180	28.815
-9.201	28.868
-9.223	28.903
-9.228	28.956
-9.233	29.027
-9.189	29.186
-9.094	29.180
-8.947	29.171
-8.946	29.029
-9.029	28.937
-9.082	28.878
-9.140	28.824
-9.195	28.768
POLYLINE BLACK
-9.405	29.410
-9.386	29.514
-9.355	29.570
-9.250	29.600
-9.226	29.607
-9.197	29.608
-9.174	29.599
-9.121	29.580
-9.081	29.530
-9.022	29.529
-8.955	29.528
-8.900	29.576
-8.847	29.609
POLYLINE BLACK
-9.300	29.876
-9.278	29.952
-9.258	30.028
-9.234	30.103
-9.232	30.110
-9.227	30.116
-9.223	30.123
-9.191	30.169
-9.093	30.148
-9.062	30.148
-9.040	30.148
-9.024	30.149
-9.011	30.130
-8.982	30.089
-8.984	29.986
-8.982	29.961
-8.975	29.856
-9.110	29.846
-9.186	29.861
-9.219	29.868
-9.252	29.876
-9.286	29.883
POLYLINE BLACK
-9.184	30.673
-9.213	30.641
-9.255	30.608
-9.265	30.562
-9.271	30.533
-9.262	30.500
-9.251	30.473
-9.243	30.455
-9.232	30.430
-9.212	30.420
-9.175	30.401
-9.123	30.433
-9.094	30.452
-9.058	30.475
-9.023	30.508
-9.005	30.548
-8.980	30.603
-9.026	30.656
-9.077	30.671
-9.082	30.672
-9.087	30.673
-9.091	30.672
-9.114	30.670
-9.137	30.667
-9.160	30.664
POLYLINE BLACK
-9.366	30.210
-9.355	30.227
-9.344	30.244
-9.332	30.260
-9.302	30.300
-9.231	30.276
-9.197	30.264
-9.161	30.250
-9.135	30.222
-9.094	30.223
-9.024	30.225
-8.986	30.285
-8.947	30.334
POLYLINE BLACK
-9.352	30.925
-9.345	30.947
-9.343	30.991
-9.316	31.006
-9.308	31.010
-9.296	31.012
-9.287	31.011
-9.241	31.002
-9.195	30.990
-9.149	30.983
-9.062	30.970
-8.985	31.018
-8.939	31.089
-8.921	31.117
-8.915	31.144
-8.903	31.177
POLYLINE BLACK
-9.340	31.559
-9.273	31.270
-9.312	31.379
-9.251	31.223
POLYLINE BLACK
-9.344	31.494
-9.221	31.511
-9.292	31.693
-9.207	31.705
-9.198	31.706
-9.189	31.704
-9.182	31.699
-9.104	31.656
-9.002	31.618
-9.014	31.511
-9.025	31.424
-9.156	31.273
-9.183	31.235
POLYLINE BLACK
-9.546	31.768
-9.539	31.821
-9.533	31.878
-9.478	31.901
-9.465	31.906
-9.452	31.908
-9.438	31.907
-9.399	31.903
-9.385	31.876
-9.344	31.893
-9.273	31.922
-9.227	31.999
-9.184	32.057
POLYLINE BLACK
-9.873	31.915
-10.179	32.441
-9.851	31.847
-10.114	32.428
-10.436	33.141
-9.897	31.684
-10.394	33.114
POLYLINE BLACK
-8.911	31.162
-8.915	31.375
-8.900	31.415
-9.000	31.651
-9.129	31.954
-9.287	32.244
-9.425	32.543
-9.439	32.573
-9.446	32.654
-9.442	32.679
-9.431	32.757
-9.414	32.834
-9.394	32.911
-9.326	33.177
-9.247	33.439
-9.180	33.705
-9.165	33.765
-9.162	33.847
-9.196	33.903
-9.205	33.919
-9.217	33.932
-9.232	33.943
-9.281	33.978
-9.320	33.959
-9.357	33.915
-9.368	33.903
-9.377	33.890
-9.385	33.876
-9.501	33.652
-9.405	33.830
-9.476	33.647
-9.496	33.595
-9.561	33.523
-9.586	33.491
POLYLINE BLACK
-9.587	33.543
-9.621	33.534
-9.655	33.521
-9.690	33.515
-9.797	33.494
-9.936	33.522
-10.017	33.598
-10.079	33.656
-10.176	33.827
-10.189	33.845
-10.209	33.873
-10.286	33.932
-10.301	33.945
POLYLINE BLACK
-9.750	32.257
-9.790	32.063
-9.766	32.137
-9.805	32.032
POLYLINE BLACK
-9.815	32.263
-9.783	32.305
-9.751	32.346
-9.721	32.389
-9.709	32.406
-9.704	32.427
-9.686	32.438
-9.675	32.446
-9.657	32.448
-9.645	32.442
-9.621	32.430
-9.476	32.368
-9.424	32.321
-9.406	32.303
-9.390	32.283
-9.372	32.264
POLYLINE BLACK
-9.876	31.935
-9.741	32.106
-9.619	32.197
-9.437	32.303
POLYLINE BLACK
-9.939	32.468
-9.950	32.479
-9.987	32.504
-9.996	32.529
-10.011	32.571
-9.959	32.615
-9.924	32.626
-9.860	32.645
-9.790	32.624
-9.727	32.647
-9.678	32.665
-9.667	32.701
-9.643	32.746
POLYLINE BLACK
-10.007	32.972
-9.996	32.992
-9.982	33.030
-9.960	33.050
-9.945	33.063
-9.928	33.065
-9.909	33.065
-9.839	33.065
-9.768	33.066
-9.698	33.064
-9.689	33.064
-9.679	33.056
-9.675	33.049
-9.655	33.022
-9.672	32.949
-9.674	32.934
-9.687	32.835
-9.734	32.834
-9.829	32.831
-9.868	32.829
-9.943	32.846
-9.970	32.851
POLYLINE BLACK
-10.311	33.929
-10.341	33.932
-10.372	33.941
-10.403	33.938
-10.622	33.913
-10.694	33.885
-10.893	33.807
-10.934	33.791
-10.972	33.768
-11.014	33.753
-11.062	33.735
-11.160	33.708
-11.210	33.746
-11.239	33.769
-11.239	33.782
-11.260	33.821
POLYLINE BLACK
-10.373	33.056
-10.395	33.075
-10.415	33.096
-10.438	33.113
-10.476	33.142
-10.540	33.164
-10.581	33.174
-10.664	33.195
-10.766	33.212
-10.850	33.183
-11.029	33.121
-11.040	33.079
-11.242	32.955
-11.259	32.944
-11.278	32.936
-11.298	32.932
-11.383	32.914
-11.469	32.896
-11.556	32.887
-11.706	32.873
-11.755	32.875
-11.873	32.909
POLYLINE BLACK
-11.284	33.798
-11.355	33.936
-11.420	34.070
-11.415	34.228
-11.413	34.287
-11.390	34.365
-11.376	34.419
POLYLINE BLACK
-9.990	33.028
-10.013	32.949
-10.003	32.990
-10.020	32.904
POLYLINE BLACK
-10.284	33.440
-10.213	33.463
-10.131	33.489
-10.062	33.446
-10.020	33.419
-10.012	33.387
-9.960	33.369
-9.919	33.355
-9.824	33.384
-9.822	33.384
POLYLINE BLACK
-10.873	33.432
-10.851	33.515
-10.830	33.599
-10.806	33.681
-10.798	33.708
-10.767	33.739
-10.739	33.746
-10.561	33.506
-10.533	33.875
-10.470	33.792
-10.464	33.783
-10.461	33.767
-10.461	33.757
-10.464	33.672
-10.467	33.586
-10.473	33.500
-10.474	33.474
-10.503	33.448
-10.526	33.439
-10.634	33.400
-10.694	33.411
-10.812	33.419
POLYLINE BLACK
-11.104	33.079
-11.177	33.117
-11.278	33.173
-11.276	33.270
-11.275	33.297
-11.262	33.323
-11.242	33.341
-11.201	33.376
-11.129	33.392
-11.108	33.444
-11.080	33.515
-11.135	33.594
-11.168	33.651
POLYLINE BLACK
-11.761	32.840
-11.792	32.854
-11.823	32.866
-11.852	32.882
-11.959	32.942
-12.006	33.041
-12.042	33.155
-12.052	33.187
-12.060	33.221
-12.062	33.255
-12.077	33.461
-12.034	33.536
-12.018	33.772
-11.979	34.343
-12.058	33.818
-11.987	34.234
POLYLINE BLACK
-15.095	29.260
-15.115	29.300

ELEVATION
STATIONS
0.000	0.000	0
-2.487	1.917	1
-1.503	-2.521	2
-4.394	-2.848	3
-4.039	-3.460	4
-5.986	-2.042	5
-9.232	-0.464	6
-8.800	0.809	7
-9.082	0.942	8
-9.420	0.711	9
-10.282	0.595	10
-10.768	0.241	11
-11.756	0.377	12
-11.396	0.476	13
SHOTS
0.000	0.000	-1.658	-0.081
0.000	0.000	-2.206	0.495
0.000	0.000	2.251	-0.183
0.000	0.000	1.592	-0.286
0.000	0.000	-1.888	-0.086
0.000	0.000	-2.487	1.917
-2.487	1.917	-1.902	1.862
-2.487	1.917	-2.548	4.023
-2.487	1.917	-2.493	-0.338
-2.487	1.917	-1.503	-2.521
-1.503	-2.521	-2.897	-2.481
-1.503	-2.521	-1.727	-3.978
-1.503	-2.521	-2.587	-0.457
-1.503	-2.521	-3.351	1.201
-1.503	-2.521	-3.364	-2.698
-1.503	-2.521	-2.161	-2.644
-1.503	-2.521	-3.346	-2.644
-1.503	-2.521	-3.658	-1.556
-1.503	-2.521	-0.432	-3.284
-1.503	-2.521	-1.005	-3.216
-1.503	-2.521	-4.394	-2.848
-4.394	-2.848	-3.940	-2.842
-4.394	-2.848	-2.952	-5.992
-4.394	-2.848	-6.099	2.783
-4.394	-2.848	-3.704	-2.764
-4.394	-2.848	-5.267	-2.341
-4.394	-2.848	-8.716	-2.113
-4.394	-2.848	-4.001	-3.492
-4.394	-2.848	-3.566	-4.249
-4.394	-2.848	-3.719	-3.988
-4.394	-2.848	-4.039	-3.460
-4.039	-3.460	-4.579	-3.457
-4.039	-3.460	-2.623	-7.770
-4.039	-3.460	-7.741	1.567
-4.039	-3.460	-5.986	-2.042
-5.986	-2.042	-4.283	-1.871
-5.986	-2.042	-3.749	-1.961
-5.986	-2.042	-4.257	-2.060
-5.986	-2.042	-2.915	-2.318
-5.986	-2.042	-4.388	-2.218
-5.986	-2.042	-8.033	-2.651
-5.986	-2.042	-9.738	-2.642
-5.986	-2.042	-9.628	-2.426
-5.986	-2.042	-7.722	-2.107
-5.986	-2.042	-8.348	-1.028
-5.986	-2.042	-9.275	-0.705
-5.986	-2.042	-2.664	-18.854
-5.986	-2.042	-1.634	-18.510
-5.986	-2.042	-2.226	-17.776
-5.986	-2.042	-9.232	-0.464
-9.232	-0.464	-7.734	-0.497
-9.232	-0.464	-7.819	-3.480
-9.232	-0.464	-8.376	0.354
-9.232	-0.464	-8.800	0.809
-8.800	0.809	-9.251	0.865
-8.800	0.809	-9.843	4.672
-8.800	0.809	-8.736	-1.272
-8.800	0.809	-9.095	0.959
-8.800	0.809	-9.092	0.961
-8.800	0.809	-9.092	0.963
-8.800	0.809	-9.082	0.942
-9.082	0.942	-8.935	0.717
-9.082	0.942	-9.227	0.721
-9.082	0.942	-9.214	0.737
-9.082	0.942	-9.420	0.711
-9.420	0.711	-9.412	1.686
-9.420	0.711	-9.722	1.066
-9.420	0.711	-9.264	1.470
-9.420	0.711	-10.282	0.595
-10.282	0.595	-9.510	0.571
-10.282	0.595	-10.504	-1.287
-10.282	0.595	-10.156	0.901
-10.282	0.595	-9.479	0.613
-10.282	0.595	-11.001	-2.943
-10.282	0.595	-10.768	0.241
-10.768	0.241	-11.271	0.155
-10.768	0.241	-10.373	0.138
-10.768	0.241	-10.864	-2.835
-10.768	0.241	-9.941	3.396
-10.768	0.241	-10.239	0.786
-10.768	0.241	-10.566	1.773
-10.768	0.241	-10.860	0.659
-10.768	0.241	-11.756	0.377
-11.756	0.377	-11.229	0.396
-11.756	0.377	-10.985	-1.172
-11.756	0.377	-11.814	1.254
-11.756	0.377	-11.396	0.476
-11.396	0.476	-11.983	0.504
-11.396	0.476	-11.428	-0.940
-11.396	0.476	-11.393	0.928
POLYLINE BLACK
2.106	-0.181
2.057	-0.145
2.010	-0.105
1.957	-0.074
1.804	0.018
1.615	0.059
1.437	0.054
1.279	0.050
1.121	0.023
0.963	0.025
-0.128	0.041
0.856	0.120
-0.038	0.024
POLYLINE BLACK
-0.050	0.009
-0.429	0.523
-0.085	0.076
-0.911	0.960
-0.981	1.035
-1.039	1.122
-1.113	1.193
-1.372	1.440
-1.666	1.651
-1.909	1.914
-2.021	2.035
-2.364	2.726
-2.409	2.830
-2.450	2.922
-2.493	3.332
-2.494	3.344
-2.529	3.617
-2.561	3.891
-2.594	4.165
POLYLINE BLACK
-2.704	4.159
-2.730	4.130
-2.757	4.101
-2.780	4.070
-2.853	3.972
-2.857	3.804
-2.856	3.696
-2.854	3.548
-2.855	3.398
-2.832	3.251
-2.788	2.972
-2.725	2.696
-2.658	2.421
-2.366	1.213
-2.616	2.441
-2.486	1.784

