TRIP
DATE 2023-07-29
DECLINATION 0.0
DATA
101		86.65	-78.94	9.246	>
101		86.75	-78.93	9.229	>
101		86.64	-79.01	9.243	>
101		139.01	-19.83	3.490	>
101		14.99	5.39	4.002	>
101		15.52	5.34	3.989	>
101		15.41	5.48	3.976	>
101	100	86.68	-78.96	9.239	>
101	102	15.31	5.40	3.989	>
102		15.82	5.37	4.012	>
102		15.49	5.27	4.010	>
102		15.67	5.37	4.014	>
102		94.64	-2.42	1.491	>
102		82.13	-3.89	2.093	>
102		69.56	-4.45	2.607	>
102		54.17	-1.08	2.549	>
102		23.63	-2.18	2.393	>
102		10.91	1.41	1.928	>
102		358.71	-2.46	1.672	>
102		26.06	-1.44	5.101	>
102		37.46	-4.37	4.047	>
102		45.39	-5.32	3.636	>
102		110.65	-33.00	0.580	>
102		293.30	4.50	0.298	>
102		30.05	-63.15	0.895	>
102		47.09	-52.97	4.178	>
102		30.92	-16.85	3.853	>
102		41.32	-15.22	3.512	>
102		40.46	-14.78	3.589	>
102		26.09	-17.00	3.476	>
102		66.62	-46.68	5.720	>
102		63.26	-45.99	5.618	>
102		66.50	-45.81	7.634	>
102		189.57	24.43	0.403	>
102		191.65	45.03	5.387	>
102		191.70	44.91	5.448	>
102		191.68	44.93	5.393	>
102	103	191.68	44.96	5.409	>
103		236.23	12.06	1.635	>
103		236.31	12.30	1.635	>
103		236.41	12.35	1.635	>
103	104	236.32	12.24	1.635	>
104		321.17	-2.75	2.177	>
104		339.91	-2.18	2.874	>
104		5.60	0.24	2.958	>
104		23.05	-2.31	2.914	>
104		45.58	-5.36	2.575	>
104		66.14	2.47	1.423	>
104		84.16	2.26	2.600	>
104		105.24	6.21	3.756	>
104		113.67	5.73	3.763	>
104		119.47	6.30	4.246	>
104		125.44	7.82	3.247	>
104		135.36	8.34	2.663	>
104		140.22	13.32	1.393	>
104		277.97	85.30	19.244	>
104		126.62	75.36	8.383	>
104		127.32	75.39	8.442	>
104		126.51	75.52	8.443	>
104	105	126.82	75.42	8.423	>
105		179.44	8.32	3.135	>
105		179.42	8.11	3.122	>
105		179.56	8.51	3.117	>
105	106.666	179.47	8.31	3.125	>
106.666		235.90	6.69	6.563	>
106.666		235.81	6.75	6.496	>
106.666		235.83	6.71	6.559	>
107.666	106.666	235.85	6.71	6.539	>
107.666		175.94	-7.43	3.901	>
107.666		175.88	-7.28	3.897	>
107.666		175.73	-7.23	3.892	>
108.666	107.666	175.85	-7.32	3.897	>
108.666		168.17	14.26	6.681	>
108.666		168.20	14.34	6.706	>
108.666		168.22	14.36	6.695	>
109.666	108.666	168.20	14.32	6.694	>
109.666		186.80	-6.08	4.377	>
109.666		186.61	-6.09	4.369	>
109.666		186.62	-6.08	4.387	>
110.666	109.666	186.67	-6.08	4.378	>

PLAN
STATIONS
0.000	0.000	101
1.766	0.102	100
1.049	3.830	102
0.274	0.082	103
-1.056	-0.804	104
0.642	-2.075	105
0.670	-5.167	106.666
6.045	-1.521	107.666
5.765	2.334	108.666
4.438	8.683	109.666
4.944	13.007	110.666
SHOTS
0.000	0.000	2.153	-2.478
0.000	0.000	1.766	0.102
0.000	0.000	1.049	3.830
1.049	3.830	2.533	3.710
1.049	3.830	3.117	4.116
1.049	3.830	3.484	4.738
1.049	3.830	3.115	5.322
1.049	3.830	2.007	6.021
1.049	3.830	1.414	5.723
1.049	3.830	1.011	5.500
1.049	3.830	3.289	8.411
1.049	3.830	3.503	7.033
1.049	3.830	3.626	6.373
1.049	3.830	1.504	3.659
1.049	3.830	0.776	3.948
1.049	3.830	1.251	4.180
1.049	3.830	2.892	5.544
1.049	3.830	2.943	6.994
1.049	3.830	3.286	6.376
1.049	3.830	3.300	6.471
1.049	3.830	2.511	6.816
1.049	3.830	4.651	5.388
1.049	3.830	4.535	5.587
1.049	3.830	5.929	5.952
1.049	3.830	0.988	3.469
1.049	3.830	0.274	0.082
0.274	0.082	-1.056	-0.804
-1.056	-0.804	-2.419	0.890
-1.056	-0.804	-2.042	1.893
-1.056	-0.804	-0.767	2.140
-1.056	-0.804	0.084	1.875
-1.056	-0.804	0.775	0.990
-1.056	-0.804	0.244	-0.229
-1.056	-0.804	1.529	-0.540
-1.056	-0.804	2.547	-1.786
-1.056	-0.804	2.373	-2.307
-1.056	-0.804	2.619	-2.881
-1.056	-0.804	1.565	-2.669
-1.056	-0.804	0.796	-2.679
-1.056	-0.804	-0.188	-1.846
-1.056	-0.804	-2.618	-0.586
-1.056	-0.804	0.642	-2.075
0.642	-2.075	0.670	-5.167
0.670	-5.167	6.045	-1.521
6.045	-1.521	5.765	2.334
5.765	2.334	4.438	8.683
4.438	8.683	4.944	13.007
POLYLINE BLACK
2.607	7.043
2.475	7.015
POLYLINE BLACK
2.347	6.880
2.347	6.880
POLYLINE BLACK
3.453	6.214
3.457	6.130
POLYLINE BLACK
3.457	6.085
3.454	6.084
POLYLINE BLACK
3.444	6.055
3.433	6.059
POLYLINE BLACK
3.411	6.039
3.411	6.041
POLYLINE BLACK
3.513	6.371
3.458	6.175
POLYLINE BLACK
3.399	6.073
3.310	6.163
POLYLINE BLACK
3.693	5.969
3.640	6.020
3.564	6.071
3.540	6.148
3.537	6.159
3.536	6.171
3.534	6.183
3.529	6.213
3.530	6.244
3.521	6.273
3.484	6.399
3.432	6.621
3.340	6.759
3.275	6.856
3.135	6.915
3.040	6.957
2.767	7.077
2.597	7.014
2.326	6.935
POLYLINE BLACK
0.840	4.042
0.836	4.331
0.826	4.203
0.856	4.427
POLYLINE BLACK
0.886	4.854
0.878	4.964
0.871	5.074
0.863	5.184
0.866	5.210
0.864	5.237
0.872	5.262
0.890	5.325
0.918	5.384
0.941	5.445
POLYLINE BLACK
0.918	4.479
0.913	4.851
0.890	4.788
0.979	5.153
0.990	5.199
1.011	5.242
1.027	5.286
POLYLINE BLACK
1.042	5.279
1.029	5.403
1.049	5.481
1.106	5.592
1.128	5.635
1.155	5.676
1.192	5.706
1.206	5.717
1.219	5.728
1.235	5.734
1.376	5.794
1.520	5.847
1.662	5.906
1.926	6.017
1.704	5.943
1.911	6.007
POLYLINE BLACK
2.103	6.413
2.134	6.475
2.170	6.534
2.196	6.598
2.249	6.727
2.387	7.195
2.529	7.394
2.600	7.494
2.690	7.579
2.759	7.680
2.774	7.702
3.052	8.280
3.272	8.416
3.306	8.437
3.348	8.447
3.388	8.446
3.500	8.442
3.520	8.302
3.530	8.214
3.552	8.007
3.556	7.798
3.568	7.590
POLYLINE BLACK
3.588	7.532
3.574	7.323
3.538	7.114
3.582	6.905
3.642	6.619
3.704	6.574
3.707	6.341
3.708	6.272
3.708	6.175
3.647	6.124
3.590	6.076
3.143	5.804
3.035	5.579
2.986	5.476
3.083	5.312
3.187	5.283
3.232	5.270
3.284	5.281
3.329	5.285
POLYLINE BLACK
3.707	5.236
3.760	5.255
3.813	5.273
3.866	5.292
3.881	5.300
3.898	5.305
3.911	5.315
3.942	5.340
3.969	5.370
3.998	5.398
POLYLINE BLACK
2.029	6.012
2.147	6.183
2.247	6.343
2.241	6.554
POLYLINE BLACK
2.296	6.470
2.288	6.430
2.282	6.390
2.271	6.351
2.257	6.304
2.221	6.252
2.189	6.219
2.004	6.030
2.040	6.058
1.908	5.972
POLYLINE BLACK
1.711	3.584
1.750	3.601
1.789	3.621
1.829	3.635
1.858	3.644
1.889	3.649
1.919	3.653
2.071	3.672
2.223	3.688
2.376	3.704
2.415	3.708
2.456	3.707
2.495	3.715
2.586	3.732
2.687	3.769
2.766	3.820
2.853	3.876
2.941	3.931
3.016	4.001
3.126	4.104
3.220	4.222
3.316	4.338
3.878	5.014
3.266	4.317
3.546	4.634
POLYLINE BLACK
3.476	4.456
3.608	4.485
3.720	4.777
3.865	4.857
4.049	4.957
4.240	5.045
4.425	5.144
4.492	5.181
4.553	5.230
4.621	5.265
4.662	5.287
4.709	5.297
4.752	5.315
5.618	5.674
5.341	5.544
5.845	5.793
POLYLINE BLACK
3.399	5.245
3.687	5.222
3.553	5.212
3.800	5.261
POLYLINE BLACK
3.961	5.382
4.006	5.393
4.052	5.400
4.096	5.417
5.207	5.849
2.911	5.073
5.323	5.807
6.012	6.017
5.204	5.831
5.776	5.954
POLYLINE BLACK
5.889	6.000
6.184	5.967
6.450	6.136
6.713	6.245
6.744	6.257
6.777	6.265
6.809	6.275
POLYLINE BLACK
5.994	5.728
6.053	5.738
6.112	5.749
6.172	5.759
6.208	5.762
6.246	5.758
6.280	5.769
6.462	5.827
6.639	5.900
6.819	5.966
POLYLINE BLACK
3.277	8.270
3.228	8.219
3.179	8.168
3.129	8.119
3.103	8.094
3.074	8.074
3.049	8.048
2.985	7.980
2.940	7.899
2.919	7.808
2.899	7.718
2.909	7.628
2.990	7.574
3.019	7.555
3.067	7.530
3.103	7.525
3.294	7.498
3.515	7.436
3.637	7.627
3.746	7.798
3.680	8.017
3.587	8.179
3.534	8.270
3.440	8.361
3.325	8.318
3.221	8.279
3.146	8.171
3.100	8.075
3.087	8.049
3.082	8.019
3.068	7.994
3.037	7.938
2.999	7.887
2.965	7.834
POLYLINE BLACK
-2.882	3.571
-2.858	3.587
POLYLINE BLACK
-2.921	3.421
-2.824	3.320
POLYLINE BLACK
3.949	8.247
4.069	8.213
4.178	8.196
4.300	8.225
4.367	8.241
4.432	8.267
4.500	8.280
4.557	8.291
4.615	8.291
4.673	8.296
POLYLINE BLACK
4.321	8.460
4.432	7.825
4.368	8.068
4.469	7.720
POLYLINE BLACK
4.830	9.353
4.976	9.423
5.004	9.448
5.143	9.484
5.168	9.491
5.206	9.492
5.234	9.488
5.336	9.471
5.355	9.381
5.340	9.291
5.337	9.274
5.332	9.258
5.326	9.243
5.320	9.228
5.312	9.214
5.304	9.200
5.275	9.147
5.107	8.926
5.183	8.835
5.201	8.814
5.204	8.809
5.228	8.805
5.286	8.795
5.344	8.788
5.403	8.779
POLYLINE BLACK
5.373	8.479
5.381	8.424
5.385	8.324
5.467	8.340
5.473	8.341
5.527	8.352
5.529	8.370
5.531	8.394
5.450	8.420
5.422	8.380
5.417	8.373
5.414	8.365
5.411	8.357
5.400	8.326
5.391	8.295
5.382	8.264
POLYLINE BLACK
0.322	0.394
0.326	0.371
POLYLINE BLACK
0.371	0.355
0.389	0.450
0.389	0.513
0.435	0.592
0.484	0.677
0.555	0.741
0.592	0.834
0.632	0.934
0.644	1.162
0.649	1.203
POLYLINE BLACK
-2.182	0.361
-2.092	-0.019
-1.953	-0.228
-1.636	-0.466
-1.572	-0.513
-1.475	-0.562
-1.392	-0.564
-1.275	-0.568
-1.159	-0.516
-1.054	-0.478
-0.944	-0.439
-0.801	-0.270
-0.730	-0.213
-0.698	-0.187
-0.660	-0.166
-0.623	-0.148
-0.382	-0.027
-0.141	0.092
0.103	0.206
0.128	0.218
0.156	0.224
0.183	0.230
0.344	0.266
0.564	0.052
0.517	-0.109
0.481	-0.232
0.322	-0.297
0.207	-0.248
0.163	-0.228
0.127	-0.191
0.103	-0.150
0.050	-0.063
0.044	0.112
0.032	0.187
POLYLINE BLACK
-0.218	0.084
-0.251	-0.017
-0.273	-0.095
-0.225	-0.190
-0.186	-0.267
-0.147	-0.344
-0.104	-0.419
-0.095	-0.433
-0.071	-0.444
-0.055	-0.446
-0.011	-0.450
0.034	-0.417
0.065	-0.393
0.158	-0.319
0.199	-0.185
0.160	-0.072
0.156	-0.059
0.150	-0.047
0.142	-0.036
0.096	0.026
0.045	0.085
-0.003	0.146
POLYLINE BLACK
-0.173	-0.461
-0.244	-0.489
-0.333	-0.538
-0.415	-0.515
-0.485	-0.495
-0.640	-0.471
-0.720	-0.404
-0.747	-0.382
-0.761	-0.348
-0.770	-0.316
-0.796	-0.222
-0.723	-0.155
-0.640	-0.127
-0.563	-0.102
-0.507	-0.127
-0.428	-0.137
-0.346	-0.146
-0.252	-0.096
-0.181	-0.069
POLYLINE BLACK
-0.483	-0.819
-0.609	-0.832
-0.735	-0.848
-0.861	-0.859
-0.950	-0.867
-0.994	-0.777
-1.016	-0.707
-1.036	-0.642
-1.043	-0.569
-1.025	-0.502
-0.997	-0.399
-0.900	-0.303
-0.839	-0.227
POLYLINE BLACK
-1.017	-0.593
-1.013	-0.533
-1.010	-0.473
-1.006	-0.413
-0.999	-0.405
-0.995	-0.386
-0.984	-0.388
-0.967	-0.392
-0.956	-0.410
-0.947	-0.425
-0.861	-0.562
-0.787	-0.706
-0.701	-0.843
-0.661	-0.906
-0.607	-0.960
-0.570	-1.025
-0.486	-1.173
-0.466	-1.263
-0.419	-1.415
POLYLINE BLACK
-0.351	-1.361
-0.319	-1.491
-0.296	-1.623
-0.255	-1.750
-0.189	-1.953
-0.054	-2.153
0.106	-2.293
0.215	-2.388
0.196	-2.323
0.343	-2.437
0.496	-2.554
0.634	-2.691
0.785	-2.810
0.818	-2.836
0.855	-2.859
0.895	-2.874
1.246	-3.005
1.636	-3.022
2.006	-3.007
2.287	-2.996
2.626	-2.813
2.785	-2.579
2.824	-2.522
2.869	-2.434
2.883	-2.363
2.900	-2.271
2.933	-2.088
2.913	-1.975
2.876	-1.771
2.763	-1.501
2.687	-1.334
2.634	-1.216
2.573	-1.102
2.508	-0.991
2.359	-0.738
2.063	-0.635
1.817	-0.511
1.747	-0.476
1.671	-0.451
1.600	-0.416
1.521	-0.377
1.447	-0.328
1.368	-0.291
1.264	-0.243
1.146	-0.262
1.043	-0.213
1.017	-0.200
0.992	-0.185
0.969	-0.169
0.858	-0.092
0.750	-0.012
0.641	0.067
POLYLINE BLACK
0.371	1.222
0.273	0.830
0.284	1.018
0.316	0.659
POLYLINE BLACK
1.270	-0.798
1.274	-0.206
POLYLINE BLACK
1.183	-0.138
1.118	-0.109
1.055	-0.077
0.989	-0.053
0.779	0.023
0.555	-0.044
0.349	-0.092
0.313	-0.100
0.278	-0.115
0.246	-0.134
-0.019	-0.293
-0.084	-0.383
-0.321	-0.641
-0.391	-0.717
-0.445	-0.825
-0.460	-0.927
-0.502	-1.221
-0.325	-1.500
-0.155	-1.719
0.015	-1.937
0.198	-2.146
0.397	-2.338
0.559	-2.495
0.914	-2.748
1.146	-2.856
1.320	-2.937
1.587	-2.979
1.765	-3.000
1.954	-3.022
2.129	-2.928
2.310	-2.891
2.424	-2.867
2.455	-2.886
2.541	-2.842
2.563	-2.831
2.584	-2.819
2.602	-2.803
2.736	-2.678
2.876	-2.558
2.996	-2.419
3.209	-2.170
3.381	-1.768
3.153	-1.473
3.106	-1.413
3.061	-1.349
3.001	-1.302
2.702	-1.066
2.397	-0.836
2.079	-0.625
1.837	-0.465
1.355	-0.161
1.003	-0.147
0.787	-0.138
0.590	-0.219
0.409	-0.326
POLYLINE BLACK
0.990	-1.280
0.887	-1.433
0.928	-1.342
0.887	-1.562
POLYLINE BLACK
2.263	-1.651
1.560	-1.609
2.225	-1.670
1.482	-1.533
1.404	-1.519
1.188	-1.541
1.131	-1.512
1.103	-1.498
1.125	-1.449
1.123	-1.417
POLYLINE BLACK
1.808	-1.899
1.370	-1.490
1.494	-1.556
1.121	-1.340
POLYLINE BLACK
0.674	1.023
0.698	1.148
0.658	1.354
0.731	1.489
0.740	1.506
0.749	1.523
0.762	1.536
0.870	1.646
0.994	1.741
1.095	1.858
1.174	1.949
1.239	2.053
1.300	2.158
1.347	2.237
1.381	2.323
1.416	2.408
1.510	2.636
1.603	2.865
1.688	3.096
1.700	3.126
1.703	3.159
1.706	3.192
1.720	3.342
1.651	3.478
1.532	3.569
1.336	3.718
1.101	3.947
0.825	3.928
0.564	3.910
0.255	3.659
0.090	3.551
-0.050	3.460
-0.179	3.351
-0.321	3.261
-0.732	3.000
-0.793	3.051
-1.123	2.715
-1.360	2.475
-1.569	2.207
-1.801	1.962
-1.879	1.880
-1.974	1.816
-2.053	1.735
-2.129	1.655
-2.196	1.544
-2.240	1.442
-2.264	1.384
-2.287	1.266
-2.278	1.210
-2.230	0.909
-2.164	0.612
-2.103	0.313
-2.099	0.294
-2.093	0.274
-2.083	0.257
-2.036	0.174
-1.982	0.095
-1.932	0.013
POLYLINE BLACK
-8.035	-0.254
-7.727	-0.301
POLYLINE BLACK
-1.307	-17.045
-1.546	-17.050
-1.738	-17.036
-1.970	-17.112
-2.042	-17.136
-2.102	-17.187
-2.168	-17.225
POLYLINE BLACK
-1.777	0.214
-1.748	0.029
-1.678	-0.141
-1.508	-0.237
-1.401	-0.297
-1.252	-0.296
-1.138	-0.290
-1.034	-0.285
-0.872	-0.257
-0.775	-0.205
-0.537	-0.079
-0.315	0.074
-0.074	0.194
0.469	0.466
0.045	0.205
0.286	0.313
0.441	0.383
0.534	0.529
0.628	0.661
POLYLINE BLACK
2.367	6.005
2.315	5.940
2.267	5.872
2.212	5.810
2.069	5.649
1.880	5.612
1.689	5.519
1.585	5.468
1.492	5.370
1.437	5.270
1.416	5.233
1.396	5.195
1.386	5.154
1.295	4.784
1.229	4.408
1.136	4.039
1.116	3.960
1.076	3.887
1.046	3.811
POLYLINE BLACK
2.267	6.038
2.368	6.218
2.293	6.123
2.536	6.282
POLYLINE BLACK
2.547	6.272
2.568	6.172
POLYLINE BLACK
2.526	6.055
2.425	5.922
POLYLINE BLACK
2.422	5.912
2.423	5.912
POLYLINE BLACK
2.311	6.311
2.299	6.346
POLYLINE BLACK
-0.796	1.669
-0.297	1.831
-0.611	1.708
0.102	2.131

ELEVATION
STATIONS
0.000	0.000	101
1.766	-9.068	100
1.049	0.375	102
0.274	4.198	103
-1.056	4.544	104
0.642	12.696	105
0.670	13.147	106.666
6.045	12.383	107.666
5.765	12.880	108.666
4.438	11.224	109.666
4.944	11.688	110.666
SHOTS
0.000	0.000	2.153	-1.184
0.000	0.000	1.766	-9.068
0.000	0.000	1.049	0.375
1.049	0.375	2.533	0.312
1.049	0.375	3.117	0.233
1.049	0.375	3.484	0.173
1.049	0.375	3.115	0.328
1.049	0.375	2.007	0.284
1.049	0.375	1.414	0.423
1.049	0.375	1.011	0.304
1.049	0.375	3.289	0.247
1.049	0.375	3.503	0.067
1.049	0.375	3.626	0.038
1.049	0.375	1.504	0.059
1.049	0.375	0.776	0.399
1.049	0.375	1.251	-0.423
1.049	0.375	2.892	-2.960
1.049	0.375	2.943	-0.741
1.049	0.375	3.286	-0.546
1.049	0.375	3.300	-0.540
1.049	0.375	2.511	-0.641
1.049	0.375	4.651	-3.786
1.049	0.375	4.535	-3.665
1.049	0.375	5.929	-5.098
1.049	0.375	0.988	0.542
1.049	0.375	0.274	4.198
0.274	4.198	-1.056	4.544
-1.056	4.544	-2.419	4.440
-1.056	4.544	-2.042	4.435
-1.056	4.544	-0.767	4.556
-1.056	4.544	0.084	4.427
-1.056	4.544	0.775	4.304
-1.056	4.544	0.244	4.605
-1.056	4.544	1.529	4.647
-1.056	4.544	2.547	4.951
-1.056	4.544	2.373	4.920
-1.056	4.544	2.619	5.010
-1.056	4.544	1.565	4.986
-1.056	4.544	0.796	4.930
-1.056	4.544	-0.188	4.865
-1.056	4.544	-2.618	23.723
-1.056	4.544	0.642	12.696
0.642	12.696	0.670	13.147
0.670	13.147	6.045	12.383
6.045	12.383	5.765	12.880
5.765	12.880	4.438	11.224
4.438	11.224	4.944	11.688
POLYLINE BLACK
1.777	-9.091
1.673	-9.123
1.457	-9.183
1.467	-9.337
1.476	-9.474
1.693	-9.656
1.816	-9.704
1.946	-9.753
2.186	-9.874
2.316	-9.734
2.372	-9.675
2.530	-9.427
2.442	-9.326
2.342	-9.212
2.051	-9.179
1.943	-9.146
1.837	-9.113
1.771	-9.043
1.694	-8.969
POLYLINE BLACK
1.160	-9.706
1.557	-9.690
1.561	-9.660
1.907	-9.741
2.065	-9.778
2.218	-9.833
2.377	-9.870
2.518	-9.903
2.645	-9.888
2.767	-9.811
3.004	-9.663
3.065	-9.431
3.239	-9.233
3.299	-9.165
3.380	-9.119
3.451	-9.062
POLYLINE BLACK
1.185	-9.652
0.682	-9.572
0.664	-9.598
0.124	-9.348
-0.089	-9.250
-0.428	-9.085
-0.587	-8.863
-0.726	-8.670
-0.680	-8.426
-0.719	-8.207
-1.029	-6.425
-1.066	-9.621
-0.699	-4.725
-0.683	-4.507
-0.590	-4.301
-0.568	-4.083
-0.518	-3.576
-0.527	-3.063
-0.484	-2.555
-0.470	-2.398
-0.416	-2.246
-0.399	-2.090
-0.384	-1.955
-0.396	-1.818
-0.386	-1.683
-0.381	-1.621
-0.328	-1.478
-0.321	-1.427
-0.302	-1.290
-0.288	-1.152
-0.284	-1.014
-0.221	-0.626
-0.307	-0.699
-0.308	-0.455
-0.309	-0.382
-0.288	-0.307
-0.272	-0.237
POLYLINE BLACK
6.026	-4.825
5.276	-3.877
5.354	-3.887
4.673	-3.239
4.559	-3.131
4.531	-3.118
4.426	-3.052
POLYLINE BLACK
1.297	-0.458
1.263	-0.651
1.181	-0.875
1.237	-1.078
1.262	-1.169
1.321	-1.238
1.377	-1.311
POLYLINE BLACK
1.446	-2.406
1.516	-2.894
1.463	-2.580
1.644	-3.339
POLYLINE BLACK
1.437	-1.450
1.367	-2.043
1.366	-1.774
1.517	-2.605
1.526	-2.651
1.541	-2.697
1.562	-2.739
1.603	-2.817
1.657	-2.888
1.704	-2.963
POLYLINE BLACK
1.837	-3.430
1.883	-4.419
1.823	-4.203
2.284	-5.507
2.356	-5.710
2.481	-5.890
2.580	-6.082
POLYLINE BLACK
2.456	-5.839
2.657	-6.244
2.740	-6.329
2.826	-6.693
3.059	-7.674
2.893	-7.173
3.047	-7.619
POLYLINE BLACK
3.132	-7.609
3.397	-8.288
3.071	-7.405
3.360	-8.452
3.396	-8.582
3.463	-8.702
3.502	-8.831
3.543	-8.965
3.565	-9.086
3.456	-9.182
3.443	-9.192
3.430	-9.203
3.415	-9.209
3.324	-9.243
3.231	-9.271
3.138	-9.302
POLYLINE BLACK
1.195	-0.553
1.290	-0.574
1.352	-0.575
1.429	-0.624
1.682	-0.780
1.954	-1.276
2.064	-1.437
POLYLINE BLACK
2.168	-1.528
2.577	-2.197
1.998	-1.213
2.674	-2.790
2.701	-2.854
2.770	-2.891
2.818	-2.942
POLYLINE BLACK
2.820	-2.929
2.991	-3.037
3.158	-3.132
3.363	-3.115
3.377	-3.114
3.392	-3.111
3.405	-3.107
3.502	-3.079
3.597	-3.048
3.693	-3.018
POLYLINE BLACK
3.604	-2.927
3.732	-3.039
3.723	-3.048
3.849	-3.113
3.892	-3.136
3.942	-3.148
3.982	-3.177
4.298	-3.399
4.294	-3.407
4.500	-3.615
POLYLINE BLACK
3.981	-3.263
4.898	-4.144
POLYLINE BLACK
4.618	-3.869
5.192	-4.546
4.672	-3.968
5.439	-4.692
5.523	-4.772
5.598	-4.861
5.678	-4.945
POLYLINE BLACK
4.618	-2.932
4.560	-2.886
4.501	-2.841
4.443	-2.796
4.389	-2.764
4.332	-2.737
4.280	-2.701
4.241	-2.673
4.208	-2.638
4.174	-2.604
4.163	-2.593
4.153	-2.581
4.146	-2.567
4.107	-2.490
4.073	-2.410
4.037	-2.331
POLYLINE BLACK
4.215	-2.309
3.956	-2.069
3.582	-1.852
3.416	-1.514
POLYLINE BLACK
4.686	-3.002
4.241	-2.693
4.423	-2.842
3.815	-2.101
3.761	-2.035
3.727	-1.954
3.683	-1.880
POLYLINE BLACK
4.637	-3.089
3.747	-2.131
3.918	-2.369
3.215	-1.429
3.196	-1.404
3.181	-1.375
3.170	-1.346
3.135	-1.262
3.107	-1.175
3.076	-1.090
POLYLINE BLACK
3.308	-1.433
3.230	-1.313
3.072	-1.161
3.085	-0.993
3.090	-0.928
3.100	-0.863
3.111	-0.799
3.113	-0.785
3.114	-0.770
3.124	-0.761
3.187	-0.705
3.258	-0.658
3.325	-0.607
POLYLINE BLACK
3.221	-0.750
3.233	-0.704
3.241	-0.658
3.255	-0.613
3.284	-0.522
3.433	-0.485
3.494	-0.450
3.528	-0.431
3.559	-0.408
3.589	-0.383
3.684	-0.303
3.692	-0.191
3.714	-0.075
POLYLINE BLACK
3.728	-0.115
3.564	0.291
3.617	0.112
3.544	0.413
POLYLINE BLACK
3.608	0.376
3.487	0.461
3.543	0.429
3.443	0.479
POLYLINE BLACK
3.509	0.481
3.339	0.568
3.216	0.656
3.109	0.810
3.008	0.957
2.900	1.100
2.812	1.255
2.770	1.330
2.751	1.417
2.720	1.498
POLYLINE BLACK
2.828	1.435
2.760	1.534
2.672	1.636
2.628	1.752
2.616	1.783
2.605	1.814
2.603	1.846
2.562	2.509
2.559	2.380
2.594	2.791
POLYLINE BLACK
2.561	2.559
2.540	2.657
2.498	2.753
2.498	2.854
2.502	3.412
2.547	3.970
2.573	4.528
2.576	4.593
2.590	4.657
2.586	4.722
2.550	5.462
2.466	5.144
2.563	5.461
POLYLINE BLACK
1.905	5.324
1.933	4.950
1.960	4.575
1.988	4.201
1.984	4.161
1.985	4.120
1.975	4.081
1.953	3.987
1.914	3.898
1.892	3.804
1.867	3.690
1.882	3.707
1.959	3.646
POLYLINE BLACK
1.750	6.930
1.778	6.942
1.850	6.986
1.900	6.980
1.931	6.976
1.956	6.954
1.971	6.928
2.068	6.764
1.939	6.565
1.900	6.411
1.886	6.359
1.883	6.306
1.879	6.252
1.874	6.198
1.911	6.170
1.961	6.178
1.973	6.179
1.984	6.183
1.994	6.188
2.060	6.213
2.125	6.240
2.191	6.266
POLYLINE BLACK
2.093	5.718
2.121	5.675
2.139	5.623
2.177	5.588
2.187	5.579
2.193	5.612
2.194	5.626
2.198	5.666
2.189	5.756
2.130	5.698
2.118	5.687
2.105	5.673
2.103	5.656
2.091	5.578
2.092	5.499
2.087	5.420
POLYLINE BLACK
6.880	-6.158
6.980	-6.125
POLYLINE BLACK
2.977	3.236
2.950	3.220
2.886	3.165
2.836	3.164
2.802	3.163
2.780	3.182
2.758	3.205
2.646	3.318
2.981	3.020
2.532	3.402
POLYLINE BLACK
2.511	3.416
2.474	3.443
POLYLINE BLACK
5.678	-4.904
6.000	-5.199
5.947	-5.128
6.280	-5.589
6.757	-6.247
6.227	-5.602
6.588	-6.032
POLYLINE BLACK
6.005	-4.883
6.503	-5.388
5.976	-4.832
6.538	-5.518
6.588	-5.578
6.648	-5.629
6.702	-5.684
POLYLINE BLACK
1.957	3.652
2.059	2.709
2.097	2.808
2.051	2.045
2.047	1.991
1.996	1.886
1.983	1.844
1.955	1.749
1.972	1.725
1.954	1.622
1.940	1.545
1.908	1.468
1.867	1.403
1.811	1.313
1.776	1.287
1.697	1.220
1.565	1.108
1.435	0.994
1.300	0.887
1.258	0.852
1.182	0.825
1.126	0.839
1.035	0.861
0.983	0.980
0.957	1.057
0.891	1.249
0.944	1.659
0.936	1.780
0.898	2.303
0.811	2.197
0.713	2.752
0.675	2.969
0.692	3.194
0.649	3.410
0.546	3.926
0.542	3.916
0.388	4.196
POLYLINE BLACK
-0.198	-0.206
-0.321	-0.010
-0.444	0.205
-0.445	0.445
-0.446	0.728
-0.397	1.011
-0.409	1.293
-0.422	1.598
-0.458	1.903
-0.520	2.202
-1.089	4.945
-0.763	2.631
-0.972	4.248

