TRIP
DATE 2023-08-05
DECLINATION 0.0
DATA
0		181.21	-3.07	4.054	>
0		181.14	-2.94	4.077	>
0		183.15	-2.31	4.075	>
0	1	181.83	-2.77	4.069	>
1		122.20	8.80	3.266	>
1		122.48	8.72	3.267	>
1		122.56	8.48	3.283	>
1		32.09	16.32	3.184	>
1		51.04	18.91	2.853	>
1		53.72	21.35	1.768	>
1		39.51	16.52	6.059	>
1		39.84	16.59	6.095	>
1		39.40	15.41	6.120	>
1	2	122.42	8.67	3.272	>
2		328.41	-2.20	1.865	>
2		297.88	-7.11	1.127	>
2		328.96	11.84	0.959	>
2		323.45	-35.28	1.690	>
2		307.96	-65.19	0.769	>
2		35.20	18.38	2.067	>
2		58.05	45.29	6.282	>
2		58.54	45.23	6.230	>
2		58.38	45.38	6.278	>
2	3	58.32	45.30	6.263	>
3		281.28	10.79	0.782	>
3		178.71	5.34	1.814	>
3		349.71	8.52	1.447	>
3		59.15	83.56	0.951	>
3		5.99	14.29	2.759	>
3		126.47	35.72	4.264	>
3		126.24	35.66	4.299	>
3		126.17	35.99	4.306	>
3	4	126.29	35.79	4.290	>
4		265.98	2.64	0.629	>
4		258.54	35.04	0.329	>
4		232.20	-46.97	1.041	>
4		325.93	2.08	1.052	>
4		184.91	12.66	0.912	>
4		112.48	27.69	0.233	>
4		154.64	7.51	2.017	>
4		152.38	7.05	2.015	>
4		152.52	7.10	2.019	>
4		13.95	57.26	9.789	>
4		34.02	66.16	0.853	>
4		358.43	55.93	3.755	>
4		333.23	19.79	1.072	>
4	5	153.18	7.22	2.017	>
5		55.29	-4.52	0.706	>
5		70.36	63.17	1.251	>
5		3.76	-89.07	1.705	>
5		118.02	-8.10	1.116	>
5		138.16	1.58	0.969	>
5		346.18	5.99	1.284	>
5		7.02	42.95	11.856	>
5		147.46	-43.79	3.451	>
5		146.57	-43.95	3.478	>
5		146.63	-43.70	3.455	>
5	6	146.89	-43.81	3.461	>
6		260.34	1.80	1.840	>
6		292.77	-1.45	2.652	>
6		334.12	-3.89	0.926	>
6		186.98	3.45	1.457	>
6		169.49	-2.42	0.507	>
6		6.85	84.81	2.247	>
6		311.06	-62.66	4.556	>
6		266.88	-50.92	2.097	>
6		274.54	-38.51	2.341	>
6		247.25	-49.26	10.069	>
6		247.35	-49.27	10.007	>
6		247.43	-49.33	10.024	>
6	7	247.34	-49.29	10.033	>
7		49.82	2.86	0.641	>
7		98.76	-0.82	1.765	>
7		143.75	-4.84	1.397	>
7		195.34	0.70	1.086	>
7		29.76	72.43	1.597	>
7		172.53	-69.01	1.177	>
7		163.80	-31.42	4.366	>
7		164.08	-31.23	4.364	>
7		164.01	-30.39	4.355	>
7	8	163.96	-31.01	4.362	>
8		255.70	8.33	0.967	>
8		231.29	6.99	0.729	>
8		314.25	9.00	1.328	>
8		160.78	-56.60	5.446	>
8		161.20	-56.30	5.433	>
8		162.59	-57.24	5.438	>
8	9	161.52	-56.71	5.439	>
9		171.93	9.85	0.975	>
9		112.87	5.03	0.620	>
9		34.88	-0.98	0.770	>
9		149.96	66.85	0.805	>
9		78.20	-74.32	0.966	>
9		91.18	-47.19	3.423	>
9		91.05	-47.17	3.443	>
9		91.27	-47.55	3.423	>
9	10	91.17	-47.30	3.430	>
10		139.03	-6.45	1.110	>
10		171.56	-5.05	1.716	>
10		211.64	7.36	1.222	>
10		162.17	49.69	0.715	>
10		150.04	-50.64	0.549	>
10		166.88	-28.55	2.124	>
10		166.11	-28.47	2.122	>
10		166.04	-28.52	2.125	>
10		88.84	26.55	0.634	>
10	11	166.34	-28.51	2.124	>
11		70.99	9.38	0.722	>
11		209.64	16.92	0.506	>
11		78.29	-43.36	0.528	>
11		130.48	-11.96	2.029	>
11		130.15	-11.15	2.021	>
11		130.28	-11.09	2.009	>
11		283.35	20.90	0.968	>
11	12	130.31	-11.40	2.020	>
12		293.85	62.06	0.443	>
12		269.77	-50.81	0.203	>
12		191.88	-4.53	2.766	>
12		194.03	-1.26	2.517	>
12		133.21	-48.52	1.673	>
12		132.08	-49.24	1.609	>
12		132.69	-50.01	1.593	>
12		133.23	-50.09	1.567	>
12	13	193.87	0.27	2.516	>
13		118.84	-57.84	1.584	>
13		120.06	-58.58	1.582	>
13	14	119.65	-59.11	1.561	>
1	1.1	39.58	16.17	6.091	>
1.1		104.50	53.55	4.737	>
1.1		80.68	68.18	1.932	>
1.1		123.59	51.80	2.165	>
1.1		330.88	5.08	1.829	>
1.1		304.17	-23.82	1.125	>
1.1		304.40	-23.54	1.127	>
1.1		304.47	-23.63	1.124	>
1.1	1.2	304.35	-23.67	1.125	>
1.2		8.15	45.00	5.765	>
1.2		8.09	44.75	5.649	>
1.2		8.25	45.12	5.706	>
1.2		7.88	45.27	5.733	>
1.2		358.10	37.67	3.175	>
1.2		13.82	49.81	2.640	>

PLAN
STATIONS
0.000	0.000	0
-0.130	-4.062	1
2.601	-5.796	2
6.350	-3.482	3
9.155	-5.542	4
10.058	-7.328	5
11.422	-9.420	6
5.383	-11.941	7
6.415	-15.533	8
7.361	-18.365	9
9.687	-18.412	10
10.127	-20.225	11
11.637	-21.506	12
11.034	-23.949	13
11.731	-24.345	14
3.598	0.447	1.1
2.747	1.029	1.2
SHOTS
0.000	0.000	-0.130	-4.062
-0.130	-4.062	1.494	-1.473
-0.130	-4.062	1.969	-2.365
-0.130	-4.062	1.198	-3.087
-0.130	-4.062	2.601	-5.796
2.601	-5.796	1.625	-4.208
2.601	-5.796	1.612	-5.273
2.601	-5.796	2.117	-4.992
2.601	-5.796	1.779	-4.687
2.601	-5.796	2.346	-5.597
2.601	-5.796	3.731	-4.193
2.601	-5.796	6.350	-3.482
6.350	-3.482	5.597	-3.332
6.350	-3.482	6.391	-5.288
6.350	-3.482	6.094	-2.074
6.350	-3.482	6.442	-3.428
6.350	-3.482	6.629	-0.823
6.350	-3.482	9.155	-5.542
9.155	-5.542	8.528	-5.586
9.155	-5.542	8.891	-5.595
9.155	-5.542	8.593	-5.977
9.155	-5.542	8.566	-4.671
9.155	-5.542	9.079	-6.428
9.155	-5.542	9.345	-5.621
9.155	-5.542	10.431	-0.404
9.155	-5.542	9.348	-5.256
9.155	-5.542	9.097	-3.439
9.155	-5.542	8.700	-4.641
9.155	-5.542	10.058	-7.328
10.058	-7.328	10.636	-6.927
10.058	-7.328	10.589	-7.138
10.058	-7.328	10.059	-7.300
10.058	-7.328	11.033	-7.847
10.058	-7.328	10.704	-8.049
10.058	-7.328	9.753	-6.088
10.058	-7.328	11.118	1.285
10.058	-7.328	11.422	-9.420
11.422	-9.420	9.609	-9.728
11.422	-9.420	8.977	-8.394
11.422	-9.420	11.019	-8.589
11.422	-9.420	11.245	-10.863
11.422	-9.420	11.514	-9.918
11.422	-9.420	11.446	-9.218
11.422	-9.420	9.844	-8.045
11.422	-9.420	10.102	-9.492
11.422	-9.420	9.596	-9.275
11.422	-9.420	5.383	-11.941
5.383	-11.941	5.872	-11.528
5.383	-11.941	7.127	-12.210
5.383	-11.941	6.206	-13.063
5.383	-11.941	5.096	-12.988
5.383	-11.941	5.622	-11.522
5.383	-11.941	5.437	-12.359
5.383	-11.941	6.415	-15.533
6.415	-15.533	5.488	-15.770
6.415	-15.533	5.851	-15.986
6.415	-15.533	5.476	-14.618
6.415	-15.533	7.361	-18.365
7.361	-18.365	7.496	-19.316
7.361	-18.365	7.931	-18.605
7.361	-18.365	7.802	-17.733
7.361	-18.365	7.520	-18.639
7.361	-18.365	7.617	-18.311
7.361	-18.365	9.687	-18.412
9.687	-18.412	10.410	-19.245
9.687	-18.412	9.938	-20.103
9.687	-18.412	9.051	-19.444
9.687	-18.412	9.828	-18.852
9.687	-18.412	9.861	-18.714
9.687	-18.412	10.254	-18.401
9.687	-18.412	10.127	-20.225
10.127	-20.225	10.801	-19.993
10.127	-20.225	9.888	-20.646
10.127	-20.225	10.503	-20.148
10.127	-20.225	9.247	-20.017
10.127	-20.225	11.637	-21.506
11.637	-21.506	11.447	-21.422
11.637	-21.506	11.509	-21.507
11.637	-21.506	11.070	-24.204
11.637	-21.506	11.027	-23.947
11.637	-21.506	12.445	-22.265
11.637	-21.506	12.417	-22.210
11.637	-21.506	12.390	-22.200
11.637	-21.506	12.370	-22.195
11.637	-21.506	11.034	-23.949
11.034	-23.949	11.773	-24.355
11.034	-23.949	11.748	-24.362
11.034	-23.949	11.731	-24.345
-0.130	-4.062	3.598	0.447
3.598	0.447	6.322	-0.257
3.598	0.447	4.306	0.563
3.598	0.447	4.713	-0.294
3.598	0.447	2.711	2.039
3.598	0.447	2.747	1.029
2.747	1.029	3.324	5.064
2.747	1.029	3.312	5.001
2.747	1.029	3.324	5.014
2.747	1.029	3.300	5.025
2.747	1.029	2.663	3.540
2.747	1.029	3.154	2.683
POLYLINE BLACK
6.075	-2.258
6.000	-2.027
POLYLINE BLACK
6.423	-1.390
6.413	-1.529
6.384	-1.642
6.307	-1.757
6.298	-1.770
6.101	-2.009
6.066	-2.124
5.900	-2.666
5.934	-2.786
5.711	-3.150
5.666	-3.223
5.577	-3.300
5.510	-3.344
4.577	-3.949
5.455	-3.374
4.395	-3.874
4.258	-3.938
3.529	-4.404
3.135	-4.500
3.014	-4.530
2.771	-4.538
2.658	-4.524
2.624	-4.519
2.346	-4.431
2.216	-4.443
2.066	-4.457
2.055	-4.511
1.918	-4.577
1.856	-4.607
1.789	-4.625
1.725	-4.649
POLYLINE BLACK
1.639	-5.329
1.973	-5.565
2.417	-5.991
2.885	-5.825
2.957	-5.799
3.000	-5.752
3.063	-5.703
POLYLINE BLACK
3.162	-5.745
3.398	-5.570
3.686	-5.335
3.964	-5.239
4.278	-5.129
4.608	-5.070
4.933	-5.000
4.992	-4.987
5.054	-4.984
5.113	-4.991
6.194	-5.118
4.996	-5.017
5.976	-5.193
6.202	-5.234
6.279	-5.227
6.445	-5.219
POLYLINE BLACK
6.334	-5.232
6.282	-4.613
6.336	-5.431
6.369	-4.365
6.374	-4.189
6.346	-4.013
6.347	-3.837
6.348	-3.770
6.367	-3.705
6.375	-3.638
6.401	-3.437
6.441	-3.236
6.450	-3.033
6.463	-2.696
6.424	-2.359
6.440	-2.023
6.447	-1.893
6.494	-1.768
6.516	-1.640
6.530	-1.566
6.443	-1.518
6.387	-1.500
6.339	-1.485
6.289	-1.478
6.240	-1.467
POLYLINE BROWN
1.949	-4.740
1.916	-4.754
1.881	-4.766
1.848	-4.782
1.786	-4.814
1.875	-4.898
1.923	-4.900
1.934	-4.900
1.945	-4.901
1.956	-4.898
2.067	-4.866
2.178	-4.831
2.288	-4.793
2.302	-4.788
2.315	-4.772
2.311	-4.756
2.297	-4.708
2.173	-4.652
2.134	-4.640
2.094	-4.628
2.053	-4.624
2.012	-4.617
POLYLINE BROWN
1.856	-4.975
1.833	-4.998
1.810	-5.022
1.787	-5.046
1.785	-5.052
1.781	-5.059
1.782	-5.066
1.786	-5.084
1.810	-5.095
1.823	-5.099
1.920	-5.128
2.016	-5.131
2.109	-5.089
2.122	-5.083
2.174	-5.059
2.185	-5.035
2.205	-4.989
2.088	-4.971
2.066	-4.969
2.034	-4.966
2.003	-4.969
1.971	-4.966
1.954	-4.965
1.929	-4.955
1.915	-4.946
1.906	-4.941
1.899	-4.933
1.890	-4.928
1.887	-4.926
1.881	-4.924
1.880	-4.927
1.877	-4.940
1.880	-4.954
1.880	-4.967
POLYLINE BROWN
1.886	-5.230
1.870	-5.260
1.853	-5.290
1.839	-5.320
1.825	-5.350
1.827	-5.390
1.835	-5.421
1.854	-5.506
1.963	-5.555
2.042	-5.519
2.085	-5.499
2.121	-5.466
2.147	-5.426
2.155	-5.414
2.197	-5.356
2.162	-5.341
2.153	-5.337
2.142	-5.337
2.132	-5.337
2.091	-5.340
2.050	-5.348
2.008	-5.350
1.964	-5.351
1.910	-5.340
1.868	-5.333
POLYLINE BROWN
2.309	-5.117
2.284	-5.138
2.190	-5.189
2.234	-5.240
2.272	-5.285
2.352	-5.313
2.408	-5.324
2.421	-5.327
2.441	-5.335
2.448	-5.323
2.454	-5.312
2.438	-5.297
2.426	-5.292
2.369	-5.264
2.307	-5.249
2.248	-5.227
POLYLINE BROWN
2.421	-4.874
2.407	-4.902
2.392	-4.929
2.381	-4.958
2.373	-4.977
2.384	-5.001
2.397	-5.015
2.420	-5.040
2.458	-5.058
2.493	-5.056
2.535	-5.054
2.608	-4.997
2.575	-4.950
2.550	-4.914
2.469	-4.893
2.441	-4.883
POLYLINE BROWN
2.602	-4.654
2.563	-4.713
2.506	-4.811
2.581	-4.872
2.639	-4.919
2.850	-4.786
2.820	-4.755
2.812	-4.746
2.797	-4.744
2.785	-4.741
2.728	-4.724
2.669	-4.710
2.611	-4.694
POLYLINE BROWN
2.351	-4.585
2.326	-4.592
2.227	-4.584
2.199	-4.627
2.186	-4.648
2.191	-4.677
2.199	-4.698
2.221	-4.754
2.258	-4.798
2.322	-4.802
2.347	-4.803
2.372	-4.800
2.393	-4.787
2.449	-4.753
2.462	-4.666
2.480	-4.617
POLYLINE BROWN
2.690	-5.156
2.640	-5.200
2.606	-5.221
2.575	-5.275
2.539	-5.337
2.533	-5.378
2.490	-5.423
2.481	-5.432
2.471	-5.439
2.461	-5.447
2.418	-5.478
2.372	-5.505
2.331	-5.538
2.307	-5.557
2.287	-5.580
2.268	-5.603
2.257	-5.615
2.236	-5.628
2.240	-5.644
2.251	-5.688
2.284	-5.724
2.306	-5.764
POLYLINE BROWN
2.979	-4.719
2.954	-4.805
2.924	-4.890
2.902	-4.977
2.883	-5.050
2.920	-5.105
2.842	-5.143
2.828	-5.150
2.797	-5.149
2.801	-5.164
2.807	-5.186
2.916	-5.168
2.931	-5.164
3.022	-5.135
3.110	-5.028
3.071	-4.929
3.061	-4.902
3.045	-4.868
3.017	-4.853
2.989	-4.837
2.965	-4.855
2.936	-4.855
2.896	-4.857
2.857	-4.857
2.817	-4.857
POLYLINE BROWN
2.871	-5.428
2.835	-5.435
2.798	-5.439
2.763	-5.449
2.727	-5.458
2.629	-5.506
2.643	-5.559
2.652	-5.592
2.706	-5.613
2.730	-5.623
2.803	-5.651
2.886	-5.655
2.935	-5.585
2.959	-5.551
2.974	-5.513
2.975	-5.471
2.975	-5.422
2.954	-5.395
2.906	-5.388
2.894	-5.387
2.880	-5.390
2.869	-5.384
2.839	-5.371
2.882	-5.342
2.883	-5.336
2.887	-5.319
2.878	-5.302
2.875	-5.285
POLYLINE BLACK
6.923	-1.760
6.963	-1.935
7.000	-2.112
7.045	-2.286
7.050	-2.308
7.060	-2.330
7.073	-2.349
7.327	-2.738
7.593	-3.118
7.844	-3.507
7.994	-3.740
8.121	-3.987
8.276	-4.216
8.287	-4.233
8.526	-4.572
8.657	-4.570
8.699	-4.569
8.740	-4.560
8.782	-4.555
POLYLINE BLACK
8.617	-6.025
8.791	-6.101
8.987	-6.162
9.116	-6.310
9.315	-6.539
9.145	-6.374
9.308	-6.526
POLYLINE BROWN
7.309	-4.746
7.304	-4.784
7.296	-4.823
7.294	-4.862
7.288	-4.996
7.393	-5.266
7.408	-5.310
7.434	-5.384
7.472	-5.485
7.565	-5.475
7.609	-5.470
7.654	-5.462
7.696	-5.483
7.762	-5.516
7.942	-5.663
8.037	-5.564
8.072	-5.528
8.088	-5.445
8.101	-5.414
8.120	-5.368
8.147	-5.338
8.138	-5.288
8.114	-5.154
7.897	-5.079
7.820	-4.974
7.753	-4.883
7.693	-4.787
7.628	-4.694
7.601	-4.657
7.530	-4.641
7.491	-4.669
7.433	-4.711
7.378	-4.758
7.321	-4.802
POLYLINE BROWN
7.591	-4.766
7.600	-4.882
7.556	-5.103
7.618	-5.207
7.629	-5.224
7.647	-5.239
7.667	-5.245
7.746	-5.271
7.825	-5.300
7.906	-5.318
8.112	-5.363
8.092	-5.355
8.253	-5.330
POLYLINE BROWN
7.724	-5.279
7.527	-5.499
7.608	-5.391
7.471	-5.596
POLYLINE BROWN
7.588	-3.787
7.839	-4.033
7.437	-4.259
7.589	-4.409
8.222	-5.031
7.576	-4.367
7.944	-4.775
7.969	-4.803
8.005	-4.776
8.023	-4.757
8.182	-4.589
8.198	-4.601
8.144	-4.378
8.118	-4.271
8.096	-4.162
8.068	-4.055
8.061	-4.029
8.031	-4.000
8.007	-3.988
7.678	-3.822
7.809	-3.850
7.572	-3.828
POLYLINE BROWN
7.574	-4.314
7.671	-4.319
7.790	-4.334
7.875	-4.272
7.963	-4.208
8.097	-4.007
8.112	-3.989
POLYLINE BROWN
7.863	-4.662
7.799	-4.570
7.835	-4.617
7.753	-4.524
POLYLINE BROWN
7.749	-4.524
7.734	-4.521
POLYLINE BROWN
7.743	-4.491
7.746	-4.444
POLYLINE BROWN
7.727	-4.410
7.740	-4.396
POLYLINE BROWN
7.883	-4.334
7.891	-4.616
7.877	-4.451
7.953	-4.827
POLYLINE BROWN
7.117	-2.948
7.016	-2.986
7.069	-2.975
6.957	-2.980
POLYLINE BROWN
6.963	-2.947
6.963	-2.931
POLYLINE BROWN
6.929	-2.837
6.929	-2.821
POLYLINE BROWN
6.853	-3.791
6.868	-3.707
6.874	-3.621
6.897	-3.538
6.943	-3.374
7.008	-3.215
7.059	-3.052
7.077	-2.997
7.088	-2.940
7.104	-2.884
7.116	-2.845
7.165	-2.836
7.199	-2.848
7.364	-2.902
7.450	-3.033
7.580	-3.157
7.607	-3.182
7.633	-3.196
7.632	-3.238
7.629	-3.298
7.569	-3.379
7.535	-3.420
7.532	-3.423
7.439	-3.566
7.371	-3.568
7.317	-3.569
7.284	-3.494
7.227	-3.526
7.220	-3.530
7.214	-3.535
7.209	-3.540
7.186	-3.562
7.167	-3.587
7.142	-3.606
7.049	-3.675
6.950	-3.738
6.855	-3.805
6.850	-3.809
6.845	-3.815
6.839	-3.817
6.815	-3.826
6.790	-3.832
6.765	-3.839
POLYLINE BROWN
7.217	-2.888
7.214	-2.864
POLYLINE BROWN
7.220	-2.859
7.214	-3.019
7.202	-3.179
7.203	-3.339
7.203	-3.446
7.240	-3.529
7.204	-3.629
7.182	-3.691
7.111	-3.692
7.060	-3.715
7.042	-3.725
7.025	-3.735
7.007	-3.745
6.999	-3.750
6.991	-3.757
6.982	-3.761
6.941	-3.781
6.899	-3.799
6.857	-3.818
POLYLINE BLACK
8.654	-6.071
8.502	-6.006
8.349	-5.941
8.197	-5.875
8.056	-5.804
7.923	-5.718
7.776	-5.663
7.445	-5.538
7.105	-5.436
6.765	-5.335
6.667	-5.306
6.515	-5.292
6.411	-5.329
6.368	-5.344
6.327	-5.365
6.285	-5.383
POLYLINE BLACK
9.358	-6.473
9.363	-6.540
9.368	-6.598
9.407	-6.654
9.936	-7.405
9.694	-7.189
10.054	-7.481
POLYLINE BLACK
9.247	-5.368
9.242	-5.388
9.229	-5.423
9.233	-5.448
9.252	-5.582
9.343	-5.680
9.445	-5.766
9.698	-5.979
9.672	-5.962
9.837	-6.049
POLYLINE BLACK
10.628	-7.006
10.789	-7.405
10.629	-7.034
11.056	-7.767
11.092	-7.827
11.087	-7.853
11.086	-7.920
POLYLINE BLACK
11.039	-8.390
11.013	-8.390
POLYLINE BLACK
10.937	-8.296
10.793	-8.027
10.833	-8.076
10.585	-7.780
10.531	-7.715
10.458	-7.664
10.384	-7.626
10.325	-7.595
10.282	-7.601
10.224	-7.581
10.186	-7.568
10.148	-7.554
10.109	-7.540
POLYLINE BLACK
11.117	-8.528
11.096	-8.510
11.080	-8.487
11.056	-8.476
11.048	-8.473
11.054	-8.493
11.055	-8.501
11.058	-8.520
11.073	-8.539
11.068	-8.558
11.066	-8.569
11.053	-8.541
11.047	-8.531
10.972	-8.410
11.022	-8.440
10.962	-8.410
POLYLINE BLACK
13.081	-8.982
13.089	-8.983
POLYLINE BLACK
0.000	-0.000
0.000	-0.000
POLYLINE BLACK
11.135	-7.993
11.132	-8.161
11.130	-8.234
11.059	-8.370
11.049	-8.389
11.009	-8.434
11.002	-8.443
POLYLINE BLACK
0.000	-0.000
0.000	-0.000
POLYLINE BLACK
17.805	-0.290
17.767	-0.282
POLYLINE BLACK
0.000	-0.000
0.000	-0.000
POLYLINE BLACK
0.000	-0.000
0.000	-0.000
POLYLINE BLACK
0.000	-0.000
0.000	-0.000
POLYLINE BLACK
14.029	-3.708
14.038	-3.694
13.980	-3.668
13.994	-3.645
14.007	-3.623
14.094	-3.628
14.114	-3.628
POLYLINE BLACK
23.445	2.784
23.445	2.784
POLYLINE BLACK
23.744	2.645
23.744	2.645
POLYLINE BLACK
24.580	1.272
24.347	1.277
24.460	1.285
24.241	1.252
POLYLINE BLACK
24.062	0.057
24.117	0.084
24.175	0.107
24.228	0.137
24.358	0.208
24.239	0.469
24.230	0.532
24.092	1.510
24.339	0.210
24.117	1.285
24.113	1.302
24.117	1.322
24.108	1.338
24.065	1.418
24.011	1.493
23.962	1.570
POLYLINE BLACK
23.943	1.630
23.943	1.630
POLYLINE BLACK
24.002	1.690
24.003	1.689
POLYLINE BLACK
24.181	1.909
24.182	1.908
POLYLINE BLACK
10.001	-7.590
10.016	-7.640
POLYLINE BLACK
11.386	-9.064
11.323	-9.092
11.272	-9.119
11.249	-9.186
11.229	-9.246
11.259	-9.312
11.317	-9.339
11.346	-9.352
11.384	-9.355
11.414	-9.356
11.473	-9.360
11.524	-9.348
11.562	-9.300
11.621	-9.227
11.550	-9.102
11.469	-9.081
11.467	-9.080
11.433	-9.074
11.427	-9.078
11.415	-9.086
11.406	-9.099
11.395	-9.109
POLYLINE BLACK
11.016	-8.430
11.032	-8.508
11.046	-8.644
11.094	-8.728
11.153	-8.832
11.283	-8.943
11.388	-9.000
11.429	-9.022
11.474	-9.036
11.517	-9.054
POLYLINE BLACK
11.703	-9.278
11.603	-9.532
11.605	-9.481
11.570	-9.759
11.565	-9.801
11.577	-9.870
11.583	-9.910
POLYLINE BLACK
11.476	-10.614
11.490	-10.571
11.504	-10.547
11.505	-10.506
11.509	-10.267
11.109	-10.045
10.985	-9.970
10.810	-9.867
10.322	-9.676
10.162	-9.615
10.102	-9.592
10.018	-9.624
9.963	-9.630
9.945	-9.632
9.927	-9.630
9.909	-9.629
9.429	-9.584
9.702	-9.588
9.293	-9.599
POLYLINE BLACK
10.022	-7.480
10.028	-7.681
10.002	-7.842
9.919	-8.025
9.885	-8.098
9.816	-8.174
9.736	-8.199
9.511	-8.268
9.283	-8.329
9.059	-8.399
9.004	-8.416
8.945	-8.470
8.940	-8.530
8.921	-8.752
8.994	-8.975
9.071	-9.180
9.106	-9.275
9.148	-9.369
9.193	-9.461
9.203	-9.480
9.213	-9.508
9.234	-9.510
9.254	-9.511
9.260	-9.481
9.273	-9.467
POLYLINE BLACK
9.059	-10.126
8.979	-10.185
8.907	-10.261
8.817	-10.305
6.606	-11.389
8.752	-10.250
6.568	-11.203
6.299	-11.320
6.049	-11.475
5.796	-11.624
5.628	-11.722
5.451	-11.994
5.349	-12.097
5.323	-12.123
5.284	-12.131
5.252	-12.148
POLYLINE BLACK
9.297	-9.479
9.264	-9.932
9.318	-9.852
8.979	-10.085
POLYLINE BLACK
11.150	-11.137
11.104	-11.170
11.060	-11.206
11.011	-11.236
10.985	-11.252
10.957	-11.267
10.927	-11.272
10.742	-11.307
10.555	-11.335
10.368	-11.357
10.152	-11.383
9.933	-11.380
9.719	-11.414
9.515	-11.446
9.312	-11.488
9.117	-11.554
8.488	-11.767
7.868	-12.009
7.249	-12.250
7.168	-12.282
7.088	-12.320
7.020	-12.373
6.434	-12.831
6.403	-12.828
6.105	-13.249
POLYLINE BLACK
6.322	-13.207
6.169	-13.015
6.024	-12.798
5.770	-12.746
5.741	-12.740
5.710	-12.735
5.679	-12.737
5.597	-12.742
5.509	-12.734
5.433	-12.767
5.382	-12.789
5.358	-12.849
5.320	-12.891
POLYLINE BLACK
5.490	-11.932
5.421	-12.061
5.229	-12.363
5.187	-12.563
4.926	-13.791
5.191	-12.710
5.094	-13.099
POLYLINE BLACK
5.100	-13.216
5.258	-13.195
POLYLINE BLACK
5.501	-12.647
5.487	-12.680
5.418	-12.901
5.345	-12.989
5.288	-13.057
5.223	-13.120
5.171	-13.192
5.159	-13.209
5.162	-13.232
5.157	-13.252
POLYLINE BLACK
5.452	-14.788
5.447	-14.730
5.450	-14.669
5.436	-14.612
5.410	-14.506
5.369	-14.404
5.333	-14.300
5.237	-14.020
5.134	-13.742
5.040	-13.461
5.034	-13.442
5.017	-13.353
5.023	-13.321
5.028	-13.291
5.040	-13.263
5.048	-13.235
POLYLINE BLACK
5.771	-16.186
5.757	-16.112
5.751	-16.149
5.801	-16.077
POLYLINE BLACK
5.851	-16.103
5.725	-16.107
5.703	-16.093
5.570	-16.027
5.541	-16.013
5.505	-15.990
5.483	-15.962
5.466	-15.941
5.448	-15.904
5.446	-15.880
5.397	-15.408
5.353	-15.303
5.400	-14.956
5.429	-14.743
5.408	-15.036
5.421	-14.799
POLYLINE BLACK
6.417	-14.896
6.363	-14.855
6.313	-14.809
6.256	-14.772
6.124	-14.689
5.887	-14.599
5.729	-14.667
5.696	-14.681
5.561	-14.743
5.536	-14.790
5.512	-14.837
5.510	-14.892
5.497	-14.943
POLYLINE BLACK
6.680	-16.796
6.697	-16.872
6.708	-16.963
6.771	-17.019
6.789	-17.034
6.807	-17.059
6.830	-17.058
6.892	-17.054
6.949	-17.022
7.008	-17.004
POLYLINE BLACK
7.438	-17.163
7.294	-17.013
7.173	-16.950
6.971	-16.889
6.851	-16.852
6.726	-16.820
6.610	-16.883
6.599	-16.889
6.472	-16.958
6.460	-16.997
6.444	-17.045
6.448	-17.097
6.442	-17.147
POLYLINE BLACK
6.297	-13.315
6.173	-13.373
6.035	-13.435
5.978	-13.570
5.901	-13.753
6.068	-14.105
6.095	-14.177
6.176	-14.391
6.307	-14.584
6.388	-14.798
6.463	-15.000
6.504	-15.212
6.562	-15.419
6.761	-15.845
6.973	-16.265
7.157	-16.698
7.269	-17.092
7.207	-16.951
7.297	-17.138
POLYLINE BLACK
6.030	-16.173
6.199	-16.286
6.238	-16.294
6.363	-16.435
6.413	-16.491
6.467	-16.571
6.491	-16.645
6.666	-17.182
6.833	-17.722
7.004	-18.261
POLYLINE BLACK
7.731	-16.874
7.545	-16.833
7.660	-16.841
7.387	-16.916
POLYLINE BLACK
7.331	-17.081
7.329	-17.098
7.325	-17.116
7.324	-17.133
7.324	-17.142
7.324	-17.153
7.328	-17.161
7.356	-17.228
7.385	-17.293
7.418	-17.357
7.430	-17.379
7.444	-17.399
7.460	-17.418
7.532	-17.501
7.606	-17.582
7.682	-17.662
7.692	-17.673
7.704	-17.682
7.717	-17.689
7.759	-17.713
7.802	-17.733
7.844	-17.755
POLYLINE BLACK
7.151	-18.274
7.095	-18.255
7.126	-18.264
7.056	-18.249
POLYLINE BLACK
7.054	-18.249
7.029	-18.255
POLYLINE BLACK
7.025	-18.253
7.011	-18.255
POLYLINE BLACK
7.009	-18.262
7.021	-18.257
POLYLINE BLACK
7.036	-18.255
7.064	-18.274
7.092	-18.294
7.121	-18.313
7.138	-18.326
7.154	-18.340
7.172	-18.351
7.223	-18.382
7.279	-18.404
7.328	-18.436
7.399	-18.484
7.461	-18.543
7.532	-18.591
7.588	-18.628
7.671	-18.653
7.734	-18.666
7.863	-18.693
8.005	-18.642
8.125	-18.618
POLYLINE BLACK
8.307	-17.638
8.236	-17.674
8.164	-17.707
8.094	-17.745
8.056	-17.765
8.033	-17.827
7.982	-17.814
7.957	-17.807
7.932	-17.798
7.907	-17.790
POLYLINE BLACK
7.940	-17.787
7.955	-17.810
7.968	-17.833
7.985	-17.855
7.994	-17.866
8.004	-17.877
8.015	-17.885
8.081	-17.930
8.147	-17.973
8.216	-18.013
8.236	-18.024
8.259	-18.034
8.282	-18.037
8.620	-18.076
8.961	-18.094
9.299	-18.138
9.552	-18.171
9.802	-18.220
10.053	-18.269
10.091	-18.276
10.164	-18.305
10.201	-18.331
10.265	-18.377
10.317	-18.445
10.345	-18.518
10.463	-18.830
10.404	-18.935
10.420	-19.325
10.423	-19.400
10.466	-19.527
10.500	-19.587
11.117	-19.714
10.565	-19.816
10.678	-19.839
10.725	-19.849
10.757	-19.781
10.797	-19.772
10.806	-19.770
10.790	-19.792
10.785	-19.801
10.769	-19.830
10.749	-19.857
10.733	-19.886
10.724	-19.903
10.715	-19.926
10.717	-19.946
10.719	-19.968
10.723	-19.990
10.724	-20.013
10.725	-20.055
10.720	-20.098
10.724	-20.141
10.737	-20.269
10.800	-20.394
10.877	-20.494
10.967	-20.611
11.053	-20.732
11.158	-20.835
11.329	-21.003
11.560	-21.102
11.671	-21.320
11.685	-21.347
11.711	-21.410
11.705	-21.444
11.703	-21.455
11.697	-21.465
11.689	-21.473
11.685	-21.477
11.677	-21.479
11.674	-21.484
11.663	-21.503
11.656	-21.524
11.647	-21.543
POLYLINE BLACK
8.276	-18.455
8.273	-18.458
8.257	-18.574
8.277	-18.582
8.295	-18.588
8.315	-18.578
8.334	-18.576
POLYLINE BLACK
8.209	-18.708
8.244	-18.694
8.278	-18.676
8.314	-18.665
8.425	-18.630
8.535	-18.642
8.641	-18.689
8.665	-18.699
8.688	-18.712
8.709	-18.728
8.815	-18.807
8.889	-18.901
8.960	-19.017
9.063	-19.185
9.066	-19.302
9.209	-19.420
9.735	-19.857
9.484	-19.553
9.852	-19.995
9.869	-20.015
9.883	-20.038
9.895	-20.062
9.953	-20.174
9.944	-20.307
9.964	-20.427
9.996	-20.611
9.964	-20.569
10.023	-20.634
POLYLINE BLACK
10.163	-20.562
10.113	-20.582
10.103	-20.591
10.055	-20.597
10.052	-20.597
10.048	-20.596
10.045	-20.595
10.031	-20.592
10.018	-20.588
10.005	-20.584
POLYLINE BLACK
10.065	-20.628
10.420	-20.999
10.188	-20.768
11.188	-21.386
11.251	-21.425
11.323	-21.444
11.389	-21.477
11.405	-21.485
11.487	-21.540
11.491	-21.569
11.492	-21.575
11.486	-21.579
11.483	-21.585
POLYLINE BLACK
10.945	-23.988
10.955	-23.993
POLYLINE BLACK
11.505	-21.750
11.224	-23.077
11.624	-21.275
11.299	-22.488
11.267	-22.609
11.258	-22.735
11.230	-22.858
11.203	-22.979
11.162	-23.096
11.134	-23.217
11.120	-23.276
11.119	-23.339
11.105	-23.398
11.065	-23.556
11.013	-23.710
10.972	-23.868
10.968	-23.885
10.965	-23.937
10.975	-23.958
10.994	-24.000
11.030	-24.047
11.057	-24.080
11.061	-24.086
11.133	-24.185
11.176	-24.214
11.227	-24.248
11.232	-24.243
11.300	-24.270
11.461	-24.334
10.820	-24.111
11.585	-24.349
11.811	-24.419
11.586	-24.371
11.726	-24.404
11.751	-24.410
11.786	-24.390
11.799	-24.370
11.806	-24.359
11.807	-24.348
11.810	-24.335
POLYLINE BLACK
11.695	-21.545
11.668	-21.685
11.677	-21.683
11.630	-21.794
11.598	-21.868
11.577	-21.887
11.564	-21.962
11.389	-22.938
11.584	-21.994
11.452	-22.535
11.432	-22.618
11.422	-22.704
11.398	-22.786
11.360	-22.909
11.306	-23.026
11.267	-23.149
11.256	-23.185
11.254	-23.223
11.249	-23.260
11.238	-23.335
11.234	-23.410
11.220	-23.483
11.202	-23.579
11.171	-23.673
11.151	-23.768
11.149	-23.777
11.144	-23.830
11.149	-23.849
11.157	-23.878
11.169	-23.912
11.186	-23.937
11.247	-24.030
11.246	-24.025
11.335	-24.103
11.341	-24.108
11.347	-24.111
11.353	-24.114
11.360	-24.118
11.368	-24.121
11.376	-24.123
11.431	-24.137
11.487	-24.146
11.541	-24.163
11.582	-24.176
11.621	-24.197
11.661	-24.215
11.735	-24.249
11.774	-24.266
11.833	-24.309
11.843	-24.316
11.852	-24.324
11.861	-24.332
POLYLINE BLACK
11.900	-24.368
11.907	-24.465
11.913	-24.429
11.902	-24.479
POLYLINE BLACK
11.934	-24.411
11.942	-24.444
11.940	-24.464
11.937	-24.496
POLYLINE BLACK
11.875	-24.423
11.988	-24.419
11.941	-24.414
12.019	-24.427
POLYLINE BLACK
11.892	-24.471
11.937	-24.464
11.941	-24.461
11.987	-24.465
11.992	-24.466
11.996	-24.468
12.001	-24.470
POLYLINE BLACK
8.809	-4.626
8.877	-4.528
8.917	-4.488
8.954	-4.380
8.969	-4.337
8.978	-4.293
8.986	-4.249
9.023	-4.042
9.056	-3.834
9.088	-3.626
9.094	-3.589
9.091	-3.550
9.100	-3.514
9.129	-3.398
9.174	-3.286
9.203	-3.170
9.339	-2.625
9.351	-2.249
9.599	-1.793
9.716	-1.578
9.870	-1.384
9.982	-1.167
10.091	-0.958
10.419	-0.274
10.498	0.080
10.570	0.406
10.623	0.735
10.677	1.063
10.682	1.100
10.684	1.138
10.675	1.174
10.665	1.211
10.639	1.241
10.621	1.275
POLYLINE BLACK
9.365	-5.355
9.409	-5.161
9.443	-4.964
9.499	-4.772
9.526	-4.679
9.576	-4.595
9.612	-4.505
9.632	-4.454
9.645	-4.399
9.669	-4.349
9.699	-4.289
9.735	-4.231
9.774	-4.177
9.795	-4.147
9.809	-4.185
9.816	-4.195
9.839	-4.275
9.878	-4.353
9.885	-4.437
9.912	-4.746
9.902	-5.058
9.917	-5.369
9.922	-5.480
9.934	-5.590
9.945	-5.701
9.954	-5.792
10.015	-6.019
9.898	-6.092
9.853	-6.119
9.789	-6.113
9.742	-6.116
POLYLINE BLACK
10.767	-7.036
10.746	-6.968
10.729	-6.899
10.705	-6.833
10.678	-6.758
10.638	-6.688
10.614	-6.612
10.575	-6.492
10.572	-6.312
10.588	-6.197
10.625	-5.916
10.712	-5.641
10.732	-5.358
11.389	3.671
10.392	-6.872
11.105	-1.200
11.140	-0.914
11.119	-0.624
11.138	-0.336
11.144	-0.248
11.172	-0.162
11.180	-0.074
11.184	-0.026
11.177	0.023
11.175	0.071
11.166	0.256
11.140	0.440
11.147	0.625
11.155	0.838
11.196	1.049
11.220	1.262
POLYLINE BLACK
10.610	1.458
10.618	1.521
10.626	1.584
10.634	1.647
10.639	1.672
10.651	1.695
10.650	1.721
10.649	1.776
10.637	1.830
10.630	1.885
POLYLINE BLACK
10.803	2.146
10.876	2.367
10.932	2.398
11.101	2.581
POLYLINE BLACK
11.441	1.578
11.460	1.858
11.431	1.794
11.575	1.991
POLYLINE BLACK
2.062	-4.659
1.995	-4.679
1.924	-4.697
1.918	-4.610
1.916	-4.570
1.924	-4.530
1.945	-4.496
1.954	-4.480
1.966	-4.465
1.977	-4.450
2.010	-4.407
2.044	-4.366
2.075	-4.322
2.104	-4.280
2.137	-4.196
2.154	-4.155
POLYLINE BLACK
1.973	-4.433
1.986	-4.475
1.990	-4.521
2.019	-4.556
2.121	-4.679
2.359	-4.552
2.453	-4.530
2.495	-4.520
2.539	-4.516
2.582	-4.515
2.593	-4.515
2.624	-4.518
2.615	-4.526
2.598	-4.541
2.571	-4.540
2.548	-4.544
2.440	-4.562
2.334	-4.519
2.225	-4.532
2.182	-4.537
2.136	-4.553
2.102	-4.581
2.065	-4.612
2.063	-4.628
2.025	-4.644
1.991	-4.659
1.921	-4.662
1.890	-4.667
POLYLINE BLACK
1.900	-4.634
1.857	-4.630
1.814	-4.630
1.771	-4.623
1.682	-4.609
1.505	-4.516
1.467	-4.493
1.393	-4.448
1.160	-4.303
1.092	-4.182
1.011	-4.039
0.990	-3.668
0.986	-3.594
0.978	-3.477
1.006	-3.331
1.062	-3.225
1.075	-3.200
1.103	-3.166
1.126	-3.149
1.291	-3.028
1.465	-2.919
1.624	-2.791
1.794	-2.655
1.887	-2.524
1.995	-2.348
POLYLINE BLACK
3.614	-11.431
3.112	-11.658
3.382	-11.517
2.699	-11.983
2.675	-11.999
2.670	-12.033
2.681	-12.058
2.727	-12.172
2.956	-12.268
3.034	-12.311
POLYLINE BLACK
1.549	-1.593
1.354	-1.375
1.179	-1.167
0.952	-0.977
0.616	-0.697
0.544	-0.736
0.332	-0.459
0.214	-0.304
0.154	-0.124
0.100	0.060
POLYLINE BLACK
2.038	-2.386
2.788	-1.246
2.001	-2.395
2.798	-1.361
2.865	-1.274
2.912	-1.173
2.978	-1.086
3.015	-1.037
3.060	-0.994
3.107	-0.955
3.276	-0.815
3.448	-0.679
3.625	-0.549
3.724	-0.476
3.829	-0.411
3.935	-0.347
3.958	-0.333
3.983	-0.324
4.009	-0.318
4.209	-0.277
4.310	-0.301
4.539	-0.313
4.603	-0.317
4.668	-0.322
4.732	-0.326
POLYLINE BLACK
4.778	-0.383
4.993	-0.390
4.984	-0.372
5.135	-0.414
5.180	-0.427
5.224	-0.446
5.270	-0.455
5.315	-0.465
5.362	-0.467
5.409	-0.470
5.575	-0.481
5.741	-0.483
5.907	-0.496
6.053	-0.508
6.163	-0.615
6.249	-0.723
6.287	-0.771
6.341	-0.845
6.362	-0.913
6.370	-0.939
6.371	-0.965
6.370	-0.992
6.358	-1.191
6.345	-1.389
6.333	-1.587
POLYLINE BLACK
6.875	-1.701
6.891	-1.479
6.925	-1.257
6.921	-1.034
6.917	-0.838
6.890	-0.642
6.851	-0.450
6.828	-0.338
6.778	-0.234
6.737	-0.128
6.674	0.033
6.530	0.159
6.378	0.235
6.125	0.361
5.675	0.342
5.440	0.344
5.340	0.345
5.240	0.322
5.140	0.330
4.935	0.347
4.733	0.404
4.527	0.417
4.524	0.418
3.795	0.304
3.649	0.527
3.627	0.561
3.612	0.599
3.594	0.635
POLYLINE BLACK
1.471	-1.518
1.545	-1.480
1.622	-1.447
1.694	-1.404
1.728	-1.384
1.760	-1.358
1.788	-1.330
1.948	-1.174
2.112	-1.022
2.259	-0.853
2.349	-0.750
2.428	-0.638
2.496	-0.520
2.590	-0.354
2.657	-0.175
2.741	-0.004
2.813	0.139
2.873	0.183
2.848	0.340
2.814	0.550
2.702	0.649
2.571	0.839
POLYLINE BLACK
3.741	0.557
3.067	1.232
3.295	0.952
2.992	1.342
POLYLINE BLACK
2.931	1.024
2.937	0.982
POLYLINE BLACK
2.986	0.958
2.990	0.952
POLYLINE BLACK
3.115	1.152
3.109	1.146
POLYLINE BLACK
2.632	0.831
2.517	1.343
2.497	1.268
2.538	1.837
2.559	2.130
2.619	2.420
2.635	2.713
2.648	2.955
2.624	3.199
2.627	3.442
2.627	3.479
2.631	3.518
2.643	3.553
3.222	5.229
2.684	3.463
3.057	4.881
3.074	4.947
3.105	5.010
3.126	5.075
3.131	5.090
3.140	5.107
3.134	5.121
3.118	5.161
3.088	5.193
3.064	5.229
POLYLINE BLACK
3.024	1.868
2.875	1.712
2.844	1.620
2.855	1.409
POLYLINE BLACK
2.855	1.409
2.877	1.406
POLYLINE BLACK
2.892	1.415
2.898	1.415
POLYLINE BLACK
2.919	1.453
3.051	2.143
POLYLINE BLACK
3.100	2.463
3.173	2.831
POLYLINE BLACK
3.256	3.580
3.256	3.653
POLYLINE BLACK
3.653	4.994
3.168	3.341
3.489	4.642
3.245	3.035
3.222	2.887
3.163	2.746
3.146	2.597
3.124	2.397
3.146	2.195
3.130	1.995
3.122	1.892
3.093	1.792
3.075	1.691
3.070	1.569
3.064	1.447
3.059	1.326
POLYLINE BLACK
5.174	6.576
5.339	6.399
5.301	6.409
5.474	6.339
POLYLINE BLACK
3.672	6.133
3.717	6.225
3.761	6.306
3.847	6.364
3.902	6.401
4.030	6.436
4.048	6.340
4.067	6.234
4.021	6.130
3.999	6.030
3.992	5.994
3.991	5.956
3.983	5.920
3.968	5.853
3.962	5.871
3.944	5.819
3.938	5.802
3.934	5.777
3.936	5.759
3.938	5.721
3.950	5.685
3.974	5.655
4.043	5.570
4.200	5.543
4.289	5.612
4.382	5.683
4.450	5.774
4.530	5.862
POLYLINE BLACK
4.484	5.232
4.520	5.237
4.557	5.240
4.594	5.248
4.601	5.249
4.607	5.255
4.611	5.261
4.643	5.302
4.563	5.367
4.548	5.385
POLYLINE BLACK
4.610	5.456
4.579	5.386
4.547	5.316
4.515	5.245
4.512	5.224
4.494	5.164
4.506	5.181
4.534	5.221
4.548	5.269
4.565	5.315
4.575	5.343
4.583	5.372
4.586	5.401
4.587	5.408
4.583	5.419
4.576	5.420
4.563	5.421
4.519	5.391
4.520	5.376
4.521	5.366
4.540	5.370
4.549	5.365
4.598	5.340
4.590	5.294
4.612	5.236
POLYLINE BLUE
4.930	5.462
4.938	5.300
4.946	5.137
4.955	4.974
4.958	4.967
4.960	4.958
4.965	4.953
4.991	4.929
5.064	4.990
5.098	4.997
5.143	5.006
5.174	4.989
5.219	4.979
5.295	4.963
5.375	5.025
5.408	5.089
5.456	5.181
5.436	5.389
5.434	5.489
POLYLINE BLUE
5.719	5.256
5.661	5.202
5.603	5.144
5.637	5.062
5.655	5.018
5.716	5.026
5.751	5.037
5.838	5.063
5.903	5.111
5.935	5.198
5.967	5.287
5.951	5.488
5.811	5.433
5.737	5.404
5.700	5.387
5.641	5.341
5.591	5.303
5.591	5.190
5.584	5.160
POLYLINE BLUE
6.174	5.400
6.178	5.120
6.155	5.049
6.189	5.178
POLYLINE BLUE
6.156	5.427
6.205	5.437
6.264	5.460
6.318	5.455
6.412	5.446
6.498	5.341
6.484	5.247
6.475	5.188
6.440	5.141
6.401	5.099
6.392	5.090
6.285	4.995
6.264	5.016
6.244	5.037
6.238	5.068
6.224	5.094
POLYLINE BLUE
6.626	4.978
6.644	5.074
6.660	5.170
6.682	5.265
6.689	5.297
6.726	5.289
6.742	5.273
6.809	5.211
6.846	5.148
6.884	5.067
POLYLINE BLUE
6.609	5.126
6.694	5.124
6.819	5.108
6.908	5.138
6.970	5.160
7.028	5.192
7.088	5.218

ELEVATION
STATIONS
0.000	0.000	0
-0.130	-0.197	1
2.601	0.296	2
6.350	4.748	3
9.155	7.257	4
10.058	7.510	5
11.422	5.114	6
5.383	-2.491	7
6.415	-4.739	8
7.361	-9.285	9
9.687	-11.806	10
10.127	-12.820	11
11.637	-13.219	12
11.034	-13.207	13
11.731	-14.547	14
3.598	1.500	1.1
2.747	1.048	1.2
SHOTS
0.000	0.000	-0.130	-0.197
-0.130	-0.197	1.494	0.698
-0.130	-0.197	1.969	0.728
-0.130	-0.197	1.198	0.447
-0.130	-0.197	2.601	0.296
2.601	0.296	1.625	0.225
2.601	0.296	1.612	0.157
2.601	0.296	2.117	0.493
2.601	0.296	1.779	-0.680
2.601	0.296	2.346	-0.402
2.601	0.296	3.731	0.948
2.601	0.296	6.350	4.748
6.350	4.748	5.597	4.894
6.350	4.748	6.391	4.917
6.350	4.748	6.094	4.962
6.350	4.748	6.442	5.693
6.350	4.748	6.629	5.429
6.350	4.748	9.155	7.257
9.155	7.257	8.528	7.286
9.155	7.257	8.891	7.446
9.155	7.257	8.593	6.496
9.155	7.257	8.566	7.295
9.155	7.257	9.079	7.457
9.155	7.257	9.345	7.365
9.155	7.257	10.431	15.491
9.155	7.257	9.348	8.037
9.155	7.257	9.097	10.367
9.155	7.257	8.700	7.620
9.155	7.257	10.058	7.510
10.058	7.510	10.636	7.455
10.058	7.510	10.589	8.626
10.058	7.510	10.059	5.805
10.058	7.510	11.033	7.353
10.058	7.510	10.704	7.537
10.058	7.510	9.753	7.644
10.058	7.510	11.118	15.589
10.058	7.510	11.422	5.114
11.422	5.114	9.609	5.172
11.422	5.114	8.977	5.047
11.422	5.114	11.019	5.051
11.422	5.114	11.245	5.202
11.422	5.114	11.514	5.092
11.422	5.114	11.446	7.352
11.422	5.114	9.844	1.067
11.422	5.114	10.102	3.486
11.422	5.114	9.596	3.656
11.422	5.114	5.383	-2.491
5.383	-2.491	5.872	-2.460
5.383	-2.491	7.127	-2.517
5.383	-2.491	6.206	-2.609
5.383	-2.491	5.096	-2.478
5.383	-2.491	5.622	-0.969
5.383	-2.491	5.437	-3.590
5.383	-2.491	6.415	-4.739
6.415	-4.739	5.488	-4.599
6.415	-4.739	5.851	-4.650
6.415	-4.739	5.476	-4.531
6.415	-4.739	7.361	-9.285
7.361	-9.285	7.496	-9.118
7.361	-9.285	7.931	-9.231
7.361	-9.285	7.802	-9.299
7.361	-9.285	7.520	-8.545
7.361	-9.285	7.617	-10.215
7.361	-9.285	9.687	-11.806
9.687	-11.806	10.410	-11.931
9.687	-11.806	9.938	-11.957
9.687	-11.806	9.051	-11.649
9.687	-11.806	9.828	-11.261
9.687	-11.806	9.861	-12.230
9.687	-11.806	10.254	-11.523
9.687	-11.806	10.127	-12.820
10.127	-12.820	10.801	-12.702
10.127	-12.820	9.888	-12.672
10.127	-12.820	10.503	-13.182
10.127	-12.820	9.247	-12.474
10.127	-12.820	11.637	-13.219
11.637	-13.219	11.447	-12.828
11.637	-13.219	11.509	-13.376
11.637	-13.219	11.070	-13.437
11.637	-13.219	11.027	-13.274
11.637	-13.219	12.445	-14.472
11.637	-13.219	12.417	-14.438
11.637	-13.219	12.390	-14.439
11.637	-13.219	12.370	-14.421
11.637	-13.219	11.034	-13.207
11.034	-13.207	11.773	-14.548
11.034	-13.207	11.748	-14.557
11.034	-13.207	11.731	-14.547
-0.130	-0.197	3.598	1.500
3.598	1.500	6.322	5.310
3.598	1.500	4.306	3.293
3.598	1.500	4.713	3.201
3.598	1.500	2.711	1.662
3.598	1.500	2.747	1.048
2.747	1.048	3.324	5.125
2.747	1.048	3.312	5.025
2.747	1.048	3.324	5.091
2.747	1.048	3.300	5.121
2.747	1.048	2.663	2.988
2.747	1.048	3.154	3.065

