za owsikami   (m, 360)

[1]: 2005/07/02     0.00  
[2]: 2005/07/01     0.00  


     1.0                   0.000    0.00    0.00         
     1.0                   0.662    3.54  -11.48  [2]    
     1.0                   3.258  101.89  -83.53  [2]    
     1.0                   1.939  325.20   76.51  [2]    
     1.0         1.1       1.546   59.07    0.75  [2]    
     1.0         1.1       1.553   58.91    0.98  [2]    
     1.0         1.1       1.555   58.80    1.15  [2]    
     1.1                   0.323  156.67    0.07  [2]    
     1.1                   1.832  320.31   82.33  [2]    
     1.1                   2.952   28.37  -85.06  [2]    
     1.1         1.2       1.501   56.55   -3.63  [2]    
     1.1         1.2       1.499   56.52   -3.80  [2]    
     1.1         1.2       1.507   56.44   -3.73  [2]    
     1.2                   0.642  323.28   -5.55  [2]    
     1.2                   2.617   37.26   88.75  [2]    
     1.2                   2.473  339.74  -86.44  [2]    
     1.2         1.3       2.784   70.21   36.15  [2]    
     1.2         1.3       2.778   70.31   36.09  [2]    
     1.2         1.3       2.783   70.48   36.01  [2]    
     1.3                   0.982  310.80  -39.79  [2]    
     1.3                   1.376  233.53   87.04  [2]    
     1.3                   3.182  210.47  -83.23  [2]    
     1.3         1.4       1.281   31.20   38.85  [2]    
     1.3         1.4       1.277   31.29   38.81  [2]    
     1.3         1.4       1.278   31.23   38.94  [2]    
     1.4                   0.424  166.16  -21.07  [2]    
     1.4                   1.364  330.77   83.27  [2]    
     1.4                   3.880  165.47  -79.38  [2]    
     1.4         1.5       2.516  106.88   -1.60  [2]    
     1.4         1.5       2.525  106.85   -1.54  [2]    
     1.4         1.5       2.516  106.81   -1.47  [2]    
     1.5                   0.592  345.58   -0.70  [2]    
     1.5                   1.735  334.26   77.38  [2]    
     1.5                   3.022  301.38  -88.22  [2]    
     1.5         1.6       2.987   35.01    3.98  [2]    
     1.5         1.6       2.973   35.22    3.91  [2]    
     1.5         1.6       2.971   35.00    3.95  [2]    
     1.6                   0.367  318.60    8.68  [2]    
     1.6                   2.230  302.15   79.43  [2]    
     1.6                   2.264   89.43  -86.92  [2]    
     1.6         1.7       2.187   61.36  -27.99  [2]    
     1.6         1.7       2.191   61.27  -27.91  [2]    
     1.6         1.7       2.215   61.35  -27.59  [2]    
     1.7                   0.563  176.96   -4.08  [2]    
     1.7                   0.729   67.75  -66.49  [2]    
     1.7                   0.626  184.51  -76.77  [2]    
     1.7         1.8       1.886   64.78   23.92  [2]    
     1.7         1.8       1.893   64.80   23.76  [2]    
     1.7         1.8       1.879   64.62   23.77  [2]    
     1.8                   0.514  283.95   -6.33  [2]    
     1.8                   3.369  109.77   82.63  [2]    
     1.8                   3.324  121.97   81.24  [2]    
     1.8                   0.748  303.13  -80.98  [2]    
     1.8         1.9       1.133  347.49    7.31  [2]    
     1.8         1.9       1.147  347.60    7.27  [2]    
     1.8         1.9       1.138  347.70    7.25  [2]    
     1.9                   0.577  118.51   -4.84  [2]    
     1.9                   2.982   46.63   78.43  [2]    
     1.9                   0.897   70.66  -75.93  [2]    
     1.9         1.10      5.757   48.05   29.92  [2]    
     1.9         1.10      5.710   48.32   29.80  [2]    
     1.9         1.10      5.721   48.29   29.89  [2]    
     1.10                  0.414  297.74    8.50  [2]    
     1.10                  1.540  200.03   86.14  [2]    
     1.10                  1.975  267.86  -76.22  [2]    
     1.10        1.11      2.328  329.96   14.52  [2]    
     1.10        1.11      2.333  330.40   14.30  [2]    
     1.10        1.11      2.333  330.40   14.27  [2]    
     1.11                  0.625  101.23   -7.61  [2]    
     1.11                  1.583   98.40   76.10  [2]    
     1.11                  2.648   54.09  -64.62  [2]    
     1.11        1.12      3.218   63.38   30.26  [2]    
     1.11        1.12      3.219   63.23   30.10  [2]    
     1.11        1.12      3.217   63.12   30.18  [2]    
     1.12                  0.883  314.96    1.41  [2]    
     1.12                  1.355  307.45   80.20  [2]    
     1.12                  3.575   60.22  -83.23  [2]    
     1.12        1.13      1.570   19.83   30.60  [2]    
     1.12        1.13      1.565   19.72   30.25  [2]    
     1.12        1.13      1.561   18.56   29.08  [2]    
     1.13                  1.007  358.69  -12.88  [2]    
     1.13                  1.467   23.19   80.12  [2]    
     1.13                  4.031  104.67  -82.21  [2]    
     1.13        1.14      2.198   81.34    5.44  [2]    
     1.13        1.14      2.203   81.55    5.15  [2]    
     1.13        1.14      2.201   81.35    6.13  [2]    
     1.14                  1.294   21.93   87.05  [2]    
     1.14                  3.515  115.60  -79.43  [2]    
     1.14        1.15      2.508   97.96   -2.49  [2]    
     1.14        1.15      2.485   97.93   -2.29  [2]    
     1.14        1.15      2.484   97.90   -2.28  [2]    
     1.15                  0.669  227.08    5.86  [2]    
     1.15        1.16      2.492  181.47  -20.59  [2]    
     1.15        1.16      2.489  181.07  -20.61  [2]    
     1.15        1.16      2.503  181.25  -20.63  [2]    
     1.16                  0.597   45.38   -5.42  [2]    
     1.16        1.17      3.031  125.80    4.44  [2]    
     1.16        1.17      3.037  125.91    4.50  [2]    
     1.16        1.17      3.035  125.94    4.59  [2]    
     1.17                  0.709   78.79    2.85  [2]    
     1.17        1.18      1.855  160.58   17.10  [2]    
     1.17        1.18      1.857  160.53   17.06  [2]    
     1.17        1.18      1.863  160.49   17.12  [2]    
     1.18                  0.331   78.51    0.29  [2]    
     1.18        1.19      2.223  150.14   79.77  [2]    
     1.18        1.19      2.229  152.30   79.36  [2]    
     1.18        1.19      2.226  154.57   79.99  [2]    
     1.19                  0.402  108.02  -12.15  [2]    
     1.19        1.20      1.075  197.45   -8.07  [2]    
     1.19        1.20      1.079  197.28   -8.33  [2]    
     1.19        1.20      1.080  197.31   -8.48  [2]    
     1.20        1.21      1.754  142.51   22.80  [2]    
     1.20        1.21      1.720  141.98   22.88  [2]    
     1.20        1.21      1.729  142.22   22.95  [2]    
     1.21                  0.321  265.36    2.11  [2]    
     1.21        1.22      1.134  164.50    0.19  [2]    
     1.21        1.22      1.133  164.30   -0.25  [2]    
     1.21        1.22      1.133  164.19    0.21  [2]    
     1.22                  0.488   40.67  -10.33  [2]    
     1.22        1.23      2.287  121.03   37.94  [2]    
     1.22        1.23      2.299  121.13   37.99  [2]    
     1.22        1.23      2.282  121.49   37.88  [2]    
     1.23                  0.597    4.48  -14.59  [2]    
     1.23        1.24      3.074  111.47   15.66  [2]    
     1.23        1.24      3.079  111.47   15.67  [2]    
     1.23        1.24      3.073  111.55   15.70  [2]    
     1.24                  0.580  359.87   -7.67  [2]    
     1.24        1.25      3.316   90.92  -32.89  [2]    
     1.24        1.25      3.312   91.01  -32.74  [2]    
     1.24        1.25      3.314   91.07  -32.80  [2]    
     1.25                  0.369  334.46   -4.65  [2]    
     1.25        1.26      3.953   82.49    8.26  [2]    
     1.25        1.26      3.956   82.36    8.40  [2]    
     1.25        1.26      3.945   82.43    8.54  [2]    
     1.26                  1.251  359.68  -11.46  [2]    
     1.26        1.27      1.261   36.30  -17.57  [2]    
     1.26        1.27      1.259   36.51  -17.90  [2]    
     1.26        1.27      1.263   36.13  -17.48  [2]    
     1.27                  0.576  169.94   -7.10  [2]    
     1.27        1.28      1.118   93.91   20.51  [2]    
     1.27        1.28      1.101   94.17   20.54  [2]    
     1.27        1.28      1.097   94.27   20.42  [2]    
     1.28                  0.542  345.30   13.65  [2]    
     1.28        1.29      1.726   31.95   -0.59  [2]    
     1.28        1.29      1.714   31.79   -0.51  [2]    
     1.28        1.29      1.711   31.48   -0.60  [2]    
     1.29                  0.450  162.81   -1.97  [2]    
     1.29        1.30      1.907   84.08   14.06  [2]    
     1.29        1.30      1.908   84.58   13.89  [2]    
     1.29        1.30      1.916   84.48   13.85  [2]    
     1.30                  0.664  236.05   -8.55  [2]    
     1.30        1.31      2.187  193.52   49.37  [2]    
     1.30        1.31      2.180  193.38   49.47  [2]    
     1.30        1.31      2.150  193.23   49.42  [2]    
     1.31                  0.624  334.83   -6.03  [2]    
     1.31        1.32      2.061  271.32   40.96  [2]    
     1.31        1.32      2.067  271.63   40.85  [2]    
     1.31        1.32      2.064  271.60   40.85  [2]    
     1.32                  0.566  143.60  -14.01  [2]    
     1.32        1.33      2.577  193.27   31.27  [2]    
     1.32        1.33      2.577  193.21   31.35  [2]    
     1.32        1.33      2.580  192.99   31.08  [2]    
     1.33                  0.871   31.57   -2.58  [2]    
     1.33        1.34      3.533   51.05   19.91  [2]    
     1.33        1.34      3.495   51.04   19.92  [2]    
     1.33        1.34      3.556   50.92   19.62  [2]    
     1.34                  1.266  163.95   -9.96  [2]    
     1.34        1.35      3.372   92.03   -2.38  [2]    
     1.34        1.35      3.360   92.16   -2.52  [2]    
     1.34        1.35      3.361   92.33   -2.46  [2]    
     1.35                  0.757  316.82    6.08  [2]    
     1.35        1.36      3.086   59.01  -22.66  [2]    
     1.35        1.36      3.086   59.04  -22.58  [2]    
     1.35        1.36      3.093   59.00  -23.11  [2]    
     1.36                  0.653  326.32   -7.03  [2]    
     1.36        1.37      2.597   15.73    7.78  [2]    
     1.36        1.37      2.601   15.72    8.07  [2]    
     1.36        1.37      2.599   15.67    7.81  [2]    
     1.37                  0.699  285.14    2.64  [2]    
     1.37        1.38      3.220   77.92   85.10  [2]    
     1.37        1.38      3.228   80.94   85.20  [2]    
     1.37        1.38      3.241   78.70   85.12  [2]    
     1.38                  0.505  290.84  -10.16  [2]    
     1.38        1.39      2.138    3.15   24.98  [2]    
     1.38        1.39      2.136    2.92   24.44  [2]    
     1.38        1.39      2.135    2.96   24.60  [2]    
     1.39                  0.357  302.89    7.58  [2]    
     1.39        1.40      2.521   29.46   24.85  [2]    
     1.39        1.40      2.519   29.01   25.04  [2]    
     1.39        1.40      2.483   29.10   25.06  [2]    
     1.40                  0.684  134.75  -18.30  [2]    
     1.40        1.41      1.375   74.89  -40.07  [2]    
     1.40        1.41      1.390   76.21  -40.44  [2]    
     1.40        1.41      1.385   76.09  -40.00  [2]    
     1.41                  0.566   77.39  -17.87  [2]    
     1.41        1.42      3.037    9.34   41.57  [2]    
     1.41        1.42      3.033    9.27   41.42  [2]    
     1.41        1.43      3.032    9.27   41.32  [2]    
     1.43                  0.872  110.74   -1.82  [2]    
     1.43        1.44      2.248   21.55   57.41  [2]    
     1.43        1.44      2.250   21.18   57.39  [2]    
     1.43        1.44      2.259   21.12   57.17  [2]    
     1.44                  0.579  126.35   -8.63  [2]    
     1.44        1.45      2.563   96.05   15.32  [2]    
     1.44        1.45      2.551   96.28   15.48  [2]    
     1.44        1.45      2.551   96.41   15.05  [2]    
     1.45                  2.548   96.17   14.83  [2]    
     1.45        1.46      9.019  114.53   75.47  [2]    
     1.45        1.46      8.998  114.47   75.33  [2]    
     1.45        1.46      9.040  114.75   75.33  [2]    
     1.46                  4.634  300.85    0.72  [2]    
     1.46                  3.751  276.14   -5.14  [2]    
     1.46                  3.526  262.95   -3.64  [2]    
     1.46                  1.882  242.63    0.90  [2]    
     1.46                  1.269  225.34    4.43  [2]    
     1.46                  1.732   26.61   -2.94  [2]    
     1.46                  2.954  350.10   -4.56  [2]    
     1.46                  4.149  321.08   -3.98  [2]    
     1.46        1.47      5.323  313.74    2.67  [2]    
     1.46        1.47      5.320  313.73    2.49  [2]    
     1.46        1.47      5.330  314.36    2.56  [2]    
     1.47                  0.949   65.40    7.37  [2]    
     1.47                  1.237  247.09  -20.37  [2]    
     1.47        1.48      1.725  329.82    6.10  [2]    
     1.47        1.48      1.730  329.67    5.98  [2]    
     1.47        1.48      1.726  329.63    6.13  [2]    
     1.48                  0.621   72.42   -8.56  [2]    
     1.48        1.49      4.685  340.64    7.98  [2]    
     1.48        1.49      4.633  340.93    7.81  [2]    
     1.48        1.49      4.666  341.27    7.83  [2]    
     1.49                  0.452  112.04    4.13  [2]    
     1.49        1.50      1.700  349.10   12.44  [2]    
     1.49        1.50      1.675  348.60   11.65  [2]    
     1.49        1.50      1.702  348.65   11.76  [2]    
     1.50                  0.519  222.61    1.78  [2]    
     1.50                  0.625  299.44   20.67  [2]    
     1.50                  0.755  293.48   20.75  [2]    
     1.50        1.51      1.869  292.98   20.89  [2]    
     1.50        1.51      1.867  292.77   20.96  [2]    
     1.50        1.51      1.868  292.16   20.84  [2]    
     1.51                  0.480  107.01  -12.68  [2]    
     1.51        1.52      5.966    6.38   16.02  [2]    
     1.51        1.52      5.957    5.82   15.78  [2]    
     1.51        1.52      5.958    5.90   15.81  [2]    
     1.52                  0.509  343.37    2.45  [2]    
     1.52        1.53      1.324  101.16   23.73  [2]    
     1.52        1.53      1.331  101.72   24.46  [2]    
     1.52        1.53      1.335  101.72   24.81  [2]    
     1.53                  0.556  344.33    2.81  [2]    
     1.53        1.54      2.113   39.28   -7.03  [2]    
     1.53        1.54      2.114   39.23   -7.00  [2]    
     1.53        1.54      2.111   39.05   -7.01  [2]    
     1.54                  0.420  181.40  -13.24  [2]    
     1.54        1.55      2.539  114.31   18.78  [2]    
     1.54        1.55      2.555  114.42   18.56  [2]    
     1.54        1.55      2.538  114.40   18.57  [2]    
     1.55                  0.369   14.12   -1.53  [2]    
     1.55        1.56      1.814  112.93    4.32  [2]    
     1.55        1.56      1.820  113.20    4.04  [2]    
     1.55        1.56      1.827  113.08    4.03  [2]    
     1.56                  0.405  338.36  -12.67  [2]    
     1.56        1.57      1.843   34.30    8.81  [2]    
     1.56        1.57      1.822   34.88    8.66  [2]    
     1.56        1.57      1.822   34.76    8.95  [2]    
     1.57        1.58      1.771   33.31   10.55  [2]    
     1.57        1.58      1.785   33.51    9.96  [2]    
     1.57        1.58      1.786   33.69    9.84  [2]    
     1.58                  0.542  281.23    0.63  [2]    
     1.58        1.59      2.107  338.29   16.08  [2]    
     1.58        1.59      2.121  338.48   16.09  [2]    
     1.58        1.59      2.112  338.47   16.16  [2]    
     1.59                  0.375   90.91    3.93  [2]    
     1.59        1.60      3.240   26.37   30.60  [2]    
     1.59        1.60      3.233   26.52   30.93  [2]    
     1.59        1.60      3.242   26.37   30.96  [2]    
     1.60                 16.488   57.97   67.52  [2]    
