TRIP
DATE 2005-07-01 
DECLINATION     0.00
DATA
1.0		247.11	-28.93	0.279	>
1.0		64.12	-80.52	1.363	>
1.0		108.01	-38.60	1.834	>
1.0		124.51	86.09	0.285	>
1.0		67.73	-23.51	1.321	>
1.0	1.1	39.95	-12.67	2.709	>
1.1		227.83	-77.25	0.324	>
1.1		278.38	11.96	0.589	>
1.1		294.50	40.78	1.586	>
1.1	1.2	334.31	14.04	1.270	>
1.2		76.22	-78.30	1.056	>
1.2		122.91	22.62	0.351	>
1.2		195.88	49.59	0.558	>
1.2		290.97	79.06	0.604	>
1.2		39.53	-1.72	0.134	>
1.2	1.3	44.15	-2.23	2.135	>
1.3		163.14	-84.14	0.338	>
1.3		319.89	-10.66	0.346	>
1.3		347.60	63.52	0.209	>
1.3	1.4	65.71	-14.93	2.705	>
1.4		299.15	-76.31	0.503	>
1.4		281.07	16.40	0.592	>
1.4		348.57	66.32	0.226	>
1.4	1.5	11.39	2.76	2.905	>
1.5		152.57	-75.31	0.582	>
1.5		274.09	-8.11	0.284	>
1.5		276.16	46.27	0.850	>
1.5		277.07	56.82	1.232	>
1.5		90.61	-79.96	0.539	>
1.5		272.67	-14.25	0.244	>
1.5		275.07	64.61	0.976	>
1.5		4.18	26.85	0.662	>
1.5	1.6	341.84	22.05	1.478	>
1.6		139.93	75.53	0.560	>
1.6		109.12	2.97	0.425	>
1.6		93.89	-36.42	0.440	>
1.6		143.22	-81.67	1.706	>
1.6	1.7	54.38	-21.50	1.026	>
1.7		54.93	-85.92	1.616	>
1.7		265.24	-11.63	0.283	>
1.7		310.33	72.23	0.684	>
1.7		327.01	-27.94	0.723	>
1.7	1.8	339.58	-32.18	0.948	>
1.8		137.19	-68.53	1.214	>
1.8		107.55	-2.79	0.226	>
1.8		85.46	72.62	0.507	>
1.8	1.9	46.12	7.93	0.986	>
1.9		233.25	65.16	1.114	>
1.9		310.91	24.94	0.360	>
1.9		341.91	-49.14	0.714	>
1.9		334.89	-76.80	2.157	>
1.9		31.80	-82.88	2.099	>
1.9	1.10	350.38	-69.55	1.028	>
1.10		39.56	-37.51	2.306	>
1.10	1.11	34.04	-38.79	1.966	>
1.11		72.66	75.06	2.446	>
1.11		48.37	87.87	2.589	>
1.11		146.36	20.92	0.361	>
1.11		120.91	-71.79	1.607	>

PLAN
STATIONS
0.000	0.000	1.0
1.697	2.026	1.1
1.163	3.136	1.2
2.649	4.667	1.3
5.031	5.742	1.4
5.604	8.586	1.5
5.177	9.888	1.6
5.953	10.444	1.7
5.673	11.196	1.8
6.377	11.873	1.9
6.317	12.227	1.10
7.175	13.497	1.11
SHOTS
6.317	12.227	7.175	13.497
7.175	13.497	7.777	13.685
7.175	13.497	7.247	13.561
7.175	13.497	7.362	13.216
7.175	13.497	7.606	13.239
6.377	11.873	6.317	12.227
6.317	12.227	7.482	13.637
5.673	11.196	6.377	11.873
6.377	11.873	6.002	11.593
6.377	11.873	6.130	12.087
6.377	11.873	6.232	12.317
6.377	11.873	6.168	12.319
6.377	11.873	6.514	12.094
5.953	10.444	5.673	11.196
5.673	11.196	5.975	10.870
5.673	11.196	5.888	11.128
5.673	11.196	5.824	11.208
5.177	9.888	5.953	10.444
5.953	10.444	6.047	10.510
5.953	10.444	5.677	10.421
5.953	10.444	5.794	10.579
5.953	10.444	5.605	10.980
5.604	8.586	5.177	9.888
5.177	9.888	5.267	9.781
5.177	9.888	5.578	9.749
5.177	9.888	5.530	9.864
5.177	9.888	5.325	9.690
5.031	5.742	5.604	8.586
5.604	8.586	5.672	8.455
5.604	8.586	5.324	8.606
5.604	8.586	5.020	8.649
5.604	8.586	4.935	8.669
5.604	8.586	5.698	8.585
5.604	8.586	5.368	8.597
5.604	8.586	5.187	8.623
5.604	8.586	5.647	9.175
2.649	4.667	5.031	5.742
5.031	5.742	4.927	5.800
5.031	5.742	4.474	5.851
5.031	5.742	5.013	5.831
1.163	3.136	2.649	4.667
2.649	4.667	2.659	4.634
2.649	4.667	2.430	4.927
2.649	4.667	2.629	4.758
1.697	2.026	1.163	3.136
1.163	3.136	1.371	3.187
1.163	3.136	1.435	2.960
1.163	3.136	1.064	2.788
1.163	3.136	1.056	3.177
1.163	3.136	1.248	3.239
0.000	0.000	1.697	2.026
1.697	2.026	1.644	1.978
1.697	2.026	1.127	2.110
1.697	2.026	0.604	2.524
0.000	0.000	-0.225	-0.095
0.000	0.000	0.202	0.098
0.000	0.000	1.363	-0.443
0.000	0.000	0.016	-0.011
0.000	0.000	1.121	0.459
POLYLINE BLUE
6.210	12.150
6.180	12.030
6.000	11.850
6.150	11.940
6.270	12.030
6.090	11.790
6.090	11.850
6.150	11.940
6.150	12.000
5.880	11.700
5.820	11.760
6.030	11.970
6.180	12.090
6.090	12.000
5.880	11.790
5.850	11.730
5.880	11.850
6.300	12.300
6.390	12.510
6.390	12.510
6.180	12.180
6.240	12.450
6.180	12.360
6.120	12.030
6.150	12.180
6.090	12.390
6.030	12.120
6.030	12.060
6.120	12.360
6.090	12.210
6.060	12.090
6.090	12.240
6.120	12.300
POLYLINE BLUE
6.210	12.240
6.090	12.060
6.000	11.940
6.060	12.000
POLYLINE BLACK
5.940	11.520
6.000	11.520
6.060	11.640
6.120	11.640
6.360	11.850
6.360	11.910
6.450	12.030
6.450	12.300
6.420	12.420
POLYLINE BLACK
5.610	11.730
5.910	12.030
5.970	12.240
6.030	12.270
POLYLINE BLACK
5.880	9.900
5.700	9.840
POLYLINE BLACK
5.460	11.010
5.550	10.890
5.550	10.980
5.490	11.010
5.490	11.100
5.370	11.400
5.490	11.520
5.550	11.520
5.610	11.640
5.670	11.640
POLYLINE BLACK
5.880	9.900
5.910	9.840
5.940	9.960
6.060	10.230
6.060	10.470
6.120	10.800
6.180	11.130
6.150	11.250
6.030	11.400
5.970	11.400
POLYLINE BLACK
2.730	5.730
2.730	5.850
POLYLINE BLACK
2.700	5.520
POLYLINE BLACK
2.640	5.250
POLYLINE BLACK
3.810	9.420
4.290	7.440
4.470	7.050
4.740	6.630
POLYLINE BLACK
5.520	10.350
5.580	10.470
5.790	10.680
5.730	10.950
POLYLINE BLACK
5.550	10.380
POLYLINE BLACK
5.580	10.350
POLYLINE BLACK
5.400	9.780
5.640	9.810
5.760	9.690
5.820	9.720
POLYLINE BLACK
4.800	8.970
4.890	9.210
4.890	9.630
4.860	9.750
4.860	10.020
4.950	10.230
5.250	10.410
5.370	10.380
5.430	10.380
5.550	10.290
5.550	10.230
5.610	10.200
POLYLINE BLACK
5.790	8.460
5.760	8.730
5.730	8.850
5.520	9.300
5.520	9.360
5.460	9.420
5.460	9.510
5.430	9.630
POLYLINE BLACK
4.050	6.030
4.080	5.970
4.200	6.000
4.260	5.940
4.380	5.940
4.470	6.030
4.530	6.210
4.560	6.330
4.530	6.540
4.500	6.780
4.530	7.110
4.530	7.320
4.620	7.500
4.680	7.920
4.680	8.100
4.740	8.370
4.800	8.700
4.860	8.880
POLYLINE BLACK
4.260	5.940
POLYLINE BLACK
4.620	7.380
4.920	7.620
4.920	7.560
5.040	7.530
5.190	7.320
5.280	7.110
POLYLINE BLACK
4.770	7.950
4.830	7.830
4.920	7.740
4.980	7.740
5.010	7.680
5.130	7.710
5.220	7.680
5.340	7.710
5.520	7.740
POLYLINE BLACK
4.950	5.700
5.070	5.730
5.100	5.790
5.220	5.820
5.400	6.030
5.430	6.210
5.220	6.480
5.190	6.630
5.400	7.170
5.430	7.290
5.490	7.410
5.490	7.500
5.580	7.740
5.580	7.890
5.760	8.400
POLYLINE BLACK
2.220	4.590
2.220	4.650
2.160	4.710
2.070	4.650
2.010	4.650
1.980	4.530
POLYLINE BLACK
2.100	4.380
2.220	4.440
POLYLINE BLACK
2.190	4.140
2.160	3.990
2.250	3.900
2.310	3.900
2.340	3.960
2.190	4.110
POLYLINE BLACK
2.160	3.600
2.340	3.480
2.340	3.630
2.220	3.720
2.100	3.690
2.100	3.630
POLYLINE BLUE
4.260	5.730
4.020	5.490
4.080	5.490
4.170	5.550
4.230	5.550
4.290	5.610
4.140	5.430
4.050	5.430
3.990	5.370
4.140	5.520
4.260	5.640
4.260	5.550
4.050	5.400
4.080	5.580
4.260	5.730
4.260	5.670
4.020	5.430
3.960	5.490
3.990	5.610
4.050	5.670
4.110	5.670
4.170	5.730
4.200	5.580
4.050	5.430
3.930	5.400
3.960	5.610
4.230	5.700
4.230	5.640
3.990	5.400
4.020	5.490
4.200	5.670
4.260	5.610
4.200	5.460
4.080	5.340
4.080	5.400
4.290	5.550
4.200	5.400
POLYLINE BLUE
4.050	5.820
4.200	5.640
4.170	5.550
4.110	5.550
4.050	5.490
POLYLINE BLUE
4.140	5.580
3.990	5.790
4.080	5.550
3.960	5.490
3.900	5.400
3.900	5.400
4.110	5.520
POLYLINE BLUE
3.870	5.340
3.600	5.790
3.900	5.340
3.570	5.100
3.600	5.190
POLYLINE BLUE
3.300	5.130
3.360	5.100
3.450	5.130
POLYLINE BLUE
3.600	5.280
3.450	5.190
POLYLINE BLUE
3.450	5.220
3.300	5.130
3.240	5.160
3.060	5.070
3.210	5.160
3.480	5.250
3.480	5.250
3.300	5.160
3.210	5.160
3.150	5.040
3.510	5.220
3.630	5.250
3.660	5.310
POLYLINE BLUE
3.540	5.310
3.210	5.220
3.060	5.100
POLYLINE BLUE
3.210	5.250
POLYLINE BLUE
3.750	5.370
3.570	5.310
3.240	5.220
POLYLINE BLUE
4.170	5.490
3.900	5.340
3.810	5.340
3.810	5.340
3.870	5.400
3.960	5.400
4.020	5.460
3.930	5.460
3.570	5.220
3.510	5.220
3.630	5.310
3.810	5.370
3.420	5.250
3.570	5.280
3.630	5.310
POLYLINE BLUE
4.050	5.520
3.780	5.310
3.780	5.280
3.930	5.430
POLYLINE BLUE
3.960	5.520
3.840	5.430
3.780	5.460
3.720	5.400
3.990	5.520
4.050	5.520
4.110	5.580
3.660	5.340
3.660	5.340
3.810	5.400
POLYLINE BLUE
3.360	5.880
POLYLINE BLUE
3.330	5.580
POLYLINE BLUE
2.970	5.190
3.000	5.130
3.120	5.160
3.180	5.220
3.300	5.250
3.330	5.310
3.390	5.310
3.510	5.400
3.630	5.400
3.720	5.520
3.780	5.520
3.960	5.640
4.050	5.730
4.110	5.700
4.230	5.820
4.350	5.790
4.410	5.790
4.470	5.610
4.410	5.490
4.320	5.400
4.260	5.430
4.200	5.370
4.080	5.340
3.780	5.190
3.720	5.190
3.630	5.130
3.510	5.100
3.330	5.040
3.210	5.010
3.150	4.980
2.970	5.040
2.970	5.100
3.150	5.250
3.210	5.250
POLYLINE BLACK
2.370	4.890
2.340	4.770
2.340	4.590
2.370	4.500
2.490	4.530
2.550	4.590
2.670	4.620
2.820	4.860
2.820	4.980
2.640	5.040
2.520	4.950
POLYLINE BLACK
0.240	0.780
0.360	0.720
0.600	0.870
0.720	1.020
0.750	1.140
0.780	1.260
0.780	1.440
0.750	1.560
0.720	1.830
0.660	2.160
0.660	2.400
0.630	2.520
0.690	2.880
0.750	2.940
0.750	3.000
0.960	3.210
0.990	3.270
1.050	3.270
1.080	3.330
1.200	3.360
1.260	3.420
1.380	3.420
1.440	3.480
POLYLINE BLACK
0.510	0.930
POLYLINE BLACK
0.210	1.290
POLYLINE BLACK
5.130	7.560
5.160	7.620
5.160	7.560
POLYLINE BLACK
1.530	3.540
1.530	3.480
1.650	3.840
1.650	3.960
1.680	4.080
1.710	4.350
1.980	4.770
2.250	5.010
2.310	5.010
2.400	5.100
2.460	5.070
2.490	5.130
2.550	5.130
2.610	5.190
2.790	5.220
2.850	5.280
2.910	5.280
2.970	5.340
3.090	5.370
3.150	5.430
3.270	5.460
3.450	5.520
3.570	5.610
3.690	5.640
3.720	5.700
3.780	5.700
3.840	5.760
3.900	5.760
3.990	5.850
4.080	5.940
4.140	5.940
4.200	6.000
4.260	6.000
4.320	6.090
POLYLINE BLACK
1.650	4.230
POLYLINE BLACK
2.580	3.780
2.580	3.900
2.610	3.960
2.580	4.020
2.640	4.260
2.640	4.440
2.790	4.590
2.970	4.650
3.090	4.680
3.270	4.740
3.330	4.800
3.390	4.770
3.600	4.800
3.600	4.860
3.720	4.890
4.020	4.980
4.080	5.040
4.140	5.040
4.200	5.130
4.260	5.130
4.500	5.310
4.560	5.310
4.560	5.400
4.620	5.460
4.680	5.460
4.860	5.700
POLYLINE BLACK
1.620	2.040
1.560	2.280
1.500	2.490
1.530	2.610
1.440	2.730
1.470	2.850
1.560	2.970
1.680	2.970
1.740	3.000
1.830	2.910
1.890	2.940
1.980	2.850
2.100	2.880
2.280	3.000
2.280	3.000
2.400	3.060
2.580	3.360
2.670	3.810
POLYLINE BLACK
1.520	2.080
POLYLINE BLACK
1.160	0.600
1.240	0.600
1.320	0.680
1.320	0.800
1.360	0.880
1.200	0.880
1.000	0.640
1.040	0.560
POLYLINE BLACK
0.880	0.160
0.800	-0.080
0.800	-0.160
0.880	-0.160
0.920	-0.040
POLYLINE BLACK
0.600	0.600
0.520	0.640
0.480	0.480
0.640	0.480
0.800	0.520
0.840	0.600
0.680	0.720
POLYLINE BLACK
1.000	1.200
1.000	1.120
0.920	1.040
1.040	0.880
1.160	1.040
1.040	1.080
POLYLINE BLACK
-0.240	-0.840
0.320	-0.640
0.480	-0.600
0.560	-0.640
0.880	-0.520
1.200	-0.440
1.520	-0.120
1.600	0.240
1.640	0.560
1.640	0.920
1.680	1.080
1.680	1.520
1.640	1.600
1.680	1.760
1.680	1.920
1.640	2.080
POLYLINE BLACK
-0.600	0.720
-0.560	0.640
-0.240	0.720
-0.160	0.800
-0.080	0.720
0.080	0.800
0.160	0.720
0.200	0.800
0.200	0.720

ELEVATION
STATIONS
0.000	0.000	1.0
2.643	-0.594	1.1
3.875	-0.286	1.2
6.009	-0.369	1.3
8.623	-1.066	1.4
11.524	-0.926	1.5
12.894	-0.371	1.6
13.849	-0.747	1.7
14.652	-1.252	1.8
15.629	-1.116	1.9
15.988	-2.079	1.10
17.521	-3.311	1.11
SHOTS
15.988	-2.079	17.521	-3.311
17.521	-3.311	18.022	-0.948
17.521	-3.311	17.614	-0.724
17.521	-3.311	17.399	-3.182
17.521	-3.311	17.558	-4.838
15.629	-1.116	15.988	-2.079
15.988	-2.079	17.811	-3.483
14.652	-1.252	15.629	-1.116
15.629	-1.116	15.164	-0.105
15.629	-1.116	15.836	-0.964
15.629	-1.116	16.090	-1.656
15.629	-1.116	16.103	-3.216
15.629	-1.116	15.845	-3.199
13.849	-0.747	14.652	-1.252
14.652	-1.252	14.241	-2.382
14.652	-1.252	14.618	-1.263
14.652	-1.252	14.735	-0.768
12.894	-0.371	13.849	-0.747
13.849	-0.747	13.920	-2.359
13.849	-0.747	13.644	-0.804
13.849	-0.747	14.016	-0.096
13.849	-0.747	14.473	-1.086
11.524	-0.926	12.894	-0.371
12.894	-0.371	12.764	0.171
12.894	-0.371	12.876	-0.349
12.894	-0.371	13.063	-0.632
12.894	-0.371	12.659	-2.059
8.623	-1.066	11.524	-0.926
11.524	-0.926	11.407	-1.489
11.524	-0.926	11.572	-0.966
11.524	-0.926	11.652	-0.312
11.524	-0.926	11.684	0.105
11.524	-0.926	11.517	-1.457
11.524	-0.926	11.557	-0.986
11.524	-0.926	11.605	-0.044
11.524	-0.926	12.070	-0.627
6.009	-0.369	8.623	-1.066
8.623	-1.066	8.591	-1.555
8.623	-1.066	8.195	-0.899
8.623	-1.066	8.706	-0.859
3.875	-0.286	6.009	-0.369
6.009	-0.369	5.995	-0.705
6.009	-0.369	5.982	-0.433
6.009	-0.369	6.040	-0.182
2.643	-0.594	3.875	-0.286
3.875	-0.286	4.033	-1.320
3.875	-0.286	3.616	-0.151
3.875	-0.286	3.583	0.139
3.875	-0.286	3.894	0.307
3.875	-0.286	4.007	-0.290
0.000	0.000	2.643	-0.594
2.643	-0.594	2.572	-0.910
2.643	-0.594	2.676	-0.472
2.643	-0.594	3.327	0.442
0.000	0.000	-0.218	-0.135
0.000	0.000	0.204	-1.344
0.000	0.000	0.534	-1.144
0.000	0.000	0.001	0.284
0.000	0.000	1.071	-0.527
POLYLINE BLACK
14.640	-0.720
14.960	-0.320
15.000	-0.200
15.320	-0.120
15.520	-0.160
15.680	-0.200
15.840	-0.160
16.000	-0.200
16.120	-0.160
16.280	-0.280
16.320	-0.200
16.440	-0.280
16.440	-0.280
16.240	0.200
16.480	-0.360
16.560	-0.320
17.040	-0.520
17.120	-0.520
17.200	-0.600
17.280	-0.560
17.520	-0.680
17.760	-0.680
18.080	-0.760
18.120	-0.840
POLYLINE BLACK
14.280	-0.160
14.200	0.080
POLYLINE BLUE
16.960	-4.520
16.800	-4.560
16.760	-4.720
16.800	-4.840
17.040	-4.840
17.080	-4.760
POLYLINE BLUE
16.640	-4.520
16.560	-4.280
16.600	-4.120
16.600	-4.000
POLYLINE BLUE
17.040	-4.680
16.960	-4.640
17.000	-4.520
17.160	-4.640
17.080	-4.800
16.960	-4.640
17.000	-4.560
17.160	-4.560
17.280	-4.720
17.120	-4.840
17.040	-4.760
17.200	-4.720
17.320	-4.840
17.160	-4.880
17.040	-4.760
17.040	-4.680
POLYLINE BLUE
17.000	-4.520
16.960	-4.680
17.040	-4.760
POLYLINE BLUE
17.000	-4.560
16.920	-4.640
17.200	-4.800
POLYLINE BLUE
16.920	-4.240
17.000	-4.600
17.040	-4.760
17.120	-4.800
POLYLINE BLUE
17.320	-4.600
POLYLINE BLUE
17.200	-4.720
POLYLINE BLUE
17.040	-4.440
17.040	-4.520
16.880	-4.560
16.800	-4.640
16.960	-4.680
POLYLINE BLUE
16.920	-4.640
POLYLINE BLUE
16.920	-4.480
16.920	-4.640
POLYLINE BLUE
17.160	-4.520
17.040	-4.520
POLYLINE BLUE
16.440	-3.560
16.320	-3.400
16.320	-3.320
16.160	-3.480
16.200	-3.560
16.280	-3.400
16.200	-3.360
16.120	-3.440
16.120	-3.520
16.200	-3.600
16.280	-3.600
16.280	-3.440
16.240	-3.600
16.440	-3.760
16.480	-3.640
POLYLINE BLUE
15.440	-3.200
15.600	-3.240
15.480	-3.120
15.400	-3.120
15.400	-3.240
15.600	-3.280
15.680	-3.280
15.480	-3.040
15.520	-3.200
15.640	-3.280
15.680	-3.160
15.520	-3.040
15.400	-3.160
15.560	-3.280
15.640	-3.280
POLYLINE BLACK
16.520	-3.720
16.600	-3.720
POLYLINE BLACK
15.920	-3.200
16.000	-3.200
16.120	-3.360
16.120	-3.520
16.160	-3.600
16.320	-3.640
16.360	-3.720
16.520	-3.680
16.600	-3.720
16.640	-3.640
16.640	-3.720
POLYLINE BLACK
14.240	-2.440
14.560	-2.480
14.720	-2.480
14.880	-2.520
15.040	-2.520
15.080	-2.600
15.160	-2.600
15.320	-2.800
15.320	-3.080
15.440	-3.320
15.680	-3.360
15.920	-3.280
POLYLINE BLACK
15.120	-2.960
POLYLINE BLACK
16.720	-3.920
16.640	-4.320
16.640	-4.440
16.840	-4.760
17.160	-4.840
17.320	-4.880
17.480	-4.880
POLYLINE BLACK
16.760	-4.600
16.760	-4.680
POLYLINE BLACK
16.720	-4.080
POLYLINE BLACK
16.720	-4.000
POLYLINE BLACK
16.720	-3.880
16.760	-4.040
POLYLINE BLACK
16.760	-3.560
16.840	-3.760
16.800	-3.920
16.800	-4.000
POLYLINE BLACK
16.920	5.280
POLYLINE BLACK
16.920	5.080
POLYLINE BLACK
16.000	-2.840
16.040	-2.960
POLYLINE BLACK
15.920	-2.960
15.920	-3.040
16.000	-3.080
POLYLINE BLUE
15.640	1.200
POLYLINE BLUE
15.000	-2.680
14.920	-2.640
14.800	-2.760
14.960	-2.800
POLYLINE BLUE
14.960	-2.680
14.880	-2.760
POLYLINE BLACK
8.400	5.280
8.600	5.200
POLYLINE BLACK
13.800	0.000
13.960	-0.040
14.040	0.000
14.360	-0.200
14.480	-0.320
14.600	-0.520
14.600	-0.880
POLYLINE BLACK
14.000	-2.320
14.040	-2.400
14.200	-2.400
14.280	-2.440
POLYLINE BLACK
13.720	-1.880
13.920	-2.480
14.000	-2.520
14.160	-2.400
POLYLINE BLACK
13.000	0.000
13.240	-0.040
13.320	0.000
13.400	-0.040
13.480	0.000
13.640	-0.040
13.800	0.000
POLYLINE BLACK
12.720	-2.400
12.880	-2.360
12.960	-2.320
13.040	-2.360
13.200	-2.280
13.280	-2.160
13.440	-2.120
13.600	-2.080
13.680	-2.080
13.760	-2.000
POLYLINE BLACK
11.640	0.080
11.720	0.080
11.800	0.000
12.040	0.080
12.200	0.080
12.360	0.120
12.520	0.080
12.680	0.080
12.840	-0.040
13.000	-0.080
POLYLINE BLACK
11.160	-1.560
11.320	-1.600
11.400	-1.520
11.560	-1.520
11.800	-1.440
11.960	-1.400
12.280	-1.480
12.280	-1.560
12.400	-1.680
12.480	-2.000
12.480	-2.160
12.640	-2.400
POLYLINE BLACK
11.240	0.200
11.280	0.120
11.360	0.160
11.440	0.080
11.600	0.040
11.680	0.000
11.760	0.040
POLYLINE BLACK
10.760	-1.320
10.680	-1.320
10.680	-1.440
10.840	-1.440
10.880	-1.360
10.720	-1.320
10.560	-1.360
10.480	-1.440
POLYLINE BLACK
10.560	-1.240
10.440	-1.400
10.520	-1.440
10.640	-1.280
10.560	-1.240
POLYLINE BLACK
10.240	-1.200
10.360	-1.360
10.280	-1.600
10.120	-1.480
10.120	-1.320
POLYLINE BLACK
10.280	-1.440
10.080	-1.640
10.040	-1.720
POLYLINE BLACK
10.360	-1.320
POLYLINE BLACK
9.920	-1.320
9.840	-1.320
9.800	-1.520
9.800	-1.600
9.960	-1.680
10.040	-1.400
9.880	-1.360
9.720	-1.440
9.680	-1.520
POLYLINE BLACK
9.640	-1.480
9.480	-1.440
9.400	-1.520
POLYLINE BLACK
9.400	-1.600
9.480	-1.640
POLYLINE BLACK
10.720	-0.200
10.560	-0.200
10.320	-0.400
10.400	-0.560
10.400	-0.480
10.440	-0.560
10.600	-0.520
10.680	-0.440
10.760	-0.440
10.800	-0.280
POLYLINE BLACK
9.000	-1.840
9.160	-1.880
9.240	-1.840
9.320	-1.880
9.880	-1.720
10.040	-1.680
10.440	-1.600
10.520	-1.640
10.720	-1.560
10.880	-1.600
11.200	-1.520
11.280	-1.560
POLYLINE BLACK
9.360	-0.560
9.560	-0.240
9.720	-0.120
9.720	-0.040
9.880	0.080
10.040	0.120
10.120	0.160
10.200	0.120
10.280	0.160
10.360	0.120
10.440	0.200
10.760	0.200
11.000	0.280
11.160	0.240
11.200	0.160
POLYLINE BLACK
11.760	5.120
POLYLINE BLACK
11.760	5.040
POLYLINE BLACK
11.760	5.000
POLYLINE BLACK
9.000	1.840
POLYLINE BLUE
6.840	-1.320
6.960	-1.280
7.120	-1.320
7.400	-1.320
7.640	-1.520
7.760	-1.560
7.800	-1.640
8.080	-1.680
8.240	-1.640
8.560	-1.680
8.840	-1.680
8.920	-1.720
9.000	-1.680
9.080	-1.720
9.160	-1.680
9.200	-1.760
9.040	-1.600
8.760	-1.600
8.520	-1.520
POLYLINE BLUE
7.200	-1.440
7.280	-1.400
7.560	-1.480
7.760	-1.440
7.800	-1.440
7.720	-1.400
7.520	-1.400
7.400	-1.360
7.160	-1.440
7.080	-1.360
7.000	-1.360
POLYLINE BLUE
7.880	-1.440
8.040	-1.480
8.240	-1.480
8.240	-1.560
8.160	-1.480
7.840	-1.400
7.840	-1.400
8.360	-1.520
8.600	-1.560
8.520	-1.480
8.160	-1.440
8.040	-1.440
7.640	-1.320
7.480	-1.360
7.400	-1.320
7.280	-1.360
7.200	-1.320
7.400	-1.320
7.480	-1.400
7.640	-1.440
8.000	-1.520
8.160	-1.560
8.240	-1.600
8.400	-1.560
8.720	-1.680
8.880	-1.720
9.120	-1.800
8.880	-1.640
8.680	-1.640
8.600	-1.560
8.440	-1.560
8.320	-1.600
8.080	-1.520
7.920	-1.520
7.520	-1.400
6.920	-1.400
7.000	-1.440
7.120	-1.400
7.600	-1.480
7.760	-1.440
7.560	-1.400
7.480	-1.360
7.320	-1.400
7.120	-1.360
6.960	-1.360
POLYLINE BLUE
7.480	-1.480
7.560	-1.520
POLYLINE BLACK
6.240	0.200
6.320	0.120
6.400	0.160
6.640	0.080
6.800	-0.120
7.120	-0.200
7.400	-0.280
7.560	-0.320
7.640	-0.280
7.680	-0.360
7.760	-0.320
8.000	-0.400
8.080	-0.360
8.320	-0.440
8.480	-0.480
8.720	-0.560
8.880	-0.560
9.040	-0.600
9.240	-0.640
9.400	-0.600
POLYLINE BLACK
6.440	-1.400
6.680	-1.480
6.840	-1.480
6.920	-1.520
7.000	-1.480
7.160	-1.520
7.320	-1.520
7.400	-1.480
7.480	-1.520
7.560	-1.480
7.720	-1.520
7.880	-1.480
7.920	-1.560
8.320	-1.560
8.400	-1.640
8.840	-1.720
POLYLINE BLACK
3.760	0.760
3.920	0.840
4.040	0.840
4.200	0.880
4.360	0.840
4.520	0.800
5.000	0.640
5.040	0.560
5.200	0.600
5.240	0.520
5.480	0.520
5.560	0.440
5.640	0.480
5.720	0.400
5.800	0.440
5.960	0.400
6.040	0.320
6.120	0.360
POLYLINE BLACK
5.560	-0.880
5.480	-0.960
5.400	-0.920
5.320	-1.000
POLYLINE BLACK
5.200	-0.960
POLYLINE BLACK
5.120	-1.000
POLYLINE BLACK
5.160	-0.960
5.000	-0.920
4.920	-1.000
POLYLINE BLACK
4.640	-0.840
4.480	-0.760
4.520	-0.920
4.600	-1.000
4.720	-1.000
POLYLINE BLACK
5.160	-1.200
4.880	-1.080
5.200	-1.080
5.280	-1.120
5.320	-1.040
5.360	-1.120
5.520	-1.080
5.600	-1.080
5.640	-1.160
5.720	-1.160
5.720	-1.080
5.920	-0.880
6.080	-0.840
6.280	-1.080
6.320	-1.160
6.280	-1.240
POLYLINE BLACK
5.480	-0.960
POLYLINE BLACK
5.520	-1.040
POLYLINE BLACK
4.280	-0.800
POLYLINE BLACK
4.400	-0.800
4.320	-0.720
4.160	-0.680
4.120	-0.880
4.200	-0.960
4.240	-0.880
POLYLINE BLACK
3.760	-0.880
3.720	-0.800
3.560	-0.840
3.560	-0.920
3.800	-1.000
3.880	-0.920
3.720	-0.800
3.640	-0.800
POLYLINE BLACK
3.560	-0.960
3.480	-0.920
POLYLINE BLACK
3.400	-0.800
3.240	-0.880
3.200	-1.000
3.360	-1.080
3.440	-1.040
POLYLINE BLACK
2.760	-0.880
2.600	-0.840
POLYLINE BLACK
2.840	-1.000
2.760	-0.920
POLYLINE BLACK
2.760	-1.080
2.760	-1.000
2.640	-1.000
2.760	-1.120
POLYLINE BLACK
2.080	-0.720
2.000	-0.640
1.920	-0.680
POLYLINE BLACK
2.040	-0.800
1.960	-0.760
1.920	-0.840
2.000	-0.960
2.000	-1.040
2.160	-1.080
2.160	-1.000
POLYLINE BLACK
1.520	-0.920
POLYLINE BLACK
1.520	-0.880
1.440	-0.880
1.360	-0.960
1.440	-1.120
POLYLINE BLACK
1.000	-0.920
POLYLINE BLACK
1.000	-0.880
POLYLINE BLACK
3.640	-1.240
3.720	-1.160
3.880	-1.120
4.200	-1.040
4.600	-1.120
4.920	-1.160
5.160	-1.160
5.240	-1.120
POLYLINE BLACK
-0.400	5.280
POLYLINE BLACK
3.960	-3.200
POLYLINE BLACK
2.800	-1.240
2.960	-1.200
3.120	-1.240
3.280	-1.200
3.600	-1.240
3.680	-1.240
POLYLINE BLACK
2.920	0.680
3.240	0.720
3.320	0.640
3.400	0.640
3.480	0.400
3.640	0.440
3.760	0.680
3.920	0.760
POLYLINE BLACK
2.720	0.760
2.760	0.680
2.920	0.680
POLYLINE BLACK
2.720	0.680
POLYLINE BLACK
-0.080	0.400
0.000	0.320
0.080	0.360
0.160	0.320
0.240	0.360
0.400	0.320
0.560	0.320
0.720	0.360
0.880	0.360
0.960	0.400
1.040	0.360
1.120	0.400
1.200	0.360
1.360	0.440
1.440	0.400
1.600	0.440
1.640	0.320
1.840	0.160
2.080	0.120
2.280	0.320
2.360	0.440
2.360	0.520
2.440	0.600
2.760	0.680
2.840	0.720
POLYLINE BLACK
1.600	-1.240
1.760	-1.240
1.840	-1.280
2.080	-1.080
2.160	-1.120
2.240	-1.040
2.480	-1.080
2.600	-1.200
2.680	-1.240
POLYLINE BLACK
0.120	-1.280
0.280	-1.320
0.520	-1.240
0.680	-1.200
0.680	-1.280
0.760	-1.200
0.760	-1.280
0.840	-1.200
0.920	-1.280
1.080	-1.280
1.240	-1.240
1.400	-1.280
1.560	-1.240
1.720	-1.240
1.880	-1.200
