TRIP
DATE 2024-08-27
DECLINATION 0.0
DATA
0		70.43	-6.34	3.317	>
0		70.39	-6.16	3.318	>
0		70.43	-6.16	3.321	>
0		77.51	10.80	2.494	>
0		28.13	25.04	2.120	>
0		52.73	18.56	3.563	>
0		70.76	9.24	3.710	>
0	1	70.42	-6.22	3.319	>
1		168.64	-8.61	0.597	>
1		351.73	4.67	1.661	>
1		112.08	83.53	4.621	>
1		174.31	-75.88	3.927	>
1		88.32	-40.95	4.760	>
1		88.39	-41.03	4.763	>
1		88.38	-41.10	4.761	>
1	2	88.36	-41.03	4.761	>
2		256.76	28.98	1.814	>
2		280.70	32.43	2.561	>
2		269.53	18.69	1.571	>
2		276.76	16.31	1.802	>
2		272.73	55.49	2.493	>
2		164.26	18.28	1.212	>
2		145.20	-3.21	1.533	>
2		152.35	17.77	3.681	>
2		152.31	17.71	3.681	>
2		152.36	17.72	3.685	>
2	3	152.34	17.73	3.682	>
3		66.95	1.11	0.780	>
3		337.43	-20.29	1.265	>
3		93.48	80.94	5.083	>
3		60.82	-73.88	1.731	>
3		95.13	-62.33	1.703	>
3		109.45	-71.94	1.784	>
3		120.04	-53.98	1.776	>
3		107.88	-46.36	2.205	>
3		92.74	-44.13	1.453	>
3		126.73	-27.70	0.998	>
3		128.62	-27.13	0.995	>
3		128.59	-27.12	0.996	>
3	4	127.98	-27.32	0.996	>
4		63.51	-30.15	4.634	>
4		81.11	-79.41	36.354	>
4		53.23	-79.35	25.401	>
4		52.77	-82.92	25.397	>
4		52.20	-85.41	15.777	>
4		50.31	-84.66	23.918	>

PLAN
STATIONS
0.000	0.000	0
3.108	1.106	1
6.699	1.208	2
8.327	-1.898	3
9.025	-2.443	4
SHOTS
0.000	0.000	2.392	0.530
0.000	0.000	0.905	1.694
0.000	0.000	2.688	2.046
0.000	0.000	3.457	1.207
0.000	0.000	3.108	1.106
3.108	1.106	3.225	0.527
3.108	1.106	2.870	2.744
3.108	1.106	3.590	0.910
3.108	1.106	3.203	0.152
3.108	1.106	6.699	1.208
6.699	1.208	5.154	0.845
6.699	1.208	4.575	1.610
6.699	1.208	5.211	1.196
6.699	1.208	4.981	1.412
6.699	1.208	5.288	1.276
6.699	1.208	7.011	0.101
6.699	1.208	7.572	-0.049
6.699	1.208	8.327	-1.898
8.327	-1.898	9.044	-1.593
8.327	-1.898	7.871	-0.803
8.327	-1.898	9.126	-1.947
8.327	-1.898	8.746	-1.664
8.327	-1.898	9.115	-1.969
8.327	-1.898	8.848	-2.082
8.327	-1.898	9.231	-2.421
8.327	-1.898	9.775	-2.366
8.327	-1.898	9.369	-1.948
8.327	-1.898	9.025	-2.443
9.025	-2.443	12.611	-0.656
9.025	-2.443	15.626	-1.411
9.025	-2.443	12.786	0.367
9.025	-2.443	11.517	-0.549
9.025	-2.443	10.021	-1.670
9.025	-2.443	10.737	-1.022
POLYLINE BLACK
1.290	-0.336
1.493	-0.022
1.810	0.173
2.156	0.298
2.207	0.317
2.576	0.438
2.749	0.427
2.902	0.418
3.053	0.397
3.206	0.387
3.222	0.385
3.240	0.385
3.255	0.393
3.294	0.411
3.327	0.439
3.363	0.463
POLYLINE BLACK
3.280	0.360
3.445	0.398
3.612	0.427
3.775	0.473
3.856	0.496
3.929	0.541
4.010	0.565
4.109	0.593
4.212	0.607
4.313	0.627
4.562	0.676
4.810	0.727
5.059	0.771
5.160	0.789
5.469	0.659
5.473	0.658
5.500	0.650
5.529	0.645
5.558	0.646
5.779	0.651
5.783	0.661
5.978	0.705
POLYLINE BLACK
2.946	2.798
2.998	2.733
3.050	2.668
3.102	2.603
3.202	2.479
3.296	2.350
3.401	2.229
3.437	2.189
3.476	2.151
3.522	2.123
3.749	1.986
3.980	1.858
4.215	1.737
4.273	1.707
4.335	1.682
4.399	1.668
4.549	1.637
4.703	1.626
4.854	1.603
4.954	1.588
5.052	1.557
5.152	1.555
5.549	1.544
5.947	1.569
6.344	1.562
6.442	1.560
6.539	1.536
6.637	1.528
6.657	1.526
6.678	1.526
6.696	1.534
6.733	1.551
6.764	1.580
6.798	1.603
POLYLINE BLACK
6.541	1.313
5.513	1.396
7.137	1.274
4.063	1.201
3.637	1.190
3.593	1.213
3.323	1.296
POLYLINE BLACK
3.219	0.925
3.219	0.922
POLYLINE BLACK
3.201	0.920
3.481	0.893
3.259	0.908
3.582	0.908
3.621	0.908
3.660	0.900
3.698	0.904
3.875	0.924
4.049	0.969
4.226	0.982
4.363	0.991
4.500	0.965
4.637	0.968
4.785	0.971
4.932	1.000
5.080	0.999
5.311	0.997
5.540	0.964
5.771	0.958
5.997	0.952
5.996	1.001
6.233	1.040
6.283	1.048
6.334	1.043
6.385	1.044
POLYLINE BLACK
6.534	1.403
6.535	1.404
POLYLINE BLACK
6.372	0.926
6.373	0.903
6.367	0.835
6.385	0.800
6.420	0.734
6.527	0.762
6.555	0.819
6.597	0.903
6.580	0.977
6.555	1.065
6.549	1.087
6.538	1.109
6.532	1.131
6.518	1.182
6.509	1.234
6.498	1.285
POLYLINE BLACK
7.507	-1.082
7.511	-1.087
7.937	-1.768
8.170	-1.969
8.211	-2.005
8.259	-2.032
8.304	-2.064
POLYLINE BLACK
8.983	-1.545
9.040	-1.635
9.066	-1.736
9.112	-1.832
POLYLINE BLACK
8.267	-2.076
8.280	-2.102
8.288	-2.131
8.306	-2.154
8.396	-2.269
8.469	-2.330
8.592	-2.404
8.636	-2.431
8.744	-2.480
8.802	-2.488
8.865	-2.496
8.930	-2.495
8.994	-2.497
9.002	-2.497
9.010	-2.497
9.018	-2.494
9.031	-2.490
9.043	-2.482
9.056	-2.476
POLYLINE BLACK
12.519	-0.698
12.109	-0.988
12.333	-0.855
11.867	-1.077
11.729	-1.143
11.596	-1.218
11.454	-1.274
11.353	-1.314
11.243	-1.328
11.140	-1.363
10.955	-1.425
10.774	-1.500
10.591	-1.567
10.527	-1.590
10.461	-1.606
10.397	-1.631
10.281	-1.677
10.167	-1.730
10.052	-1.780
9.951	-1.824
9.852	-1.872
9.750	-1.913
9.724	-1.923
9.697	-1.927
9.670	-1.933
9.666	-1.934
9.663	-1.935
9.659	-1.934
9.632	-1.927
9.605	-1.919
9.578	-1.911
POLYLINE BLACK
8.900	-1.546
9.026	-1.590
POLYLINE BLACK
12.588	-0.893
12.282	-1.129
12.433	-1.035
11.953	-1.253
11.882	-1.286
11.807	-1.307
11.737	-1.342
11.648	-1.388
11.571	-1.455
11.480	-1.496
10.782	-1.812
10.788	-1.730
10.250	-2.043
10.106	-2.126
9.975	-2.231
9.830	-2.313
9.575	-2.455
9.452	-2.452
9.146	-2.492
9.122	-2.495
9.097	-2.495
9.073	-2.491
9.037	-2.486
9.002	-2.475
8.967	-2.467
POLYLINE BLACK
9.509	-1.944
9.448	-1.907
9.347	-1.820
9.262	-1.813
9.197	-1.808
9.133	-1.806
9.068	-1.807
8.994	-1.807
8.914	-1.853
8.860	-1.896
8.795	-1.947
8.707	-2.028
8.696	-2.120
8.687	-2.206
8.745	-2.299
8.808	-2.353
8.888	-2.421
8.990	-2.507
9.100	-2.531
9.193	-2.552
9.309	-2.472
9.372	-2.417
9.437	-2.361
9.515	-2.288
9.564	-2.211
9.617	-2.127
9.602	-2.025
9.565	-1.939
9.553	-1.912
9.542	-1.884
9.523	-1.861
9.509	-1.844
9.487	-1.836
9.468	-1.823
POLYLINE BLACK
12.618	-1.364
12.627	-1.390
12.665	-1.477
12.664	-1.521
12.661	-1.598
12.654	-1.675
12.647	-1.752
12.644	-1.789
12.599	-1.755
12.589	-1.746
12.557	-1.713
12.526	-1.678
12.494	-1.644
12.491	-1.640
12.489	-1.636
12.485	-1.634
12.467	-1.623
12.466	-1.667
12.466	-1.670
12.467	-1.738
12.470	-1.806
12.469	-1.874
12.469	-1.885
12.458	-1.885
12.451	-1.882
12.400	-1.858
12.341	-1.754
12.314	-1.720
12.313	-1.718
12.309	-1.717
12.306	-1.717
12.299	-1.718
12.293	-1.729
12.292	-1.734
12.284	-1.775
12.278	-1.816
12.272	-1.857
12.269	-1.876
12.270	-1.894
12.268	-1.913
12.263	-1.953
12.219	-1.946
12.192	-1.938
12.180	-1.935
12.168	-1.931
12.158	-1.925
12.119	-1.903
12.083	-1.877
12.045	-1.853
POLYLINE BLACK
11.981	-1.931
11.938	-1.995
11.916	-2.016
11.894	-2.081
11.891	-2.089
11.884	-2.100
11.890	-2.108
11.898	-2.118
11.929	-2.070
11.931	-2.066
11.950	-2.025
11.942	-1.970
11.919	-1.931
11.880	-1.865
11.806	-1.882
11.758	-1.928
11.733	-1.952
11.714	-1.983
11.695	-2.010
POLYLINE BLACK
11.484	-2.348
11.565	-2.300
11.578	-2.277
11.605	-2.183
11.612	-2.159
11.629	-2.108
11.594	-2.095
11.582	-2.091
11.567	-2.091
11.555	-2.092
11.499	-2.096
11.458	-2.150
11.444	-2.201
11.439	-2.221
11.438	-2.238
11.440	-2.259
11.441	-2.268
11.445	-2.278
11.445	-2.288
11.445	-2.289
11.443	-2.285
11.441	-2.284
11.423	-2.252
11.407	-2.219
11.387	-2.187
11.380	-2.176
11.371	-2.166
11.362	-2.156
11.332	-2.125
11.285	-2.105
11.242	-2.105
11.215	-2.105
11.216	-2.142
11.221	-2.159
11.228	-2.185
11.235	-2.210
11.245	-2.235
11.250	-2.249
11.260	-2.262
11.267	-2.276
11.269	-2.281
11.278	-2.295
11.274	-2.291
11.253	-2.272
11.232	-2.230
11.197	-2.230
11.156	-2.231
11.130	-2.286
11.127	-2.321
11.124	-2.358
11.122	-2.395
11.119	-2.432
11.117	-2.434
11.116	-2.437
11.113	-2.438
11.106	-2.439
11.094	-2.432
11.090	-2.428
11.062	-2.406
11.013	-2.350
10.968	-2.344
10.938	-2.341
10.909	-2.339
10.880	-2.337
POLYLINE BLACK
10.799	-2.486
10.817	-2.464
10.841	-2.447
10.852	-2.421
10.858	-2.406
10.825	-2.442
10.813	-2.454
10.801	-2.466
10.765	-2.500
10.775	-2.524
10.781	-2.538
10.801	-2.547
10.814	-2.551
10.891	-2.574
10.879	-2.570
10.953	-2.576
POLYLINE BLACK
10.880	-2.851
10.812	-2.795
10.759	-2.643
10.661	-2.593
10.632	-2.577
10.599	-2.577
10.566	-2.575
POLYLINE BLACK
10.594	-2.725
10.582	-2.698
10.574	-2.642
10.543	-2.619
10.508	-2.591
10.444	-2.623
10.418	-2.649
10.386	-2.680
10.369	-2.703
10.348	-2.742
10.306	-2.822
10.470	-2.855
10.446	-2.913
10.425	-2.963
10.345	-2.977
10.311	-2.992
POLYLINE BLACK
10.065	-3.077
10.020	-3.119
10.007	-3.138
9.951	-3.164
9.906	-3.185
9.859	-3.203
9.812	-3.221
9.797	-3.226
9.777	-3.221
9.787	-3.201
9.799	-3.176
9.814	-3.152
9.829	-3.128
9.845	-3.100
9.884	-3.064
9.822	-3.073
9.792	-3.078
9.762	-3.084
9.733	-3.089
POLYLINE BLACK
9.562	-3.306
9.591	-3.292
9.622	-3.281
9.640	-3.253
9.656	-3.229
9.680	-3.182
9.660	-3.154
9.643	-3.130
9.600	-3.135
9.576	-3.141
9.522	-3.156
9.477	-3.204
9.446	-3.249
9.434	-3.266
9.421	-3.305
9.435	-3.325
9.436	-3.328
9.442	-3.326
9.443	-3.323
9.448	-3.305
9.443	-3.280
9.434	-3.264
9.420	-3.239
9.392	-3.223
9.367	-3.212
9.319	-3.191
9.286	-3.189
9.233	-3.178
POLYLINE BLACK
8.732	-3.814
8.779	-3.802
8.813	-3.799
8.852	-3.777
8.880	-3.761
8.898	-3.736
8.912	-3.708
8.936	-3.660
8.941	-3.606
8.901	-3.566
8.892	-3.556
8.879	-3.547
8.867	-3.542
8.854	-3.536
8.816	-3.535
8.815	-3.513
8.814	-3.486
8.862	-3.441
8.869	-3.434
8.907	-3.406
8.945	-3.377
8.983	-3.349
8.983	-3.349
8.985	-3.348
8.985	-3.349
8.984	-3.350
8.983	-3.352
8.982	-3.353
8.884	-3.466
8.775	-3.570
8.686	-3.691
8.340	-4.156
8.565	-3.906
8.357	-4.291
8.334	-4.334
8.394	-4.202
8.407	-4.156
8.416	-4.122
8.423	-4.088
8.425	-4.053
8.435	-3.894
8.419	-3.870
8.387	-3.706
POLYLINE BLACK
8.713	-3.939
8.322	-3.950
POLYLINE BLACK
8.107	-4.092
8.155	-4.062
8.178	-4.035
8.202	-3.983
8.215	-3.956
8.227	-3.921
8.229	-3.890
8.233	-3.847
8.189	-3.822
8.153	-3.843
8.119	-3.863
8.092	-3.896
8.067	-3.925
8.049	-3.946
8.038	-3.972
8.019	-3.991
8.016	-3.994
8.012	-3.985
8.011	-3.981
8.009	-3.972
8.011	-3.962
8.011	-3.952
8.010	-3.923
8.011	-3.909
8.001	-3.882
7.984	-3.833
7.945	-3.813
7.905	-3.778
POLYLINE BLACK
7.657	-4.089
7.696	-4.063
7.725	-4.051
7.753	-4.018
7.763	-4.006
7.773	-3.990
7.778	-3.975
7.783	-3.956
7.789	-3.937
7.792	-3.918
7.794	-3.907
7.798	-3.890
7.791	-3.878
7.781	-3.861
7.754	-3.862
7.738	-3.863
7.693	-3.867
7.649	-3.897
7.662	-3.948
7.663	-3.954
7.672	-3.981
7.679	-3.986
7.702	-4.002
7.727	-4.012
7.750	-4.026
POLYLINE BLACK
7.693	-4.427
7.670	-4.282
7.647	-4.137
7.624	-3.992
7.617	-3.968
7.611	-3.943
7.602	-3.919
7.589	-3.886
7.572	-3.856
7.557	-3.824
POLYLINE BLACK
7.482	-3.930
7.475	-3.984
7.470	-4.038
7.460	-4.091
7.453	-4.112
7.446	-4.132
7.439	-4.153
7.435	-4.155
7.431	-4.161
7.428	-4.158
7.404	-4.139
7.423	-4.016
7.358	-4.017
7.336	-4.018
7.313	-4.027
7.295	-4.040
7.288	-4.045
7.282	-4.051
7.275	-4.058
7.267	-4.066
7.254	-4.089
7.237	-4.081
7.228	-4.076
7.223	-4.065
7.219	-4.057
7.205	-4.029
7.193	-3.999
7.179	-3.971
7.151	-3.916
7.101	-3.971
7.071	-3.994
POLYLINE BLACK
6.942	-4.167
6.957	-4.104
6.972	-4.041
6.987	-3.978
6.987	-3.970
6.990	-3.961
6.987	-3.954
6.978	-3.929
6.963	-3.907
6.950	-3.884
POLYLINE BLACK
6.807	-4.208
6.836	-4.242
6.866	-4.275
6.896	-4.308
6.898	-4.313
6.903	-4.318
6.904	-4.323
6.906	-4.334
6.903	-4.344
6.902	-4.355
POLYLINE BLACK
6.659	-4.188
6.676	-4.196
6.697	-4.211
6.719	-4.208
6.785	-4.198
6.860	-4.106
6.815	-4.040
6.802	-4.021
6.780	-4.010
6.759	-4.003
6.751	-4.000
6.690	-3.998
6.685	-3.970
6.683	-3.954
6.696	-3.933
6.705	-3.922
6.735	-3.888
6.766	-3.855
6.799	-3.824
6.838	-3.786
6.882	-3.753
6.921	-3.715
6.970	-3.666
6.975	-3.626
6.908	-3.595
6.888	-3.586
6.868	-3.577
6.846	-3.571
6.819	-3.563
6.791	-3.557
6.763	-3.555
6.673	-3.550
6.582	-3.553
6.492	-3.552
POLYLINE BLACK
9.010	-1.818
9.100	-1.799
9.080	-1.809
9.149	-1.779
9.291	-1.716
9.436	-1.658
9.576	-1.590
9.632	-1.563
9.686	-1.528
9.737	-1.492
9.950	-1.344
10.154	-1.185
10.367	-1.038
10.431	-0.993
10.501	-0.959
10.568	-0.919
POLYLINE BLACK
10.322	-1.010
10.681	-0.876
10.471	-0.964
11.135	-0.451
11.242	-0.368
11.265	-0.329
11.330	-0.240
POLYLINE BLACK
11.237	-0.323
11.670	0.104
11.281	-0.284
12.282	0.951
POLYLINE BLACK
11.197	0.383
11.288	0.398
11.380	0.410
11.471	0.426
11.483	0.428
11.494	0.433
11.505	0.438
11.541	0.452
11.517	0.476
11.495	0.496
11.474	0.514
11.450	0.529
11.429	0.547
11.423	0.553
11.416	0.563
11.413	0.572
11.407	0.587
11.410	0.604
11.417	0.619
11.442	0.669
11.515	0.672
11.562	0.668
11.585	0.666
11.612	0.648
11.628	0.640
POLYLINE BLACK
11.030	0.084
10.989	0.272
11.175	0.444
11.114	0.625
11.112	0.629
11.111	0.632
11.108	0.635
11.086	0.653
11.062	0.670
11.040	0.688
POLYLINE BLACK
11.306	0.425
11.202	0.401
11.145	0.376
11.045	0.382
11.003	0.384
10.961	0.392
10.919	0.397
POLYLINE BLACK
10.773	0.382
10.803	0.412
10.829	0.430
10.849	0.465
10.868	0.498
10.872	0.532
10.871	0.569
10.871	0.580
10.870	0.592
10.868	0.603
10.857	0.656
10.797	0.658
10.760	0.628
10.743	0.614
10.712	0.564
10.690	0.569
10.670	0.573
10.654	0.625
10.649	0.632
10.628	0.666
10.606	0.681
10.575	0.710
POLYLINE BLACK
10.390	0.435
10.420	0.451
10.441	0.458
10.462	0.482
10.502	0.529
10.558	0.655
10.466	0.682
10.427	0.693
10.385	0.668
10.355	0.647
10.306	0.613
10.230	0.548
10.231	0.481
10.231	0.432
10.253	0.393
10.272	0.349
POLYLINE BLACK
10.139	0.038
10.141	0.418
10.169	0.343
10.111	0.595
10.106	0.620
10.067	0.696
10.066	0.699
POLYLINE BLACK
10.038	0.614
10.029	0.564
10.022	0.513
10.012	0.464
10.007	0.441
9.994	0.397
9.988	0.446
9.983	0.495
9.980	0.545
9.973	0.594
9.971	0.613
9.964	0.657
9.938	0.665
9.898	0.677
9.842	0.609
9.826	0.580
9.819	0.566
9.813	0.534
9.790	0.538
9.764	0.543
9.741	0.578
9.714	0.590
9.678	0.607
9.641	0.580
9.612	0.619
9.589	0.653
9.584	0.674
9.569	0.716
9.558	0.748
9.553	0.781
9.528	0.806
9.505	0.827
9.486	0.824
9.451	0.834
POLYLINE BLACK
9.341	0.386
9.388	0.528
POLYLINE BLACK
9.252	0.496
9.303	0.565
9.360	0.633
9.355	0.723
9.354	0.746
9.349	0.773
9.334	0.792
9.325	0.803
9.313	0.811
9.299	0.814
9.239	0.830
9.199	0.739
9.185	0.699
9.174	0.668
9.166	0.637
9.160	0.604
9.156	0.572
9.154	0.540
9.150	0.508
9.150	0.507
9.148	0.508
9.147	0.508
9.145	0.513
9.144	0.518
9.143	0.523
9.133	0.578
9.126	0.634
9.113	0.689
9.092	0.771
9.047	0.852
8.988	0.913
8.962	0.940
8.930	0.952
8.897	0.970
POLYLINE BLACK
13.163	-1.007
13.182	-1.025
13.200	-1.037
13.211	-1.059
13.220	-1.081
13.220	-1.107
13.215	-1.130
13.194	-1.227
13.059	-1.276
12.975	-1.291
12.944	-1.296
12.865	-1.316
12.836	-1.277
12.817	-1.251
12.820	-1.208
12.831	-1.179
12.870	-1.071
13.024	-0.952
13.084	-0.884
13.094	-0.871
13.171	-0.784
13.141	-0.742
13.129	-0.726
13.096	-0.713
13.083	-0.706
POLYLINE BLACK
13.095	-0.526
13.078	-0.460
13.082	-0.495
13.083	-0.423
POLYLINE BLACK
13.241	0.881
13.255	0.860
13.270	0.839
13.282	0.816
13.324	0.739
13.289	0.648
13.240	0.585
13.224	0.565
13.200	0.544
13.174	0.536
13.158	0.531
13.140	0.528
13.123	0.529
13.071	0.534
12.985	0.573
12.970	0.628
12.957	0.672
12.987	0.740
13.009	0.771
13.150	0.961
13.184	0.962
13.355	1.132
13.373	1.150
13.409	1.200
13.388	1.228
13.359	1.266
13.256	1.280
13.214	1.289
POLYLINE BLACK
13.102	1.523
13.116	1.525
13.130	1.523
13.143	1.529
13.146	1.530
13.132	1.536
13.135	1.538
13.149	1.547
13.155	1.544
13.163	1.539
POLYLINE BLACK
11.978	1.347
12.033	1.315
12.057	1.305
12.117	1.336
12.152	1.355
12.190	1.374
12.218	1.402
12.228	1.412
12.234	1.427
12.236	1.441
12.239	1.476
12.224	1.498
12.187	1.504
12.163	1.509
12.138	1.512
12.114	1.513
12.099	1.514
12.068	1.513
12.052	1.506
12.029	1.497
11.965	1.480
11.943	1.449
11.924	1.422
11.934	1.381
11.953	1.357
11.963	1.345
11.977	1.336
11.990	1.330
12.002	1.324
12.014	1.311
12.026	1.316
12.049	1.325
12.062	1.350
12.081	1.368
POLYLINE BLACK
11.590	1.073
11.605	1.087
11.622	1.099
11.634	1.115
11.692	1.193
11.736	1.287
11.747	1.385
11.752	1.436
11.752	1.488
11.754	1.540
POLYLINE BLACK
11.773	1.534
11.743	1.537
11.713	1.542
11.682	1.542
11.665	1.543
11.648	1.541
11.631	1.538
11.595	1.530
11.561	1.518
11.526	1.507
11.511	1.502
11.500	1.485
11.499	1.470
11.492	1.388
11.568	1.332
11.635	1.305
11.670	1.291
11.694	1.333
11.692	1.363
11.691	1.380
11.681	1.400
11.676	1.414
POLYLINE BLACK
11.239	1.268
11.265	1.265
11.291	1.262
11.318	1.261
11.333	1.261
11.353	1.265
11.368	1.271
11.475	1.314
11.303	1.430
11.277	1.455
11.268	1.463
11.250	1.480
11.260	1.495
11.266	1.504
11.284	1.513
11.295	1.513
11.296	1.513
11.295	1.511
11.295	1.510
11.232	1.462
11.165	1.420
11.105	1.368
11.060	1.328
11.020	1.282
10.981	1.235
10.918	1.157
10.894	1.098
10.858	1.004
10.854	0.995
10.849	0.984
10.852	0.974
10.854	0.969
10.862	0.978
10.866	0.981
10.879	0.995
10.891	1.009
10.900	1.025
10.923	1.064
10.945	1.104
10.962	1.147
10.984	1.206
11.003	1.268
11.016	1.331
11.046	1.472
11.039	1.463
11.019	1.574
POLYLINE BLACK
11.212	1.330
11.136	1.307
11.069	1.295
10.992	1.312
10.973	1.316
10.954	1.323
10.935	1.328
POLYLINE BLACK
10.576	1.299
10.620	1.281
10.656	1.269
10.695	1.301
10.720	1.321
10.744	1.342
10.766	1.365
10.791	1.390
10.823	1.428
10.831	1.465
10.834	1.483
10.830	1.520
10.804	1.515
10.758	1.506
10.699	1.447
10.674	1.428
10.674	1.428
10.674	1.428
10.675	1.428
10.679	1.431
10.683	1.433
10.687	1.436
10.692	1.440
10.696	1.447
10.698	1.453
10.703	1.465
10.708	1.484
10.707	1.496
10.702	1.543
10.696	1.589
10.688	1.635
10.679	1.685
10.669	1.695
10.645	1.738
POLYLINE BLACK
10.656	1.594
10.646	1.563
10.638	1.532
10.625	1.502
10.600	1.446
10.539	1.371
10.503	1.329
10.502	1.327
10.502	1.333
10.501	1.335
10.514	1.374
10.530	1.413
10.539	1.454
10.546	1.485
10.546	1.517
10.549	1.549
10.549	1.556
10.548	1.565
10.544	1.572
10.529	1.597
10.470	1.590
10.456	1.592
10.435	1.596
10.415	1.604
10.394	1.608
10.332	1.618
10.284	1.602
10.271	1.537
10.262	1.495
10.258	1.453
10.250	1.411
10.244	1.381
10.226	1.357
10.194	1.354
10.177	1.353
10.156	1.353
10.142	1.365
10.131	1.375
10.126	1.395
10.128	1.409
10.133	1.438
10.140	1.466
10.145	1.495
10.163	1.537
10.190	1.577
10.197	1.621
10.201	1.644
10.184	1.665
10.177	1.687
POLYLINE BLACK
9.978	1.258
10.007	1.262
POLYLINE BLACK
9.782	1.356
9.818	1.346
9.858	1.330
9.897	1.340
9.957	1.355
10.024	1.444
10.044	1.500
10.052	1.522
10.069	1.570
10.062	1.599
10.058	1.614
10.046	1.628
10.033	1.638
9.998	1.665
9.961	1.680
9.920	1.656
9.849	1.614
9.823	1.514
9.819	1.438
9.819	1.434
9.824	1.444
9.827	1.447
9.832	1.467
9.839	1.488
9.843	1.509
9.846	1.528
9.847	1.547
9.848	1.566
9.849	1.616
9.824	1.678
9.765	1.654
9.756	1.650
9.740	1.641
9.734	1.633
9.623	1.485
9.781	1.676
9.629	1.444
9.623	1.435
9.631	1.467
9.632	1.478
9.635	1.500
9.639	1.522
9.641	1.543
9.641	1.558
9.640	1.573
9.639	1.587
9.632	1.648
9.563	1.641
9.535	1.603
9.522	1.584
9.510	1.563
9.497	1.543
9.490	1.532
9.486	1.502
9.474	1.510
9.461	1.518
9.477	1.542
9.475	1.558
9.473	1.583
9.431	1.546
9.413	1.556
9.393	1.568
9.394	1.602
9.388	1.622
9.368	1.679
9.291	1.650
9.254	1.631
9.235	1.621
9.218	1.608
9.199	1.599
9.197	1.598
9.193	1.600
9.193	1.603
9.193	1.608
9.197	1.612
9.199	1.617
9.201	1.622
9.204	1.627
9.205	1.632
9.210	1.650
9.211	1.672
9.208	1.690
9.203	1.720
9.197	1.750
9.188	1.779
9.170	1.835
9.145	1.889
9.127	1.945
9.111	1.992
9.111	2.074
9.158	2.107
9.210	2.143
9.277	2.149
9.338	2.150
9.372	2.151
9.406	2.147
9.440	2.144
9.445	2.143
9.458	2.142
9.464	2.137
9.469	2.132
9.466	2.123
9.462	2.118
9.440	2.085
9.388	2.050
9.366	2.036
9.276	1.977
9.223	1.964
9.120	1.925
POLYLINE BLACK
11.390	2.197
11.408	2.178
11.467	2.132
11.465	2.099
11.464	2.086
11.450	2.072
11.438	2.068
11.350	2.032
11.281	2.010
11.184	2.018
11.180	2.019
11.186	2.026
11.187	2.029
11.273	2.081
11.361	2.131
11.445	2.185
11.479	2.207
11.513	2.240
11.530	2.278
11.551	2.327
11.517	2.359
11.478	2.385
11.400	2.438
11.259	2.415
11.231	2.314
11.215	2.255
11.260	2.189
11.323	2.190
11.357	2.191
11.394	2.212
11.423	2.222
POLYLINE BLACK
10.950	2.106
10.975	2.096
11.000	2.081
11.028	2.086
11.042	2.089
11.055	2.096
11.066	2.105
11.100	2.129
11.120	2.157
11.127	2.198
11.131	2.217
11.133	2.238
11.129	2.257
11.123	2.285
11.104	2.308
11.080	2.323
11.026	2.356
10.989	2.371
10.928	2.347
10.906	2.338
10.888	2.327
10.870	2.310
10.810	2.255
10.805	2.143
10.842	2.075
10.849	2.062
10.860	2.044
10.876	2.042
10.889	2.040
10.907	2.045
10.916	2.052
10.963	2.084
11.008	2.119
11.054	2.152
POLYLINE BLACK
12.038	2.099
12.068	2.144
12.124	2.202
12.104	2.263
12.086	2.321
12.008	2.345
11.953	2.335
11.920	2.329
11.890	2.313
11.865	2.290
11.826	2.253
11.808	2.190
11.817	2.138
11.823	2.103
11.838	2.071
11.861	2.044
11.893	2.007
11.936	1.981
11.981	1.964
12.026	1.947
12.058	2.009
12.056	2.045
12.055	2.074
12.044	2.101
12.036	2.128
POLYLINE BLACK
11.737	2.183
11.655	2.186
POLYLINE BLACK
10.697	2.421
10.650	2.335
10.648	2.320
10.579	2.244
10.559	2.221
10.535	2.201
10.512	2.181
10.509	2.179
10.505	2.177
10.501	2.177
10.476	2.175
10.480	2.241
10.481	2.246
10.483	2.275
10.491	2.303
10.491	2.331
10.491	2.335
10.484	2.334
10.481	2.332
10.473	2.328
10.467	2.320
10.461	2.314
10.436	2.286
10.413	2.256
10.388	2.230
10.386	2.228
10.383	2.230
10.381	2.231
10.378	2.234
10.377	2.237
10.376	2.241
10.373	2.250
10.371	2.260
10.370	2.269
10.365	2.313
10.365	2.357
10.359	2.401
10.359	2.404
10.354	2.406
10.351	2.406
10.346	2.405
10.341	2.400
10.337	2.396
10.305	2.362
10.274	2.325
10.242	2.291
10.222	2.270
10.204	2.264
10.202	2.298
10.200	2.352
10.194	2.406
10.197	2.459
10.200	2.498
10.212	2.535
10.220	2.572
POLYLINE BLACK
8.411	0.274
8.909	1.047
POLYLINE BLACK
8.348	0.423
8.549	1.008
8.497	0.776
8.561	1.103
POLYLINE BLACK
8.182	0.719
8.286	0.761
8.391	0.802
8.495	0.846
8.512	0.853
8.507	0.869
8.494	0.876
8.448	0.902
8.380	0.920
8.358	0.976
8.334	1.035
8.344	1.080
8.375	1.134
8.380	1.143
8.387	1.151
8.392	1.160
8.406	1.184
8.419	1.210
8.433	1.235
POLYLINE BLACK
8.079	0.943
8.096	0.938
8.114	0.933
8.131	0.929
8.188	0.918
8.231	1.014
8.246	1.040
8.262	1.065
8.287	1.113
8.277	1.147
8.270	1.176
8.226	1.179
8.202	1.172
8.192	1.170
8.183	1.165
8.174	1.158
8.159	1.145
8.151	1.132
8.140	1.115
8.132	1.101
8.128	1.085
8.117	1.073
8.113	1.068
8.120	1.087
8.122	1.093
8.129	1.112
8.136	1.130
8.142	1.148
POLYLINE BLACK
7.818	1.012
7.860	1.001
7.890	0.989
7.933	0.992
7.945	0.993
8.009	0.994
8.022	1.019
8.034	1.043
8.007	1.082
7.997	1.096
7.988	1.110
7.976	1.123
7.965	1.137
7.953	1.151
7.939	1.164
7.942	1.184
7.949	1.231
8.050	1.270
8.085	1.286
POLYLINE BLACK
7.688	0.776
7.869	1.199
7.823	1.020
7.878	1.295
POLYLINE BLACK
7.635	1.146
7.930	1.261
7.685	1.174
7.939	1.245
7.972	1.254
8.006	1.282
8.008	1.318
8.011	1.357
7.988	1.395
7.953	1.413
7.912	1.434
7.866	1.437
7.821	1.446
POLYLINE BLACK
7.518	1.312
7.578	1.321
7.639	1.328
7.699	1.338
7.718	1.341
7.744	1.349
7.759	1.364
7.779	1.385
7.762	1.421
7.740	1.432
7.717	1.444
7.686	1.433
7.669	1.455
7.647	1.485
7.645	1.538
7.637	1.568
7.631	1.591
7.617	1.612
7.606	1.632
POLYLINE BLACK
7.353	1.570
7.397	1.551
7.435	1.535
7.481	1.552
7.519	1.567
7.546	1.586
7.579	1.612
7.617	1.642
7.628	1.675
7.592	1.712
7.574	1.731
7.550	1.749
7.522	1.749
7.485	1.749
7.448	1.722
7.420	1.699
7.410	1.690
7.405	1.675
7.411	1.662
7.412	1.658
7.413	1.653
7.416	1.652
7.439	1.646
7.463	1.644
7.486	1.640
POLYLINE BLACK
7.266	1.386
7.344	1.521
7.438	1.656
7.469	1.812
7.473	1.830
7.473	1.849
7.475	1.868
POLYLINE BLACK
7.293	1.757
7.317	1.767
7.340	1.773
7.354	1.796
7.360	1.807
7.364	1.819
7.366	1.831
7.380	1.917
7.288	1.852
7.250	1.897
7.247	1.900
7.241	1.909
7.241	1.913
7.240	2.070
7.228	2.232
7.267	2.386
7.277	2.428
7.293	2.467
7.310	2.506
7.343	2.584
7.388	2.620
7.473	2.630
7.514	2.635
7.554	2.637
7.595	2.638
7.614	2.638
7.632	2.635
7.651	2.632
7.661	2.630
7.671	2.626
7.680	2.623
7.691	2.619
7.689	2.608
7.678	2.606
7.540	2.579
7.404	2.545
7.264	2.530
7.154	2.518
7.042	2.527
6.930	2.525
POLYLINE BLACK
12.252	1.951
12.267	1.927
12.279	1.897
12.305	1.883
12.364	1.850
12.417	1.906
12.447	1.951
12.497	2.025
12.552	2.125
12.507	2.214
12.495	2.238
12.464	2.253
12.443	2.262
12.365	2.297
12.274	2.269
12.233	2.192
12.195	2.120
12.206	1.992
12.315	2.010
12.387	2.023
12.417	2.104
12.430	2.166
12.434	2.182
12.432	2.199
12.433	2.215
POLYLINE BLACK
5.906	0.672
6.061	0.666
6.216	0.663
6.371	0.655
6.390	0.654
6.428	0.646
6.447	0.635
6.607	0.540
6.767	0.298
6.848	0.181
6.982	-0.012
7.120	-0.204
7.227	-0.412
7.438	-0.821
7.457	-0.904
7.537	-1.192
POLYLINE BLACK
6.576	1.499
6.628	1.484
6.661	1.469
6.672	1.412
6.678	1.380
6.675	1.348
6.689	1.318
6.705	1.286
6.820	1.029
6.888	0.952
7.180	0.623
7.236	0.643
7.425	0.284
7.474	0.190
7.507	0.088
7.545	-0.012
7.632	-0.243
7.690	-0.488
7.801	-0.709
7.927	-0.958
8.090	-1.187
8.250	-1.416
8.292	-1.477
8.349	-1.525
8.403	-1.576
8.427	-1.599
8.455	-1.619
8.484	-1.638
8.545	-1.679
8.596	-1.702
8.670	-1.702
8.675	-1.703
8.779	-1.702
8.804	-1.685
8.827	-1.668
8.844	-1.644
8.864	-1.624
POLYLINE BLACK
7.080	-1.214
7.058	-1.215
6.844	-1.267
6.928	-1.174
6.962	-1.136
6.997	-1.097
7.035	-1.062
7.064	-1.035
7.098	-1.015
7.129	-0.990
7.134	-0.986
7.127	-0.980
7.124	-0.979
7.120	-0.977
7.115	-0.974
7.111	-0.974
7.051	-0.967
6.992	-0.963
6.932	-0.957
POLYLINE BLACK
6.617	-1.141
6.650	-1.150
6.694	-1.169
6.733	-1.168
6.747	-1.167
6.761	-1.164
6.774	-1.158
6.807	-1.143
6.852	-1.099
6.849	-1.058
6.846	-1.011
6.756	-1.004
6.724	-1.017
6.666	-1.039
6.631	-1.058
6.580	-1.095
6.552	-1.115
6.511	-1.157
6.523	-1.197
6.529	-1.218
6.565	-1.235
6.582	-1.216
6.596	-1.198
6.597	-1.163
6.596	-1.143
6.590	-1.063
6.538	-0.991
6.500	-0.924
POLYLINE BLACK
6.118	-1.215
6.185	-1.189
6.239	-1.177
6.294	-1.139
6.330	-1.113
6.369	-1.056
6.326	-1.020
6.261	-0.965
6.136	-1.059
6.086	-1.096
6.077	-1.103
6.071	-1.112
6.063	-1.118
6.061	-1.119
6.058	-1.117
6.057	-1.116
6.052	-1.112
6.050	-1.100
6.049	-1.095
6.041	-1.042
6.033	-0.988
6.025	-0.934
POLYLINE BLACK
5.919	-1.301
5.913	-1.300
POLYLINE BLACK
5.627	-1.247
5.692	-1.249
5.753	-1.242
5.795	-1.187
5.803	-1.176
5.807	-1.162
5.799	-1.150
5.783	-1.128
5.731	-1.102
5.726	-1.074
5.722	-1.056
5.743	-1.042
5.756	-1.035
5.771	-1.028
5.819	-1.002
5.842	-1.007
5.853	-1.010
5.863	-1.013
5.874	-1.016
POLYLINE BLACK
5.482	-1.518
5.523	-1.393
5.565	-1.268
5.604	-1.142
5.605	-1.137
5.614	-1.095
5.603	-1.088
5.585	-1.074
5.565	-1.063
5.546	-1.051
POLYLINE BLACK
5.296	-1.198
5.373	-1.163
5.450	-1.129
5.526	-1.094
5.535	-1.089
5.548	-1.079
5.550	-1.068
5.558	-1.037
5.494	-1.013
5.482	-1.008
5.413	-0.985
5.343	-0.965
5.273	-0.944
POLYLINE BLACK
6.663	-0.818
6.964	-0.511
6.836	-0.622
7.030	-0.464
POLYLINE BLACK
6.921	-0.651
6.965	-0.590
7.008	-0.530
7.052	-0.469
7.053	-0.464
7.056	-0.460
7.056	-0.455
7.056	-0.441
7.036	-0.443
7.028	-0.445
6.990	-0.453
6.974	-0.467
6.941	-0.484
6.922	-0.495
6.903	-0.503
6.883	-0.513
POLYLINE BLACK
4.954	-1.256
4.909	-1.260
4.822	-1.316
4.760	-1.301
4.742	-1.297
4.725	-1.290
4.707	-1.285
POLYLINE BLACK
4.306	-1.595
4.353	-1.603
4.395	-1.609
4.439	-1.588
4.477	-1.571
4.514	-1.551
4.550	-1.529
4.570	-1.517
4.589	-1.502
4.606	-1.487
4.608	-1.486
4.656	-1.447
4.650	-1.426
4.647	-1.413
4.627	-1.411
4.617	-1.408
4.557	-1.395
4.498	-1.382
4.439	-1.368
4.436	-1.367
4.433	-1.365
4.430	-1.363
4.417	-1.354
4.412	-1.339
4.410	-1.324
4.406	-1.273
4.459	-1.245
4.497	-1.226
4.511	-1.220
4.525	-1.213
4.540	-1.210
4.570	-1.205
4.600	-1.205
4.630	-1.203
POLYLINE BLACK
4.216	-1.600
4.234	-1.562
4.253	-1.525
4.268	-1.486
4.274	-1.472
4.278	-1.456
4.280	-1.441
4.284	-1.416
4.284	-1.391
4.285	-1.366
4.287	-1.298
4.205	-1.335
4.175	-1.357
4.167	-1.363
4.160	-1.369
4.154	-1.377
4.146	-1.385
4.117	-1.437
4.110	-1.433
4.106	-1.431
4.106	-1.424
4.106	-1.420
4.104	-1.406
4.105	-1.393
4.103	-1.380
4.093	-1.325
4.069	-1.295
4.039	-1.244
POLYLINE BLACK
3.711	-1.534
3.740	-1.536
3.771	-1.544
3.800	-1.536
3.859	-1.521
3.911	-1.433
3.905	-1.373
3.900	-1.327
3.830	-1.352
3.810	-1.368
3.763	-1.405
3.755	-1.444
3.772	-1.500
3.773	-1.505
3.788	-1.545
3.801	-1.542
3.819	-1.538
3.835	-1.528
3.853	-1.521
POLYLINE BLACK
3.817	-1.547
3.815	-1.086
3.822	-1.672
3.800	-1.201
3.799	-1.182
3.797	-1.111
3.828	-1.096
3.869	-1.078
4.004	-1.127
4.025	-1.133
POLYLINE BLACK
3.733	-1.357
3.703	-1.357
3.672	-1.356
3.642	-1.359
3.611	-1.362
3.572	-1.372
3.547	-1.392
3.533	-1.403
3.492	-1.465
3.532	-1.467
3.572	-1.469
3.610	-1.440
3.626	-1.406
3.630	-1.397
3.632	-1.386
3.626	-1.377
3.618	-1.366
3.598	-1.361
3.586	-1.361
3.476	-1.353
3.496	-1.358
3.375	-1.378
POLYLINE BLACK
3.312	-1.504
3.316	-1.458
3.322	-1.438
3.315	-1.398
3.303	-1.330
3.223	-1.322
3.207	-1.394
3.200	-1.424
3.202	-1.450
3.207	-1.482
3.209	-1.498
3.213	-1.514
3.218	-1.529
3.222	-1.545
3.235	-1.558
3.225	-1.573
3.208	-1.600
3.135	-1.614
3.127	-1.617
3.084	-1.630
3.041	-1.641
2.998	-1.653
POLYLINE BLACK
2.985	-1.614
3.008	-1.590
3.032	-1.568
3.054	-1.543
3.081	-1.511
3.098	-1.469
3.095	-1.427
3.094	-1.416
3.092	-1.404
3.083	-1.396
3.053	-1.369
2.961	-1.390
2.929	-1.407
2.889	-1.428
2.860	-1.470
2.837	-1.507
2.830	-1.519
2.808	-1.566
2.816	-1.582
2.817	-1.584
2.821	-1.579
2.823	-1.577
2.830	-1.561
2.838	-1.546
2.844	-1.530
2.849	-1.514
2.855	-1.497
2.856	-1.479
2.864	-1.312
2.865	-1.336
2.847	-1.230
POLYLINE BLACK
2.684	-1.532
2.758	-1.013
2.786	-1.205
2.735	-0.952
POLYLINE BLACK
2.662	-1.721
2.653	-1.788
POLYLINE BLACK
2.558	-1.509
2.502	-1.496
2.399	-1.473
2.366	-1.545
2.361	-1.556
2.354	-1.574
2.360	-1.587
2.366	-1.597
2.380	-1.599
2.390	-1.597
2.475	-1.585
2.510	-1.532
2.537	-1.453
2.542	-1.438
2.558	-1.395
2.537	-1.381
2.522	-1.371
2.493	-1.378
2.479	-1.381
2.406	-1.398
2.346	-1.446
2.293	-1.495
2.277	-1.509
2.265	-1.527
2.249	-1.540
2.235	-1.552
2.237	-1.513
2.235	-1.506
2.225	-1.466
2.158	-1.512
2.144	-1.524
2.137	-1.530
2.131	-1.537
2.125	-1.544
2.119	-1.550
2.113	-1.562
2.103	-1.563
2.089	-1.564
2.081	-1.542
2.078	-1.533
2.072	-1.514
2.067	-1.494
2.063	-1.475
2.060	-1.460
2.061	-1.445
2.057	-1.431
2.056	-1.429
2.053	-1.427
2.050	-1.426
2.042	-1.425
2.028	-1.437
2.024	-1.441
2.002	-1.462
1.982	-1.484
1.962	-1.507
1.940	-1.531
1.921	-1.557
1.900	-1.580
1.897	-1.583
1.893	-1.584
1.890	-1.585
1.867	-1.588
1.857	-1.543
1.854	-1.531
1.852	-1.520
1.851	-1.509
1.850	-1.498
1.842	-1.400
1.869	-1.615
1.840	-1.409
POLYLINE BLACK
1.683	-1.607
1.675	-1.579
1.668	-1.547
1.635	-1.540
1.620	-1.537
1.612	-1.539
1.601	-1.531
1.581	-1.517
1.576	-1.482
1.578	-1.462
1.591	-1.317
1.611	-1.173
1.629	-1.029
1.634	-0.991
1.679	-0.952
1.715	-0.946
1.723	-0.944
1.732	-0.943
1.740	-0.943
1.855	-0.949
1.971	-0.961
2.086	-0.965
2.126	-0.967
2.156	-0.956
2.193	-0.945
POLYLINE BLACK
1.178	-1.835
1.193	-1.771
1.210	-1.707
1.224	-1.642
1.229	-1.618
1.232	-1.588
1.226	-1.563
1.218	-1.526
1.193	-1.466
1.147	-1.462
1.054	-1.453
0.965	-1.539
0.938	-1.621
0.921	-1.671
0.919	-1.708
0.920	-1.762
0.920	-1.778
0.922	-1.793
0.925	-1.808
0.928	-1.823
0.945	-1.866
0.938	-1.853
0.759	-1.527
0.887	-1.707
0.778	-1.560
POLYLINE BLACK
0.704	-1.884
0.682	-1.894
0.662	-1.905
0.640	-1.914
0.597	-1.932
0.547	-1.904
0.573	-1.855
0.613	-1.781
0.645	-1.749
0.663	-1.680
0.668	-1.664
0.666	-1.640
0.663	-1.626
0.651	-1.555
0.617	-1.534
0.547	-1.563
0.526	-1.573
0.485	-1.607
0.475	-1.614
POLYLINE BLACK
0.657	-2.215
0.615	-2.175
POLYLINE BLACK
0.384	-1.813
0.314	-1.753
0.321	-1.742
0.307	-1.643
0.284	-1.482
0.261	-1.321
0.240	-1.160
0.240	-1.157
0.242	-1.154
0.244	-1.151
0.259	-1.130
0.313	-1.150
0.325	-1.156
0.403	-1.196
0.483	-1.232
0.554	-1.283
0.573	-1.297
0.578	-1.324
0.590	-1.345
POLYLINE BLACK
-0.108	-1.938
-0.075	-1.953
-0.048	-1.961
-0.014	-1.946
0.051	-1.917
0.072	-1.885
0.103	-1.821
0.111	-1.804
0.117	-1.782
0.118	-1.763
0.120	-1.735
0.119	-1.704
0.086	-1.698
0.075	-1.696
0.058	-1.694
0.048	-1.697
0.016	-1.707
-0.016	-1.720
-0.048	-1.731
POLYLINE BLACK
0.011	-2.342
0.063	-2.244
POLYLINE BLACK
-0.761	-1.969
-0.736	-1.996
-0.726	-2.014
-0.698	-2.030
-0.683	-2.038
-0.666	-2.041
-0.649	-2.042
-0.572	-2.046
-0.505	-2.020
-0.468	-1.951
-0.456	-1.929
-0.448	-1.902
-0.452	-1.877
-0.463	-1.808
-0.518	-1.757
-0.554	-1.702
-0.556	-1.699
-0.556	-1.695
-0.556	-1.691
-0.550	-1.665
-0.488	-1.672
-0.472	-1.676
-0.433	-1.687
-0.403	-1.708
-0.366	-1.728
POLYLINE BLACK
-0.615	-2.443
-0.651	-2.358
POLYLINE BLACK
-0.781	-1.845
-0.795	-1.780
-0.773	-1.665
-0.814	-1.593
-0.821	-1.580
-0.827	-1.572
-0.839	-1.564
-0.863	-1.547
-0.900	-1.562
-0.909	-1.590
-0.921	-1.632
-0.908	-1.683
-0.889	-1.721
-0.858	-1.781
-0.825	-1.839
-0.794	-1.898
-0.792	-1.904
-0.792	-1.913
-0.794	-1.918
-0.798	-1.928
-0.809	-1.936
-0.819	-1.938
-0.872	-1.953
-0.897	-1.949
-0.948	-1.934
POLYLINE BLACK
-1.279	-1.904
-1.202	-1.875
-1.129	-1.841
-1.085	-1.768
-1.078	-1.756
-1.076	-1.738
-1.077	-1.724
-1.082	-1.684
-1.097	-1.652
-1.143	-1.650
-1.218	-1.645
-1.273	-1.654
-1.334	-1.698
-1.348	-1.707
-1.363	-1.721
-1.372	-1.736
-1.409	-1.796
-1.369	-1.882
-1.325	-1.927
-1.312	-1.940
-1.298	-1.952
-1.283	-1.963
-1.235	-1.998
-1.188	-2.020
-1.141	-1.975
-1.125	-1.958
-1.114	-1.940
-1.108	-1.917
-1.102	-1.889
-1.109	-1.848
-1.111	-1.825
POLYLINE BLACK
-1.607	-1.898
-1.587	-1.897
-1.566	-1.897
-1.545	-1.895
-1.527	-1.894
-1.508	-1.881
-1.497	-1.867
-1.473	-1.840
-1.452	-1.794
-1.483	-1.764
-1.499	-1.750
-1.517	-1.738
-1.539	-1.735
-1.591	-1.728
-1.654	-1.752
-1.690	-1.789
-1.707	-1.805
-1.722	-1.823
-1.713	-1.847
-1.698	-1.884
-1.629	-1.921
-1.614	-1.933
POLYLINE BLACK
-1.669	-2.329
-1.700	-2.209
-1.664	-1.922
-1.745	-1.770
-1.758	-1.745
-1.776	-1.727
-1.794	-1.706
POLYLINE BLACK
-2.129	-2.589
-2.082	-2.410
-2.033	-2.232
-1.987	-2.054
-1.984	-2.041
-2.004	-2.037
-2.011	-2.036
-2.026	-2.034
-2.036	-2.038
-2.048	-2.031
-2.074	-2.018
-2.069	-1.980
-2.060	-1.959
-2.056	-1.950
-2.052	-1.940
-2.046	-1.933
-2.017	-1.896
-1.988	-1.865
-1.949	-1.838
-1.919	-1.818
-1.887	-1.801
-1.857	-1.781
-1.851	-1.778
-1.845	-1.769
-1.846	-1.762
-1.847	-1.744
-1.891	-1.727
-1.897	-1.726
-2.031	-1.692
-2.032	-1.694
-2.126	-1.685
POLYLINE BLACK
-2.367	-1.901
-2.335	-1.893
-2.309	-1.888
-2.288	-1.862
-2.270	-1.840
-2.260	-1.819
-2.250	-1.791
-2.240	-1.766
-2.236	-1.719
-2.269	-1.707
-2.284	-1.701
-2.303	-1.704
-2.318	-1.709
-2.364	-1.724
-2.389	-1.772
-2.378	-1.819
-2.369	-1.856
-2.371	-1.900
-2.347	-1.930
-2.336	-1.945
-2.311	-1.928
-2.293	-1.927
POLYLINE BLACK
-2.427	-2.208
-2.422	-2.176
POLYLINE BLACK
-2.496	-1.797
-2.511	-1.822
-2.527	-1.846
-2.542	-1.871
-2.546	-1.877
-2.532	-1.858
-2.528	-1.852
-2.526	-1.849
-2.525	-1.846
-2.524	-1.842
-2.521	-1.828
-2.529	-1.815
-2.538	-1.805
-2.624	-1.707
-2.616	-1.700
-2.744	-1.681
-2.748	-1.680
-2.777	-1.676
-2.789	-1.682
-2.819	-1.696
-2.790	-1.762
-2.785	-1.774
-2.780	-1.788
-2.774	-1.800
-2.767	-1.813
-2.756	-1.830
-2.716	-1.864
-2.753	-1.880
-2.760	-1.883
-2.766	-1.886
-2.774	-1.887
-2.966	-1.899
-3.159	-1.908
-3.352	-1.919
POLYLINE BLACK
4.780	-0.881
4.786	-0.842
4.791	-0.802
4.796	-0.762
4.810	-0.688
4.830	-0.615
4.839	-0.540
4.846	-0.482
4.842	-0.423
4.845	-0.365
4.845	-0.359
4.844	-0.352
4.848	-0.347
4.850	-0.344
4.855	-0.346
4.858	-0.348
4.863	-0.351
4.867	-0.355
4.870	-0.360
4.878	-0.368
4.884	-0.377
4.890	-0.387
4.924	-0.443
4.931	-0.516
4.916	-0.579
4.896	-0.669
4.869	-0.716
4.818	-0.800
4.801	-0.827
4.770	-0.867
4.742	-0.890
4.719	-0.908
4.682	-0.928
4.651	-0.917
4.633	-0.910
4.618	-0.890
4.608	-0.874
4.588	-0.841
4.568	-0.800
4.603	-0.770
4.612	-0.762
4.633	-0.744
4.647	-0.741
4.735	-0.721
4.824	-0.705
4.912	-0.687
POLYLINE BLACK
4.529	-0.893
4.530	-0.852
4.530	-0.811
4.531	-0.770
4.529	-0.758
4.529	-0.745
4.525	-0.734
4.524	-0.731
4.518	-0.729
4.516	-0.731
4.511	-0.736
4.510	-0.745
4.507	-0.752
4.493	-0.789
4.480	-0.826
4.465	-0.863
4.439	-0.923
4.347	-0.963
4.290	-0.974
4.250	-0.982
4.241	-0.924
4.275	-0.900
4.301	-0.881
4.329	-0.865
4.355	-0.846
4.405	-0.810
4.334	-0.779
4.301	-0.778
4.152	-0.772
4.302	-0.784
4.131	-0.768
POLYLINE BLACK
4.053	-0.935
4.072	-0.914
4.093	-0.894
4.112	-0.873
4.127	-0.855
4.147	-0.814
4.127	-0.793
4.107	-0.772
4.065	-0.777
4.042	-0.786
4.034	-0.789
4.027	-0.792
4.020	-0.796
4.009	-0.803
4.000	-0.813
3.989	-0.819
3.986	-0.820
3.981	-0.820
3.980	-0.817
3.978	-0.812
3.982	-0.807
3.983	-0.801
3.993	-0.744
4.006	-0.687
4.013	-0.630
4.019	-0.576
4.018	-0.521
4.022	-0.467
4.022	-0.464
4.024	-0.461
4.025	-0.458
4.041	-0.425
4.104	-0.440
4.124	-0.443
4.173	-0.450
4.222	-0.466
4.272	-0.472
4.305	-0.476
4.338	-0.472
4.370	-0.471
POLYLINE BLACK
3.637	-0.997
3.650	-1.001
3.677	-1.012
3.695	-1.011
3.772	-1.007
3.807	-0.934
3.786	-0.865
3.781	-0.849
3.774	-0.837
3.763	-0.824
3.752	-0.809
3.731	-0.793
3.738	-0.772
3.750	-0.731
3.836	-0.711
3.872	-0.700
POLYLINE BLACK
3.586	-0.929
3.583	-0.851
3.581	-0.774
3.579	-0.696
3.572	-0.631
3.553	-0.565
3.559	-0.500
3.564	-0.450
3.579	-0.598
3.584	-0.648
3.590	-0.710
3.583	-0.784
3.554	-0.840
3.544	-0.859
3.533	-0.877
3.520	-0.894
3.473	-0.960
3.394	-0.966
3.366	-0.882
3.347	-0.822
3.367	-0.752
3.401	-0.703
3.415	-0.683
3.442	-0.662
3.468	-0.667
3.486	-0.670
3.553	-0.678
3.565	-0.702
3.569	-0.709
3.564	-0.718
3.559	-0.722
3.509	-0.759
3.456	-0.783
3.397	-0.797
3.374	-0.802
3.351	-0.806
3.328	-0.811
3.319	-0.814
3.298	-0.825
3.285	-0.821
3.272	-0.818
3.270	-0.805
3.270	-0.794
3.268	-0.758
3.267	-0.723
3.266	-0.688
POLYLINE BLACK
3.301	-1.081
3.283	-1.046
POLYLINE BLACK
3.175	-0.855
3.150	-0.818
3.128	-0.787
3.083	-0.781
3.064	-0.779
3.042	-0.779
3.023	-0.783
3.012	-0.785
3.001	-0.789
2.993	-0.797
2.976	-0.810
2.964	-0.840
2.984	-0.855
2.993	-0.861
3.003	-0.864
3.013	-0.866
3.072	-0.877
3.136	-0.792
3.154	-0.748
3.161	-0.732
3.164	-0.709
3.164	-0.692
3.164	-0.676
3.163	-0.659
3.151	-0.648
3.132	-0.629
3.094	-0.632
3.071	-0.634
3.037	-0.636
3.011	-0.650
2.981	-0.664
POLYLINE BLACK
2.729	-0.945
2.759	-0.940
2.788	-0.936
2.817	-0.929
2.831	-0.926
2.844	-0.920
2.857	-0.914
2.871	-0.907
2.885	-0.898
2.898	-0.889
2.917	-0.876
2.945	-0.852
2.939	-0.825
2.936	-0.813
2.926	-0.803
2.916	-0.795
2.881	-0.769
2.845	-0.744
2.811	-0.717
2.806	-0.714
2.801	-0.705
2.807	-0.699
2.810	-0.696
2.814	-0.695
2.818	-0.694
2.845	-0.687
2.873	-0.682
2.900	-0.676
POLYLINE BLACK
2.759	-0.907
2.740	-0.901
2.721	-0.895
2.702	-0.888
2.655	-0.869
2.719	-0.792
2.726	-0.783
2.738	-0.765
2.755	-0.750
2.767	-0.733
2.771	-0.727
2.768	-0.718
2.764	-0.714
2.761	-0.711
2.758	-0.708
2.754	-0.707
2.733	-0.699
2.712	-0.694
2.691	-0.687
POLYLINE BLACK
2.450	-0.864
2.497	-0.861
2.527	-0.865
2.568	-0.850
2.597	-0.840
2.623	-0.821
2.645	-0.801
2.654	-0.793
2.687	-0.761
2.696	-0.740
2.703	-0.725
2.697	-0.710
2.680	-0.707
2.652	-0.701
2.628	-0.699
2.600	-0.703
2.552	-0.709
2.486	-0.752
2.505	-0.808
2.507	-0.815
2.509	-0.822
2.514	-0.828
2.520	-0.837
2.528	-0.825
2.530	-0.821
2.546	-0.784
2.553	-0.744
2.548	-0.704
2.543	-0.661
2.518	-0.626
2.500	-0.587
POLYLINE BLACK
2.324	-0.843
2.397	-0.641
2.352	-0.790
2.398	-0.527
2.400	-0.516
2.408	-0.505
2.418	-0.499
2.434	-0.489
2.461	-0.492
2.476	-0.492
POLYLINE BLACK
2.352	-1.067
2.328	-1.053
POLYLINE BLACK
2.016	-0.860
2.074	-0.872
2.174	-0.893
2.199	-0.816
2.211	-0.783
2.185	-0.741
2.147	-0.744
2.117	-0.747
2.033	-0.805
2.032	-0.740
2.032	-0.726
2.032	-0.713
2.034	-0.699
2.037	-0.668
2.050	-0.638
2.069	-0.615
2.103	-0.575
2.149	-0.553
2.198	-0.538
2.239	-0.525
2.281	-0.517
2.322	-0.504
2.335	-0.500
2.398	-0.473
2.390	-0.449
2.385	-0.433
2.352	-0.417
2.343	-0.412
POLYLINE BLACK
1.859	-0.890
1.878	-0.878
2.001	-0.816
1.968	-0.762
1.953	-0.738
1.913	-0.732
1.892	-0.725
POLYLINE BLACK
1.689	-0.902
1.705	-0.887
1.721	-0.874
1.736	-0.859
1.745	-0.850
1.754	-0.835
1.758	-0.822
1.771	-0.783
1.742	-0.779
1.710	-0.785
1.688	-0.789
1.667	-0.795
1.645	-0.800
1.635	-0.803
1.619	-0.820
1.616	-0.810
1.613	-0.800
1.634	-0.799
1.643	-0.793
1.649	-0.788
1.654	-0.783
1.659	-0.777
1.693	-0.735
1.696	-0.688
1.712	-0.633
1.724	-0.591
1.729	-0.533
1.758	-0.497
1.781	-0.469
1.834	-0.470
1.864	-0.475
2.050	-0.506
2.017	-0.497
2.126	-0.538
POLYLINE BLACK
1.380	-0.933
1.399	-0.936
1.422	-0.942
1.442	-0.938
1.496	-0.926
1.520	-0.853
1.536	-0.811
1.539	-0.802
1.546	-0.777
1.536	-0.767
1.519	-0.751
1.472	-0.783
1.462	-0.791
1.437	-0.810
1.413	-0.830
1.391	-0.853
1.369	-0.876
1.349	-0.902
1.331	-0.928
1.315	-0.952
1.303	-0.978
1.291	-1.005
1.282	-1.024
1.275	-1.045
1.269	-1.065
1.267	-1.073
1.266	-1.080
1.265	-1.088
1.265	-1.095
1.272	-1.089
1.273	-1.088
1.309	-1.037
1.326	-1.015
1.347	-0.960
1.356	-0.935
1.361	-0.905
1.355	-0.878
1.348	-0.845
1.304	-0.792
1.266	-0.820
1.256	-0.828
1.246	-0.835
1.237	-0.844
1.232	-0.848
1.214	-0.883
1.196	-0.876
1.182	-0.871
1.171	-0.851
1.165	-0.841
1.138	-0.788
1.111	-0.735
1.085	-0.682
POLYLINE BLACK
0.874	-0.894
0.834	-0.744
0.831	-0.767
0.821	-0.640
0.821	-0.634
0.824	-0.652
0.826	-0.659
0.840	-0.732
0.856	-0.805
0.868	-0.878
0.875	-0.918
0.870	-0.966
0.854	-1.004
0.840	-1.035
0.813	-1.076
0.775	-1.078
0.743	-1.080
0.668	-1.042
0.679	-1.001
0.685	-0.977
0.710	-0.959
0.731	-0.947
0.765	-0.929
0.823	-0.930
0.853	-0.927
POLYLINE BLACK
0.505	-1.122
0.495	-1.075
0.486	-1.025
0.445	-0.995
0.439	-0.991
0.433	-0.985
0.426	-0.984
0.423	-0.983
0.419	-0.987
0.419	-0.990
0.418	-0.997
0.421	-1.004
0.423	-1.010
0.428	-1.024
0.433	-1.037
0.440	-1.050
0.447	-1.062
0.456	-1.073
0.464	-1.085
0.467	-1.090
0.471	-1.095
0.473	-1.101
0.488	-1.130
0.457	-1.158
0.433	-1.168
0.401	-1.182
0.373	-1.180
0.335	-1.185
POLYLINE BLACK
0.110	-1.140
0.142	-1.149
0.171	-1.155
0.203	-1.145
0.223	-1.139
0.242	-1.128
0.258	-1.115
0.273	-1.103
0.286	-1.091
0.299	-1.077
0.311	-1.063
0.322	-1.044
0.324	-1.025
0.331	-0.963
0.224	-0.955
0.184	-0.954
0.154	-0.954
0.120	-0.966
0.093	-0.976
0.057	-0.988
0.017	-1.022
0.017	-1.063
0.017	-1.119
0.082	-1.193
0.140	-1.197
0.152	-1.197
0.166	-1.191
0.173	-1.180
0.174	-1.177
0.175	-1.174
0.175	-1.171
0.177	-1.141
0.178	-1.112
0.179	-1.082
POLYLINE BLACK
-0.207	-1.153
-0.193	-1.156
-0.179	-1.159
-0.164	-1.161
-0.126	-1.165
-0.075	-1.136
-0.046	-1.120
-0.018	-1.104
0.013	-1.079
0.008	-1.043
0.002	-1.000
-0.047	-0.964
-0.087	-0.956
-0.117	-0.949
-0.148	-0.946
-0.178	-0.942
POLYLINE BLACK
-0.238	-1.049
-0.271	-1.054
-0.304	-1.057
-0.336	-1.064
-0.360	-1.069
-0.382	-1.077
-0.405	-1.085
-0.409	-1.087
-0.426	-1.093
-0.425	-1.103
-0.424	-1.111
-0.411	-1.119
-0.405	-1.122
-0.369	-1.143
-0.330	-1.101
-0.311	-1.077
-0.267	-1.021
-0.255	-0.933
-0.346	-0.927
-0.387	-0.925
-0.437	-0.951
-0.469	-0.962
POLYLINE BLACK
-0.786	-1.230
-0.747	-1.234
-0.703	-1.244
-0.666	-1.227
-0.646	-1.217
-0.627	-1.200
-0.612	-1.184
-0.531	-1.096
-0.650	-1.100
-0.699	-1.029
-0.711	-1.011
-0.727	-0.979
-0.703	-0.965
-0.696	-0.961
-0.682	-0.956
-0.675	-0.956
-0.621	-0.954
-0.567	-0.959
-0.514	-0.954
-0.484	-0.951
-0.455	-0.941
-0.426	-0.934
POLYLINE BLACK
-0.868	-1.076
-0.844	-1.052
-0.804	-1.025
-0.849	-1.003
-0.864	-0.996
-0.880	-0.992
-0.897	-0.993
-0.911	-0.995
-0.935	-1.010
-0.947	-0.995
-0.958	-0.981
-0.953	-0.945
-0.957	-0.933
-0.975	-0.874
-0.998	-0.818
-1.017	-0.759
-1.027	-0.726
-1.021	-0.688
-0.998	-0.661
-0.984	-0.645
-0.967	-0.631
-0.946	-0.625
-0.940	-0.624
-0.934	-0.622
-0.928	-0.623
-0.630	-0.662
-0.628	-0.569
-0.638	-0.685
POLYLINE BLACK
-1.456	-1.493
-1.421	-1.339
-1.387	-1.185
-1.352	-1.031
-1.351	-1.012
-1.343	-0.992
-1.349	-0.975
-1.356	-0.956
-1.375	-0.944
-1.387	-0.928
POLYLINE BLACK
-1.727	-1.292
-1.600	-1.215
-1.472	-1.140
-1.346	-1.061
-1.334	-1.054
-1.351	-1.036
-1.356	-1.033
-1.367	-1.024
-1.378	-1.015
-1.391	-1.010
-1.458	-0.980
-1.485	-0.975
-1.550	-0.958
POLYLINE BLACK
-1.712	-1.127
-1.708	-1.083
-1.689	-1.008
-1.745	-0.986
-1.789	-0.967
-1.842	-1.012
-1.862	-1.048
-1.882	-1.086
-1.850	-1.127
-1.830	-1.156
-1.820	-1.172
-1.806	-1.184
-1.796	-1.200
-1.795	-1.203
-1.795	-1.207
-1.797	-1.209
-1.804	-1.217
-1.826	-1.214
-1.831	-1.214
-1.882	-1.209
-1.931	-1.204
-1.982	-1.199
POLYLINE BLACK
-2.177	-1.152
-2.130	-1.151
-2.098	-1.155
-2.055	-1.140
-2.023	-1.129
-1.942	-1.097
-1.933	-1.055
-1.931	-1.045
-1.933	-1.035
-1.938	-1.026
-1.967	-0.971
-2.043	-0.994
-2.088	-1.013
-2.115	-1.024
-2.129	-1.062
-2.130	-1.088
-2.130	-1.093
-2.130	-1.100
-2.126	-1.101
-2.114	-1.104
-2.089	-1.066
-2.085	-1.057
-2.059	-0.995
-2.108	-0.939
-2.143	-0.894
POLYLINE BLACK
-2.383	-1.211
-2.364	-1.214
-2.338	-1.227
-2.317	-1.219
-2.283	-1.206
-2.274	-1.157
-2.281	-1.126
-2.290	-1.088
-2.337	-1.042
-2.329	-1.014
-2.327	-1.006
-2.318	-1.003
-2.311	-1.002
-2.294	-0.999
-2.277	-0.998
-2.260	-0.997
POLYLINE BLACK
-2.602	-1.147
-2.562	-1.149
-2.540	-1.155
-2.504	-1.144
-2.488	-1.140
-2.472	-1.133
-2.457	-1.126
-2.444	-1.120
-2.411	-1.104
-2.407	-1.085
-2.400	-1.054
-2.456	-1.025
-2.479	-1.020
-2.509	-1.013
-2.545	-1.019
-2.573	-1.023
-2.588	-1.025
-2.610	-1.029
-2.618	-1.044
-2.637	-1.078
-2.563	-1.234
-2.535	-1.141
-2.528	-1.114
-2.521	-1.087
-2.514	-1.060
POLYLINE BLACK
-2.579	-1.048
-2.628	-1.078
-2.675	-1.113
-2.727	-1.138
-2.734	-1.141
-2.721	-1.123
-2.718	-1.115
-2.711	-1.101
-2.702	-1.087
-2.696	-1.072
-2.691	-1.060
-2.688	-1.048
-2.685	-1.035
-2.678	-1.004
-2.706	-0.973
-2.738	-0.979
-2.769	-0.984
-2.791	-1.011
-2.823	-1.010
-2.841	-1.009
-2.854	-0.999
-2.870	-0.994
-2.887	-0.988
-2.905	-0.988
-2.923	-0.989
-2.994	-0.995
-3.007	-1.037
-2.992	-1.102
-2.989	-1.112
-2.978	-1.137
-3.000	-1.136
-3.005	-1.136
-3.010	-1.133
-3.015	-1.132
-3.039	-1.127
-3.063	-1.122
-3.088	-1.117
-3.128	-1.110
-3.137	-1.114
-3.170	-1.098
-3.195	-1.087
-3.219	-1.073
-3.243	-1.062
-3.258	-1.055
-3.277	-1.056
-3.288	-1.044
-3.295	-1.036
-3.267	-1.047
-3.257	-1.047
-3.252	-1.047
-3.247	-1.047
-3.243	-1.046
-3.224	-1.041
-3.204	-1.028
-3.194	-1.011
-3.165	-0.965
-3.186	-0.870
-3.235	-0.842
-3.268	-0.823
-3.319	-0.823
-3.352	-0.819
POLYLINE BLACK
-2.735	1.356
-2.809	1.883
-2.882	2.411
-2.956	2.938
-2.953	2.939
-2.951	2.943
-2.948	2.942
-2.942	2.940
-2.936	2.935
-2.932	2.929
-2.839	2.773
-2.742	2.618
-2.658	2.457
-2.556	2.264
-2.558	2.114
-2.551	1.884
-2.550	1.844
-2.562	1.681
-2.588	1.617
-2.648	1.469
-2.766	1.341
-2.868	1.225
-3.025	1.048
-3.171	0.999
-3.402	1.023
-3.640	1.047
-3.793	1.181
-3.879	1.404
-3.903	1.467
-3.902	1.542
-3.865	1.600
-3.771	1.749
-3.521	1.805
-3.375	1.834
-3.280	1.853
-3.183	1.861
-3.087	1.868
-3.057	1.870
-3.021	1.881
-2.998	1.862
-2.932	1.807
-2.891	1.726
-2.838	1.658
POLYLINE BLACK
-4.012	0.824
-3.994	1.039
-3.969	1.252
-3.959	1.467
-3.954	1.580
-4.003	1.796
-4.115	1.858
-4.238	1.926
-4.454	1.841
-4.546	1.751
-4.579	1.719
-4.609	1.685
-4.636	1.648
-4.690	1.575
-4.730	1.495
-4.754	1.406
-4.766	1.363
-4.771	1.318
-4.777	1.273
-4.780	1.248
-4.776	1.172
-4.778	1.197
-4.791	1.351
-4.770	1.373
-4.812	1.496
-4.826	1.538
-4.850	1.582
-4.880	1.615
-4.960	1.706
-5.189	1.827
-5.286	1.697
-5.368	1.588
-5.374	1.300
-5.384	1.240
-5.387	1.220
-5.383	1.196
-5.395	1.179
-5.401	1.171
-5.418	1.174
-5.425	1.181
-5.447	1.203
-5.458	1.234
-5.475	1.261
-5.513	1.321
-5.545	1.387
-5.592	1.441
-5.703	1.573
-5.829	1.693
-5.948	1.819
POLYLINE BLACK
-5.706	1.441
-5.761	1.344
-5.786	1.272
-5.860	1.199
-5.920	1.140
-6.075	1.020
-6.143	1.135
-6.237	1.291
-6.186	1.511
-6.332	1.638
-6.351	1.654
-6.372	1.669
-6.393	1.681
-6.523	1.754
-6.543	1.545
-6.606	1.524
-6.645	1.512
-6.675	1.581
-6.683	1.603
-6.704	1.652
-6.718	1.704
-6.740	1.752
-6.806	1.894
-6.879	2.034
-6.948	2.174
POLYLINE BLACK
-7.383	-0.115
-7.408	0.150
-7.395	0.528
-7.505	0.811
-7.566	0.966
-7.731	1.114
-7.666	1.296
-7.607	1.463
-7.392	1.681
-7.338	1.756
-7.325	1.775
-7.325	1.805
-7.337	1.824
-7.369	1.876
-7.469	1.889
-7.517	1.895
-7.744	1.923
-7.946	1.794
-8.125	1.672
-8.190	1.628
-8.257	1.583
-8.307	1.522
-8.595	1.169
-8.869	0.804
-9.136	0.434
-9.251	0.252
-9.366	0.070
-9.481	-0.111
-9.485	-0.110
-9.493	-0.112
-9.493	-0.108
-9.493	-0.090
-9.486	-0.073
-9.481	-0.056
-9.424	0.119
-9.342	0.288
-9.307	0.468
-9.170	1.167
-9.204	1.272
-9.232	1.887
POLYLINE BLACK
-8.491	0.895
-10.257	1.011
POLYLINE BLACK
-11.828	0.376
-11.652	0.357
-11.519	0.355
-11.382	0.480
-11.214	0.634
-11.095	0.752
-10.983	0.935
-10.857	1.140
-10.944	1.509
-11.154	1.627
-11.247	1.679
-11.396	1.668
-11.494	1.654
-11.714	1.624
-11.939	1.509
-11.991	1.275
-12.068	0.924
-12.108	0.731
-12.097	0.404
-12.093	0.296
-12.046	0.172
-12.001	0.081
-11.949	-0.025
-11.886	-0.114
-11.803	-0.196
-11.681	-0.316
-11.584	-0.302
-11.500	-0.148
-11.428	-0.017
-11.366	0.119
-11.299	0.253
POLYLINE BLACK
-12.576	1.061
-13.133	1.082
-12.848	1.080
-13.432	1.064
POLYLINE BLACK
-13.488	0.620
-13.653	0.718
-13.905	0.813
-13.770	1.037
-13.752	1.066
-13.708	1.120
-13.676	1.135
-13.490	1.226
-13.299	1.307
-13.110	1.394
POLYLINE BLACK
-15.147	0.119
-15.184	0.246
-15.246	0.380
-15.243	0.518
-15.241	0.649
-15.186	0.783
-15.113	0.889
-14.899	1.202
-14.783	1.328
-14.443	1.498
-14.362	1.539
-14.273	1.561
-14.188	1.590
-14.147	1.604
-14.103	1.607
-14.065	1.626
-14.054	1.632
-14.041	1.650
-14.049	1.659
-14.067	1.678
-14.097	1.682
-14.122	1.689
-14.351	1.750
-14.582	1.804
-14.812	1.862
POLYLINE BLACK
-15.175	1.681
-15.371	1.470
-15.584	1.275
-15.763	1.050
-15.878	0.905
-15.961	0.738
-16.054	0.578
-16.078	0.527
-16.101	0.475
-16.127	0.425
-16.127	0.423
-16.130	0.424
-16.131	0.424
-16.131	0.431
-16.131	0.439
-16.129	0.445
-15.986	0.906
-15.840	1.366
-15.696	1.827
POLYLINE BLACK
-18.229	0.399
-18.089	0.476
-17.947	0.548
-17.810	0.630
-17.754	0.663
-17.652	0.739
-17.645	0.817
-17.634	0.935
-17.814	1.007
-17.908	1.003
-18.080	0.996
-18.302	0.850
-18.193	0.657
-18.175	0.625
-18.129	0.560
-18.094	0.544
-18.025	0.511
-17.949	0.494
-17.877	0.469
POLYLINE BLACK
-18.305	0.605
-18.153	0.916
-18.084	0.995
-18.028	1.336
-18.007	1.468
-18.005	1.603
-17.999	1.738
-17.984	2.140
-18.074	2.121
-17.756	2.310
POLYLINE BLACK
-16.905	1.217
-16.888	1.238
POLYLINE BLACK
-16.892	0.618
-16.982	0.479
-17.048	0.351
-17.138	0.548
-17.245	0.782
-17.065	1.142
-16.961	1.329
-16.915	1.409
-16.852	1.478
-16.797	1.552
-16.753	1.610
-16.698	1.661
-16.706	1.740
-16.721	1.898
-16.960	1.995
-17.070	2.082
-17.088	2.096
-17.101	2.115
-17.116	2.131
POLYLINE BLACK
-16.192	1.517
-16.023	2.189
POLYLINE BROWN
1.351	0.146
1.438	0.177
1.557	0.203
1.639	0.263
1.663	0.281
1.717	0.326
1.737	0.359
1.761	0.398
1.831	0.514
1.805	0.573
1.795	0.595
1.764	0.612
1.741	0.616
1.645	0.633
1.598	0.641
1.513	0.635
1.504	0.634
1.496	0.632
1.488	0.630
1.406	0.601
1.325	0.572
1.245	0.541
1.225	0.533
1.198	0.512
1.196	0.488
1.192	0.432
1.282	0.316
1.316	0.277
1.356	0.230
1.399	0.211
1.454	0.186
POLYLINE BROWN
1.122	0.855
1.165	0.888
1.214	0.919
1.236	0.971
1.273	1.057
1.236	1.124
1.176	1.188
1.165	1.200
1.153	1.212
1.138	1.221
0.946	1.338
0.921	1.354
0.719	1.415
0.674	1.428
0.628	1.430
0.581	1.424
0.559	1.421
0.536	1.417
0.514	1.409
0.478	1.398
0.443	1.383
0.409	1.367
0.394	1.360
0.380	1.350
0.367	1.339
0.291	1.278
0.251	1.195
0.235	1.099
0.227	1.047
0.220	0.951
0.254	0.902
0.326	0.801
0.487	0.723
0.604	0.695
0.650	0.684
0.805	0.648
0.871	0.682
0.909	0.702
0.929	0.729
0.955	0.763
POLYLINE BLACK
0.875	1.750
0.920	1.740
0.964	1.725
1.009	1.721
1.273	1.701
1.602	1.792
1.840	1.882
1.937	1.919
2.026	1.975
2.120	2.019
2.389	2.144
2.283	2.057
2.579	2.298
2.727	2.419
2.846	2.673
2.925	2.801
POLYLINE BLACK
15.580	-1.473
15.580	-1.474
POLYLINE BLACK
14.754	-1.517
14.625	-1.538
14.495	-1.554
14.367	-1.579
13.954	-1.658
13.542	-1.747
13.130	-1.831
12.707	-1.883
12.282	-1.915
11.862	-1.987
11.380	-2.070
10.909	-2.210
10.427	-2.298
10.254	-2.329
10.076	-2.329
9.901	-2.345
9.733	-2.361
9.566	-2.378
9.399	-2.394

ELEVATION
STATIONS
0.000	0.000	0
3.108	-0.360	1
6.699	-3.485	2
8.327	-2.363	3
9.025	-2.821	4
SHOTS
0.000	0.000	2.392	0.467
0.000	0.000	0.905	0.897
0.000	0.000	2.688	1.134
0.000	0.000	3.457	0.596
0.000	0.000	3.108	-0.360
3.108	-0.360	3.225	-0.449
3.108	-0.360	2.870	-0.224
3.108	-0.360	3.590	4.232
3.108	-0.360	3.203	-4.168
3.108	-0.360	6.699	-3.485
6.699	-3.485	5.154	-2.606
6.699	-3.485	4.575	-2.112
6.699	-3.485	5.211	-2.982
6.699	-3.485	4.981	-2.979
6.699	-3.485	5.288	-1.431
6.699	-3.485	7.011	-3.105
6.699	-3.485	7.572	-3.571
6.699	-3.485	8.327	-2.363
8.327	-2.363	9.044	-2.348
8.327	-2.363	7.871	-2.802
8.327	-2.363	9.126	2.656
8.327	-2.363	8.746	-4.026
8.327	-2.363	9.115	-3.872
8.327	-2.363	8.848	-4.060
8.327	-2.363	9.231	-3.800
8.327	-2.363	9.775	-3.959
8.327	-2.363	9.369	-3.375
8.327	-2.363	9.025	-2.821
9.025	-2.821	12.611	-5.148
9.025	-2.821	15.626	-38.555
9.025	-2.821	12.786	-27.784
9.025	-2.821	11.517	-28.024
9.025	-2.821	10.021	-18.547
9.025	-2.821	10.737	-26.635

