TRIP
DATE 2005-07-01 
DECLINATION     0.00
DATA
1.0	1.1	253.82	72.77	5.501	>
1.1		98.30	1.21	0.901	>
1.1		167.76	23.56	2.094	>
1.1		256.97	39.10	0.966	>
1.1	1.2	283.79	76.25	5.488	>
1.2		23.07	-18.19	0.432	>
1.2	1.3	81.88	27.23	1.687	>
1.3		188.71	25.38	0.278	>
1.3		319.97	83.73	0.896	>
1.3		328.01	59.77	0.799	>
1.3	1.4	78.86	33.93	2.533	>
1.4		273.34	-7.11	0.121	>
1.4		317.44	-14.64	2.287	>
1.4		216.67	23.20	0.987	>
1.4	1.5	302.00	61.17	6.668	>
1.5		94.52	-0.89	0.774	>
1.5		172.29	0.43	0.931	>
1.5	1.6	177.56	31.82	5.034	>
1.6	1.7	263.59	-44.89	1.680	>
1.7	1.8	271.15	28.96	2.169	>

PLAN
STATIONS
0.000	0.000	1.0
-1.565	-0.454	1.1
-2.832	-0.143	1.2
-1.347	0.069	1.3
0.715	0.475	1.4
-2.012	2.179	1.5
-1.830	-2.095	1.6
-3.013	-2.228	1.7
-4.910	-2.190	1.8
SHOTS
-3.013	-2.228	-4.910	-2.190
-1.830	-2.095	-3.013	-2.228
-2.012	2.179	-1.830	-2.095
0.715	0.475	-2.012	2.179
-2.012	2.179	-1.241	2.118
-2.012	2.179	-1.887	1.256
-1.347	0.069	0.715	0.475
0.715	0.475	0.595	0.482
0.715	0.475	-0.782	2.105
0.715	0.475	0.173	-0.253
-2.832	-0.143	-1.347	0.069
-1.347	0.069	-1.385	-0.179
-1.347	0.069	-1.410	0.144
-1.347	0.069	-1.560	0.410
-1.565	-0.454	-2.832	-0.143
-2.832	-0.143	-2.671	0.235
0.000	0.000	-1.565	-0.454
-1.565	-0.454	-0.674	-0.584
-1.565	-0.454	-1.158	-2.330
-1.565	-0.454	-2.295	-0.623
POLYLINE BLACK
0.840	-7.160
1.120	-7.080
1.200	-7.000
POLYLINE BLACK
0.680	-6.720
0.760	-6.760
0.960	-6.680
POLYLINE BLACK
0.800	-6.280
0.960	-6.280
POLYLINE BLACK
0.720	-6.200
0.840	-6.600
0.920	-6.960
POLYLINE BLACK
0.160	-6.840
0.160	-6.320
0.200	-6.120
0.240	-6.320
0.240	-6.440
0.360	-6.800
0.440	-6.800
0.640	-6.320
POLYLINE BLACK
-0.160	-6.400
-0.400	-6.640
-0.360	-6.880
-0.280	-6.920
-0.160	-6.840
-0.120	-6.640
-0.080	-6.480
-0.080	-6.240
POLYLINE BLACK
-0.720	-6.160
-0.480	-6.160
-0.400	-6.240
-0.440	-6.400
-0.800	-6.880
-0.360	-6.760
POLYLINE BLACK
-1.200	-6.160
-1.200	-6.440
-1.120	-6.800
-1.240	-6.480
-1.240	-6.200
-1.160	-6.000
-0.800	-6.320
-0.800	-6.440
-0.840	-6.520
-1.080	-6.560
-1.120	-6.640
-1.000	-6.760
POLYLINE BLACK
-1.720	-5.720
-1.640	-5.640
POLYLINE BLACK
-1.840	-6.040
-2.000	-6.120
-2.120	-6.360
-2.120	-6.600
-1.960	-6.840
-1.800	-6.960
-1.680	-6.960
-1.560	-6.800
-1.520	-6.520
-1.640	-6.160
-1.720	-6.040
POLYLINE BLACK
-2.840	-5.840
-2.560	-5.840
-2.480	-5.880
-2.400	-5.840
-2.200	-5.880
POLYLINE BLACK
-2.440	-5.840
-2.520	-5.960
-2.520	-6.200
-2.400	-6.680
POLYLINE BLACK
-3.600	-5.880
-3.640	-5.760
-3.680	-5.920
-3.440	-6.680
-3.360	-6.800
-3.240	-6.680
-3.200	-6.480
-3.120	-6.440
-3.040	-6.480
-2.920	-6.280
-2.920	-6.000
-2.960	-5.920
POLYLINE BLACK
-4.160	-5.800
-4.240	-5.800
-4.360	-5.960
-4.360	-6.080
-4.400	-6.160
-4.360	-6.360
-4.120	-6.600
-4.040	-6.600
-3.920	-6.400
-3.920	-6.080
-4.000	-5.920
POLYLINE BLACK
-4.960	-5.440
-4.880	-5.480
-4.680	-5.440
-4.560	-5.560
-4.560	-5.840
-4.760	-6.080
-4.840	-6.000
POLYLINE BLACK
-4.960	-5.440
-4.960	-6.240
-4.920	-6.360
POLYLINE BLACK
-4.840	-3.880
-4.840	-4.000
-4.560	-4.440
-4.280	-4.600
-4.000	-4.800
-3.920	-4.800
-3.880	-4.640
-4.040	-4.040
-4.080	-3.920
POLYLINE BLACK
-4.800	-2.720
-4.800	-2.840
-4.760	-3.040
-4.720	-3.200
-4.440	-3.880
-4.200	-4.280
-4.200	-4.440
POLYLINE BLACK
-3.600	-3.560
-3.560	-3.640
-3.600	-3.840
-3.600	-4.480
-3.520	-4.560
-3.320	-4.560
-2.880	-4.000
POLYLINE BLACK
-3.080	-2.640
-3.120	-2.840
-3.240	-3.280
-3.320	-3.720
-3.400	-4.160
-3.400	-4.320
POLYLINE BLACK
-1.620	2.500
-1.720	2.520
-1.840	2.560
-1.920	2.560
-1.960	2.580
-2.040	2.560
-2.120	2.580
POLYLINE BLACK
-0.020	0.580
0.060	0.620
0.060	0.660
-0.080	0.800
-0.180	0.840
-0.220	0.880
-0.300	0.880
-0.600	0.980
-0.780	1.220
-0.940	1.340
-0.980	1.340
-1.140	1.440
-1.200	1.500
-1.280	1.560
-1.360	1.580
-1.520	1.660
-1.640	1.580
-1.820	1.340
-1.840	1.260
-1.960	1.200
-2.040	1.180
-2.120	1.220
POLYLINE BLACK
-1.100	2.180
-1.160	2.120
-1.200	2.120
-1.280	2.200
-1.320	2.200
-1.420	2.300
-1.520	2.440
-1.640	2.500
-1.660	2.540
POLYLINE BLACK
-0.700	2.120
-0.980	2.160
-1.100	2.200
-1.220	2.200
-1.260	2.220
POLYLINE BLACK
0.780	0.560
0.660	0.740
0.380	0.900
0.220	1.060
0.180	1.160
0.080	1.260
-0.120	1.440
-0.360	1.680
-0.520	1.980
-0.600	2.040
-0.680	2.060
-0.800	2.140
POLYLINE BLACK
1.480	3.620
1.520	3.700
POLYLINE BLACK
-0.360	0.180
-0.320	0.180
-0.280	0.220
-0.240	0.200
-0.160	0.220
-0.080	0.220
0.120	0.140
0.180	-0.040
0.140	-0.220
0.340	-0.340
0.420	-0.320
0.540	-0.220
0.660	-0.120
0.700	-0.120
0.800	-0.020
0.840	0.000
0.840	0.040
0.920	0.120
0.940	0.340
0.880	0.480
0.840	0.520
0.840	0.560
0.760	0.640
POLYLINE BLACK
-2.160	0.260
-1.940	0.260
-1.860	0.300
-1.820	0.280
-1.780	0.320
-1.700	0.300
-1.620	0.320
-1.500	0.340
-1.460	0.320
-1.240	0.360
-1.080	0.360
-1.000	0.380
-0.920	0.380
-0.800	0.420
-0.760	0.400
-0.720	0.460
-0.680	0.420
-0.660	0.460
-0.580	0.460
-0.340	0.540
-0.260	0.520
-0.180	0.500
-0.100	0.520
-0.020	0.520
0.160	0.580
0.360	0.620
0.400	0.640
POLYLINE BLACK
-0.280	0.180
-0.320	0.200
-0.500	0.120
-0.540	0.120
-0.660	0.020
-0.760	0.000
-0.840	-0.060
-0.880	-0.060
-0.960	-0.120
-1.040	-0.140
-1.380	-0.340
-1.460	-0.360
-1.580	-0.400
-1.660	-0.380
-1.740	-0.400
-1.820	-0.340
-1.900	-0.360
-1.980	-0.340
-2.100	-0.280
-2.120	-0.240
-2.040	-0.160
-1.920	-0.100
-1.840	-0.100
-1.800	-0.060
-1.720	-0.080
-1.680	-0.060
-1.640	-0.080
-1.520	-0.020
-1.440	-0.040
-1.400	0.000
-1.360	-0.020
-1.160	0.060
POLYLINE BLACK
-0.160	-0.180
-0.540	-0.380
-0.720	-0.540
-0.780	-0.640
-0.820	-0.800
-0.880	-1.040
-0.920	-1.080
-0.920	-1.180
-0.940	-1.260
-0.920	-1.440
-0.920	-1.540
-0.940	-1.620
-0.960	-1.800
-0.980	-1.900
-1.020	-2.080
-1.120	-2.180
-1.340	-2.180
-1.460	-2.140
-1.560	-2.020
-1.720	-1.780
-1.840	-1.580
-1.840	-1.540
-1.980	-1.360
-2.020	-1.260
-2.080	-1.180
-2.100	-1.100
-2.220	-0.760
-2.320	-0.660
-2.360	-0.660
-2.560	-0.500
-2.600	-0.500
-2.620	-0.440
-2.660	-0.440
-2.760	-0.320
-2.840	-0.180
-2.840	0.000
-2.780	0.160
-2.740	0.220
-2.740	0.260
-2.680	0.320
-2.440	0.320
-2.400	0.300
-2.360	0.320
-2.300	0.260
-2.300	0.260
-2.300	0.260
-2.300	0.260
-2.300	0.260
-2.280	0.300
-2.260	0.260
POLYLINE BLACK
-2.800	19.400
-3.200	19.500
-3.700	19.800
-4.700	18.900
-4.900	18.400
-4.900	18.100
-4.600	17.100
-4.400	16.900
-4.100	16.200
-3.500	15.700
-3.000	15.900
-2.200	16.900
-1.500	18.500
-1.400	19.100
-1.400	19.700
-2.300	20.700
-2.900	20.700
-3.600	20.200
POLYLINE BLACK
-4.800	15.500
POLYLINE BLACK
-8.200	17.200
-7.700	17.900
-7.300	18.300
-6.500	19.700
-6.300	20.200
-6.200	19.800
-6.300	19.300
-6.400	18.000
-6.400	16.900
-6.300	16.500
-6.300	15.600
POLYLINE BLACK
-11.200	15.800
-10.900	15.800
-10.600	15.600
-9.900	15.600
-9.200	15.700
-9.000	15.700
POLYLINE BLACK
-10.600	17.600
-9.800	17.600
-9.600	17.500
-9.200	17.600
-9.000	17.600
POLYLINE BLACK
-13.400	16.700
-13.200	17.500
-12.900	18.300
-11.900	19.700
-12.000	18.500
-12.200	17.500
-12.200	15.200
-12.300	14.800
POLYLINE BLACK
-14.700	14.900
-14.900	14.100
-14.900	13.400
POLYLINE BLACK
-17.800	19.900
-18.800	17.400
-18.700	17.000
-18.300	17.000
-17.600	17.300
-17.000	17.800
-16.800	17.300
-16.700	16.700
-16.400	14.400
-16.400	13.500

ELEVATION
STATIONS
0.000	0.000	1.0
1.629	5.254	1.1
2.933	10.585	1.2
4.433	11.357	1.3
6.535	12.771	1.4
9.751	18.612	1.5
14.029	21.266	1.6
15.220	20.080	1.7
17.117	21.130	1.8
SHOTS
15.220	20.080	17.117	21.130
14.029	21.266	15.220	20.080
9.751	18.612	14.029	21.266
6.535	12.771	9.751	18.612
9.751	18.612	9.063	18.600
9.751	18.612	10.678	18.619
4.433	11.357	6.535	12.771
6.535	12.771	6.418	12.756
6.535	12.771	8.665	12.193
6.535	12.771	5.864	13.160
2.933	10.585	4.433	11.357
4.433	11.357	4.356	11.476
4.433	11.357	4.382	12.248
4.433	11.357	4.275	12.047
1.629	5.254	2.933	10.585
2.933	10.585	3.144	10.450
0.000	0.000	1.629	5.254
1.629	5.254	0.812	5.273
1.629	5.254	1.326	6.091
1.629	5.254	2.300	5.863
POLYLINE BLACK
9.820	18.010
9.860	18.170
9.860	18.490
9.820	18.690
9.820	18.850
POLYLINE BLACK
6.580	13.570
6.740	13.610
7.020	14.050
7.060	14.250
7.220	14.570
7.260	14.730
7.460	15.330
7.700	15.730
8.140	16.610
8.140	16.690
8.340	17.010
8.820	18.050
8.900	18.410
9.060	18.970
9.100	19.050
POLYLINE BLACK
9.000	12.680
8.880	13.200
8.600	13.520
8.520	13.880
8.480	13.960
8.520	14.080
8.480	14.240
8.480	14.520
8.720	15.360
8.720	15.480
8.960	16.280
9.080	16.440
9.120	16.600
9.360	17.080
9.440	17.160
9.480	17.320
10.000	18.200
POLYLINE BLACK
6.160	13.360
6.400	13.400
6.440	13.560
POLYLINE BLACK
6.560	12.600
6.640	12.680
6.800	12.640
6.880	12.640
7.080	12.440
7.480	12.360
7.680	12.360
7.840	12.320
8.000	12.280
8.080	12.320
8.320	12.160
8.640	12.160
8.720	12.120
8.960	12.240
9.120	12.560
9.120	12.560
9.120	12.560
9.120	12.680
POLYLINE BLACK
4.520	12.560
4.640	12.520
5.040	12.680
5.200	12.800
5.480	12.960
5.800	13.200
5.840	13.280
5.920	13.240
6.000	13.320
6.160	13.280
6.320	13.320
POLYLINE BLACK
4.600	11.160
4.720	11.160
4.800	11.240
4.960	11.240
5.360	11.520
6.000	12.120
6.240	12.200
6.520	12.520
6.720	12.920
POLYLINE BLACK
4.000	10.760
4.240	10.840
4.440	11.080
4.560	11.280
POLYLINE BLACK
1.480	6.320
1.600	6.440
1.760	6.880
1.760	7.400
1.880	7.960
2.080	8.480
2.120	8.720
2.240	9.080
2.280	9.240
2.440	9.600
2.440	9.680
2.560	9.880
2.680	10.200
2.720	10.480
2.960	10.760
3.120	10.920
3.240	11.040
3.320	11.240
3.600	11.640
3.840	11.800
4.440	12.400
4.520	12.360
4.560	12.440
4.720	12.480
POLYLINE BLACK
3.260	10.640
3.320	10.670
3.440	10.640
3.500	10.670
3.560	10.640
3.830	10.730
3.890	10.700
3.950	10.760
4.070	10.730
4.100	10.790
POLYLINE BLACK
2.390	5.990
2.390	6.920
2.450	7.250
2.480	7.490
2.510	7.610
2.510	7.700
2.540	7.820
2.570	8.090
2.690	8.540
2.720	8.810
2.750	9.050
2.720	9.170
2.720	9.440
2.750	9.560
2.780	9.770
2.840	9.860
2.870	9.980
2.930	10.250
2.960	10.370
3.050	10.550
3.350	10.640
3.410	10.610
POLYLINE BLACK
0.410	-0.010
0.470	0.050
0.530	0.320
0.560	0.440
0.590	0.710
0.650	0.830
0.650	0.920
0.710	1.100
0.710	1.190
0.800	1.310
0.830	1.430
0.920	1.700
0.920	1.790
1.010	2.030
1.100	2.420
1.190	2.750
1.280	2.930
1.280	3.020
1.370	3.200
1.430	3.440
1.580	3.920
1.640	4.220
1.760	4.550
1.790	4.670
1.940	5.090
2.090	5.330
2.300	5.540
2.360	5.810
2.360	6.020
POLYLINE BLACK
-0.100	-0.160
0.050	0.110
0.050	0.290
0.080	0.410
0.080	1.370
0.110	1.490
0.110	1.610
0.200	1.940
0.290	2.240
0.320	2.360
0.500	2.930
0.530	3.080
0.650	3.530
0.650	3.620
0.770	4.130
0.770	5.090
0.800	5.150
0.770	5.210
0.860	5.480
0.890	5.600
1.190	6.080
1.370	6.230
1.490	6.290
POLYLINE BLACK
-0.010	0.260
0.020	0.170
-0.010	0.350
0.020	0.260
POLYLINE BLACK
0.110	-0.130
0.110	-0.010
POLYLINE BLACK
0.110	-0.010
POLYLINE BLACK
0.110	-0.220
0.110	-0.040
