TRIP
DATE 2024-08-28
DECLINATION 0.0
DATA
0		42.06	24.47	5.490	>
0		41.79	24.34	5.486	>
0		41.86	24.25	5.488	>
0	1	41.90	24.35	5.488	>
1		346.26	-34.26	1.059	>
1		8.56	-71.69	3.796	>
1		304.23	48.22	0.789	>
1		272.58	-76.71	1.475	>
1		7.72	-58.34	1.873	>
1		24.20	-65.14	7.120	>
1		357.43	-51.67	3.635	>
1		9.70	-56.00	6.388	>
1		8.94	-56.19	6.333	>
1		9.31	-56.17	6.390	>
1		10.18	-56.17	6.410	>
1		9.34	-56.17	6.389	>
1		9.32	-56.20	6.394	>
1	2	9.61	-56.18	6.398	>
2		34.67	15.02	1.568	>
2		106.08	2.02	1.152	>
2		121.02	0.58	1.124	>
2		330.31	85.64	2.844	>
2		9.45	-22.16	0.579	>
2		31.83	33.88	2.841	>
2		31.83	33.96	2.827	>
2		26.19	-18.14	0.506	>
2		31.01	34.05	2.827	>
2		32.22	34.01	2.859	>
2		33.59	34.96	2.861	>
2	3	32.27	34.34	2.849	>
3		78.24	8.23	1.873	>
3		314.23	-7.09	0.631	>
3		61.72	12.16	3.337	>
3		22.94	19.20	3.682	>
3		91.64	-6.65	2.118	>
3		25.02	21.76	2.615	>
3		22.76	22.08	2.624	>
3		23.39	22.19	2.618	>
3	4	23.72	22.01	2.619	>
4		285.69	2.26	0.693	>
4		108.03	4.14	0.960	>
4		267.37	61.62	1.767	>
4		265.52	63.32	1.776	>
4		265.58	63.47	1.766	>
4	5	266.15	62.81	1.770	>
5		277.90	30.92	1.730	>
5		288.75	42.54	2.280	>
5		335.22	88.07	1.327	>
5		299.29	86.05	1.309	>
5		86.41	0.48	0.455	>
5		96.89	4.18	3.115	>
5		119.98	74.00	5.954	>
5		7.77	20.47	4.651	>
5		7.63	20.56	4.662	>
5		8.39	20.50	4.647	>
5	6	7.93	20.51	4.653	>
6		286.77	8.22	1.676	>
6		104.90	6.14	2.959	>
6		1.35	75.60	3.180	>
6		31.68	65.85	4.414	>
6		30.21	65.63	4.431	>
6		30.25	65.56	4.436	>
6	7	30.71	65.68	4.427	>
7		285.86	10.98	3.263	>
7		102.80	4.28	0.396	>
7		316.96	35.43	2.574	>
7		336.70	39.79	6.572	>
7		337.99	39.93	6.588	>
7		337.42	39.94	6.589	>
7	8	337.37	39.89	6.583	>
8		203.93	88.28	2.667	>
8		16.71	59.35	6.398	>
8		87.61	5.32	2.258	>
8		13.82	57.76	9.842	>
8		104.69	9.74	2.038	>
8		321.65	34.69	2.213	>
8		356.54	47.33	9.294	>
8		15.63	36.84	6.080	>
8		17.62	36.88	6.096	>
8		16.84	36.96	6.088	>
8	9	16.70	36.90	6.088	>
9		291.68	15.81	3.658	>
9		119.19	5.85	1.890	>
9		52.51	36.40	5.382	>
9		341.22	61.12	17.106	>
9		96.78	45.12	6.862	>
9		97.66	44.92	6.844	>
9		99.79	44.98	6.859	>
9	10	98.08	45.01	6.855	>
10		321.36	12.00	12.429	>
10		204.83	81.68	8.925	>
10		125.67	43.58	4.965	>
10		148.94	29.37	4.928	>
10		46.00	69.90	1.934	>
10		262.64	87.87	10.714	>
10		257.99	87.97	10.597	>
10		153.35	21.77	5.492	>
10		152.30	21.76	5.485	>
10		152.51	21.75	5.493	>
10	11	152.72	21.76	5.490	>
11		318.32	12.33	3.411	>
11		359.13	54.68	17.478	>
11		49.87	5.70	5.653	>
11		240.02	-4.35	9.346	>
11		228.28	-4.31	9.338	>
11		224.59	-4.27	9.340	>
11		230.42	-4.32	9.336	>
11		248.72	-4.20	9.367	>
11		238.57	-4.24	9.365	>
11		234.16	-4.13	9.372	>
11		223.40	-4.04	9.346	>
11		223.13	-4.08	9.348	>
11		223.16	-3.99	9.348	>
11	12	223.23	-4.04	9.347	>
12		333.48	-0.01	0.904	>
12		291.41	66.61	6.166	>
12		77.76	-29.14	3.198	>
12		248.63	40.72	12.594	>
12		247.29	40.71	12.599	>
12		246.28	40.79	12.596	>
12	13	247.40	40.74	12.596	>
13		358.78	-9.95	0.964	>
13		296.94	3.64	1.902	>
13		261.88	14.49	2.313	>
13		268.57	-1.82	8.750	>
13		269.48	0.08	5.134	>
13		249.63	7.02	6.494	>
13		226.86	-0.86	10.229	>
13		224.99	-26.18	7.969	>
13		261.77	31.19	2.951	>
13		270.74	46.89	3.520	>
13		225.91	-21.49	8.862	>
13		225.93	-21.43	8.868	>
13		225.83	-21.53	8.860	>
13	14	225.89	-21.49	8.863	>
14		119.57	-7.48	2.211	>
14		196.07	-11.76	0.642	>
14		148.31	-57.26	12.973	>
14		148.31	-57.28	12.977	>
14		148.32	-57.32	12.985	>
14	15	148.31	-57.28	12.978	>
15		148.20	-57.18	12.932	>
15		148.10	-57.26	12.963	>
15		148.21	-57.27	12.972	>
15		26.75	40.99	8.897	>
15		26.39	41.80	8.925	>
15		28.78	41.68	8.922	>
9	16	27.31	41.49	8.915	>
16		214.37	6.63	6.951	>
16		267.74	5.31	6.879	>
16		287.99	53.90	9.307	>
16		3.45	32.48	4.431	>
16		22.88	25.39	4.207	>
16		24.87	37.89	8.626	>
16		352.60	36.73	4.634	>
16		354.54	36.66	4.629	>
16		351.58	36.29	4.581	>
16	17	352.91	36.56	4.615	>
17		339.17	36.34	4.592	>
17		336.09	36.35	4.587	>
17		334.44	36.26	4.582	>
17		97.43	-6.71	2.039	>
17		282.74	1.75	3.689	>
17		24.90	21.96	4.197	>
17		9.98	4.71	5.185	>
17		355.73	9.43	7.204	>
17		3.20	12.83	8.789	>
17		3.35	12.85	8.787	>
17		3.15	12.92	8.795	>
17	18	3.23	12.87	8.790	>
18		124.13	-7.59	4.265	>
18		91.82	-3.48	5.318	>
18		102.40	-33.57	8.382	>
18		68.05	-23.70	3.883	>
18		90.81	-39.24	12.113	>
18		88.63	-39.11	12.080	>
18		87.64	-39.12	12.111	>
18	19	89.03	-39.16	12.101	>
19		156.86	10.02	1.218	>
19		319.42	5.03	1.927	>
19		328.76	68.60	2.193	>
19		67.08	32.27	7.578	>
19		66.78	32.28	7.583	>
19		66.67	32.26	7.576	>
19		26.78	16.88	5.297	>
19		26.87	16.71	5.291	>
19		27.41	16.75	5.294	>
19	20	66.84	32.27	7.579	>
20		304.12	2.93	2.141	>
20		93.21	9.95	2.138	>
20		91.00	25.22	2.152	>
20		13.91	-9.66	6.946	>
20		31.10	-8.17	5.280	>
20		61.98	3.67	3.856	>
20		36.44	17.59	9.195	>
20		36.54	14.65	7.408	>
19	19.1	27.02	16.78	5.294	>
19.1		298.58	-2.91	1.590	>
19.1		125.16	0.79	0.682	>
19.1		357.87	-82.50	1.661	>
19.1		57.14	-62.72	4.806	>
19.1		258.77	63.61	5.824	>
19.1		62.72	-47.98	3.390	>
19.1		61.67	-47.88	3.395	>
19.1		61.68	-47.99	3.392	>
19.1	19.2	62.02	-47.95	3.392	>
19.2		301.61	2.83	1.267	>
19.2		354.74	8.14	1.559	>
19.2		97.44	17.38	0.515	>
19.2		45.21	9.34	1.390	>
19.2		69.46	-12.73	2.859	>
19.2		0.44	-16.45	7.640	>
19.2		2.25	-43.88	5.429	>

PLAN
STATIONS
0.000	0.000	0
3.339	3.721	1
3.934	7.232	2
5.190	9.221	3
6.167	11.444	4
5.360	11.390	5
5.961	15.706	6
6.892	17.274	7
4.949	21.936	8
6.348	26.600	9
11.146	25.919	10
13.483	21.387	11
7.096	14.593	12
-1.714	10.925	13
-7.636	5.185	14
-3.951	-0.784	15
9.411	32.533	16
8.953	36.212	17
9.436	44.768	18
18.819	44.927	19
24.711	47.447	20
21.121	49.442	19.1
23.128	50.508	19.2
SHOTS
0.000	0.000	3.339	3.721
3.339	3.721	3.131	4.571
3.339	3.721	3.517	4.901
3.339	3.721	2.905	4.017
3.339	3.721	3.001	3.736
3.339	3.721	3.471	4.695
3.339	3.721	4.566	6.451
3.339	3.721	3.238	5.973
3.339	3.721	3.934	7.232
3.934	7.232	4.795	8.478
3.934	7.232	5.040	6.913
3.934	7.232	4.897	6.653
3.934	7.232	3.827	7.420
3.934	7.232	4.022	7.761
3.934	7.232	5.178	9.236
3.934	7.232	5.170	9.224
3.934	7.232	4.146	7.664
3.934	7.232	5.190	9.221
5.190	9.221	7.005	9.599
5.190	9.221	4.741	9.658
5.190	9.221	8.062	10.767
5.190	9.221	6.545	12.423
5.190	9.221	7.293	9.161
5.190	9.221	6.167	11.444
6.167	11.444	5.500	11.631
6.167	11.444	7.077	11.148
6.167	11.444	5.360	11.390
5.360	11.390	3.890	11.594
5.360	11.390	3.769	11.930
5.360	11.390	5.341	11.430
5.360	11.390	5.281	11.434
5.360	11.390	5.814	11.418
5.360	11.390	8.444	11.017
5.360	11.390	6.781	10.570
5.360	11.390	5.961	15.706
5.961	15.706	4.373	16.185
5.961	15.706	8.804	14.950
5.961	15.706	5.980	16.497
5.961	15.706	6.892	17.274
6.892	17.274	3.811	18.150
6.892	17.274	7.277	17.187
6.892	17.274	5.461	18.807
6.892	17.274	4.949	21.936
4.949	21.936	4.916	21.863
4.949	21.936	5.886	25.060
4.949	21.936	7.195	22.030
4.949	21.936	6.203	27.035
4.949	21.936	6.892	21.427
4.949	21.936	3.820	23.363
4.949	21.936	4.568	28.224
4.949	21.936	6.348	26.600
6.348	26.600	3.077	27.900
6.348	26.600	7.989	25.683
6.348	26.600	9.785	29.236
6.348	26.600	3.689	34.421
6.348	26.600	11.146	25.919
11.146	25.919	3.554	35.414
11.146	25.919	10.604	24.747
11.146	25.919	14.068	23.821
11.146	25.919	13.362	22.240
11.146	25.919	11.624	26.380
11.146	25.919	10.751	25.868
11.146	25.919	10.778	25.840
11.146	25.919	13.483	21.387
13.483	21.387	11.267	23.876
13.483	21.387	13.330	31.490
13.483	21.387	17.784	25.013
13.483	21.387	5.410	16.731
13.483	21.387	6.533	15.190
13.483	21.387	6.944	14.754
13.483	21.387	6.308	15.456
13.483	21.387	4.778	17.997
13.483	21.387	5.514	16.517
13.483	21.387	5.905	15.914
13.483	21.387	7.096	14.593
7.096	14.593	6.693	15.402
7.096	14.593	4.818	15.487
7.096	14.593	9.826	15.186
7.096	14.593	-1.714	10.925
-1.714	10.925	-1.735	11.875
-1.714	10.925	-3.407	11.785
-1.714	10.925	-3.931	10.609
-1.714	10.925	-10.457	10.707
-1.714	10.925	-6.848	10.879
-1.714	10.925	-7.756	8.682
-1.714	10.925	-9.178	3.932
-1.714	10.925	-6.770	5.868
-1.714	10.925	-4.213	10.564
-1.714	10.925	-4.120	10.956
-1.714	10.925	-7.636	5.185
-7.636	5.185	-5.730	4.103
-7.636	5.185	-7.810	4.581
-7.636	5.185	-3.951	-0.784
6.348	26.600	9.411	32.533
9.411	32.533	5.513	26.834
9.411	32.533	2.567	32.263
9.411	32.533	4.196	34.227
9.411	32.533	9.636	36.264
9.411	32.533	10.889	36.035
9.411	32.533	12.274	38.710
9.411	32.533	8.953	36.212
8.953	36.212	10.962	35.950
8.953	36.212	5.357	37.025
8.953	36.212	10.592	39.743
8.953	36.212	9.849	41.301
8.953	36.212	8.424	43.299
8.953	36.212	9.436	44.768
9.436	44.768	12.936	42.396
9.436	44.768	14.742	44.599
9.436	44.768	16.257	43.268
9.436	44.768	12.734	46.097
9.436	44.768	18.819	44.927
18.819	44.927	19.290	43.824
18.819	44.927	17.570	46.385
18.819	44.927	18.404	45.611
18.819	44.927	24.711	47.447
24.711	47.447	22.940	48.647
24.711	47.447	26.813	47.329
24.711	47.447	26.657	47.413
24.711	47.447	26.356	54.094
24.711	47.447	27.410	51.922
24.711	47.447	28.108	49.255
24.711	47.447	29.917	54.498
24.711	47.447	28.978	53.206
18.819	44.927	21.121	49.442
21.121	49.442	19.727	50.202
21.121	49.442	21.679	49.050
21.121	49.442	21.113	49.659
21.121	49.442	22.971	50.638
21.121	49.442	18.582	48.938
21.121	49.442	23.128	50.508
23.128	50.508	22.050	51.172
23.128	50.508	22.986	52.045
23.128	50.508	23.615	50.445
23.128	50.508	24.101	51.475
23.128	50.508	25.739	51.487
23.128	50.508	23.185	57.836
23.128	50.508	23.281	54.419
POLYLINE BLACK
3.321	3.723
3.180	3.483
3.117	3.411
3.038	3.160
3.009	3.065
2.992	2.965
2.969	2.868
POLYLINE BLACK
3.345	3.721
3.480	3.205
3.357	3.715
3.483	2.572
3.490	2.511
3.507	2.453
3.519	2.394
POLYLINE BLACK
2.868	2.764
2.948	2.640
3.048	2.523
3.181	2.453
3.286	2.397
3.459	2.372
3.553	2.351
POLYLINE BLACK
3.456	3.662
4.028	4.356
3.818	4.045
4.136	4.559
POLYLINE BLACK
3.180	4.672
3.051	4.464
3.073	4.552
3.051	4.430
POLYLINE BLACK
2.966	4.237
3.028	4.210
3.421	4.073
3.558	3.951
3.623	3.894
3.679	3.828
3.739	3.767
POLYLINE BLACK
3.147	4.509
2.995	4.280
3.070	4.376
2.933	4.216
POLYLINE BLACK
0.337	0.567
0.243	0.525
0.142	0.494
0.054	0.440
-0.154	0.311
-0.349	0.163
-0.549	0.021
-0.585	-0.005
-0.530	-0.045
-0.513	-0.055
-0.298	-0.179
-0.081	-0.298
0.131	-0.426
0.155	-0.440
0.238	-0.538
0.302	-0.530
0.324	-0.527
0.345	-0.513
0.358	-0.496
0.487	-0.331
0.611	-0.161
0.743	0.001
0.771	0.036
0.804	0.066
0.838	0.094
0.846	0.101
0.941	0.143
0.945	0.179
0.952	0.232
0.832	0.292
0.799	0.306
0.457	0.453
0.558	0.423
0.326	0.476
POLYLINE BLACK
0.242	0.485
0.017	0.121
0.070	0.292
0.016	-0.001
POLYLINE BLACK
-0.065	0.050
-0.419	-0.066
-0.277	0.006
-0.506	-0.133
POLYLINE BLACK
-0.004	0.036
0.241	-0.310
0.127	-0.170
0.323	-0.395
POLYLINE BLACK
0.123	0.007
1.141	0.274
POLYLINE BLACK
2.942	4.134
2.219	4.307
1.957	5.273
1.231	5.426
POLYLINE BLACK
3.755	4.026
3.767	3.910
3.750	3.806
3.674	3.714
3.647	3.681
3.512	3.588
3.516	3.501
3.519	3.434
3.554	3.376
3.588	3.320
3.683	3.165
3.804	3.024
3.874	2.856
4.188	2.110
4.173	1.573
4.177	2.018
POLYLINE BLACK
3.677	7.140
3.564	6.918
3.434	6.703
3.338	6.473
3.234	6.225
3.116	5.410
3.104	5.286
3.076	4.992
3.083	4.694
3.072	4.398
POLYLINE BLACK
2.988	5.165
3.009	5.166
POLYLINE BLACK
3.113	5.208
3.555	5.187
3.382	5.221
3.910	5.044
3.974	5.022
4.039	4.982
4.090	4.937
4.166	4.870
4.208	4.774
4.259	4.691
POLYLINE BLACK
3.891	7.414
3.823	7.294
3.762	7.170
3.688	7.054
3.678	7.038
3.690	7.090
3.696	7.107
3.744	7.238
3.799	7.365
3.850	7.494
POLYLINE BLACK
5.123	7.032
5.059	6.900
4.986	6.772
4.933	6.635
4.813	6.331
4.726	6.015
4.605	5.713
3.924	4.264
4.490	5.560
4.233	4.823
4.091	4.417
4.123	4.671
4.106	4.371
POLYLINE BLACK
3.424	4.964
3.469	4.901
3.182	4.809
3.252	4.711
3.257	4.705
3.263	4.699
3.269	4.694
3.308	4.666
3.348	4.640
3.387	4.614
POLYLINE BLACK
3.369	5.002
3.434	4.731
3.457	4.848
3.353	4.645
POLYLINE BLACK
3.868	4.640
3.859	4.637
3.766	4.619
3.736	4.590
3.685	4.541
3.769	4.423
3.839	4.460
3.857	4.469
3.873	4.482
3.886	4.498
3.903	4.519
3.954	4.620
3.906	4.635
3.898	4.637
3.888	4.636
3.880	4.633
3.850	4.623
3.823	4.608
3.794	4.596
POLYLINE BLACK
3.497	4.348
3.487	4.347
3.407	4.359
3.379	4.337
3.320	4.292
3.428	4.130
3.500	4.163
3.553	4.187
3.570	4.288
3.509	4.314
3.502	4.317
3.495	4.316
3.488	4.315
3.445	4.307
3.403	4.296
3.360	4.287
POLYLINE BLACK
3.791	4.900
3.719	4.865
3.646	4.833
3.576	4.795
3.542	4.777
3.567	4.748
3.587	4.735
3.629	4.708
3.710	4.674
3.760	4.699
3.790	4.714
3.786	4.761
3.763	4.780
3.730	4.806
3.694	4.830
3.660	4.854
POLYLINE BLACK
3.678	6.002
3.626	5.958
3.571	5.918
3.522	5.870
3.481	5.830
3.444	5.786
3.409	5.740
3.408	5.740
3.358	5.680
3.370	5.654
3.378	5.636
3.411	5.639
3.423	5.640
3.563	5.651
3.666	5.643
3.760	5.748
3.779	5.769
3.810	5.811
3.819	5.841
3.838	5.907
3.890	6.068
3.797	6.114
3.774	6.125
3.751	6.132
3.726	6.126
3.674	6.114
3.632	6.050
3.601	6.017
POLYLINE BLACK
4.454	6.492
4.379	6.392
4.299	6.296
4.230	6.192
4.166	6.097
4.116	5.975
4.111	5.859
4.111	5.844
4.110	5.813
4.129	5.803
4.178	5.776
4.302	5.898
4.322	5.923
4.385	6.001
4.443	6.083
4.499	6.167
4.537	6.223
4.567	6.285
4.550	6.353
4.537	6.403
4.481	6.491
4.467	6.516
POLYLINE BLACK
4.457	6.408
4.394	6.283
4.350	6.153
4.295	6.024
POLYLINE BLACK
4.341	6.159
4.273	6.143
4.147	6.142
4.096	6.069
4.079	6.045
4.064	6.018
4.048	5.993
POLYLINE BLACK
4.283	6.033
4.327	5.918
4.302	5.976
4.360	5.861
POLYLINE BLACK
4.041	6.864
3.920	6.785
3.797	6.707
3.678	6.626
3.671	6.622
3.667	6.615
3.663	6.608
3.617	6.537
3.716	6.458
3.764	6.424
3.801	6.398
3.861	6.359
3.910	6.380
3.936	6.390
3.952	6.414
3.965	6.437
4.080	6.656
4.048	6.588
4.122	6.797
POLYLINE BLACK
4.054	6.834
3.881	6.608
3.907	6.709
3.882	6.574
POLYLINE BLACK
3.793	6.531
3.555	6.424
POLYLINE BLACK
3.834	6.510
3.932	6.321
POLYLINE BLACK
5.216	8.220
5.142	8.154
5.062	8.094
4.993	8.022
4.834	7.858
4.686	7.683
4.532	7.514
4.520	7.500
4.505	7.490
4.495	7.475
4.477	7.448
4.530	7.431
4.543	7.428
4.594	7.415
4.776	7.345
4.874	7.377
4.935	7.398
5.002	7.474
5.033	7.511
5.167	7.667
5.297	7.827
5.425	7.988
5.471	8.047
5.453	8.129
5.404	8.178
5.361	8.221
5.300	8.237
5.246	8.258
POLYLINE BLACK
5.242	8.193
4.993	7.716
5.101	7.961
4.919	7.457
POLYLINE BLACK
4.990	7.686
4.499	7.433
4.671	7.546
4.448	7.393
POLYLINE BLACK
3.693	7.323
4.218	8.169
3.844	7.514
4.501	9.146
4.684	9.599
4.584	9.252
4.687	9.681
POLYLINE BLACK
6.108	9.094
6.067	9.017
6.020	8.944
5.984	8.865
5.930	8.748
5.903	8.619
5.841	8.506
5.706	8.256
5.540	8.024
5.394	7.780
5.353	7.711
5.312	7.642
5.282	7.568
4.999	6.875
5.335	7.542
5.034	6.974
POLYLINE BLACK
6.086	10.880
6.073	10.847
POLYLINE BLACK
5.971	10.555
5.768	10.431
5.562	10.311
5.362	10.183
5.311	10.151
5.238	10.055
5.217	10.010
4.826	9.177
4.882	9.401
4.794	9.024
POLYLINE BLACK
4.843	9.062
5.002	8.680
POLYLINE BLACK
5.960	10.501
5.796	9.839
5.920	10.245
5.721	9.730
5.681	9.627
5.644	9.523
5.606	9.419
5.597	9.393
5.592	9.364
5.578	9.339
5.550	9.285
5.518	9.232
5.482	9.181
5.375	9.031
5.175	8.892
5.054	8.790
POLYLINE BLACK
7.034	11.154
6.955	11.162
6.877	11.176
6.798	11.178
6.760	11.180
6.723	11.172
6.685	11.165
6.601	11.149
6.503	11.118
6.470	11.029
6.456	10.990
6.443	10.941
6.444	10.898
6.451	10.744
6.494	10.492
6.452	10.312
6.448	10.296
6.434	10.285
6.425	10.271
POLYLINE BLACK
6.935	11.139
6.934	10.965
6.933	10.791
6.932	10.616
6.929	10.606
6.927	10.596
6.924	10.587
6.916	10.565
6.897	10.544
6.877	10.532
6.451	10.279
6.573	10.338
6.373	10.244
POLYLINE BLACK
6.897	11.149
6.836	11.069
6.762	10.818
6.614	10.767
6.608	10.765
6.601	10.765
6.595	10.764
6.561	10.759
6.528	10.755
6.495	10.751
POLYLINE BLACK
6.625	10.809
6.687	10.522
6.640	10.695
6.799	10.301
POLYLINE BLACK
5.850	10.378
5.795	10.298
5.747	10.213
5.686	10.138
5.547	9.977
5.408	9.816
5.268	9.655
5.269	9.650
5.267	9.645
5.270	9.642
5.279	9.631
5.293	9.624
5.304	9.615
POLYLINE BLACK
5.236	9.620
5.234	9.464
5.243	9.307
5.231	9.151
5.204	8.810
5.087	8.898
5.179	8.830
POLYLINE BLACK
5.367	9.658
5.524	9.324
5.437	9.469
5.613	9.214
POLYLINE BLACK
5.258	9.673
5.033	9.425
5.133	9.552
4.955	9.294
POLYLINE BLACK
6.642	10.216
6.527	10.175
6.411	10.138
6.298	10.093
6.205	10.057
6.110	9.941
6.165	9.839
6.194	9.787
6.258	9.767
6.311	9.754
6.348	9.745
6.410	9.735
6.443	9.764
6.488	9.803
6.483	9.930
6.488	9.960
6.498	10.022
6.566	10.157
6.576	10.180
POLYLINE BLACK
7.306	10.601
7.255	10.542
7.212	10.507
7.182	10.440
7.158	10.388
7.142	10.318
7.198	10.280
7.215	10.269
7.236	10.261
7.257	10.261
7.315	10.262
7.362	10.319
7.386	10.365
7.421	10.430
7.426	10.516
7.386	10.580
7.366	10.611
7.337	10.631
7.304	10.604
7.296	10.597
7.288	10.590
7.284	10.581
7.273	10.558
7.268	10.534
7.260	10.510
POLYLINE BLACK
7.441	11.035
7.439	11.035
7.341	11.049
7.310	11.026
7.279	11.002
7.301	10.934
7.333	10.920
7.356	10.910
7.383	10.926
7.401	10.940
7.449	10.977
7.437	11.070
7.376	11.071
7.318	11.072
7.225	10.978
7.210	10.966
POLYLINE BLACK
7.126	9.959
7.083	9.950
7.040	9.945
6.997	9.934
6.989	9.932
6.982	9.927
6.976	9.921
6.936	9.882
7.024	9.771
7.073	9.793
7.136	9.821
7.178	10.001
7.176	10.062
7.176	10.072
7.171	10.148
7.145	10.142
7.104	10.132
7.064	10.116
7.024	10.103
POLYLINE BLACK
6.707	13.340
6.657	13.300
6.601	13.267
6.558	13.221
6.395	13.051
6.244	12.871
6.090	12.693
6.023	12.616
6.097	12.518
6.169	12.481
6.387	12.370
6.605	12.259
6.826	12.153
6.890	12.123
6.986	12.106
7.050	12.146
7.121	12.191
7.136	12.295
7.183	12.356
7.358	12.585
7.553	12.800
7.729	13.028
7.791	13.109
7.873	13.272
7.780	13.366
7.674	13.472
7.360	13.477
7.216	13.467
7.003	13.454
6.920	13.414
6.701	13.351
POLYLINE BLACK
6.850	13.352
6.897	12.634
POLYLINE BLACK
6.908	12.757
6.625	12.671
6.341	12.585
6.058	12.498
6.043	12.491
6.024	12.489
6.013	12.477
5.994	12.455
5.985	12.425
5.971	12.399
POLYLINE BLACK
6.826	12.683
7.016	12.197
POLYLINE BLACK
7.238	12.897
7.236	12.894
POLYLINE BLACK
6.966	12.677
7.479	13.008
7.258	12.906
7.597	13.044
POLYLINE BLACK
7.648	11.579
7.638	11.579
POLYLINE BLACK
7.621	11.576
7.477	11.613
POLYLINE BLACK
5.527	11.724
5.017	10.618
5.636	11.984
4.772	9.895
4.647	9.660
4.690	9.764
4.626	9.589
POLYLINE BLACK
5.497	11.666
5.574	11.787
5.651	11.907
5.728	12.028
5.843	12.228
5.950	12.434
6.074	12.629
6.144	12.737
6.233	12.832
6.307	12.938
6.332	12.974
6.377	13.098
6.389	13.131
POLYLINE BLACK
6.067	9.113
6.243	9.205
6.313	9.201
6.521	9.204
6.548	9.204
6.575	9.199
6.602	9.200
6.629	9.201
6.675	9.212
6.698	9.226
6.873	9.337
7.059	9.433
7.219	9.565
7.252	9.592
7.816	10.079
7.948	10.328
7.993	10.413
8.027	10.505
8.058	10.596
8.093	10.698
8.104	10.798
8.076	10.902
8.023	11.095
7.857	11.244
7.717	11.373
7.621	11.462
7.501	11.540
7.373	11.570
7.360	11.573
7.346	11.577
7.333	11.575
7.299	11.570
7.266	11.557
7.232	11.548
POLYLINE BLACK
7.838	13.148
7.780	12.619
7.447	12.173
7.279	11.680
POLYLINE BLACK
7.236	11.744
7.196	11.583
POLYLINE RED
8.886	12.490
8.865	12.435
8.835	12.383
8.822	12.326
8.776	12.126
8.756	11.921
8.709	11.722
8.595	11.234
8.586	11.195
8.394	10.852
POLYLINE RED
8.372	10.864
8.348	10.657
POLYLINE RED
8.354	10.742
8.238	10.452
8.322	10.638
8.058	10.208
POLYLINE RED
8.103	10.229
7.848	9.990
7.856	9.964
7.527	9.800
7.403	9.738
7.030	9.541
6.804	9.525
6.597	9.510
6.388	9.511
6.180	9.504
POLYLINE RED
4.717	9.927
5.216	9.790
5.612	9.743
6.032	9.537
6.104	9.501
6.174	9.462
6.245	9.425
POLYLINE RED
6.648	12.092
6.278	12.002
6.306	12.025
5.863	11.802
5.816	11.778
5.582	11.666
5.521	11.555
5.430	11.389
5.493	11.199
5.537	11.029
5.554	10.966
5.593	10.870
5.666	10.851
5.736	10.832
5.815	10.860
5.876	10.893
6.175	11.056
6.473	11.221
6.770	11.388
6.783	11.395
6.804	11.418
6.812	11.430
6.848	11.488
6.854	11.566
6.851	11.631
6.846	11.731
6.818	11.938
6.750	12.013
6.720	12.046
6.688	12.077
6.657	12.109
POLYLINE RED
6.649	11.974
6.061	11.502
6.246	11.705
6.019	11.444
POLYLINE RED
5.977	11.412
5.796	11.422
5.631	11.419
5.460	11.369
POLYLINE RED
6.007	11.441
6.004	10.833
5.838	10.954
6.034	10.825
POLYLINE RED
6.295	10.561
4.979	9.844
4.593	10.164
4.986	9.838
POLYLINE RED
6.288	10.596
6.432	10.184
6.389	10.357
6.472	9.786
6.479	9.743
6.467	9.676
6.433	9.643
6.429	9.639
6.423	9.636
6.417	9.634
6.376	9.618
6.334	9.604
6.292	9.589
POLYLINE RED
6.252	10.506
6.232	10.457
6.215	10.407
6.191	10.361
6.171	10.325
6.150	10.289
6.121	10.259
5.948	10.077
5.766	9.904
5.588	9.727
POLYLINE RED
5.925	9.948
6.330	9.902
6.232	9.933
6.554	9.691
POLYLINE RED
5.854	9.991
5.854	9.996
POLYLINE RED
5.851	10.008
5.539	10.176
5.681	10.116
5.432	10.207
POLYLINE RED
4.671	11.121
4.548	11.077
4.423	11.039
4.303	10.989
4.184	10.938
4.002	10.886
4.139	10.772
4.297	10.639
4.453	10.504
4.615	10.377
4.616	10.376
4.714	10.319
4.734	10.326
4.788	10.346
4.835	10.382
4.885	10.410
POLYLINE RED
4.753	11.238
4.842	11.030
4.881	10.810
4.867	10.584
4.864	10.526
4.838	10.458
4.793	10.419
4.725	10.360
4.629	10.355
4.546	10.339
POLYLINE RED
5.689	13.098
5.648	13.093
5.607	13.090
5.567	13.082
5.513	13.070
5.451	13.029
5.410	13.000
5.176	12.839
4.942	12.678
4.713	12.511
4.707	12.507
4.707	12.497
4.710	12.491
4.713	12.483
4.722	12.478
4.731	12.474
4.883	12.406
5.035	12.338
5.190	12.277
5.274	12.243
5.302	12.256
5.392	12.261
POLYLINE RED
5.650	13.224
5.533	12.420
5.610	12.716
5.497	12.318
POLYLINE RED
8.421	12.532
8.302	12.471
8.184	12.407
8.064	12.349
7.965	12.300
7.833	12.282
7.784	12.170
7.771	12.140
7.761	12.106
7.769	12.074
7.788	11.995
7.945	11.914
7.990	11.891
8.162	11.801
8.273	11.801
8.483	11.757
POLYLINE RED
8.584	12.708
8.555	12.437
8.535	12.428
8.567	12.191
8.598	11.965
8.672	11.942
8.468	11.965
POLYLINE RED
8.430	12.457
8.369	12.286
8.387	12.308
8.271	12.134
8.253	12.108
8.229	12.086
8.209	12.061
8.190	12.037
8.189	12.044
8.199	12.028
POLYLINE RED
8.297	12.124
8.328	12.010
8.396	11.927
8.467	11.836
POLYLINE RED
8.241	12.069
8.141	12.136
7.946	12.068
7.828	12.090
POLYLINE RED
5.658	12.927
5.526	12.741
5.604	12.831
5.372	12.631
5.358	12.619
5.342	12.609
5.328	12.597
5.284	12.554
5.285	12.476
5.301	12.423
5.311	12.390
5.331	12.375
5.354	12.352
5.399	12.306
5.443	12.258
5.488	12.211
POLYLINE RED
4.754	11.056
4.641	10.891
4.652	10.962
4.455	10.936
4.349	10.922
4.284	10.896
4.189	10.864
POLYLINE RED
4.513	10.931
4.684	10.542
4.604	10.693
4.732	10.465
POLYLINE RED
9.020	15.920
9.020	15.930
POLYLINE RED
4.013	12.453
3.998	12.518
3.975	12.581
3.969	12.647
3.959	12.754
3.953	12.861
3.965	12.967
4.071	13.877
4.237	14.779
4.323	15.691
4.342	15.888
4.295	16.087
4.281	16.285
POLYLINE RED
8.866	12.429
8.916	12.810
8.966	13.191
9.017	13.572
9.054	13.855
9.068	13.847
9.046	14.248
9.038	14.396
9.024	14.729
8.944	14.926
8.924	14.977
8.897	15.024
8.873	15.074
POLYLINE RED
5.768	15.573
5.371	15.188
4.966	14.811
4.576	14.419
4.506	14.348
4.449	14.266
4.388	14.187
4.357	14.147
4.464	14.094
4.476	14.087
4.561	14.038
4.653	13.999
4.733	13.940
5.103	13.667
5.445	13.357
5.824	13.094
5.976	12.989
6.153	12.925
6.318	12.841
6.327	12.836
6.338	12.825
6.347	12.829
6.364	12.838
6.371	12.859
6.384	12.874
POLYLINE RED
5.904	15.564
6.107	15.447
6.219	15.396
6.394	15.189
6.526	15.033
6.629	14.856
6.736	14.684
6.852	14.498
6.954	14.304
7.061	14.113
7.084	14.071
7.046	14.014
7.026	13.982
6.801	13.626
6.568	13.275
6.350	12.914
6.289	12.813
6.286	12.787
6.269	12.704
POLYLINE RED
5.801	15.508
5.797	15.445
5.787	15.383
5.788	15.320
5.788	15.272
5.795	15.225
5.804	15.178
5.859	14.903
5.928	14.631
5.982	14.356
6.008	14.222
6.004	14.214
5.997	14.122
POLYLINE RED
5.914	14.165
5.658	14.059
5.403	13.948
5.145	13.845
4.893	13.746
5.010	13.828
4.927	13.767
POLYLINE RED
5.884	14.280
6.156	13.729
5.956	14.096
6.587	13.242
POLYLINE RED
6.807	13.822
7.125	13.489
6.947	13.693
7.316	13.190
POLYLINE RED
7.573	14.188
7.474	13.974
7.373	13.763
7.278	13.548
7.244	13.472
7.249	13.476
7.255	13.415
POLYLINE RED
6.642	17.256
6.477	17.199
6.302	17.163
6.145	17.085
5.889	16.959
5.649	16.801
5.408	16.647
5.316	16.588
5.234	16.516
5.148	16.448
5.140	16.441
5.132	16.423
5.131	16.412
5.119	16.343
5.206	16.257
5.262	16.230
5.437	16.148
5.614	16.072
5.787	15.987
6.318	15.727
6.223	15.855
6.416	15.592
POLYLINE RED
6.586	17.202
6.736	17.011
6.901	16.829
7.037	16.628
7.199	16.389
7.334	16.132
7.480	15.882
7.490	15.866
7.485	15.837
7.476	15.822
7.468	15.806
7.458	15.799
7.445	15.788
7.349	15.713
7.246	15.646
7.158	15.562
6.554	14.994
6.889	15.036
6.522	15.017
POLYLINE RED
8.817	17.015
8.636	16.898
8.448	16.792
8.274	16.665
8.128	16.558
7.997	16.431
7.860	16.312
7.811	16.269
7.815	16.176
7.832	16.121
7.857	16.037
7.869	16.039
7.919	15.955
8.054	15.730
8.192	15.506
8.321	15.277
8.470	15.014
8.359	15.171
8.338	15.198
POLYLINE RED
8.766	17.019
8.800	16.824
8.841	16.630
8.868	16.433
8.878	16.363
8.886	16.261
8.848	16.191
8.842	16.179
8.833	16.169
8.825	16.157
8.783	16.099
8.731	16.046
8.698	15.981
8.575	15.747
8.468	15.506
8.360	15.265
8.335	15.210
8.341	15.138
8.298	15.096
8.263	15.062
8.321	15.191
8.332	15.239
POLYLINE RED
8.753	16.848
8.305	15.561
8.595	16.531
8.367	15.449
8.354	15.385
8.328	15.324
8.309	15.262
POLYLINE RED
6.571	17.156
6.584	16.834
6.568	16.510
6.609	16.191
6.634	15.997
6.850	15.564
6.783	15.273
6.764	15.192
6.721	15.122
6.684	15.048
POLYLINE RED
6.311	15.738
6.389	15.565
6.467	15.392
6.545	15.218
6.569	15.171
6.587	15.120
6.616	15.076
6.632	15.053
6.658	15.038
6.678	15.019
POLYLINE RED
6.491	16.905
6.257	16.606
6.228	16.515
5.967	16.321
5.375	15.881
6.025	16.413
5.592	16.052
POLYLINE RED
6.690	16.221
6.828	16.096
6.967	15.971
7.106	15.846
7.127	15.830
7.152	15.818
7.169	15.799
7.192	15.774
7.206	15.742
7.224	15.714
POLYLINE RED
3.908	12.970
3.914	12.457
3.920	12.872
3.873	12.283
3.859	12.116
3.847	11.950
3.840	11.783
3.839	11.756
3.843	11.729
3.850	11.703
3.956	11.321
4.059	10.937
4.178	10.558
4.199	10.492
4.234	10.432
4.267	10.371
4.420	10.084
4.452	10.072
4.730	9.785
4.758	9.756
4.791	9.731
4.825	9.710
4.881	9.674
4.942	9.647
5.000	9.616
POLYLINE RED
4.918	9.544
5.214	9.489
5.511	9.439
5.805	9.378
5.863	9.366
5.917	9.342
5.974	9.326
5.990	9.322
6.007	9.318
6.025	9.319
6.086	9.324
6.146	9.336
6.207	9.345
POLYLINE RED
3.832	18.144
3.885	17.366
4.124	16.639
4.298	15.890
POLYLINE RED
9.043	17.207
9.117	16.724
9.075	17.079
9.065	16.228
9.064	16.091
9.073	15.952
9.064	15.815
9.050	15.610
9.007	15.409
8.994	15.204
8.953	14.528
9.071	14.865
8.940	14.544
POLYLINE RED
4.905	21.869
4.592	21.556
4.676	21.667
4.374	21.187
4.344	21.139
4.284	21.048
4.294	20.975
4.297	20.948
4.307	20.927
4.320	20.905
4.461	20.668
4.610	20.436
4.744	20.197
4.900	19.920
4.746	20.066
4.916	19.929
POLYLINE RED
5.044	21.824
5.284	21.680
5.265	21.705
5.543	21.348
5.713	21.131
5.855	20.894
6.007	20.665
6.016	20.652
6.021	20.622
6.022	20.608
6.025	20.538
5.979	20.461
5.944	20.410
5.819	20.234
5.689	20.062
5.556	19.892
5.531	19.861
5.474	19.812
5.434	19.793
5.374	19.764
5.310	19.743
5.251	19.713
5.221	19.697
5.194	19.676
5.167	19.656
5.143	19.639
5.112	19.590
5.075	19.612
5.060	19.621
5.048	19.638
5.039	19.652
5.008	19.704
4.979	19.758
4.946	19.809
4.922	19.847
4.892	19.880
4.868	19.918
4.842	19.959
4.828	20.012
4.813	20.057
POLYLINE RED
5.002	21.696
5.198	21.403
5.397	21.111
5.590	20.816
5.608	20.790
5.620	20.755
5.624	20.723
5.626	20.710
5.628	20.696
5.625	20.683
5.587	20.502
5.547	20.322
5.502	20.143
5.493	20.109
5.457	20.047
5.433	20.021
5.318	19.895
5.196	19.775
5.081	19.648
5.009	19.551
5.045	19.594
4.977	19.519
POLYLINE RED
5.659	20.690
6.064	20.519
5.907	20.547
6.103	20.518
POLYLINE RED
3.813	18.001
3.938	19.463
3.920	19.068
3.858	21.659
3.852	21.902
3.780	22.140
3.769	22.383
3.746	22.844
3.760	23.306
3.755	23.768
POLYLINE RED
9.023	16.647
9.030	16.691
POLYLINE RED
9.189	16.796
9.126	16.916
9.092	16.956
9.068	17.088
8.936	17.826
8.923	18.297
8.633	19.028
8.459	19.465
8.221	19.874
7.999	20.289
7.613	21.009
7.817	20.360
7.479	21.297
7.392	21.536
7.315	21.779
7.258	22.026
7.136	22.559
7.322	22.329
7.162	22.508
POLYLINE RED
7.615	20.535
7.116	19.876
7.553	20.427
6.151	19.200
6.057	19.118
6.168	18.972
6.236	18.917
6.939	18.350
7.641	17.780
8.346	17.216
8.373	17.195
8.408	17.247
8.414	17.264
8.436	17.323
8.463	17.381
8.474	17.442
8.524	17.725
8.565	18.010
8.599	18.296
8.634	18.587
8.518	18.624
8.633	18.579
POLYLINE RED
7.597	20.486
7.653	20.418
7.713	20.353
7.763	20.280
7.796	20.232
7.820	20.179
7.844	20.126
8.087	19.581
8.319	19.031
8.562	18.486
8.627	18.339
8.660	18.401
8.618	18.339
POLYLINE RED
7.619	20.222
7.637	20.036
7.669	19.851
7.671	19.664
7.678	19.218
7.654	18.771
7.649	18.324
7.649	18.309
7.664	18.281
7.673	18.270
7.776	18.131
8.057	18.176
8.176	18.164
8.205	18.161
8.350	18.126
8.384	18.098
8.423	18.066
8.450	18.023
8.483	17.985
POLYLINE RED
7.579	18.003
7.514	17.800
POLYLINE RED
7.750	18.533
7.364	18.425
7.531	18.449
7.143	18.428
7.136	18.428
7.130	18.429
7.123	18.430
7.058	18.439
6.992	18.448
6.927	18.457
POLYLINE RED
4.666	17.248
4.913	17.592
5.159	17.937
5.406	18.282
5.407	18.288
5.409	18.294
5.409	18.300
5.409	18.323
5.393	18.344
5.377	18.358
5.326	18.401
5.269	18.439
5.220	18.486
5.133	18.572
5.039	18.655
4.971	18.757
4.748	19.091
4.550	19.441
4.351	19.790
4.218	20.022
4.325	20.067
4.199	19.987
POLYLINE RED
4.721	17.133
4.292	17.613
4.175	17.707
3.861	18.146
3.841	18.174
3.820	18.221
3.816	18.259
3.814	18.279
3.811	18.299
3.814	18.319
3.901	18.777
3.987	19.236
4.088	19.691
4.207	20.229
4.373	20.436
4.214	20.228
POLYLINE RED
4.735	17.445
4.636	18.032
4.577	18.407
4.400	19.110
4.386	19.166
4.336	19.205
4.304	19.253
POLYLINE RED
4.400	19.242
4.497	19.436
4.564	19.561
4.551	19.773
4.549	19.814
4.534	19.852
4.525	19.892
POLYLINE RED
4.532	18.509
4.273	18.450
4.076	18.297
3.856	18.166
POLYLINE RED
5.973	28.981
5.982	28.894
5.994	28.808
5.999	28.721
6.020	28.359
5.987	28.277
6.070	27.931
6.101	27.800
6.154	27.676
6.194	27.548
6.242	27.392
6.291	27.236
6.333	27.078
6.416	26.762
6.418	26.529
6.438	26.804
POLYLINE RED
6.399	26.508
6.428	26.542
6.447	26.586
6.485	26.610
6.771	26.791
7.063	26.963
7.363	27.121
9.105	28.038
8.131	27.405
8.950	27.955
POLYLINE RED
5.970	29.320
6.502	30.035
6.332	29.855
7.357	30.752
7.550	30.921
7.765	31.061
7.973	31.212
7.995	31.228
8.042	31.239
8.068	31.242
8.141	31.250
8.218	31.223
8.281	31.188
8.411	31.117
8.548	31.022
8.638	30.902
8.761	30.740
9.356	30.076
9.353	29.654
9.353	29.608
9.344	29.537
9.325	29.492
9.203	29.205
9.059	28.927
8.950	28.635
8.875	28.435
8.835	28.225
8.777	28.019
POLYLINE RED
7.410	29.002
7.343	28.853
7.197	28.586
7.177	28.396
7.155	28.190
7.153	27.983
7.148	27.777
7.145	27.641
7.141	27.672
7.254	27.663
POLYLINE RED
7.410	28.916
7.450	28.876
7.497	28.843
7.530	28.797
7.615	28.677
7.699	28.554
7.763	28.421
7.886	28.165
7.931	27.910
7.965	27.631
7.970	27.587
7.963	27.542
7.963	27.498
POLYLINE RED
7.154	27.654
7.160	27.577
7.166	27.500
7.171	27.423
7.177	27.394
7.175	27.362
7.189	27.336
7.224	27.270
7.274	27.213
7.316	27.151
POLYLINE RED
7.627	31.050
7.641	30.807
7.648	30.564
7.671	30.322
7.717	29.819
7.611	29.920
7.789	29.781
POLYLINE RED
7.587	30.809
7.414	30.595
7.227	30.392
7.070	30.166
6.993	30.055
6.946	29.925
6.888	29.802
6.843	29.707
6.905	29.596
7.012	29.596
7.235	29.594
7.458	29.595
7.680	29.595
POLYLINE RED
7.774	29.975
7.703	29.632
7.753	29.752
7.680	29.595
POLYLINE RED
7.671	30.781
7.758	30.547
7.842	30.312
7.932	30.080
7.957	30.017
7.979	30.007
7.987	29.955
7.998	29.875
7.920	29.720
7.845	29.681
7.639	29.575
7.709	29.650
7.636	29.561
POLYLINE RED
9.483	29.824
8.960	29.541
8.436	29.258
7.913	28.975
7.891	28.956
7.866	28.940
7.846	28.918
7.805	28.874
7.769	28.824
7.731	28.777
POLYLINE RED
6.038	29.174
6.569	29.133
6.429	29.169
6.935	29.032
6.954	29.027
7.027	28.989
7.038	28.971
7.073	28.911
7.094	28.843
7.122	28.779
POLYLINE RED
5.374	30.068
5.025	29.911
5.086	29.952
4.614	29.427
4.381	29.167
4.201	28.863
3.982	28.591
3.899	28.487
3.798	28.397
3.708	28.299
3.678	28.267
3.723	28.218
3.747	28.203
3.796	28.172
3.844	28.139
3.897	28.118
4.378	27.933
4.866	27.763
5.350	27.585
POLYLINE RED
5.289	30.005
5.487	29.682
5.698	29.367
5.883	29.036
5.943	28.928
6.106	28.692
6.004	28.541
5.755	28.169
5.495	27.805
5.252	27.430
4.988	27.021
5.196	27.240
5.059	27.101
POLYLINE RED
3.644	28.086
4.412	27.138
3.709	28.036
4.544	26.853
4.566	26.821
4.634	26.721
4.701	26.728
4.713	26.729
4.732	26.735
4.741	26.743
5.263	27.144
5.097	26.990
5.377	27.267
POLYLINE RED
7.242	22.170
7.355	23.882
7.222	22.607
8.223	25.888
POLYLINE RED
5.051	25.048
4.496	24.973
4.831	25.039
3.840	24.547
3.755	24.496
3.670	24.444
3.586	24.393
3.581	24.388
3.575	24.383
3.571	24.377
3.523	24.311
3.596	24.219
3.651	24.186
4.067	23.931
4.494	23.696
4.904	23.432
4.974	23.387
5.181	23.072
5.342	23.187
5.365	23.204
5.382	23.221
5.397	23.246
5.404	23.257
5.411	23.269
5.414	23.283
5.543	23.809
5.670	24.336
5.792	24.864
5.809	24.937
5.825	25.027
5.743	25.062
5.559	25.142
5.375	25.220
5.190	25.296
5.161	25.307
5.123	25.300
5.099	25.283
4.999	25.211
4.962	24.927
4.964	24.829
4.977	24.399
5.010	23.971
5.033	23.542
POLYLINE RED
7.156	25.237
6.565	24.541
6.986	25.004
6.139	24.199
6.084	24.147
6.120	24.074
6.138	24.017
POLYLINE RED
6.031	24.072
6.619	23.883
6.486	23.955
7.227	23.466
7.256	23.447
7.258	23.405
7.273	23.374
POLYLINE RED
7.119	25.386
7.141	25.193
7.148	24.999
7.184	24.809
7.207	24.692
7.246	24.577
7.293	24.467
7.365	24.297
7.461	24.137
7.541	23.971
7.550	23.951
7.548	23.920
7.542	23.899
7.523	23.839
7.451	23.799
7.416	23.754
7.352	23.674
7.297	23.574
7.261	23.479
7.239	23.421
7.225	23.361
7.206	23.302
POLYLINE RED
6.390	23.446
6.413	23.477
6.441	23.506
6.459	23.540
6.463	23.546
6.457	23.556
6.451	23.558
6.439	23.563
6.425	23.561
6.413	23.559
6.341	23.550
6.263	23.501
6.215	23.451
5.959	23.185
5.709	22.913
5.458	22.641
5.451	22.633
5.442	22.610
5.440	22.599
5.437	22.582
5.440	22.556
5.454	22.543
5.597	22.403
5.750	22.274
5.888	22.128
5.945	22.068
5.996	22.000
6.036	21.927
6.110	21.790
6.170	21.645
6.228	21.500
6.253	21.418
6.279	21.335
6.304	21.253
6.310	21.250
6.314	21.241
6.320	21.244
6.328	21.247
6.332	21.258
6.336	21.266
6.392	21.382
6.426	21.511
6.500	21.617
7.359	22.849
7.495	22.280
7.331	22.841
POLYLINE RED
6.456	23.602
7.522	22.776
5.892	24.027
7.072	23.162
7.121	23.126
7.176	23.066
7.207	23.010
7.252	22.927
7.293	22.688
7.295	22.677
POLYLINE RED
6.417	23.531
6.410	23.464
6.392	23.397
6.396	23.331
6.405	23.189
6.427	23.048
6.455	22.909
6.482	22.776
6.638	22.396
6.580	22.184
6.513	21.936
6.258	21.526
6.193	21.403
POLYLINE RED
6.646	22.373
7.533	22.885
POLYLINE RED
4.528	23.333
4.113	23.155
4.372	23.285
3.724	22.728
3.691	22.699
3.674	22.647
3.679	22.604
3.689	22.525
3.762	22.471
3.830	22.441
4.322	22.225
4.136	22.262
4.501	22.233
POLYLINE RED
4.614	23.253
4.774	22.866
4.629	23.193
4.854	22.768
4.861	22.755
4.863	22.724
4.862	22.709
4.856	22.636
4.789	22.561
4.753	22.513
4.550	22.245
4.620	22.299
4.519	22.221
POLYLINE RED
4.613	23.238
4.410	22.870
4.425	22.932
4.288	22.555
4.278	22.526
4.269	22.496
4.266	22.465
4.262	22.414
4.267	22.363
4.268	22.312
POLYLINE RED
8.160	25.713
8.180	25.665
POLYLINE RED
8.085	25.577
8.913	25.607
9.763	25.571
10.557	25.308
10.636	25.282
10.711	25.246
10.788	25.215
POLYLINE RED
9.501	29.999
9.459	29.714
9.444	29.423
9.374	29.144
9.270	28.735
8.928	28.015
8.705	27.674
8.573	27.473
8.393	27.308
8.248	27.117
8.199	27.053
8.163	26.981
8.124	26.910
8.109	26.883
8.141	26.865
8.162	26.864
8.440	26.857
8.719	26.867
8.996	26.850
9.121	26.842
9.243	26.806
9.367	26.788
9.411	26.781
9.469	26.802
9.490	26.844
9.660	27.171
9.767	27.554
9.831	27.903
9.888	28.212
9.991	29.070
9.929	29.526
9.913	29.648
9.876	29.766
9.838	29.882
9.807	29.979
9.765	30.072
9.725	30.166
9.694	30.238
9.600	30.166
9.572	30.141
9.505	30.082
9.445	30.016
9.381	29.953
POLYLINE RED
10.039	29.763
10.039	29.764
POLYLINE RED
9.537	30.135
9.563	29.997
9.568	30.018
9.561	29.887
9.505	28.814
9.604	28.806
9.346	28.060
9.269	27.840
9.094	27.443
8.922	27.293
8.815	27.200
8.724	27.168
8.594	27.087
8.437	26.989
8.572	27.051
8.474	27.009
POLYLINE RED
9.076	27.575
9.185	27.419
9.293	27.263
9.402	27.106
9.417	27.086
9.435	27.066
9.448	27.044
9.489	26.976
9.512	26.869
9.576	26.817
9.613	26.786
9.658	26.767
9.699	26.743
POLYLINE RED
10.815	25.091
10.711	24.384
10.629	24.119
10.718	23.373
10.922	21.675
10.956	22.726
10.936	22.223
POLYLINE RED
17.198	22.693
17.208	22.785
17.207	22.879
17.230	22.968
17.365	23.515
17.554	24.048
17.671	24.599
17.718	24.822
17.713	25.053
17.720	25.280
17.741	25.923
17.666	25.474
17.736	25.834
POLYLINE RED
11.096	26.915
11.188	27.187
11.280	27.459
11.373	27.731
11.422	27.949
11.440	28.176
11.520	28.385
11.811	29.146
12.183	29.874
12.485	30.632
12.563	30.829
12.594	31.042
12.658	31.244
12.724	31.451
13.005	31.711
13.211	31.803
13.275	31.831
13.347	31.846
13.418	31.849
13.582	31.854
13.918	31.703
14.025	31.618
14.512	31.231
14.989	30.830
15.441	30.402
15.781	30.080
16.168	29.535
16.343	29.096
16.869	27.774
16.585	27.997
17.021	26.637
17.098	26.394
17.225	26.169
17.339	25.940
17.739	25.131
17.647	25.284
17.954	24.832
POLYLINE RED
10.901	23.308
10.853	23.181
10.815	23.050
10.758	22.927
10.713	22.830
10.653	22.741
10.597	22.650
10.376	22.294
10.174	21.924
9.925	21.586
8.203	19.249
9.428	21.126
9.003	20.470
POLYLINE RED
11.418	20.431
8.944	18.757
11.909	20.719
9.472	19.239
9.231	19.092
9.249	19.112
9.187	18.970
POLYLINE RED
11.434	20.354
11.224	19.909
11.169	19.709
10.814	19.330
8.903	17.293
10.500	19.164
9.894	18.448
POLYLINE GREEN
10.126	15.513
10.095	15.484
10.061	15.458
10.031	15.427
10.011	15.406
9.992	15.383
9.977	15.358
9.909	15.250
9.929	15.239
9.861	15.171
9.367	14.667
9.906	15.210
9.330	14.715
9.175	14.582
9.043	14.423
8.882	14.299
8.257	13.818
8.397	14.149
8.294	13.887
POLYLINE GREEN
9.880	18.393
9.858	18.384
9.834	18.377
9.812	18.366
9.799	18.360
9.786	18.351
9.775	18.342
9.485	18.085
9.187	17.837
8.909	17.567
8.613	17.280
8.348	16.963
8.056	16.674
7.771	16.391
7.463	16.134
7.179	15.851
7.106	15.779
7.053	15.687
6.984	15.610
6.908	15.525
6.816	15.500
6.730	15.418
6.298	15.008
6.607	15.201
6.225	14.952
6.197	14.933
6.278	14.993
6.305	15.013
POLYLINE GREEN
15.991	21.445
15.042	20.355
16.376	21.843
13.909	19.635
13.715	19.461
13.584	19.228
13.401	19.043
13.012	18.651
12.577	18.305
12.196	17.905
11.990	17.690
11.828	17.437
11.644	17.203
11.387	16.875
11.145	16.536
10.875	16.220
10.695	16.009
10.492	15.818
10.295	15.623
9.959	15.288
10.129	15.507
9.988	15.318
POLYLINE GREEN
15.945	21.343
16.200	21.763
15.969	21.395
16.740	22.290
16.778	22.333
16.808	22.383
16.850	22.422
17.389	22.921
17.027	22.527
17.269	22.796
POLYLINE GREEN
8.886	20.189
8.766	20.051
8.646	19.913
8.526	19.776
8.508	19.753
8.495	19.726
8.473	19.708
8.364	19.619
8.249	19.538
8.136	19.455
8.009	19.363
8.090	19.447
7.994	19.330
POLYLINE GREEN
9.087	18.876
8.731	18.673
8.272	18.494
7.995	18.185
POLYLINE GREEN
8.484	14.041
7.428	13.551
7.838	13.702
6.337	13.277
6.199	13.238
6.054	13.224
5.915	13.188
5.861	13.174
5.808	13.155
5.759	13.128
5.493	12.986
5.246	12.809
4.972	12.683
4.491	12.463
3.995	12.276
3.498	12.092
3.328	12.029
3.148	11.998
2.975	11.944
1.522	11.496
2.970	11.798
0.065	11.207
-0.527	11.087
-1.127	11.010
-1.722	10.912
POLYLINE GREEN
6.330	15.102
6.284	15.077
6.241	15.042
6.191	15.025
3.099	14.119
6.323	15.118
4.442	14.426
3.702	14.154
4.042	14.354
3.541	14.125
3.450	14.083
3.365	14.031
3.274	13.989
3.087	13.903
2.893	13.832
2.707	13.741
1.751	13.275
3.118	13.644
0.916	12.963
0.109	12.713
-0.722	12.546
-1.541	12.338
POLYLINE GREEN
-1.584	12.265
-2.014	12.266
-1.962	12.275
-2.665	12.133
-2.832	12.099
-3.190	12.021
-3.349	11.859
-3.558	11.647
-3.592	11.537
-3.792	11.244
-3.856	11.152
-3.948	11.107
-4.063	11.116
-4.082	11.118
-4.095	11.136
-4.111	11.145
POLYLINE GREEN
-10.472	10.569
-10.520	10.592
-10.573	10.609
-10.602	10.655
-10.648	10.726
-10.585	10.847
-10.554	10.904
-10.459	11.079
-10.206	11.309
-10.008	11.361
-9.378	11.528
-8.782	11.634
-8.157	11.400
-7.753	11.248
-7.287	10.976
-6.823	10.930
-6.686	10.916
-6.548	10.914
-6.410	10.925
-5.534	10.998
-4.659	11.097
-3.784	11.180
-3.782	11.180
-3.783	11.177
-3.783	11.176
-3.788	11.172
-3.794	11.169
-3.799	11.166
-3.868	11.134
-3.937	11.103
-4.006	11.072
POLYLINE GREEN
-10.611	10.712
-10.588	10.591
-10.576	10.466
-10.540	10.347
-10.453	10.056
-10.295	9.780
-10.116	9.538
-10.048	9.446
-9.970	9.362
-9.881	9.291
-9.723	9.166
-9.550	9.060
-9.378	8.955
-9.316	8.917
-9.250	8.881
-9.180	8.862
-8.888	8.783
-8.593	8.709
-8.295	8.661
-7.945	8.605
-7.944	8.620
-7.713	8.686
POLYLINE GREEN
-4.144	11.099
-4.112	11.069
POLYLINE GREEN
-3.721	9.027
-3.822	9.743
-3.804	9.820
-4.072	10.596
-4.133	10.773
-4.230	10.935
-4.309	11.105
POLYLINE GREEN
-6.955	10.813
-6.989	10.786
-7.028	10.765
-7.058	10.733
-7.338	10.444
-7.511	10.067
-7.529	9.663
-7.533	9.563
-7.533	9.461
-7.520	9.362
-7.503	9.244
-7.472	9.129
-7.439	9.015
-7.428	8.974
-7.406	8.937
-7.389	8.899
POLYLINE GREEN
-8.384	10.566
-8.520	10.592
-8.642	10.628
-8.766	10.559
-8.945	10.459
-9.123	10.285
-9.166	10.076
-9.181	10.004
-9.154	9.932
-9.110	9.874
-8.980	9.700
-8.894	9.617
-8.684	9.562
-8.642	9.550
-8.582	9.543
-8.536	9.550
-8.252	9.592
-8.084	9.883
-8.094	10.153
-8.097	10.219
-8.116	10.294
-8.156	10.347
-8.239	10.456
-8.260	10.440
-8.408	10.503
POLYLINE GREEN
-8.821	10.024
-8.442	10.040
-8.589	10.048
-8.376	10.030
POLYLINE GREEN
-8.547	10.288
-8.547	9.803
-8.618	9.975
-8.487	9.734
POLYLINE GREEN
-5.900	7.431
-5.900	7.436
POLYLINE GREEN
-7.750	8.711
-7.817	8.024
-7.782	7.902
-7.959	7.341
-7.981	7.270
-8.013	7.202
-8.050	7.137
-8.315	6.665
-8.589	6.197
-8.864	5.730
-8.955	5.574
-8.908	5.704
-8.938	5.613
POLYLINE GREEN
-8.930	5.681
-9.158	5.444
-9.393	5.212
-9.614	4.969
-9.703	4.859
-9.791	4.749
-9.879	4.639
-9.872	4.636
-9.865	4.630
-9.857	4.630
-9.828	4.631
-9.799	4.638
-9.769	4.642
POLYLINE GREEN
-5.248	6.689
-5.301	6.703
-5.357	6.708
-5.407	6.731
-6.330	7.144
-6.086	7.288
-7.210	8.373
-7.499	8.652
-7.492	8.561
-7.742	8.717
-7.747	8.721
-7.730	8.722
-7.724	8.724
-7.663	8.721
-7.602	8.719
-7.541	8.717
POLYLINE GREEN
-4.263	10.367
-4.535	10.275
-4.808	10.185
-5.080	10.091
-5.089	10.088
-5.098	10.076
-5.101	10.067
-5.126	10.000
-4.989	9.864
-4.947	9.830
-4.847	9.751
-4.744	9.676
-4.641	9.601
-4.628	9.592
-4.606	9.589
-4.590	9.590
-4.467	9.604
-4.266	9.806
-4.215	9.853
-4.165	9.898
-4.060	9.997
-4.060	10.083
-4.061	10.143
-4.091	10.193
-4.120	10.244
-4.151	10.300
-4.183	10.355
-4.215	10.411
POLYLINE GREEN
-4.251	10.333
-4.292	10.249
-4.333	10.166
-4.375	10.083
-4.398	10.036
-4.430	9.994
-4.446	9.944
-4.458	9.908
-4.452	9.869
-4.456	9.832
POLYLINE GREEN
-4.536	9.902
-4.631	9.923
-4.727	9.944
-4.822	9.965
-4.849	9.966
-4.876	9.974
-4.902	9.969
-4.945	9.962
-4.984	9.942
-5.025	9.928
POLYLINE GREEN
-4.454	9.833
-4.466	9.528
POLYLINE GREEN
-4.576	9.043
-4.865	8.852
-5.155	8.660
-5.444	8.469
-5.476	8.440
-5.520	8.419
-5.539	8.381
-5.556	8.346
-5.543	8.302
-5.546	8.263
POLYLINE GREEN
-4.483	8.867
-4.582	8.714
-4.487	8.512
-4.578	8.360
-4.598	8.328
-4.639	8.293
-4.675	8.283
-4.873	8.226
-5.071	8.172
-5.272	8.124
-5.393	8.095
-5.399	8.099
-5.486	8.106
POLYLINE GREEN
-4.568	8.925
-4.981	8.359
-4.866	8.582
-5.001	8.308
POLYLINE GREEN
-5.214	8.212
-5.431	8.304
-5.387	8.300
-5.576	8.341
-5.583	8.343
-5.592	8.346
-5.599	8.342
-5.643	8.322
-5.685	8.296
-5.728	8.273
POLYLINE GREEN
-5.749	10.392
-6.027	10.406
-6.304	10.420
-6.582	10.434
-6.586	10.430
-6.592	10.428
-6.594	10.423
-6.601	10.407
-6.586	10.383
-6.580	10.372
-6.492	10.188
-6.406	10.004
-6.316	9.821
-6.311	9.811
-6.302	9.803
-6.295	9.795
-6.248	9.747
-6.193	9.795
-6.148	9.820
POLYLINE GREEN
-5.640	10.314
-5.734	10.077
-5.918	9.904
-6.053	9.696
POLYLINE GREEN
-5.681	10.299
-6.220	10.154
-6.109	10.316
-6.233	10.088
POLYLINE GREEN
-6.205	10.135
-6.171	9.746
-6.197	9.909
-6.146	9.644
POLYLINE GREEN
-6.175	10.104
-6.474	10.270
-6.335	10.209
-6.584	10.301
POLYLINE GREEN
-5.645	8.993
-5.611	9.014
-5.570	9.027
-5.543	9.056
-5.533	9.067
-5.573	9.061
-5.586	9.056
-5.897	8.946
-6.205	8.828
-6.513	8.711
-6.553	8.696
-6.527	8.648
-6.504	8.631
-6.420	8.569
-6.332	8.511
-6.248	8.447
-6.226	8.430
-6.206	8.409
-6.185	8.390
-6.134	8.353
-6.084	8.316
-6.033	8.279
POLYLINE GREEN
-5.547	8.981
-5.713	8.748
-5.845	8.410
-6.076	8.208
POLYLINE GREEN
-5.616	9.040
-5.745	8.946
-5.955	8.724
-6.150	8.722
-6.271	8.720
-6.293	8.740
-6.377	8.713
POLYLINE GREEN
-6.016	8.728
-6.031	8.414
POLYLINE GREEN
-5.263	7.806
-5.694	7.452
POLYLINE GREEN
-5.246	7.765
-5.330	7.757
-5.439	7.752
-5.453	7.648
-5.459	7.601
-5.453	7.568
-5.442	7.518
-5.429	7.459
-5.391	7.387
-5.427	7.327
-5.474	7.249
-5.592	7.262
-5.664	7.280
-5.703	7.289
-5.758	7.307
-5.776	7.350
-5.796	7.400
-5.750	7.461
-5.721	7.494
-5.699	7.518
-5.678	7.543
-5.651	7.559
-5.312	7.771
-5.280	7.856
-5.326	7.737
POLYLINE GREEN
-6.780	7.050
-6.874	7.042
-6.968	7.036
-7.062	7.025
-7.137	7.016
-7.189	6.980
-7.154	6.904
-7.143	6.881
-7.135	6.857
-7.118	6.839
-6.496	6.174
-6.813	6.575
-6.573	6.265
POLYLINE GREEN
-6.590	7.038
-6.506	6.940
-6.419	6.846
-6.339	6.745
-6.324	6.726
-6.280	6.661
-6.282	6.622
-6.287	6.532
-6.491	6.436
-6.499	6.431
-6.546	6.401
-6.597	6.377
-6.647	6.351
POLYLINE GREEN
-6.635	7.057
-6.569	6.397
POLYLINE RED
11.056	26.823
11.000	26.922
10.923	27.012
10.888	27.120
10.212	29.228
10.193	29.730
9.636	32.025
9.511	32.541
9.448	32.298
9.536	32.549
POLYLINE RED
4.395	34.469
4.386	34.474
POLYLINE RED
3.781	23.715
3.685	24.246
3.596	24.777
3.494	25.307
3.141	27.124
3.204	25.765
2.825	29.101
2.747	29.785
2.799	30.478
2.740	31.164
2.690	31.752
2.630	31.907
2.494	32.333
POLYLINE RED
12.377	40.055
12.378	40.512
12.380	40.969
12.382	41.425
12.377	41.468
12.375	41.511
12.367	41.554
12.353	41.626
12.334	41.697
12.317	41.769
POLYLINE RED
12.377	40.030
12.403	39.169
12.353	39.581
12.512	38.793
POLYLINE RED
9.496	32.480
9.504	32.538
9.509	32.596
9.521	32.652
9.528	32.684
9.537	32.715
9.552	32.744
9.694	33.007
9.860	33.257
9.992	33.526
10.231	34.016
10.420	34.530
10.665	35.018
11.128	35.940
11.670	36.822
12.117	37.753
12.240	38.010
12.394	38.532
12.445	38.889
12.449	38.918
12.445	38.947
12.445	38.976
POLYLINE RED
2.595	32.178
2.595	32.181
POLYLINE RED
2.595	32.185
2.615	33.044
2.592	33.276
2.861	34.323
2.893	34.451
3.157	35.177
3.372	35.441
3.991	36.198
4.093	36.252
4.978	36.929
5.119	37.037
5.275	37.124
5.424	37.223
5.474	37.256
5.428	37.238
5.499	37.256
POLYLINE RED
9.866	41.414
9.967	41.268
10.074	41.127
10.169	40.977
10.198	40.932
10.217	40.881
10.236	40.831
10.312	40.635
10.386	40.437
10.454	40.237
10.482	40.157
10.477	40.067
10.538	40.003
10.616	39.922
10.777	39.893
10.861	39.853
10.933	39.819
11.005	39.784
11.068	39.736
11.260	39.588
11.431	39.414
11.625	39.269
12.951	38.278
11.793	39.242
12.560	38.591
POLYLINE RED
9.977	41.510
10.251	41.435
10.526	41.360
10.801	41.285
10.820	41.284
10.840	41.279
10.859	41.281
10.957	41.292
11.054	41.317
11.153	41.322
11.361	41.332
11.518	41.332
11.708	41.274
11.745	41.263
11.782	41.250
11.814	41.228
12.202	40.957
12.190	40.962
12.424	40.752
POLYLINE RED
10.248	41.405
11.466	40.720
11.225	40.965
12.106	40.129
12.289	39.955
12.311	39.906
12.347	39.690
POLYLINE RED
9.758	41.527
8.624	41.005
9.618	41.477
7.033	39.675
POLYLINE RED
7.724	42.059
7.522	41.242
7.319	40.426
7.117	39.609
7.117	39.606
7.117	39.599
7.120	39.608
7.130	39.637
7.139	39.667
7.149	39.696
POLYLINE RED
7.642	41.867
8.296	41.883
7.879	41.883
9.294	41.622
9.315	41.618
9.477	41.570
9.523	41.532
9.569	41.494
9.608	41.450
9.651	41.410
POLYLINE RED
9.666	41.423
9.389	40.944
9.128	40.454
8.834	39.985
8.833	39.984
8.570	39.547
8.391	39.477
8.366	39.467
8.341	39.456
8.315	39.456
8.006	39.450
7.697	39.449
7.388	39.457
7.319	39.459
7.082	39.498
7.036	39.561
7.029	39.571
7.027	39.583
7.022	39.594
POLYLINE RED
9.700	38.963
9.022	38.811
8.344	38.662
7.667	38.507
7.469	38.462
7.652	38.196
7.705	38.123
7.769	38.035
7.834	37.945
7.916	37.872
8.074	37.728
8.241	37.591
8.422	37.477
9.534	36.774
9.170	36.789
9.731	36.794
POLYLINE RED
9.591	38.995
9.748	38.716
9.740	38.685
9.984	38.449
10.102	38.335
10.668	37.991
10.522	37.678
10.502	37.634
10.483	37.589
10.453	37.552
10.270	37.325
10.083	37.101
9.885	36.888
9.797	36.794
9.692	36.717
9.596	36.631
POLYLINE RED
9.310	38.892
9.577	37.100
POLYLINE RED
9.434	37.562
8.706	37.405
8.996	37.487
8.556	37.351
POLYLINE RED
9.385	38.093
10.209	37.894
9.892	37.947
10.324	37.882
POLYLINE RED
7.662	36.809
6.270	36.377
7.465	36.775
4.482	34.568
4.471	34.560
4.464	34.547
4.456	34.535
4.381	34.420
4.523	34.238
4.598	34.181
5.255	33.672
5.942	33.203
6.603	32.699
7.114	32.310
6.752	32.501
6.941	32.404
POLYLINE RED
7.668	36.974
7.739	36.854
7.811	36.734
7.883	36.613
8.042	36.346
8.218	36.088
8.362	35.812
8.739	35.087
8.856	34.983
8.912	34.371
8.918	34.304
8.918	34.237
8.910	34.171
8.899	34.066
8.883	33.961
8.854	33.859
8.735	33.443
8.407	32.934
8.201	32.634
8.028	32.383
7.820	32.159
7.625	31.925
7.613	31.910
7.584	31.890
7.564	31.882
7.502	31.857
7.432	31.899
7.389	31.943
6.635	32.705
6.744	32.403
6.550	32.913
POLYLINE RED
7.750	36.777
7.314	35.994
7.676	36.686
7.205	34.624
7.187	34.542
7.101	34.477
7.024	34.455
6.845	34.405
6.428	34.418
6.386	34.411
5.597	34.275
5.590	34.266
5.150	34.104
POLYLINE RED
7.053	34.452
7.918	32.258
7.736	33.055
7.932	32.162
POLYLINE RED
10.564	36.259
10.240	36.312
9.916	36.368
9.591	36.416
9.535	36.425
9.380	36.423
9.352	36.349
9.330	36.290
9.375	36.203
9.398	36.159
9.431	36.095
9.504	36.002
9.560	35.964
9.951	35.696
9.945	35.714
10.304	35.562
POLYLINE RED
10.402	36.607
10.554	36.490
10.704	36.372
10.856	36.256
10.892	36.229
10.937	36.214
10.957	36.170
10.968	36.145
10.967	36.113
10.953	36.090
10.887	35.978
10.812	35.872
10.753	35.758
10.724	35.700
10.704	35.638
10.687	35.575
10.661	35.474
10.647	35.370
10.627	35.267
10.624	35.254
10.625	35.239
10.618	35.228
10.615	35.222
10.606	35.217
10.600	35.220
10.584	35.229
10.542	35.308
10.538	35.312
10.490	35.367
10.442	35.421
10.386	35.467
10.275	35.561
10.155	35.644
10.038	35.730
10.026	35.738
10.013	35.744
9.999	35.749
9.976	35.756
9.951	35.760
9.927	35.766
POLYLINE RED
6.980	38.633
6.764	38.648
6.548	38.682
6.331	38.678
6.097	38.673
5.865	38.631
5.632	38.605
5.602	38.601
5.568	38.579
5.568	38.546
5.568	38.533
5.575	38.506
5.583	38.496
5.636	38.428
5.685	38.356
5.747	38.298
5.969	38.091
6.207	37.900
6.436	37.700
POLYLINE RED
6.723	38.627
6.550	38.587
7.062	37.972
6.737	37.907
6.727	37.905
6.717	37.904
6.706	37.904
6.636	37.902
6.565	37.909
6.495	37.901
6.439	37.894
6.385	37.874
6.330	37.861
POLYLINE RED
6.624	38.750
6.496	38.562
6.370	38.374
6.241	38.187
6.208	38.138
6.171	38.092
6.138	38.044
6.133	38.038
6.126	38.031
6.127	38.024
6.136	37.976
6.154	37.930
6.167	37.883
POLYLINE RED
11.861	38.575
11.620	38.623
11.379	38.673
11.137	38.719
11.110	38.724
11.077	38.725
11.053	38.707
10.988	38.658
11.008	38.510
11.020	38.454
11.076	38.188
11.180	37.951
11.317	37.714
11.360	37.640
11.427	37.584
11.481	37.519
POLYLINE RED
11.950	38.744
11.952	38.644
11.948	38.543
11.957	38.443
11.962	38.383
11.976	38.324
11.993	38.267
12.027	38.157
12.072	38.050
12.109	37.941
12.113	37.929
12.110	37.907
12.107	37.895
12.096	37.855
12.060	37.809
12.028	37.787
11.740	37.590
11.704	37.574
11.415	37.472
POLYLINE RED
10.088	39.867
9.936	39.940
9.847	40.001
9.680	40.019
9.459	40.042
9.281	40.059
9.076	40.028
8.960	40.011
8.923	39.901
8.956	39.799
9.024	39.587
9.268	39.362
9.426	39.226
9.493	39.169
9.675	38.962
9.823	39.009
9.904	39.034
9.993	39.104
10.047	39.154
10.185	39.285
10.314	39.425
10.443	39.565
10.480	39.603
10.468	39.669
10.418	39.690
9.944	39.885
10.119	39.875
9.865	39.872
POLYLINE RED
9.892	39.907
9.521	39.549
9.631	39.724
9.484	39.439
POLYLINE RED
9.616	39.659
9.844	39.280
9.760	39.460
9.888	39.128
POLYLINE RED
9.562	39.613
9.271	39.546
9.413	39.596
9.135	39.461
POLYLINE RED
5.198	32.668
4.609	32.207
4.009	31.762
3.433	31.287
3.322	31.196
3.229	31.084
3.142	30.970
3.043	30.841
2.962	30.697
2.875	30.559
2.850	30.519
2.876	30.461
2.908	30.435
2.933	30.415
2.956	30.391
2.986	30.380
3.482	30.201
3.979	30.029
4.480	29.867
4.550	29.844
4.776	29.776
4.868	29.852
4.897	29.876
4.913	29.909
4.924	29.944
4.990	30.157
5.040	30.376
5.120	30.585
5.173	30.721
5.243	30.850
5.320	30.974
5.405	31.111
5.501	31.240
5.604	31.364
5.674	31.449
5.913	31.623
5.960	31.790
5.974	31.836
5.967	31.842
5.966	31.889
5.958	32.272
5.952	32.656
5.943	33.039
5.942	33.096
5.886	33.118
5.836	33.093
5.154	32.756
5.341	32.924
5.070	32.647
POLYLINE RED
5.803	33.098
5.595	32.735
5.396	32.365
5.178	32.007
5.028	31.760
4.848	31.533
4.699	31.285
4.604	31.125
4.536	30.951
4.449	30.787
4.408	30.711
4.333	30.662
4.250	30.645
4.221	30.638
4.191	30.634
4.161	30.634
3.766	30.631
3.372	30.630
2.978	30.637
2.967	30.637
2.996	30.649
3.005	30.655
3.053	30.674
3.101	30.692
3.149	30.711
POLYLINE RED
4.327	30.713
4.329	30.662
4.325	30.610
4.334	30.560
4.347	30.492
4.367	30.424
4.393	30.360
4.518	30.054
4.508	30.077
4.616	29.913
POLYLINE RED
9.469	45.026
9.261	44.464
9.390	44.759
8.736	43.842
8.699	43.790
8.653	43.745
8.603	43.706
8.335	43.497
8.063	43.292
7.783	43.100
7.268	42.748
6.729	42.431
6.219	42.072
6.120	42.003
5.920	41.775
5.854	41.651
5.806	41.561
5.763	41.466
5.735	41.368
5.391	40.144
5.403	40.048
5.407	38.598
5.407	38.370
5.474	38.146
5.478	37.918
5.485	37.456
5.462	37.413
5.378	37.092
POLYLINE RED
9.827	45.205
9.867	45.246
9.999	45.350
9.946	45.328
9.844	45.285
9.762	45.207
9.673	45.141
9.619	45.100
9.462	44.974
9.520	45.008
10.101	45.391
9.879	45.265
10.164	45.423
POLYLINE RED
9.946	45.279
11.062	45.815
10.928	45.797
12.471	46.207
12.659	46.257
12.857	46.252
13.051	46.275
POLYLINE RED
12.334	41.695
12.484	41.913
12.535	42.030
12.711	42.186
12.740	42.213
12.771	42.242
12.809	42.255
13.254	42.403
13.704	42.538
14.155	42.666
14.512	42.767
14.878	42.836
15.234	42.941
16.364	43.275
15.969	43.502
16.373	43.234
POLYLINE RED
16.062	43.245
17.745	43.651
15.182	43.071
18.114	43.483
18.869	43.589
18.931	43.624
19.363	43.808
POLYLINE RED
13.156	46.342
14.389	46.347
15.622	46.332
16.854	46.355
17.620	46.369
17.250	46.523
17.572	46.368
POLYLINE RED
18.432	45.553
18.729	45.500
18.001	44.726
18.393	44.657
18.598	44.621
18.803	44.581
19.010	44.558
19.130	44.554
19.250	44.551
19.370	44.548
19.376	44.552
19.385	44.553
19.388	44.560
19.395	44.575
19.379	44.602
19.372	44.612
19.297	44.730
19.229	44.852
19.144	44.963
19.087	45.038
19.016	45.100
18.948	45.166
18.778	45.331
18.603	45.492
18.431	45.656
POLYLINE RED
18.740	44.899
18.854	44.885
18.976	44.881
19.075	44.815
19.087	44.807
19.099	44.797
19.110	44.786
19.162	44.734
19.213	44.680
19.265	44.627
POLYLINE RED
18.449	45.531
18.618	45.308
18.671	45.272
18.771	45.063
18.788	45.028
18.800	44.990
18.814	44.954
POLYLINE RED
18.692	44.932
18.255	44.773
18.429	44.853
18.159	44.718
POLYLINE RED
26.781	47.316
26.184	46.664
26.134	46.599
25.053	45.658
24.859	45.488
24.636	45.353
24.419	45.215
24.177	45.062
23.915	44.941
23.676	44.783
23.284	44.523
22.914	44.232
22.528	43.964
22.464	43.920
22.361	43.894
22.288	43.885
21.699	43.812
21.550	43.751
21.070	43.825
20.895	43.852
20.725	43.911
20.549	43.926
20.244	43.951
19.938	43.939
19.633	43.942
19.597	43.941
19.560	43.939
19.523	43.937
19.525	43.939
19.526	43.942
19.529	43.943
19.613	43.973
19.698	44.001
19.782	44.029
POLYLINE RED
26.460	54.188
26.420	54.197
POLYLINE RED
26.353	54.153
26.389	54.099
26.421	54.041
26.462	53.991
27.249	53.030
26.660	53.741
27.036	53.354
27.117	53.270
27.189	53.177
27.275	53.098
27.342	53.036
27.421	52.987
27.496	52.933
27.618	52.846
27.722	52.822
27.730	52.666
27.738	52.505
27.612	52.355
27.556	52.224
27.505	52.104
27.502	52.081
27.486	51.999
POLYLINE RED
27.517	51.957
27.519	51.883
27.512	51.807
27.525	51.734
27.623	51.178
27.779	50.772
28.009	50.230
28.066	50.096
28.160	49.980
28.220	49.847
28.285	49.701
28.327	49.485
28.305	49.321
28.276	49.096
27.947	48.788
27.887	48.716
27.729	48.524
27.552	48.349
27.401	48.152
27.234	47.934
27.091	47.698
26.936	47.471
POLYLINE RED
29.642	52.570
29.209	53.016
28.777	53.465
28.341	53.910
28.313	53.939
28.297	53.944
28.266	53.959
POLYLINE RED
29.458	52.623
29.444	52.568
29.434	52.512
29.416	52.458
29.404	52.423
29.386	52.391
29.369	52.358
29.325	52.274
29.270	52.194
29.232	52.107
29.118	51.844
29.166	51.788
29.076	51.482
28.955	51.071
28.832	50.659
28.683	50.258
28.584	49.993
28.387	49.763
28.221	49.542
POLYLINE RED
28.144	54.010
26.955	54.075
27.060	54.187
26.269	54.000
26.222	53.989
26.177	53.971
26.134	53.951
26.026	53.900
26.006	53.880
25.922	53.817
POLYLINE RED
28.160	54.031
28.563	54.204
28.754	54.240
29.056	54.481
29.242	54.629
29.416	54.790
29.596	54.945
POLYLINE RED
29.614	52.638
29.666	52.782
29.667	52.823
29.740	52.931
29.799	53.016
29.876	53.090
29.921	53.184
30.030	53.409
30.111	53.647
30.201	53.880
30.271	54.108
30.234	54.009
30.305	54.179
POLYLINE RED
30.910	55.482
30.904	55.515
30.899	55.548
30.893	55.581
30.887	55.584
30.882	55.591
30.876	55.590
30.856	55.588
30.829	55.559
30.820	55.547
30.724	55.427
30.806	55.182
30.959	55.150
30.993	55.143
31.023	55.146
31.057	55.154
31.163	55.177
31.202	55.273
31.221	55.371
31.231	55.420
31.226	55.475
31.206	55.521
31.156	55.631
31.057	55.677
30.959	55.742
POLYLINE RED
31.090	55.658
31.015	55.652
30.887	55.654
30.824	55.599
30.805	55.582
30.819	55.548
30.816	55.522
POLYLINE RED
31.436	55.604
31.436	55.509
31.436	55.415
31.437	55.320
31.435	55.302
31.430	55.283
31.432	55.265
31.436	55.226
31.448	55.190
31.457	55.152
POLYLINE RED
31.839	55.598
31.731	55.542
31.624	55.485
31.517	55.428
31.514	55.423
31.509	55.418
31.508	55.412
31.502	55.388
31.525	55.360
31.541	55.346
31.583	55.310
31.627	55.275
31.672	55.241
31.683	55.232
31.695	55.224
31.708	55.220
31.724	55.213
31.743	55.211
31.760	55.207
POLYLINE RED
32.203	55.637
32.139	55.162
32.028	55.065
32.164	55.197
POLYLINE RED
32.183	55.690
32.246	55.513
32.308	55.336
32.370	55.159
32.376	55.152
32.380	55.144
32.386	55.138
32.429	55.104
32.488	55.202
32.497	55.220
32.653	55.558
32.639	55.461
32.653	55.649
POLYLINE RED
32.989	55.503
32.970	55.515
32.927	55.553
32.892	55.555
32.811	55.561
32.759	55.422
32.756	55.360
32.754	55.329
32.757	55.299
32.768	55.269
32.814	55.143
32.972	55.083
33.093	55.132
33.266	55.202
33.344	55.513
33.173	55.624
33.134	55.650
33.017	55.688
32.971	55.680
32.907	55.669
32.846	55.644
32.784	55.626
POLYLINE RED
31.540	54.516
31.471	54.501
31.379	54.496
31.340	54.425
31.281	54.314
31.337	54.123
31.471	54.096
31.533	54.083
31.588	54.118
31.636	54.153
31.691	54.192
31.802	54.312
31.805	54.378
31.808	54.454
31.717	54.515
31.648	54.509
31.598	54.506
31.553	54.477
31.510	54.457
POLYLINE RED
31.824	54.799
31.702	54.559
31.512	54.208
31.424	53.950
31.413	53.919
31.428	53.885
31.430	53.853
POLYLINE RED
32.695	54.601
32.667	54.616
32.640	54.632
32.611	54.646
32.546	54.677
32.440	54.626
32.388	54.602
32.357	54.588
32.325	54.565
32.301	54.539
32.277	54.513
32.250	54.455
32.240	54.432
32.211	54.361
32.210	54.300
32.223	54.226
32.240	54.128
32.333	54.105
32.420	54.125
32.470	54.136
32.537	54.187
32.512	54.245
32.504	54.265
32.488	54.281
32.473	54.294
32.405	54.353
32.323	54.331
32.257	54.278
32.238	54.263
32.208	54.250
32.205	54.225
32.200	54.189
32.226	54.156
32.237	54.121
POLYLINE RED
33.129	54.654
33.022	54.639
32.968	54.603
32.906	54.515
32.850	54.436
32.800	54.337
32.810	54.238
32.812	54.209
32.825	54.178
32.844	54.156
32.912	54.077
33.017	54.084
33.103	54.131
33.224	54.196
33.290	54.378
33.253	54.508
33.247	54.528
33.209	54.590
33.182	54.587
33.124	54.579
33.067	54.564
33.010	54.553
POLYLINE RED
33.787	54.333
33.731	54.336
33.689	54.346
33.637	54.333
33.512	54.302
33.415	54.162
33.460	54.035
33.487	53.955
33.603	53.965
33.666	53.985
33.707	53.998
33.715	54.008
33.750	54.032
POLYLINE RED
34.074	54.249
33.970	53.921
33.878	53.874
34.000	53.947
POLYLINE RED
34.026	54.125
34.080	54.166
34.164	54.234
34.220	54.157
34.224	54.151
34.228	54.144
34.229	54.136
34.242	54.082
34.251	54.027
34.261	53.972
POLYLINE RED
34.316	54.162
34.386	54.204
34.456	54.244
34.524	54.184
34.547	54.164
34.563	54.136
34.569	54.106
34.581	54.037
34.536	53.906
34.530	53.880
POLYLINE RED
25.302	50.107
25.182	50.057
25.056	50.021
24.942	49.957
24.747	49.848
24.565	49.716
24.378	49.592
24.353	49.575
24.327	49.543
24.318	49.513
24.304	49.472
24.322	49.414
24.347	49.382
24.529	49.149
24.716	48.918
24.906	48.690
24.931	48.660
24.989	48.603
25.038	48.606
25.074	48.609
25.121	48.634
25.144	48.660
25.408	48.951
25.669	49.245
25.926	49.543
25.981	49.606
26.001	49.698
25.949	49.767
25.863	49.881
25.709	49.910
25.586	49.962
25.416	50.032
25.682	49.952
25.388	50.029
POLYLINE RED
25.397	50.000
25.391	49.959
25.371	49.652
25.311	49.516
25.285	49.455
25.236	49.416
25.171	49.405
25.006	49.377
24.838	49.360
24.675	49.322
24.563	49.285
24.450	49.248
24.338	49.210
24.341	49.204
24.342	49.195
24.349	49.193
24.376	49.182
24.407	49.178
24.435	49.171
POLYLINE RED
25.303	49.324
25.531	48.776
POLYLINE RED
24.745	47.353
24.766	47.072
24.784	46.791
24.809	46.510
24.812	46.478
24.835	46.418
24.854	46.391
24.879	46.355
24.906	46.320
24.936	46.289
25.019	46.200
25.114	46.121
25.194	46.029
25.245	45.971
25.276	45.899
25.327	45.841
25.334	45.833
25.330	45.863
25.332	45.873
25.324	45.922
25.316	45.971
25.308	46.020
POLYLINE RED
24.924	47.469
25.066	47.412
25.206	47.346
25.351	47.297
25.452	47.262
25.558	47.243
25.662	47.218
25.718	47.204
25.717	47.214
25.766	47.189
25.846	47.148
25.883	47.078
25.915	46.996
25.964	46.870
26.009	46.742
26.056	46.616
26.063	46.598
26.075	46.581
26.077	46.562
26.080	46.529
26.072	46.496
26.069	46.463
POLYLINE RED
24.893	47.373
25.003	47.274
25.112	47.176
25.222	47.078
25.272	47.040
25.327	47.007
25.373	46.963
25.429	46.907
25.479	46.845
25.526	46.780
25.648	46.615
25.546	46.700
25.654	46.604
POLYLINE RED
25.589	46.692
25.651	46.540
25.654	46.561
25.677	46.443
25.680	46.428
25.679	46.412
25.683	46.397
25.693	46.356
25.706	46.316
25.718	46.276
POLYLINE RED
25.479	46.837
25.476	46.831
POLYLINE RED
25.559	46.967
25.605	46.978
25.651	46.989
25.697	47.000
25.734	47.015
25.768	47.035
25.806	47.045
25.861	47.058
25.917	47.059
25.972	47.066
POLYLINE RED
25.980	52.428
26.079	52.206
25.012	52.285
25.179	51.911
25.188	51.890
25.197	51.868
25.212	51.851
25.320	51.727
25.433	51.607
25.546	51.488
25.602	51.428
25.675	51.407
25.746	51.455
25.764	51.467
25.783	51.479
25.796	51.496
25.930	51.664
26.060	51.835
26.185	52.009
26.217	52.053
26.288	52.190
26.209	52.234
26.148	52.268
26.094	52.317
26.027	52.334
25.992	52.343
25.958	52.315
25.923	52.306
POLYLINE RED
25.941	52.289
25.764	52.014
25.732	52.008
25.645	51.790
25.640	51.778
25.637	51.765
25.635	51.752
25.627	51.713
25.621	51.674
25.614	51.635
POLYLINE RED
26.503	53.092
26.390	53.156
26.279	53.224
26.165	53.285
26.145	53.295
26.092	53.317
26.063	53.306
26.052	53.302
26.042	53.289
26.044	53.277
26.048	53.232
26.049	53.186
26.061	53.142
26.078	53.073
26.098	53.003
26.130	52.939
26.156	52.887
26.339	52.488
26.497	52.425
26.610	52.379
26.812	52.509
26.900	52.567
26.947	52.598
27.015	52.667
26.976	52.728
26.900	52.847
26.797	52.846
26.671	52.891
26.458	52.966
26.793	52.880
26.463	52.955
POLYLINE RED
26.500	53.022
26.564	52.605
26.553	52.786
26.556	52.481
POLYLINE RED
27.115	51.777
26.944	51.683
26.776	51.585
26.603	51.497
26.529	51.459
26.354	51.420
26.280	51.334
26.236	51.283
26.253	51.222
26.304	51.183
26.885	50.742
26.682	50.865
27.005	50.680
POLYLINE RED
27.100	51.793
27.171	51.647
27.245	51.503
27.311	51.354
27.364	51.235
27.354	51.107
27.252	51.021
27.182	50.963
27.102	50.916
27.035	50.855
27.003	50.827
26.982	50.790
26.956	50.757
POLYLINE RED
27.081	51.635
27.109	51.457
26.888	51.315
26.915	51.148
26.952	50.913
26.914	51.224
26.968	50.982
26.981	50.924
26.985	50.864
26.993	50.805
POLYLINE RED
26.831	51.298
26.414	51.232
26.554	51.283
26.393	51.221
POLYLINE RED
26.635	50.513
26.231	50.676
26.343	50.654
25.774	50.725
25.533	50.746
25.292	50.767
25.051	50.788
25.048	50.786
25.043	50.785
25.041	50.782
25.028	50.766
25.058	50.727
25.062	50.719
25.181	50.596
25.293	50.465
25.419	50.349
25.613	50.172
25.820	50.009
26.021	49.841
26.031	49.833
26.064	49.825
26.072	49.824
26.210	49.809
26.374	49.849
26.486	49.934
26.555	49.986
26.618	50.045
26.681	50.105
26.721	50.144
26.758	50.190
26.767	50.247
26.788	50.388
26.682	50.535
26.602	50.641
POLYLINE RED
26.558	50.507
26.009	50.443
26.376	50.466
25.632	50.508
25.625	50.508
25.618	50.507
25.613	50.503
25.578	50.477
25.546	50.446
25.513	50.418
POLYLINE RED
26.286	50.482
26.330	50.465
26.195	50.033
26.254	49.885
26.264	49.860
26.276	49.836
26.287	49.812
POLYLINE RED
27.725	49.343
27.638	49.301
27.553	49.266
27.519	49.171
27.476	49.052
27.475	48.905
27.613	48.862
27.651	48.850
27.695	48.849
27.730	48.872
27.815	48.928
27.874	49.094
27.901	49.157
27.919	49.199
27.929	49.244
27.942	49.288
27.969	49.387
27.856	49.366
27.799	49.352
27.744	49.338
27.691	49.321
27.637	49.306
POLYLINE RED
26.870	48.374
26.762	48.399
26.612	48.477
26.491	48.445
26.449	48.434
26.431	48.389
26.430	48.349
26.426	48.221
26.501	48.106
26.597	48.026
26.627	48.001
26.670	47.981
26.711	47.991
26.806	48.014
26.888	48.118
26.945	48.178
26.970	48.204
27.006	48.245
27.011	48.287
27.023	48.375
26.930	48.421
26.856	48.422
26.825	48.422
26.793	48.427
26.764	48.416
26.680	48.387
26.604	48.341
26.524	48.303
POLYLINE RED
26.990	49.629
26.869	49.609
26.747	49.591
26.626	49.570
26.584	49.563
26.608	49.499
26.620	49.480
27.130	49.611
26.721	49.082
26.887	49.125
26.944	49.139
27.001	49.260
27.010	49.276
27.027	49.306
27.135	49.509
27.046	49.541
27.010	49.553
26.915	49.538
26.910	49.538
POLYLINE RED
27.592	50.558
27.544	50.530
27.227	50.528
27.208	50.459
27.194	50.408
27.269	50.323
27.286	50.301
27.347	50.222
27.407	50.143
27.468	50.064
27.473	50.062
27.477	50.058
27.483	50.057
27.557	50.034
27.715	50.184
27.697	50.265
27.696	50.271
27.693	50.276
27.689	50.280
27.656	50.319
27.621	50.356
27.588	50.394
POLYLINE RED
27.185	50.122
27.142	50.117
27.098	50.113
27.055	50.106
26.968	50.089
27.063	49.956
27.075	49.939
27.102	49.900
27.134	49.865
27.166	49.830
27.172	49.823
27.182	49.817
27.191	49.813
27.228	49.798
27.255	49.856
27.247	49.885
27.230	49.944
27.204	50.000
27.182	50.057
POLYLINE RED
23.166	47.720
23.041	47.618
22.943	47.744
22.864	47.679
22.839	47.659
22.862	47.603
22.873	47.585
22.929	47.498
22.986	47.411
23.049	47.329
23.078	47.290
23.176	47.170
23.250	47.169
23.363	47.167
23.447	47.397
23.468	47.451
23.490	47.507
23.531	47.610
23.461	47.655
23.369	47.713
23.277	47.670
23.169	47.658
POLYLINE RED
24.095	47.020
23.990	47.022
23.886	47.027
23.782	47.027
23.733	47.026
23.654	46.995
23.695	46.934
23.762	46.836
23.922	46.582
24.079	46.600
24.232	46.618
24.418	46.823
24.284	46.965
24.155	47.103
24.113	47.089
23.913	47.133
POLYLINE RED
22.382	44.671
22.014	44.975
22.073	44.959
21.515	45.198
21.360	45.264
21.197	45.307
21.036	45.354
20.979	45.371
20.835	45.400
20.790	45.329
20.759	45.279
20.788	45.165
20.795	45.134
20.806	45.085
20.819	45.035
20.841	44.989
20.958	44.746
21.087	44.508
21.213	44.269
21.220	44.257
21.229	44.246
21.238	44.235
21.261	44.207
21.336	44.204
21.362	44.210
21.675	44.276
21.987	44.349
22.298	44.425
22.306	44.427
22.433	44.462
22.434	44.506
22.434	44.517
22.427	44.523
22.427	44.535
22.427	44.558
22.429	44.580
22.430	44.603
POLYLINE RED
21.235	45.260
21.276	45.201
21.310	45.136
21.359	45.082
21.513	44.909
21.680	44.747
21.841	44.579
21.880	44.539
21.942	44.538
21.995	44.547
22.176	44.583
22.357	44.619
22.537	44.655
22.537	44.651
22.540	44.645
22.537	44.643
22.478	44.600
22.416	44.563
22.356	44.523
POLYLINE RED
21.746	44.563
21.648	44.510
21.423	44.365
21.265	44.319
21.182	44.295
21.097	44.277
21.013	44.255
POLYLINE RED
20.499	47.057
20.035	47.164
19.572	47.274
19.107	47.377
19.070	47.385
18.967	47.393
18.952	47.337
18.950	47.326
18.950	47.304
18.955	47.294
19.075	47.070
19.190	46.844
19.321	46.625
19.362	46.556
19.411	46.489
19.469	46.433
19.629	46.283
19.805	46.153
19.972	46.010
19.979	46.004
19.985	45.997
19.990	45.989
20.011	45.948
20.028	45.905
20.047	45.864
POLYLINE RED
20.377	46.859
20.432	46.699
20.486	46.537
20.541	46.377
20.560	46.323
20.582	46.271
20.599	46.217
20.601	46.211
20.599	46.204
20.598	46.198
20.590	46.167
20.547	46.150
20.519	46.147
20.266	46.129
20.300	46.141
20.025	46.180
POLYLINE RED
19.723	50.251
17.670	46.612
18.186	47.944
17.638	46.504
POLYLINE RED
22.993	48.670
22.993	48.670
POLYLINE RED
26.175	54.002
25.907	53.600
25.625	53.207
25.370	52.798
25.004	52.212
24.631	51.629
24.313	51.016
24.158	50.716
24.080	50.383
23.955	50.069
23.943	50.041
23.925	50.015
23.905	49.991
23.740	49.790
23.511	49.653
23.365	49.434
23.310	49.351
23.133	48.966
22.963	48.907
22.886	48.881
22.775	48.963
22.718	48.983
22.663	49.001
22.607	49.020
22.549	49.025
22.273	49.052
21.994	49.055
21.717	49.079
21.620	49.088
21.635	49.092
21.623	49.160
POLYLINE RED
19.757	50.207
19.814	50.202
19.871	50.202
19.927	50.193
19.964	50.187
20.000	50.179
20.033	50.163
20.282	50.044
20.529	49.920
20.772	49.788
20.823	49.760
20.871	49.726
20.913	49.686
21.029	49.579
21.132	49.456
21.247	49.348
21.493	49.116
21.462	49.194
21.599	49.028
POLYLINE BLUE
19.462	49.749
19.474	49.695
19.482	49.640
19.499	49.587
19.565	49.383
19.742	49.245
19.925	49.150
20.098	49.060
20.585	48.747
20.913	48.751
20.949	48.751
20.986	48.750
21.019	48.763
21.600	48.985
21.502	48.928
21.757	49.088
POLYLINE BLUE
21.712	49.052
23.005	50.234
22.593	49.740
23.108	50.387
POLYLINE BLUE
22.029	51.275
21.993	51.246
21.964	51.206
21.922	51.186
20.939	50.720
20.964	50.729
20.084	50.478
19.687	50.365
19.987	50.473
19.717	50.370
POLYLINE BLUE
23.024	50.238
23.022	50.238
POLYLINE BLUE
22.843	50.058
23.216	50.248
22.800	50.045
23.622	50.345
23.669	50.362
23.714	50.384
23.755	50.411
23.788	50.433
23.813	50.464
23.842	50.491
POLYLINE BLUE
23.930	50.467
24.520	50.687
25.100	50.867
25.659	51.144
25.686	51.158
25.709	51.178
25.732	51.198
25.812	51.267
25.850	51.360
25.839	51.465
25.821	51.633
25.522	51.937
25.480	51.985
25.394	52.084
25.052	52.259
25.045	52.264
24.909	52.352
24.906	52.364
24.818	52.460
POLYLINE BLUE
24.915	52.404
24.737	52.392
24.737	52.403
24.573	52.353
24.547	52.345
24.515	52.342
24.497	52.321
24.466	52.283
24.457	52.231
24.436	52.187
POLYLINE BLUE
22.760	57.759
22.546	57.689
22.495	57.692
22.325	57.580
22.285	57.553
22.244	57.525
22.213	57.488
22.126	57.384
22.046	57.273
21.974	57.157
21.822	56.912
21.679	56.661
21.543	56.406
21.511	56.345
21.485	56.280
21.470	56.212
21.412	55.949
21.366	55.682
21.324	55.416
21.316	55.360
21.308	55.302
21.319	55.246
21.442	54.611
21.578	53.978
21.725	53.349
21.782	53.103
21.898	52.870
21.932	52.620
21.983	52.251
21.964	51.876
21.977	51.505
21.984	51.302
21.950	51.657
21.988	51.322
POLYLINE BLUE
23.496	57.796
23.576	57.798
23.632	57.808
23.706	57.787
23.834	57.751
23.931	57.655
24.016	57.557
24.614	56.867
24.360	55.514
24.369	54.856
24.395	52.973
24.265	55.009
24.511	52.294
POLYLINE BLUE
21.425	55.724
21.831	56.068
21.614	55.907
22.491	56.318
22.655	56.395
22.820	56.414
23.000	56.423
23.300	56.438
23.544	56.316
23.811	56.176
23.828	56.167
24.137	55.995
24.214	55.890
24.268	55.816
24.314	55.736
24.364	55.659
POLYLINE BLUE
23.779	51.964
23.706	51.972
23.633	51.985
23.559	51.988
23.285	52.001
22.831	51.739
22.726	51.696
22.502	51.605
22.710	51.079
22.725	51.025
22.753	50.924
22.790	50.826
22.821	50.726
22.835	50.681
22.840	50.644
22.899	50.656
22.909	50.658
22.918	50.661
22.927	50.665
23.424	50.875
23.921	51.085
24.416	51.298
24.462	51.318
24.486	51.383
24.459	51.427
24.353	51.593
24.244	51.757
24.133	51.920
24.102	51.966
24.060	52.002
24.008	52.019
23.855	52.069
23.668	51.973
23.536	51.928
POLYLINE BLUE
23.916	51.934
23.412	51.158
POLYLINE BLUE
23.445	51.164
23.397	51.190
23.350	51.220
23.300	51.243
23.163	51.306
22.978	51.290
22.838	51.251
22.832	51.249
22.827	51.245
22.822	51.242
22.793	51.224
22.766	51.205
22.738	51.186
POLYLINE BLUE
23.276	51.157
23.598	50.825
POLYLINE BLUE
24.112	54.158
23.908	53.842
23.718	53.515
23.498	53.210
23.401	53.074
23.274	52.964
23.164	52.838
23.142	52.812
23.174	52.774
23.195	52.761
23.886	52.353
23.690	52.183
23.928	52.451
POLYLINE BLUE
24.068	54.083
24.179	53.914
24.291	53.746
24.402	53.577
24.407	53.563
24.414	53.550
24.418	53.535
24.439	53.458
24.430	53.369
24.402	53.295
24.400	53.289
24.217	52.748
24.090	52.565
24.059	52.521
24.023	52.479
23.989	52.436
POLYLINE BLUE
24.100	53.936
24.092	53.731
24.095	53.526
24.076	53.322
24.070	53.261
24.031	53.006
23.961	52.917
23.855	52.781
23.440	52.637
23.432	52.632
23.406	52.619
23.384	52.601
23.362	52.583
23.321	52.549
23.393	52.531
23.420	52.511
POLYLINE BLUE
23.970	52.841
24.017	52.433
POLYLINE BLUE
21.843	53.578
22.011	53.594
22.179	53.620
22.348	53.627
22.579	53.636
22.889	53.674
23.097	53.520
23.191	53.450
23.230	53.318
23.280	53.223
23.297	53.190
23.355	53.193
23.382	53.203
23.449	53.230
23.514	53.261
23.580	53.290
POLYLINE BLUE
21.855	53.677
22.936	51.080
22.279	52.858
22.448	52.215
22.519	51.948
22.435	52.003
22.619	51.956
POLYLINE BLUE
23.424	53.293
23.301	52.864
23.176	52.435
23.053	52.006
23.042	51.965
23.040	51.918
23.007	51.886
22.971	51.854
22.922	51.872
22.886	51.892
22.587	52.064
22.691	51.983
22.492	52.176
POLYLINE BLUE
22.718	53.434
22.840	52.909
22.940	52.909
22.739	52.510
22.571	52.176
22.644	52.250
22.518	52.133
POLYLINE BLUE
22.766	52.630
22.894	52.258
22.823	52.408
22.953	52.167
POLYLINE BLUE
22.925	60.553
22.846	59.184
22.767	57.815
22.688	56.446
22.673	56.341
22.647	56.236
22.642	56.130
22.595	54.941
22.584	55.139
22.625	54.569
POLYLINE BLUE
23.495	54.714
23.846	56.904
23.558	54.938
23.643	60.185
23.647	60.414
23.653	60.401
23.709	60.572
POLYLINE BLUE
23.211	62.414
23.228	62.454
23.244	62.496
23.263	62.535
23.311	62.634
23.465	62.629
23.549	62.627
23.595	62.627
23.662	62.619
23.709	62.599
23.828	62.547
23.877	62.416
23.816	62.301
23.772	62.217
23.731	62.153
23.660	62.089
23.534	61.976
23.400	61.873
23.274	61.761
23.260	61.749
23.250	61.732
23.241	61.716
23.195	61.643
23.215	61.516
23.312	61.498
23.386	61.485
23.439	61.508
23.521	61.522
POLYLINE BLUE
23.347	61.120
23.360	61.084
23.376	61.049
23.386	61.011
23.407	60.935
23.205	60.911
23.247	61.053
23.253	61.071
23.259	61.090
23.268	61.107
23.282	61.135
23.302	61.163
23.333	61.172
23.376	61.185
23.483	61.148
23.435	61.091
23.397	61.047
23.335	61.048
23.282	61.037
POLYLINE BLUE
24.476	60.319
24.491	60.528
24.496	60.532
24.415	60.090
24.409	60.061
24.430	60.149
24.437	60.178
POLYLINE BLUE
24.474	60.414
24.481	60.435
24.486	60.457
24.494	60.478
24.495	60.480
24.498	60.482
24.501	60.482
24.509	60.481
24.517	60.461
24.518	60.459
24.527	60.434
24.545	60.336
24.586	60.306
24.644	60.262
24.729	60.395
24.757	60.422
24.770	60.434
24.779	60.404
24.780	60.402
24.783	60.391
24.785	60.378
24.785	60.366
24.786	60.318
24.788	60.269
24.784	60.220
24.780	60.182
24.768	60.144
24.761	60.106
POLYLINE BLUE
24.961	60.423
24.923	60.307
24.882	60.192
24.846	60.076
24.828	60.016
24.930	60.071
24.934	60.073
24.944	60.076
24.955	60.078
24.966	60.079
24.988	60.082
25.004	60.073
25.025	60.068
25.047	60.062
25.068	60.058
25.090	60.054
POLYLINE BLUE
24.961	60.225
25.145	60.273
POLYLINE BLUE
24.990	60.437
25.147	60.444
25.070	60.436
25.220	60.460
POLYLINE BLUE
25.403	60.442
25.380	60.345
25.357	60.247
25.332	60.150
25.332	60.149
25.331	60.150
25.330	60.151
25.335	60.183
25.337	60.216
25.346	60.248
25.359	60.298
25.377	60.347
25.396	60.395
25.401	60.407
25.415	60.434
25.431	60.442
25.467	60.460
25.493	60.372
25.497	60.362
25.510	60.324
25.514	60.284
25.512	60.244
25.509	60.188
25.502	60.132
25.497	60.077
POLYLINE BLUE
25.358	60.249
25.460	60.271
25.413	60.253
25.498	60.297
POLYLINE BLUE
25.693	60.388
25.635	60.104
25.723	60.075
25.613	60.123
POLYLINE BLUE
25.705	60.439
25.803	60.130
POLYLINE BLUE
25.892	60.408
25.820	60.024
POLYLINE BLUE
26.063	60.421
25.986	60.083
26.088	60.142
25.975	60.081
POLYLINE BLUE
26.035	60.394
26.057	60.410
26.088	60.442
26.121	60.449
26.190	60.465
26.274	60.400
26.280	60.331
26.283	60.301
26.273	60.263
26.264	60.237
26.235	60.152
26.187	60.065
26.108	60.017
26.077	59.998
26.039	59.986
26.003	59.997
25.998	59.998
25.976	60.003
25.978	60.016
25.982	60.031
25.989	60.045
25.995	60.059
POLYLINE BLUE
26.469	60.388
26.442	60.318
26.412	60.248
26.387	60.177
26.373	60.136
26.372	60.086
26.413	60.063
26.436	60.050
26.483	60.035
26.508	60.053
26.529	60.069
26.544	60.090
26.562	60.109
POLYLINE BLUE
26.411	60.295
26.528	60.280
26.460	60.284
26.616	60.291
POLYLINE BLUE
26.495	60.452
26.700	60.440
POLYLINE BLUE
26.847	60.383
26.825	60.322
26.802	60.261
26.780	60.200
26.765	60.144
26.755	60.085
26.733	60.030
26.731	60.023
26.719	60.025
26.711	60.023
POLYLINE BLUE
26.823	60.385
26.845	60.393
26.888	60.419
26.921	60.418
26.964	60.417
26.989	60.370
26.985	60.331
26.984	60.312
26.976	60.292
26.967	60.275
26.954	60.252
26.940	60.233
26.920	60.216
26.895	60.195
26.858	60.185
26.856	60.147
26.853	60.103
26.887	60.073
26.912	60.043
POLYLINE BLUE
24.244	59.482
24.205	59.159
24.143	59.070
24.209	59.165
POLYLINE BLUE
24.124	59.472
24.453	59.502
POLYLINE BLUE
24.590	59.423
24.544	59.176
24.577	59.272
24.517	59.125
POLYLINE BLUE
24.575	59.456
24.635	59.470
24.694	59.486
24.755	59.498
24.812	59.508
24.880	59.495
24.909	59.440
24.917	59.425
24.924	59.407
24.922	59.390
24.915	59.323
24.832	59.258
24.771	59.243
24.741	59.236
24.711	59.238
24.682	59.248
24.670	59.252
24.659	59.261
24.646	59.262
24.642	59.263
24.648	59.255
24.649	59.251
24.688	59.211
24.727	59.172
24.766	59.132
POLYLINE BLUE
24.745	59.160
24.802	59.091
24.771	59.123
24.836	59.063
POLYLINE BLUE
25.053	59.487
25.107	59.481
25.161	59.474
25.216	59.468
25.231	59.466
25.243	59.469
25.256	59.459
25.295	59.430
25.234	59.329
25.217	59.305
25.178	59.248
25.043	59.147
25.030	59.135
25.016	59.122
25.003	59.106
24.994	59.089
24.991	59.084
24.991	59.075
24.996	59.074
25.006	59.070
25.017	59.075
25.027	59.077
25.056	59.083
25.084	59.093
25.113	59.098
25.163	59.107
25.213	59.113
25.264	59.120
POLYLINE BLUE
25.496	59.453
25.470	59.366
25.442	59.279
25.416	59.192
25.403	59.145
25.449	59.110
25.490	59.104
25.539	59.098
25.588	59.095
25.637	59.090
POLYLINE BLUE
25.472	59.281
25.563	59.294
25.512	59.284
25.624	59.316
POLYLINE BLUE
25.497	59.476
25.639	59.475
25.567	59.468
25.712	59.499
POLYLINE BLUE
25.813	59.408
25.764	59.219
25.793	59.299
25.736	59.163
POLYLINE BLUE
25.887	59.502
25.954	59.504
26.011	59.504
26.052	59.446
26.063	59.431
26.071	59.413
26.069	59.393
26.063	59.332
25.952	59.275
25.897	59.282
25.889	59.283
25.911	59.289
25.918	59.290
25.938	59.294
25.958	59.298
25.978	59.300
25.999	59.302
26.025	59.299
26.045	59.293
26.155	59.259
26.134	59.144
26.023	59.140
25.923	59.137
25.823	59.137
25.722	59.135
POLYLINE BLUE
26.316	59.448
26.228	59.175
26.279	59.264
26.214	59.157
POLYLINE BLUE
26.332	59.492
26.453	59.177
26.398	59.294
26.477	59.134
POLYLINE BLUE
26.276	59.317
26.449	59.295
POLYLINE BLUE
26.844	59.483
26.786	59.134
26.821	59.260
26.774	59.100
POLYLINE BLUE
26.744	59.441
26.772	59.459
26.799	59.478
26.828	59.494
26.915	59.543
27.043	59.482
26.978	59.377
26.972	59.368
26.948	59.332
26.931	59.326
26.898	59.315
26.862	59.309
26.828	59.300
POLYLINE BLUE
27.153	59.483
27.115	59.446
27.080	59.422
27.057	59.376
27.038	59.339
27.030	59.305
27.025	59.263
27.021	59.223
27.026	59.172
27.065	59.148
27.078	59.140
27.093	59.136
27.109	59.141
27.174	59.162
27.217	59.274
27.233	59.330
27.240	59.358
27.254	59.409
27.227	59.434
27.206	59.454
27.160	59.455
27.138	59.459
POLYLINE BLUE
27.356	59.482
27.278	59.378
27.322	59.225
27.255	59.117
POLYLINE BLUE
27.309	59.439
27.346	59.456
27.367	59.473
27.405	59.475
27.470	59.480
27.528	59.443
27.538	59.377
27.541	59.362
27.536	59.345
27.524	59.334
27.480	59.292
27.340	59.297
27.328	59.251
27.324	59.237
27.343	59.224
27.350	59.218
27.372	59.200
27.396	59.185
27.418	59.166
27.437	59.150
27.450	59.127
27.471	59.113
27.482	59.107
27.496	59.111
27.508	59.110
POLYLINE BLUE
27.659	59.474
27.641	59.380
27.625	59.285
27.605	59.191
27.600	59.164
27.589	59.139
27.584	59.113
27.583	59.109
27.586	59.103
27.589	59.100
27.597	59.091
27.615	59.090
27.625	59.092
27.796	59.116
27.774	59.067
27.794	59.152
POLYLINE BLUE
27.623	59.329
27.738	59.320
27.683	59.315
27.788	59.342
POLYLINE BLUE
27.645	59.503
27.869	59.512
POLYLINE BLUE
27.835	59.166
27.755	58.987
POLYLINE BLUE
28.254	59.463
28.229	59.480
28.197	59.518
28.161	59.521
28.130	59.524
28.099	59.504
28.079	59.483
28.001	59.407
27.951	59.305
27.960	59.194
27.964	59.149
27.987	59.119
28.033	59.112
28.042	59.111
28.052	59.109
28.061	59.112
28.098	59.123
28.133	59.141
28.168	59.155
POLYLINE BLUE
28.340	59.493
28.372	59.488
28.405	59.485
28.437	59.478
28.467	59.471
28.454	59.429
28.443	59.414
28.413	59.325
28.207	59.175
28.246	59.125
28.250	59.120
28.255	59.116
28.261	59.115
28.289	59.107
28.317	59.101
28.346	59.098
28.382	59.094
28.418	59.096
28.454	59.095
POLYLINE BLUE
28.717	59.471
28.667	59.428
28.605	59.386
28.580	59.322
28.567	59.287
28.564	59.249
28.564	59.212
28.564	59.178
28.565	59.131
28.587	59.101
28.623	59.054
28.703	59.066
28.748	59.089
28.754	59.092
28.760	59.095
28.765	59.100
28.795	59.128
28.825	59.157
28.853	59.188
28.878	59.215
28.887	59.261
28.889	59.296
28.895	59.375
28.872	59.457
28.796	59.494
28.791	59.497
28.786	59.496
28.781	59.496
28.761	59.498
28.742	59.500
28.722	59.502
POLYLINE BLUE
29.018	59.521
28.984	59.382
28.945	59.244
28.916	59.103
28.914	59.095
28.929	59.114
28.936	59.119
28.958	59.149
28.979	59.180
29.003	59.208
29.060	59.276
29.102	59.273
29.159	59.205
29.177	59.183
29.192	59.158
29.209	59.135
29.214	59.127
29.219	59.119
29.225	59.112
29.265	59.068
29.298	59.155
29.303	59.181
29.324	59.285
29.335	59.391
29.351	59.496
POLYLINE BLUE
29.355	59.040
29.434	59.185
29.513	59.332
29.594	59.476
29.597	59.483
29.614	59.508
29.628	59.508
29.642	59.507
29.650	59.480
29.652	59.473
29.659	59.441
29.666	59.408
29.668	59.376
29.673	59.259
29.670	59.142
29.670	59.026
POLYLINE BLUE
29.498	59.204
29.617	59.217
29.557	59.215
29.679	59.209
POLYLINE BLUE
30.035	59.448
29.912	59.444
29.875	59.422
29.781	59.334
29.720	59.278
29.677	59.205
29.702	59.122
29.727	59.040
29.831	59.023
29.902	59.047
29.907	59.048
29.911	59.051
29.915	59.055
29.947	59.091
29.978	59.130
30.009	59.167
POLYLINE BLUE
30.002	59.588
29.907	59.325
POLYLINE GREEN
-6.668	5.477
-6.982	5.934
-7.296	6.390
-7.610	6.846
-7.645	6.881
-7.677	6.920
-7.715	6.952
-7.857	7.069
-8.019	7.157
-8.132	7.306
POLYLINE GREEN
-1.559	10.686
-1.621	10.632
-1.690	10.585
-1.747	10.525
-1.878	10.385
-1.995	10.233
-2.119	10.087
-2.567	9.627
-3.008	9.158
-3.464	8.705
-4.582	7.594
-3.382	8.913
-4.345	7.805
-4.761	7.327
-4.534	7.669
-5.137	6.796
-5.182	6.732
-5.214	6.659
-5.239	6.585
-5.461	5.912
-5.577	5.213
-5.625	4.506
POLYLINE GREEN
-10.072	4.187
-10.838	3.070
-10.994	2.769
-12.193	1.599
-12.480	1.318
-12.848	1.133
-13.167	0.888
-13.253	0.822
-13.328	0.741
-13.408	0.667
POLYLINE GREEN
-5.806	3.927
-5.916	3.851
-6.017	3.760
-6.136	3.699
-7.089	3.206
-8.253	3.314
-9.271	3.315
-9.750	3.315
-9.937	3.372
-10.341	3.463
POLYLINE BLACK
4.147	1.819
4.147	1.861
POLYLINE BLACK
4.111	2.143
4.319	1.919
4.400	1.855
4.552	1.539
4.682	1.271
4.758	0.978
4.891	0.712
5.019	0.454
5.204	0.226
5.334	-0.031
5.612	-0.581
5.782	-1.061
5.707	-1.675
5.689	-1.821
5.620	-2.326
5.428	-2.475
5.162	-2.683
4.827	-2.769
4.501	-2.832
4.393	-2.853
4.280	-2.868
4.171	-2.854
3.850	-2.815
3.533	-2.748
3.219	-2.673
1.484	-2.261
1.900	-2.390
0.651	-1.856
POLYLINE BLACK
0.732	-1.821
0.730	-1.805
POLYLINE BLACK
0.888	-1.900
-1.286	-1.703
0.614	-1.849
-4.805	-2.408
POLYLINE BLACK
-7.287	2.601
-7.231	2.569
-7.170	2.546
-7.119	2.507
-6.475	2.021
-5.426	0.402
-5.400	0.362
-5.045	-0.183
-4.781	-0.782
-4.494	-1.366
-4.436	-1.485
-4.403	-1.616
-4.367	-1.743
-4.245	-2.175
-4.367	-1.955
-4.236	-2.166
POLYLINE GREEN
-4.620	-2.351
-4.692	-2.377
-4.770	-2.392
-4.837	-2.430
-5.871	-3.008
-6.132	-3.129
-6.940	-3.902
-7.156	-4.108
-7.315	-4.371
-7.542	-4.564
-8.213	-5.133
-8.935	-5.640
-9.627	-6.182
-9.818	-6.331
-10.003	-6.485
-10.191	-6.637
-10.470	-6.822
-10.764	-6.987
-11.030	-7.190
-11.193	-7.315
-11.325	-7.474
-11.472	-7.617
POLYLINE BLACK
0.888	3.750
0.615	3.583
0.341	3.418
0.071	3.248
0.038	3.227
0.015	3.179
0.025	3.142
0.055	3.039
0.277	2.964
0.325	2.944
0.380	2.922
0.437	2.905
0.496	2.894
0.547	2.885
0.949	2.792
1.086	2.851
1.152	2.880
1.189	2.957
1.211	3.020
1.249	3.125
1.277	3.234
1.315	3.339
1.328	3.374
1.376	3.429
1.379	3.473
1.388	3.600
1.091	3.720
1.072	3.730
0.973	3.784
0.933	3.773
0.815	3.782
POLYLINE BLACK
0.759	3.578
0.745	3.416
0.740	3.499
0.779	3.332
POLYLINE BLACK
0.748	3.227
0.530	3.258
0.473	3.227
0.261	3.156
POLYLINE BLACK
0.775	3.265
1.027	3.157
0.892	3.230
1.170	3.026
POLYLINE BLACK
-1.204	3.551
-1.539	3.237
-1.876	2.926
-2.209	2.610
-2.260	2.562
-2.256	2.486
-2.185	2.462
-1.889	2.361
-1.589	2.269
-1.294	2.165
-1.255	2.151
-1.219	2.128
-1.182	2.108
-1.147	2.088
-1.127	2.061
-1.085	2.071
-1.013	2.090
-0.951	2.157
-0.906	2.208
-0.790	2.341
-0.680	2.480
-0.567	2.615
-0.541	2.645
-0.519	2.665
-0.520	2.708
-0.522	2.753
-0.548	2.805
-0.576	2.838
-0.693	2.982
-0.820	3.118
-0.936	3.263
-0.986	3.327
-1.028	3.397
-1.075	3.463
-1.163	3.584
-1.086	3.454
-1.163	3.594
POLYLINE BLACK
-1.159	3.482
-1.175	2.856
-1.137	3.107
-1.214	2.721
POLYLINE BLACK
-1.204	2.660
-2.273	2.381
-1.903	2.536
-2.364	2.332
POLYLINE BLACK
-1.279	2.571
-1.099	2.442
-1.064	2.392
-0.982	2.206
POLYLINE BLACK
1.515	5.612
1.111	6.205
0.788	6.829
0.265	7.316
0.194	7.382
0.120	7.451
0.031	7.489
-0.713	7.808
-1.462	8.119
-2.228	8.381
-2.548	8.491
-2.891	8.519
-3.218	8.603
-3.530	8.724
-3.389	8.681
-3.638	8.745
POLYLINE RED
15.709	29.591
15.182	29.151
15.176	29.198
14.738	28.297
14.430	27.662
13.771	26.095
13.684	25.216
13.538	23.740
13.614	22.244
13.408	20.776
13.321	20.156
13.033	19.239
12.663	18.582
12.651	18.561
12.636	18.542
12.621	18.524
12.573	18.463
12.522	18.403
12.473	18.343

ELEVATION
STATIONS
0.000	0.000	0
3.339	2.263	1
3.934	-3.052	2
5.190	-1.445	3
6.167	-0.464	4
5.360	1.110	5
5.961	2.741	6
6.892	6.775	7
4.949	10.996	8
6.348	14.651	9
11.146	19.499	10
13.483	21.535	11
7.096	20.877	12
-1.714	29.097	13
-7.636	25.851	14
-3.951	14.932	15
9.411	20.557	16
8.953	23.306	17
9.436	25.263	18
18.819	17.622	19
24.711	21.668	20
21.121	19.150	19.1
23.128	16.631	19.2
SHOTS
0.000	0.000	3.339	2.263
3.339	2.263	3.131	1.667
3.339	2.263	3.517	-1.341
3.339	2.263	2.905	2.851
3.339	2.263	3.001	0.828
3.339	2.263	3.471	0.669
3.339	2.263	4.566	-4.197
3.339	2.263	3.238	-0.588
3.339	2.263	3.934	-3.052
3.934	-3.052	4.795	-2.646
3.934	-3.052	5.040	-3.012
3.934	-3.052	4.897	-3.041
3.934	-3.052	3.827	-0.217
3.934	-3.052	4.022	-3.271
3.934	-3.052	5.178	-1.469
3.934	-3.052	5.170	-1.473
3.934	-3.052	4.146	-3.210
3.934	-3.052	5.190	-1.445
5.190	-1.445	7.005	-1.177
5.190	-1.445	4.741	-1.523
5.190	-1.445	8.062	-0.742
5.190	-1.445	6.545	-0.234
5.190	-1.445	7.293	-1.690
5.190	-1.445	6.167	-0.464
6.167	-0.464	5.500	-0.436
6.167	-0.464	7.077	-0.394
6.167	-0.464	5.360	1.110
5.360	1.110	3.890	1.999
5.360	1.110	3.769	2.652
5.360	1.110	5.341	2.437
5.360	1.110	5.281	2.416
5.360	1.110	5.814	1.114
5.360	1.110	8.444	1.337
5.360	1.110	6.781	6.834
5.360	1.110	5.961	2.741
5.961	2.741	4.373	2.980
5.961	2.741	8.804	3.057
5.961	2.741	5.980	5.821
5.961	2.741	6.892	6.775
6.892	6.775	3.811	7.396
6.892	6.775	7.277	6.804
6.892	6.775	5.461	8.267
6.892	6.775	4.949	10.996
4.949	10.996	4.916	13.662
4.949	10.996	5.886	16.501
4.949	10.996	7.195	11.206
4.949	10.996	6.203	19.321
4.949	10.996	6.892	11.341
4.949	10.996	3.820	12.256
4.949	10.996	4.568	17.830
4.949	10.996	6.348	14.651
6.348	14.651	3.077	15.648
6.348	14.651	7.989	14.844
6.348	14.651	9.785	17.845
6.348	14.651	3.689	29.630
6.348	14.651	11.146	19.499
11.146	19.499	3.554	22.084
11.146	19.499	10.604	28.330
11.146	19.499	14.068	22.922
11.146	19.499	13.362	21.916
11.146	19.499	11.624	21.315
11.146	19.499	10.751	30.206
11.146	19.499	10.778	30.089
11.146	19.499	13.483	21.535
13.483	21.535	11.267	22.263
13.483	21.535	13.330	35.796
13.483	21.535	17.784	22.096
13.483	21.535	5.410	20.827
13.483	21.535	6.533	20.833
13.483	21.535	6.944	20.840
13.483	21.535	6.308	20.831
13.483	21.535	4.778	20.849
13.483	21.535	5.514	20.843
13.483	21.535	5.905	20.860
13.483	21.535	7.096	20.877
7.096	20.877	6.693	20.876
7.096	20.877	4.818	26.536
7.096	20.877	9.826	19.320
7.096	20.877	-1.714	29.097
-1.714	29.097	-1.735	28.931
-1.714	29.097	-3.407	29.218
-1.714	29.097	-3.931	29.676
-1.714	29.097	-10.457	28.820
-1.714	29.097	-6.848	29.104
-1.714	29.097	-7.756	29.891
-1.714	29.097	-9.178	28.943
-1.714	29.097	-6.770	25.582
-1.714	29.097	-4.213	30.626
-1.714	29.097	-4.120	31.667
-1.714	29.097	-7.636	25.851
-7.636	25.851	-5.730	25.563
-7.636	25.851	-7.810	25.720
-7.636	25.851	-3.951	14.932
6.348	14.651	9.411	20.557
9.411	20.557	5.513	21.360
9.411	20.557	2.567	21.194
9.411	20.557	4.196	28.077
9.411	20.557	9.636	22.937
9.411	20.557	10.889	22.361
9.411	20.557	12.274	25.854
9.411	20.557	8.953	23.306
8.953	23.306	10.962	23.068
8.953	23.306	5.357	23.418
8.953	23.306	10.592	24.875
8.953	23.306	9.849	23.731
8.953	23.306	8.424	24.486
8.953	23.306	9.436	25.263
9.436	25.263	12.936	24.700
9.436	25.263	14.742	24.941
9.436	25.263	16.257	20.628
9.436	25.263	12.734	23.703
9.436	25.263	18.819	17.622
18.819	17.622	19.290	17.834
18.819	17.622	17.570	17.791
18.819	17.622	18.404	19.664
18.819	17.622	24.711	21.668
24.711	21.668	22.940	21.778
24.711	21.668	26.813	22.038
24.711	21.668	26.657	22.585
24.711	21.668	26.356	20.503
24.711	21.668	27.410	20.918
24.711	21.668	28.108	21.916
24.711	21.668	29.917	24.448
24.711	21.668	28.978	23.542
18.819	17.622	21.121	19.150
21.121	19.150	19.727	19.070
21.121	19.150	21.679	19.160
21.121	19.150	21.113	17.503
21.121	19.150	22.971	14.879
21.121	19.150	18.582	24.367
21.121	19.150	23.128	16.631
23.128	16.631	22.050	16.694
23.128	16.631	22.986	16.852
23.128	16.631	23.615	16.785
23.128	16.631	24.101	16.857
23.128	16.631	25.739	16.001
23.128	16.631	23.185	14.468
23.128	16.631	23.281	12.868

