TRIP
DATE 2005-07-01 
DECLINATION     0.00
DATA
1.0		119.41	6.48	0.381	>
1.0		341.57	84.43	0.651	>
1.0		127.41	58.49	0.450	>
1.0		126.78	-36.39	0.620	>
1.0		130.32	-44.15	1.439	>
1.0		125.33	-73.02	1.456	>
1.0	1.1	180.44	-4.13	5.009	>
1.1		273.73	-40.34	0.786	>
1.1		121.18	-85.54	1.712	>
1.1		358.77	-33.73	1.963	>
1.1		85.48	-10.25	0.438	>
1.1		168.09	-16.01	3.913	>
1.1		191.15	-14.96	4.030	>
1.1		200.33	-27.95	1.421	>
1.1	1.2	166.35	-50.98	10.606	>
1.2		266.75	-25.81	4.272	>
1.2		291.16	-10.81	2.826	>
1.2		317.54	-34.48	3.130	>
1.2		278.51	72.45	2.398	>
1.2		26.48	55.08	1.011	>
1.2		5.61	12.94	8.434	>
1.2		354.87	13.54	5.771	>
1.2		336.31	11.33	5.591	>
1.2		317.15	7.95	2.705	>
1.2		331.57	51.78	8.158	>
1.2		357.57	36.75	6.060	>
1.2		5.44	-24.80	4.226	>
1.2	1.3	285.51	-25.68	3.307	>
1.3	1.4	189.73	-53.79	7.979	>
1.4		59.97	5.39	1.576	>
1.4		33.53	9.00	2.826	>
1.4		326.98	-1.45	1.537	>
1.4		13.34	54.23	8.346	>
1.4		4.35	62.12	8.371	>
1.4		354.86	67.59	7.637	>
1.4		41.70	56.43	8.359	>
1.4	1.5	252.73	-26.61	6.191	>
1.5		67.43	5.05	4.900	>
1.5		109.34	7.61	4.268	>
1.5		161.18	3.71	3.122	>
1.5		186.28	-39.64	3.867	>
1.5		96.88	-29.21	2.650	>
1.5		113.19	70.95	8.554	>
1.5		71.30	63.41	7.742	>
1.5		97.74	58.50	7.134	>
1.5		132.10	59.95	6.366	>
1.5		223.20	83.44	26.392	>
1.5	1.6	117.50	-10.63	6.295	>
1.6		328.99	8.25	0.934	>
1.6		316.16	23.15	1.600	>
1.6		271.69	9.65	1.689	>
1.6		341.98	-77.00	0.589	>
1.6		77.38	-12.99	0.925	>
1.6	1.7	18.21	-40.44	1.614	>
1.7		184.97	-2.69	0.704	>
1.7		240.53	-3.54	0.680	>
1.7		109.81	-17.98	0.955	>
1.7		96.64	-73.59	3.492	>
1.7		213.27	-66.75	3.445	>
1.7	1.8	247.18	-73.46	5.145	>
1.8		18.91	-7.65	0.931	>
1.8		313.70	2.35	2.148	>
1.8		269.83	50.92	2.741	>
1.8		321.29	77.94	1.852	>
1.8		125.23	69.60	3.169	>
1.8		129.74	84.07	2.241	>
1.8		61.92	63.11	4.007	>
1.8		88.82	61.58	4.911	>
1.8		218.02	-10.07	2.493	>
1.8		247.32	11.61	2.449	>
1.8	1.9	241.61	-57.64	6.707	>
1.9		95.51	-1.53	4.856	>
1.9		68.37	-4.64	3.846	>
1.9		56.47	-20.48	4.190	>
1.9		57.21	-21.87	4.775	>
1.9		26.66	-14.68	3.373	>
1.9		327.99	-13.90	4.118	>
1.9		305.10	-17.64	4.788	>
1.9		26.14	73.68	3.037	>
1.9	1.10	297.55	-19.65	5.386	>
1.10		316.02	-35.93	1.472	>
1.10		267.57	-14.55	2.050	>
1.10		227.76	-12.11	2.360	>
1.10		173.51	24.77	2.378	>
1.10		208.69	29.02	2.344	>
1.10		190.56	58.88	0.781	>
1.9	1.11	67.35	0.38	3.441	>
1.11	1.12	164.64	10.41	3.834	>
1.12		358.56	69.12	0.893	>
1.12		46.66	4.25	1.173	>
1.12		49.37	-46.25	0.309	>
1.12		92.58	25.01	4.265	>
1.12	1.13	92.46	24.94	4.733	>
1.13		18.04	-4.55	0.920	>
1.13		37.07	33.84	0.623	>
1.13		175.40	-75.16	0.583	>
1.13	1.14	48.77	23.81	1.506	>
1.14		335.14	43.17	1.115	>
1.14		33.10	37.34	1.983	>
1.14		36.29	55.60	2.793	>
1.14		83.23	71.49	1.630	>
1.14		129.40	58.44	1.439	>
1.14		98.98	26.79	1.615	>
1.6	1.15	275.51	4.80	1.338	>
1.15	1.16	172.79	19.79	1.134	>
1.16		145.56	-82.48	0.649	>
1.16		264.74	-25.54	0.858	>
1.16		166.69	-49.97	1.580	>
1.16		230.95	-27.36	1.029	>
1.16	1.17	200.74	-32.29	1.977	>
1.17		313.52	56.14	0.540	>
1.17		331.57	33.45	0.773	>
1.17		337.85	21.99	0.601	>
1.17		259.07	27.92	1.713	>
1.17	1.18	258.78	27.40	1.823	>
1.18		173.21	-82.41	0.641	>
1.18		177.34	-40.13	0.788	>
1.18		175.97	-14.60	0.913	>
1.18		326.57	-19.76	0.393	>
1.18		253.52	-31.63	4.094	>
1.18	1.19	253.40	-31.28	4.128	>
1.19		299.28	71.74	0.724	>
1.19		300.17	29.77	0.630	>
1.19		199.16	46.73	0.769	>
1.19	1.20	247.40	10.81	1.674	>
1.20		116.57	-88.54	0.440	>
1.20		92.36	17.02	0.659	>
1.20		330.28	9.79	1.353	>
1.20		258.72	56.44	4.171	>
1.20	1.21	260.04	-28.54	2.330	>
1.21		210.96	86.49	0.286	>
1.21		162.90	15.67	0.381	>
1.21		358.11	12.01	1.149	>
1.21		333.93	13.98	0.795	>
1.21	1.22	239.31	29.12	0.491	>
1.22	1.23	271.28	-7.25	2.124	>
1.23	1.24	72.15	-59.62	1.109	>
1.24	1.25	303.76	-65.06	4.491	>
1.25		262.79	13.79	1.124	>
1.25		213.73	14.08	0.731	>
1.25		177.75	15.94	1.431	>
1.25		117.71	0.36	1.099	>
1.25		156.59	59.41	2.696	>
1.25		117.81	74.16	4.163	>
1.25		105.21	64.95	4.500	>
1.25		116.68	60.19	6.075	>
1.25		179.05	67.12	2.493	>
1.25		98.67	32.29	1.861	>
1.25	1.26	235.59	-17.93	2.767	>
1.26		354.67	-9.72	1.333	>
1.26		332.08	-61.51	0.474	>
1.26		351.25	49.22	0.483	>
1.26	1.27	282.48	-20.35	2.562	>
1.27		27.40	0.11	1.539	>
1.27		345.60	-12.69	1.175	>
1.27		13.49	25.71	0.590	>
1.27	1.28	327.41	9.22	0.980	>
1.28		228.61	-67.34	1.751	>
1.28	1.29	278.98	-8.54	3.589	>
1.29		20.46	3.24	0.602	>
1.29		328.48	-0.09	1.222	>
1.29		35.65	-27.19	1.414	>
1.29	1.30	319.68	-4.60	2.006	>
1.30	1.31	20.99	46.80	1.358	>
1.31	1.32	233.24	35.50	1.509	>
1.32		107.08	82.12	40.474	>
1.32		95.23	82.91	41.158	>
1.32		29.64	13.93	1.433	>
1.32		1.33	20.23	3.207	>
1.32		346.63	-11.05	3.027	>
1.32		333.29	-22.40	6.871	>
1.32		321.77	-28.38	10.340	>
1.32		310.02	-27.99	10.847	>
1.32		297.85	-27.89	9.952	>
1.32		285.34	-32.20	2.842	>
1.32		273.55	-32.83	1.636	>
1.32		315.67	18.00	5.248	>
1.32		346.78	72.05	8.501	>

PLAN
STATIONS
0.000	0.000	1.0
-0.038	-4.996	1.1
1.538	-11.485	1.2
-1.334	-10.688	1.3
-2.131	-15.334	1.4
-7.417	-16.977	1.5
-1.929	-19.834	1.6
-1.545	-18.667	1.7
-2.895	-19.235	1.8
-6.053	-20.942	1.9
-10.550	-18.596	1.10
-2.877	-19.617	1.11
-1.878	-23.253	1.12
2.410	-23.437	1.13
3.446	-22.529	1.14
-3.256	-19.706	1.15
-3.122	-20.765	1.16
-3.714	-22.328	1.17
-5.302	-22.643	1.18
-8.683	-23.651	1.19
-10.201	-24.283	1.20
-12.217	-24.637	1.21
-12.586	-24.856	1.22
-14.692	-24.809	1.23
-14.158	-24.637	1.24
-15.732	-23.585	1.25
-17.904	-25.073	1.26
-20.249	-24.554	1.27
-20.770	-23.739	1.28
-24.276	-23.185	1.29
-25.570	-21.660	1.30
-25.237	-20.792	1.31
-26.221	-21.527	1.32
SHOTS
-25.237	-20.792	-26.221	-21.527
-26.221	-21.527	-20.915	-23.157
-26.221	-21.527	-21.161	-21.990
-26.221	-21.527	-25.533	-20.318
-26.221	-21.527	-26.151	-18.519
-26.221	-21.527	-26.908	-18.637
-26.221	-21.527	-29.077	-15.852
-26.221	-21.527	-31.851	-14.381
-26.221	-21.527	-33.556	-15.367
-26.221	-21.527	-33.999	-17.418
-26.221	-21.527	-28.540	-20.891
-26.221	-21.527	-27.593	-21.442
-26.221	-21.527	-29.709	-17.957
-26.221	-21.527	-26.820	-18.977
-25.570	-21.660	-25.237	-20.792
-24.276	-23.185	-25.570	-21.660
-20.770	-23.739	-24.276	-23.185
-24.276	-23.185	-24.066	-22.622
-24.276	-23.185	-24.915	-22.143
-24.276	-23.185	-23.543	-22.163
-20.249	-24.554	-20.770	-23.739
-20.770	-23.739	-21.276	-24.185
-17.904	-25.073	-20.249	-24.554
-20.249	-24.554	-19.541	-23.188
-20.249	-24.554	-20.534	-23.444
-20.249	-24.554	-20.125	-24.037
-15.732	-23.585	-17.904	-25.073
-17.904	-25.073	-18.026	-23.765
-17.904	-25.073	-18.010	-24.873
-17.904	-25.073	-17.952	-24.761
-14.158	-24.637	-15.732	-23.585
-15.732	-23.585	-16.815	-23.722
-15.732	-23.585	-16.126	-24.175
-15.732	-23.585	-15.678	-24.960
-15.732	-23.585	-14.759	-24.096
-15.732	-23.585	-15.187	-24.844
-15.732	-23.585	-14.727	-24.115
-15.732	-23.585	-13.893	-24.085
-15.732	-23.585	-13.034	-24.941
-15.732	-23.585	-15.716	-24.554
-15.732	-23.585	-14.177	-23.822
-14.692	-24.809	-14.158	-24.637
-12.586	-24.856	-14.692	-24.809
-12.217	-24.637	-12.586	-24.856
-10.201	-24.283	-12.217	-24.637
-12.217	-24.637	-12.226	-24.652
-12.217	-24.637	-12.109	-24.988
-12.217	-24.637	-12.254	-23.514
-12.217	-24.637	-12.556	-23.944
-8.683	-23.651	-10.201	-24.283
-10.201	-24.283	-10.191	-24.288
-10.201	-24.283	-9.571	-24.309
-10.201	-24.283	-10.862	-23.125
-10.201	-24.283	-12.462	-24.734
-5.302	-22.643	-8.683	-23.651
-8.683	-23.651	-8.881	-23.540
-8.683	-23.651	-9.156	-23.376
-8.683	-23.651	-8.856	-24.149
-3.714	-22.328	-5.302	-22.643
-5.302	-22.643	-5.292	-22.727
-5.302	-22.643	-5.274	-23.245
-5.302	-22.643	-5.240	-23.524
-5.302	-22.643	-5.506	-22.334
-5.302	-22.643	-8.645	-23.632
-3.122	-20.765	-3.714	-22.328
-3.714	-22.328	-3.932	-22.121
-3.714	-22.328	-4.021	-21.761
-3.714	-22.328	-3.924	-21.812
-3.714	-22.328	-5.200	-22.615
-3.256	-19.706	-3.122	-20.765
-3.122	-20.765	-3.074	-20.835
-3.122	-20.765	-3.893	-20.836
-3.122	-20.765	-2.888	-21.754
-3.122	-20.765	-3.832	-21.341
-1.929	-19.834	-3.256	-19.706
2.410	-23.437	3.446	-22.529
3.446	-22.529	3.104	-21.791
3.446	-22.529	4.307	-21.208
3.446	-22.529	4.380	-21.257
3.446	-22.529	3.960	-22.468
3.446	-22.529	4.028	-23.007
3.446	-22.529	4.870	-22.754
-1.878	-23.253	2.410	-23.437
2.410	-23.437	2.694	-22.565
2.410	-23.437	2.722	-23.024
2.410	-23.437	2.422	-23.586
-2.877	-19.617	-1.878	-23.253
-1.878	-23.253	-1.886	-22.935
-1.878	-23.253	-1.027	-22.450
-1.878	-23.253	-1.716	-23.114
-1.878	-23.253	1.983	-23.427
-6.053	-20.942	-2.877	-19.617
-6.053	-20.942	-10.550	-18.596
-10.550	-18.596	-11.378	-17.738
-10.550	-18.596	-12.532	-18.680
-10.550	-18.596	-12.258	-20.147
-10.550	-18.596	-10.306	-20.741
-10.550	-18.596	-11.534	-20.394
-10.550	-18.596	-10.624	-18.993
-2.895	-19.235	-6.053	-20.942
-6.053	-20.942	-1.221	-21.408
-6.053	-20.942	-2.490	-19.529
-6.053	-20.942	-2.781	-18.774
-6.053	-20.942	-2.328	-18.542
-6.053	-20.942	-4.589	-18.026
-6.053	-20.942	-8.172	-17.552
-6.053	-20.942	-9.786	-18.318
-6.053	-20.942	-5.677	-20.176
-1.545	-18.667	-2.895	-19.235
-2.895	-19.235	-2.596	-18.362
-2.895	-19.235	-4.447	-17.752
-2.895	-19.235	-4.623	-19.240
-2.895	-19.235	-3.137	-18.933
-2.895	-19.235	-1.993	-19.872
-2.895	-19.235	-2.717	-19.383
-2.895	-19.235	-1.296	-18.382
-2.895	-19.235	-0.558	-19.187
-2.895	-19.235	-4.407	-21.169
-2.895	-19.235	-5.108	-20.160
-1.929	-19.834	-1.545	-18.667
-1.545	-18.667	-1.606	-19.368
-1.545	-18.667	-2.136	-19.001
-1.545	-18.667	-0.690	-18.975
-1.545	-18.667	-0.565	-18.781
-1.545	-18.667	-2.291	-19.804
-7.417	-16.977	-1.929	-19.834
-1.929	-19.834	-2.405	-19.042
-1.929	-19.834	-2.948	-18.773
-1.929	-19.834	-3.593	-19.785
-1.929	-19.834	-1.970	-19.708
-1.929	-19.834	-1.049	-19.637
-2.131	-15.334	-7.417	-16.977
-7.417	-16.977	-2.910	-15.104
-7.417	-16.977	-3.425	-18.378
-7.417	-16.977	-6.412	-19.926
-7.417	-16.977	-7.743	-19.937
-7.417	-16.977	-5.121	-17.254
-7.417	-16.977	-4.851	-18.076
-7.417	-16.977	-4.134	-15.866
-7.417	-16.977	-3.724	-17.479
-7.417	-16.977	-5.052	-19.114
-7.417	-16.977	-9.481	-19.175
-1.334	-10.688	-2.131	-15.334
-2.131	-15.334	-0.773	-14.549
-2.131	-15.334	-0.589	-13.007
-2.131	-15.334	-2.968	-14.046
-2.131	-15.334	-1.005	-10.587
-2.131	-15.334	-1.834	-11.431
-2.131	-15.334	-2.392	-12.434
-2.131	-15.334	0.944	-11.883
1.538	-11.485	-1.334	-10.688
-0.038	-4.996	1.538	-11.485
1.538	-11.485	-2.302	-11.703
1.538	-11.485	-1.051	-10.483
1.538	-11.485	-0.204	-9.581
1.538	-11.485	0.823	-11.378
1.538	-11.485	1.796	-10.967
1.538	-11.485	2.341	-3.304
1.538	-11.485	1.036	-5.897
1.538	-11.485	-0.665	-6.465
1.538	-11.485	-0.284	-9.521
1.538	-11.485	-0.865	-7.046
1.538	-11.485	1.332	-6.634
1.538	-11.485	1.902	-7.666
0.000	0.000	-0.038	-4.996
-0.038	-4.996	-0.636	-4.957
-0.038	-4.996	0.076	-5.065
-0.038	-4.996	-0.073	-3.364
-0.038	-4.996	0.392	-4.962
-0.038	-4.996	0.738	-8.676
-0.038	-4.996	-0.791	-8.816
-0.038	-4.996	-0.474	-6.173
0.000	0.000	0.330	-0.186
0.000	0.000	-0.020	0.060
0.000	0.000	0.187	-0.143
0.000	0.000	0.400	-0.299
0.000	0.000	0.787	-0.668
0.000	0.000	0.347	-0.246
POLYLINE BROWN
3.025	-21.085
POLYLINE BROWN
4.075	-19.315
4.090	-19.375
4.090	-19.420
4.030	-19.510
3.955	-19.555
3.865	-19.570
3.835	-19.555
POLYLINE BROWN
3.820	-19.510
3.850	-19.540
3.835	-19.435
3.835	-19.300
3.895	-19.210
3.955	-19.165
3.985	-19.180
4.000	-19.210
4.045	-19.240
4.105	-19.345
4.150	-19.480
4.150	-19.540
4.165	-19.585
4.150	-19.750
4.120	-19.900
4.090	-19.870
POLYLINE BROWN
3.580	-19.795
3.580	-20.005
3.565	-20.185
3.550	-20.275
3.550	-20.335
3.595	-20.155
3.730	-20.245
3.775	-20.320
3.775	-20.200
3.790	-20.065
3.805	-20.005
3.790	-19.930
3.775	-19.900
POLYLINE BROWN
3.550	-20.260
3.550	-20.320
3.505	-20.380
3.445	-20.410
3.400	-20.410
3.340	-20.425
POLYLINE BROWN
3.190	-20.575
3.190	-20.545
3.205	-20.515
3.205	-20.470
3.325	-20.095
3.340	-20.035
3.370	-20.005
3.400	-19.900
3.475	-20.140
3.505	-20.305
3.505	-20.410
3.520	-20.485
3.505	-20.575
3.505	-20.605
3.490	-20.575
POLYLINE BROWN
2.770	-20.650
2.770	-20.620
2.695	-20.680
2.545	-20.755
POLYLINE BROWN
2.755	-19.855
2.740	-19.885
2.710	-19.885
2.665	-19.915
2.530	-19.930
2.500	-19.960
2.470	-19.960
2.350	-20.020
2.140	-20.200
2.125	-20.230
POLYLINE BROWN
2.455	-19.900
2.455	-20.005
2.425	-20.230
2.395	-20.440
2.350	-20.635
2.320	-20.740
2.290	-20.770
2.440	-20.650
POLYLINE BROWN
6.385	-20.725
6.385	-20.425
6.475	-20.245
POLYLINE BROWN
6.235	-20.575
POLYLINE BROWN
5.965	-20.155
POLYLINE BROWN
5.815	-20.665
POLYLINE BROWN
5.485	-20.005
5.095	-20.155
POLYLINE BROWN
5.215	-19.555
5.305	-19.825
5.335	-20.125
5.395	-20.365
5.425	-20.485
5.455	-20.605
POLYLINE BROWN
4.945	-20.305
5.035	-20.155
5.065	-19.945
5.155	-19.585
POLYLINE BROWN
4.315	-19.915
3.715	-20.155
3.625	-20.155
3.475	-20.185
POLYLINE BROWN
4.015	-19.825
3.895	-20.215
3.895	-20.425
3.955	-20.455
4.105	-20.425
4.315	-20.425
4.405	-20.455
POLYLINE BROWN
-0.785	-23.815
-0.725	-23.875
-0.665	-23.695
-0.695	-23.485
-1.055	-22.765
-1.145	-23.365
POLYLINE BROWN
0.445	-23.245
0.475	-23.335
0.475	-23.245
0.265	-22.945
0.115	-22.825
-0.095	-22.825
-0.365	-22.915
-0.635	-23.155
-0.695	-23.305
-0.575	-23.605
-0.455	-23.695
-0.305	-23.665
POLYLINE BROWN
1.435	-22.975
0.955	-22.915
0.685	-22.945
0.475	-22.915
0.265	-22.975
0.175	-23.095
0.115	-23.245
0.115	-23.335
0.145	-23.395
POLYLINE BROWN
1.885	-23.785
1.915	-23.605
1.855	-23.485
1.705	-23.365
1.495	-23.335
1.285	-23.515
1.285	-23.665
1.345	-23.785
1.435	-23.815
1.585	-23.755
1.645	-23.695
1.525	-23.365
1.195	-22.795
1.105	-22.915
1.045	-23.155
POLYLINE BROWN
3.055	-23.335
3.115	-23.365
3.205	-23.215
3.265	-22.885
3.115	-23.005
2.845	-23.515
2.815	-23.845
2.965	-23.755
3.025	-23.635
3.025	-23.545
2.845	-23.395
POLYLINE BROWN
4.345	-22.555
4.405	-22.285
4.285	-22.195
4.075	-22.195
3.745	-22.315
3.565	-22.465
3.445	-22.645
3.355	-23.005
3.355	-23.065
POLYLINE BROWN
4.015	-22.075
3.955	-22.045
3.805	-22.135
3.625	-22.435
3.655	-22.555
3.955	-22.735
4.135	-22.705
4.315	-22.555
POLYLINE BROWN
4.495	-22.135
4.585	-22.105
4.705	-22.135
4.795	-22.045
4.825	-21.895
4.825	-21.775
4.705	-21.565
4.705	-21.505
4.435	-21.505
4.345	-21.535
4.285	-21.685
4.285	-22.045
4.375	-22.165
4.375	-22.225
4.495	-22.105
POLYLINE BROWN
4.555	-21.685
4.495	-21.745
4.525	-21.895
POLYLINE BLUE
-1.565	-23.905
-1.475	-24.025
-1.325	-24.115
-1.265	-24.115
-1.205	-24.175
-1.115	-24.175
-0.995	-24.205
-0.515	-24.265
-0.215	-24.265
-0.065	-24.235
0.025	-24.235
0.355	-24.145
0.445	-24.145
0.595	-24.115
0.835	-24.055
1.075	-24.115
1.165	-24.115
1.345	-24.175
1.495	-24.145
1.585	-24.145
2.005	-24.265
2.065	-24.325
POLYLINE BLUE
-0.455	-22.405
-0.395	-22.375
-0.065	-22.405
0.085	-22.405
0.295	-22.375
0.415	-22.375
0.625	-22.435
0.745	-22.435
0.895	-22.525
1.195	-22.615
1.285	-22.615
1.495	-22.675
1.705	-22.645
1.915	-22.675
2.155	-22.675
2.275	-22.705
2.365	-22.705
2.485	-22.765
2.605	-22.735
2.665	-22.735
3.115	-22.135
3.355	-21.655
3.565	-21.445
3.655	-21.235
3.925	-20.965
4.045	-20.905
4.195	-20.905
4.315	-20.875
4.525	-20.905
4.705	-20.905
5.035	-21.055
5.305	-21.355
5.455	-21.595
5.455	-21.745
5.425	-21.895
5.395	-22.015
5.335	-22.165
5.335	-22.255
5.275	-22.465
5.005	-22.735
4.735	-22.825
4.615	-22.885
4.465	-23.095
4.195	-23.155
3.865	-23.335
3.565	-23.605
3.265	-23.695
3.145	-23.725
2.665	-23.995
2.335	-24.085
2.125	-24.085
2.065	-24.055
POLYLINE BLUE
-2.825	-20.485
-1.775	-22.045
-1.115	-22.525
-0.815	-22.555
POLYLINE BLUE
-2.975	-21.265
-2.795	-21.715
-2.825	-21.805
-2.705	-22.015
-2.585	-22.465
-2.435	-22.765
-2.375	-22.945
-2.285	-23.095
-2.195	-23.305
-1.895	-23.755
POLYLINE GREEN
-9.645	-17.510
-9.545	-17.610
-9.425	-17.650
-8.925	-17.630
-8.605	-17.650
-7.925	-17.750
-7.485	-17.890
-7.325	-17.910
-7.085	-18.010
-6.465	-18.370
-6.285	-18.530
POLYLINE GREEN
-9.705	-20.750
-9.565	-20.750
-9.265	-20.810
-9.045	-20.810
-8.085	-20.890
-7.825	-20.970
-7.545	-21.170
-7.285	-21.250
-6.765	-21.370
-6.705	-21.370
-6.625	-21.390
-6.525	-21.390
-6.325	-21.430
-6.225	-21.430
-6.185	-21.450
POLYLINE GREEN
-11.945	-17.750
-12.205	-18.010
-12.305	-18.170
-12.365	-18.290
-12.425	-18.750
-12.445	-19.130
-12.445	-19.270
-12.645	-19.790
-12.665	-19.970
-12.665	-20.090
-12.545	-20.270
-12.445	-20.290
-12.265	-20.310
-12.085	-20.430
-11.785	-20.430
-11.685	-20.490
-11.505	-20.610
-11.425	-20.610
-11.185	-20.710
-11.025	-20.750
-10.725	-20.870
-10.245	-20.870
-9.925	-20.690
-9.825	-20.690
-9.785	-20.670
-9.605	-20.710
-9.525	-20.770
POLYLINE GREEN
-8.545	-15.210
-8.465	-15.230
-8.325	-15.050
-8.285	-14.970
-8.305	-14.870
-8.345	-14.830
-8.365	-14.870
-8.385	-15.190
-8.385	-15.390
-8.345	-15.530
-8.245	-15.550
-8.165	-15.530
POLYLINE GREEN
-8.885	-14.930
POLYLINE GREEN
-9.385	-15.710
-9.365	-15.630
-9.425	-15.430
-9.385	-15.450
-9.165	-15.750
-9.145	-15.810
-9.105	-15.610
-9.105	-15.490
-9.085	-15.370
-8.885	-15.650
-8.825	-15.790
-8.785	-15.730
-8.785	-15.510
-8.805	-15.450
-8.805	-15.310
-8.665	-15.450
-8.625	-15.530
-8.545	-15.610
POLYLINE GREEN
-9.925	-15.670
-10.005	-15.550
-10.045	-15.630
-10.045	-15.730
-10.005	-15.830
-9.885	-15.990
-9.845	-15.830
-9.865	-15.670
-9.905	-15.570
-9.725	-15.690
-9.585	-15.890
-9.585	-15.930
-9.505	-15.990
POLYLINE GREEN
-10.625	-15.590
-10.685	-15.950
-10.685	-16.190
-10.705	-16.110
-10.685	-15.990
-10.645	-15.710
-10.565	-15.650
-10.445	-15.650
-10.265	-15.730
-10.225	-15.730
-10.185	-15.770
-10.145	-15.770
-10.165	-15.850
-10.245	-15.910
-10.485	-15.930
-10.525	-15.950
-10.665	-15.910
POLYLINE GREEN
-11.065	-15.870
-11.185	-15.730
-11.245	-15.750
-11.305	-15.930
-11.205	-15.990
-11.085	-15.990
-11.005	-15.970
-10.965	-15.930
-10.965	-15.830
-11.005	-15.730
-11.045	-15.710
POLYLINE GREEN
-11.725	-15.630
-11.745	-15.810
-11.825	-16.010
-11.965	-16.150
-12.085	-16.230
-12.025	-16.250
-11.825	-16.210
-11.785	-16.170
-11.725	-16.170
-11.625	-16.110
-11.545	-16.090
-11.405	-16.010
-11.365	-15.970
POLYLINE GREEN
-11.965	-16.110
-12.125	-15.710
POLYLINE GREEN
-11.725	-17.190
-11.725	-16.710
POLYLINE GREEN
-11.725	-17.770
-11.705	-17.930
-11.845	-17.730
-11.905	-17.710
-11.905	-17.670
-12.005	-17.550
POLYLINE GREEN
-9.845	-17.630
-9.925	-17.650
-10.085	-17.630
-10.185	-17.610
-10.385	-17.550
-10.445	-17.550
-10.565	-17.510
-10.665	-17.530
-10.825	-17.530
-11.105	-17.490
-11.225	-17.410
-11.245	-17.370
POLYLINE GREEN
-5.135	-21.790
POLYLINE GREEN
-0.870	-18.670
-0.900	-18.610
-0.900	-18.550
-0.930	-18.445
-0.990	-18.295
-1.065	-18.175
-1.110	-18.115
-1.170	-18.130
-1.245	-18.130
-1.350	-18.175
-1.380	-18.175
-1.470	-18.280
-1.500	-18.295
-1.560	-18.370
-1.650	-18.430
-1.770	-18.535
-1.830	-18.550
-1.860	-18.580
-1.905	-18.580
-2.055	-18.625
-2.115	-18.685
-2.145	-18.685
-2.205	-18.715
POLYLINE GREEN
-3.285	-19.645
-3.120	-19.765
-3.015	-19.795
-2.970	-19.795
-2.835	-19.840
-2.700	-19.915
-2.565	-19.945
-2.535	-19.930
-2.430	-19.975
-2.265	-19.975
-2.160	-19.990
-2.100	-19.990
-2.040	-19.960
-1.905	-19.960
-1.845	-19.990
-1.710	-19.990
-1.590	-19.960
-1.455	-19.945
-1.440	-19.915
-1.335	-19.840
-1.305	-19.840
-1.245	-19.705
-1.230	-19.615
-1.185	-19.495
-1.065	-19.390
-1.065	-19.360
-1.005	-19.225
-1.005	-19.165
-0.975	-19.060
-0.990	-18.940
-0.975	-18.910
-0.990	-18.850
-0.990	-18.820
-1.050	-18.595
POLYLINE BLACK
-0.930	-19.525
-0.915	-19.555
-0.990	-19.450
-1.020	-19.345
-1.050	-19.225
-1.050	-19.195
-1.065	-19.165
-1.065	-19.120
-1.185	-18.880
-1.215	-18.850
POLYLINE BLACK
-2.175	-18.190
-2.100	-18.310
-2.100	-18.355
-2.115	-18.430
-2.055	-18.700
-2.055	-18.850
-2.085	-18.910
-2.085	-18.970
-2.070	-19.000
-2.070	-19.075
POLYLINE BLACK
-2.115	-18.280
POLYLINE BLACK
-3.255	-19.975
-3.255	-20.005
-3.435	-19.675
-3.510	-19.585
-3.510	-19.555
-3.555	-19.480
-3.645	-19.240
-3.735	-19.165
-3.825	-19.045
POLYLINE BLACK
-8.280	-16.000
-8.280	-16.060
POLYLINE BLACK
-2.010	-16.990
-1.950	-17.140
-1.950	-17.410
-2.070	-18.040
-2.040	-18.310
POLYLINE RED
-6.780	-8.710
POLYLINE RED
-6.720	-8.950
POLYLINE ORANGE
-6.360	-16.750
-6.390	-16.900
-6.390	-17.050
-6.300	-17.260
-6.180	-17.380
-6.060	-17.380
-5.940	-17.260
-5.910	-17.140
-6.030	-16.840
-6.210	-16.750
POLYLINE ORANGE
-5.130	-15.880
-5.280	-16.120
-5.310	-16.300
-5.130	-16.570
-4.920	-16.630
-4.830	-16.600
-4.800	-16.540
-4.920	-16.420
-5.100	-16.330
-5.670	-16.210
POLYLINE ORANGE
-3.390	-17.200
-3.480	-17.320
-3.480	-17.380
-3.420	-17.410
-3.270	-17.350
-3.120	-17.140
-3.120	-17.080
-3.240	-17.200
-3.300	-17.200
-3.360	-17.260
-3.360	-17.320
POLYLINE ORANGE
-3.960	-16.180
-4.020	-16.390
-3.810	-16.630
-3.600	-16.630
-3.240	-16.510
-3.120	-16.420
-3.270	-16.270
-3.450	-16.210
-3.630	-16.240
-3.750	-16.510
-3.750	-16.630
-3.600	-16.900
-3.450	-16.990
-3.210	-16.960
-3.060	-16.870
-2.910	-16.660
-2.910	-16.600
POLYLINE ORANGE
-4.110	-15.520
-4.170	-15.490
-4.020	-15.760
-3.960	-15.790
-3.900	-15.760
-3.870	-15.610
-3.900	-15.460
-3.990	-15.310
-4.140	-15.280
-4.230	-15.280
-4.500	-15.550
-4.530	-15.760
-4.440	-15.820
-4.200	-15.880
POLYLINE ORANGE
-3.090	-15.970
-3.060	-16.180
-2.940	-16.300
-2.700	-16.360
-2.520	-16.210
-2.460	-16.060
-2.490	-15.880
-2.640	-15.640
-2.940	-15.490
-3.090	-15.550
-3.180	-15.700
-3.240	-15.910
-3.180	-16.060
-3.030	-16.180
-2.850	-16.240
-2.760	-16.240
-2.640	-16.150
POLYLINE ORANGE
-3.270	-15.160
-3.270	-15.520
-3.330	-15.790
-3.090	-15.940
-2.910	-15.970
-2.760	-15.880
-2.670	-15.640
-2.730	-15.460
-3.000	-15.370
-3.300	-15.460
-3.240	-15.460
POLYLINE BLACK
-3.330	-15.130
-3.390	-15.250
-3.390	-15.400
-3.270	-15.580
-3.120	-15.730
-2.880	-15.820
-2.700	-15.640
-2.730	-15.370
-2.880	-15.190
-3.120	-15.160
-3.210	-15.280
POLYLINE BLACK
-4.590	-20.410
-4.530	-20.470
-4.440	-20.470
-4.380	-20.350
-4.410	-20.200
-4.470	-20.170
-4.590	-20.290
-4.620	-20.410
POLYLINE BLACK
-4.200	-20.710
-4.170	-20.890
-4.110	-20.950
-4.110	-21.520
-4.320	-21.760
-4.440	-21.760
-4.500	-21.790
-4.590	-21.700
-4.560	-21.550
-4.560	-21.370
-4.440	-21.040
-4.350	-21.010
POLYLINE BLACK
-5.250	-17.950
-5.040	-18.010
-4.800	-18.010
-4.740	-18.040
-4.620	-18.010
-4.740	-17.950
-5.010	-17.950
-5.280	-18.040
-5.400	-18.010
-5.340	-18.010
-5.250	-18.070
-5.100	-18.100
-4.740	-17.980
-4.650	-17.980
POLYLINE BLACK
-4.920	-17.500
-4.860	-17.770
-4.860	-18.190
-4.830	-18.310
-4.830	-18.430
-4.860	-18.280
-4.860	-18.190
-4.890	-18.040
-4.890	-17.680
-4.860	-17.800
-4.860	-18.370
-4.800	-18.310
-4.800	-18.100
POLYLINE BLACK
-5.280	-17.950
-5.280	-18.010
-5.010	-18.010
-4.410	-18.190
POLYLINE BLACK
-4.080	-17.590
-4.080	-17.830
-3.930	-18.250
-3.540	-19.000
-3.330	-19.360
-3.150	-19.840
-3.150	-19.960
-3.030	-20.320
POLYLINE BLACK
-5.820	-18.490
-5.730	-18.640
-5.610	-19.090
-5.460	-19.360
-5.250	-19.720
-5.010	-20.410
-4.950	-20.740
-4.950	-21.070
-4.980	-21.340
-4.980	-21.490
-5.010	-21.550
POLYLINE BLACK
-5.700	-18.580
-5.670	-18.700
-5.550	-18.850
-5.280	-18.940
-4.830	-18.910
-4.440	-18.880
-4.320	-18.820
-4.050	-18.460
-3.990	-18.280
-3.960	-18.010
-3.990	-17.800
-4.140	-17.590
-4.500	-17.350
-4.800	-17.140
-4.980	-17.110
-5.250	-17.230
-5.340	-17.230
-5.580	-17.350
-5.790	-17.560
-5.940	-17.830
-6.000	-18.040
-5.970	-18.190
-5.760	-18.520
POLYLINE BLACK
-2.130	-16.750
-2.220	-17.080
-2.100	-17.290
POLYLINE BLACK
-1.080	-15.040
-1.260	-15.430
-1.680	-15.760
-1.800	-16.030
-1.890	-16.180
-1.920	-16.300
-1.980	-16.510
-1.980	-16.570
POLYLINE BLACK
-3.330	-15.130
-3.510	-15.070
-3.720	-15.070
-3.900	-15.100
-4.110	-15.100
-4.290	-15.190
-4.710	-15.190
-5.010	-15.370
-5.190	-15.400
-5.670	-15.610
-5.850	-15.730
-6.060	-15.760
-6.270	-15.850
-6.570	-16.060
-6.690	-16.090
-6.840	-16.180
-6.930	-16.240
-6.990	-16.240
-7.290	-16.450
-7.620	-16.810
-7.680	-16.930
-7.740	-16.960
-7.890	-17.230
-7.920	-17.380
-8.100	-17.680
-8.100	-17.770
-8.250	-18.070
-8.250	-18.220
-8.310	-18.490
-8.310	-18.760
-8.160	-19.360
-7.860	-20.050
-7.650	-20.260
-7.530	-20.290
-7.200	-20.380
-6.990	-20.380
-6.870	-20.410
-6.630	-20.410
-6.180	-20.530
-5.910	-20.500
-5.520	-20.380
-5.280	-20.230
-5.130	-20.230
-4.860	-20.140
-4.740	-20.140
-4.500	-20.080
-4.440	-20.080
-4.170	-19.870
-3.690	-19.450
-3.630	-19.420
-3.600	-19.330
-3.300	-19.120
-3.030	-18.850
-2.970	-18.850
POLYLINE BLACK
-4.170	-14.020
-3.570	-14.920
POLYLINE BROWN
-7.260	-12.990
POLYLINE BROWN
-2.590	-13.070
-2.710	-13.310
-2.710	-13.520
-2.680	-13.610
-2.560	-13.730
-2.350	-13.730
POLYLINE BROWN
-1.990	-12.980
POLYLINE BROWN
-0.010	-13.460
0.260	-13.880
-0.100	-13.550
-0.250	-13.550
-0.490	-13.790
-0.580	-13.970
POLYLINE BROWN
-0.070	-12.320
0.050	-12.410
0.200	-12.380
-0.010	-12.320
-0.190	-12.350
-0.490	-12.590
-0.610	-12.980
-0.610	-13.040
-0.460	-13.130
-0.190	-13.130
-0.070	-13.070
POLYLINE BROWN
-1.330	-13.550
-1.270	-13.580
-1.090	-13.370
-1.000	-13.190
-0.970	-12.860
-1.000	-12.680
-1.060	-12.500
-1.180	-12.620
-1.270	-12.860
-1.270	-13.010
-1.210	-13.040
-0.430	-12.740
-0.400	-12.620
-0.430	-12.560
POLYLINE BROWN
-1.690	-12.380
-1.660	-12.440
-1.870	-12.650
-2.110	-13.010
-2.170	-13.280
-2.170	-13.340
-2.110	-13.400
-1.930	-13.340
-1.720	-13.220
-1.660	-13.220
-1.540	-13.070
-1.510	-12.740
-1.540	-12.650
-1.600	-12.620
-1.810	-12.710
POLYLINE BROWN
-1.330	-12.140
-1.270	-12.140
-1.240	-11.990
-1.390	-11.960
-1.510	-11.870
-1.720	-12.080
-1.840	-12.320
-1.900	-12.590
-1.900	-12.650
-1.570	-12.560
-1.450	-12.530
-1.360	-12.470
-1.270	-12.230
-1.210	-11.930
-1.210	-11.780
-1.180	-11.720
-1.390	-11.930
POLYLINE RED
3.650	-12.530
3.680	-12.590
3.860	-12.200
3.920	-12.350
3.920	-12.530
3.950	-12.650
4.010	-12.650
4.160	-12.290
4.160	-12.380
4.280	-12.650
4.280	-12.710
4.490	-12.380
4.550	-12.350
4.670	-12.560
POLYLINE RED
3.440	-12.020
3.410	-11.900
3.290	-11.810
3.170	-11.810
2.720	-12.260
2.690	-12.470
2.780	-12.590
2.930	-12.650
2.990	-12.710
3.110	-12.710
3.260	-12.560
3.320	-12.290
3.200	-12.290
3.050	-12.260
2.930	-12.440
POLYLINE BLACK
1.160	-12.200
1.070	-12.290
POLYLINE BLACK
0.860	-11.720
0.890	-11.780
0.740	-12.290
0.680	-12.230
POLYLINE BLACK
0.380	-11.240
0.350	-11.360
0.350	-11.840
0.320	-11.960
POLYLINE BLACK
-0.490	-10.940
-0.370	-11.300
-0.340	-11.690
POLYLINE BLACK
-0.910	-11.000
-0.910	-11.420
-0.940	-11.540
POLYLINE BLACK
-1.570	-11.150
-1.570	-11.090
-1.450	-11.060
-0.940	-11.150
-0.760	-11.210
-0.610	-11.210
-0.460	-11.270
-0.190	-11.330
-0.130	-11.360
0.020	-11.360
0.740	-11.720
1.070	-12.050
1.310	-12.320
1.490	-12.620
POLYLINE BLACK
2.270	-11.480
2.120	-11.630
2.090	-11.750
1.940	-11.930
1.850	-12.140
1.730	-12.260
1.670	-12.260
1.280	-12.710
0.950	-13.070
0.380	-13.760
0.200	-14.060
0.020	-14.240
-0.190	-14.570
-0.670	-14.840
-0.790	-14.960
-0.940	-15.050
POLYLINE BLACK
2.480	-11.150
POLYLINE BLACK
-1.840	-11.420
-1.960	-11.630
-2.350	-12.110
-2.470	-12.200
-2.590	-12.410
-2.680	-12.530
-2.920	-13.160
-3.040	-13.820
-3.070	-14.060
-3.190	-14.540
-3.190	-14.870
-3.280	-15.200
-3.310	-15.440
POLYLINE BLACK
-3.010	-13.550
POLYLINE BLACK
-1.510	-8.750
-1.390	-9.230
-1.390	-9.350
-1.330	-9.710
-1.330	-10.130
-1.270	-10.400
-1.270	-10.880
-1.240	-11.090
-1.240	-11.330
-1.390	-11.570
-1.480	-11.900
-1.510	-12.050
POLYLINE BLACK
4.730	-10.460
4.550	-10.490
3.950	-10.490
4.190	-10.430
4.400	-10.430
3.680	-10.490
3.470	-10.550
3.710	-10.520
4.520	-10.340
4.730	-10.310
4.790	-10.340
4.850	-10.310
4.700	-10.400
4.550	-10.460
4.460	-10.460
4.040	-10.580
3.980	-10.550
4.100	-10.520
4.550	-10.370
3.890	-10.580
POLYLINE BLACK
4.700	-10.640
4.700	-10.700
4.340	-10.250
4.100	-9.680
4.040	-9.620
4.040	-9.560
4.340	-10.100
4.490	-10.280
4.190	-9.860
3.980	-9.470
4.400	-10.040
4.550	-10.340
POLYLINE BLACK
4.640	-10.400
4.220	-10.370
3.860	-10.250
3.770	-10.250
3.650	-10.220
3.380	-10.220
3.140	-10.160
3.530	-10.250
3.950	-10.280
4.580	-10.550
4.640	-10.550
4.700	-10.610
POLYLINE BLACK
3.830	-9.950
3.950	-10.070
4.010	-10.070
4.370	-10.400
4.520	-10.460
4.790	-10.850
4.610	-10.820
4.370	-10.820
3.830	-10.670
3.740	-10.670
3.680	-10.640
POLYLINE BLACK
4.370	-10.850
4.430	-10.910
4.370	-10.910
3.830	-10.610
3.650	-10.490
3.470	-10.460
POLYLINE BLACK
1.580	-11.060
2.060	-11.030
2.450	-10.820
2.570	-10.820
2.750	-10.760
2.810	-10.760
POLYLINE BLACK
2.120	-10.070
2.660	-10.520
2.780	-10.550
2.990	-10.640
3.080	-10.790
POLYLINE BROWN
0.800	0.250
POLYLINE BROWN
0.680	-9.860
0.950	-10.130
0.890	-10.190
0.710	-10.100
0.380	-9.860
0.590	-10.040
0.260	-9.830
0.440	-10.070
0.380	-10.100
0.170	-9.950
0.500	-10.220
POLYLINE BROWN
0.950	-10.130
1.010	-10.160
0.890	-10.130
0.500	-9.740
0.440	-9.770
0.350	-9.740
0.350	-9.680
0.230	-9.710
0.170	-9.770
0.020	-10.130
-0.010	-10.250
0.260	-10.220
0.440	-10.220
0.590	-10.250
0.710	-10.220
0.980	-10.340
POLYLINE BROWN
1.280	-9.230
1.160	-9.050
1.490	-9.710
1.490	-9.770
1.340	-9.500
1.250	-9.380
1.220	-9.440
1.280	-9.740
1.310	-9.680
1.130	-9.260
1.070	-9.200
1.160	-9.410
1.040	-9.380
POLYLINE BROWN
1.220	-8.930
1.190	-8.990
1.190	-9.110
1.340	-9.470
1.490	-9.920
1.430	-9.920
1.130	-9.620
0.860	-9.410
1.250	-9.020
1.370	-8.990
1.430	-8.960
1.370	-8.960
POLYLINE BROWN
-0.820	-10.160
-0.760	-10.160
-0.640	-10.040
-0.610	-9.890
-0.640	-9.830
-0.790	-9.980
-0.850	-10.160
-0.850	-10.340
-0.790	-10.550
-0.460	-10.790
-0.400	-10.790
-0.280	-10.670
-0.280	-10.490
-0.520	-10.160
-0.640	-10.070
-0.730	-10.070
POLYLINE BROWN
0.590	-8.690
-0.010	-8.510
-0.130	-8.570
-0.310	-8.960
-0.340	-9.170
-0.310	-9.260
-0.190	-9.290
0.110	-9.110
0.170	-8.960
0.080	-8.840
POLYLINE BROWN
1.220	-7.160
1.010	-6.980
0.860	-6.890
0.740	-6.890
0.650	-6.860
0.500	-6.920
0.380	-7.070
0.230	-7.580
0.170	-7.910
0.200	-8.180
0.260	-8.330
0.470	-8.360
0.860	-8.210
1.100	-8.030
1.220	-7.910
1.400	-7.550
1.400	-7.490
1.340	-7.430
1.190	-7.370
1.010	-7.370
0.860	-7.340
POLYLINE BROWN
1.340	-6.530
1.190	-6.230
1.010	-6.050
0.740	-6.080
0.590	-6.110
0.500	-6.320
0.500	-6.560
0.560	-6.770
0.620	-6.800
1.040	-6.770
1.220	-6.710
1.340	-6.560
1.370	-6.440
1.310	-6.260
1.010	-6.080
POLYLINE BLACK
-0.250	0.310
-0.310	0.310
POLYLINE BLACK
-3.400	-3.500
-3.430	-3.380
-3.760	-3.170
-3.850	-3.170
-3.940	-3.260
-3.910	-3.410
-3.820	-3.500
-3.670	-3.500
-3.430	-3.440
-3.280	-3.290
-3.250	-3.200
-3.460	-3.140
-3.610	-3.140
-3.790	-3.200
-3.820	-3.260
-3.670	-3.500
-3.610	-3.500
-3.550	-3.440
POLYLINE BLACK
-4.570	-2.390
-4.540	-2.270
-4.480	-2.090
-4.330	-1.970
-4.090	-1.970
-3.970	-2.000
-3.850	-2.120
-3.820	-2.300
-3.850	-2.420
-4.000	-2.570
-4.090	-2.840
-4.120	-2.960
POLYLINE BLACK
-3.670	-5.030
-3.550	-5.150
-3.670	-4.940
-4.030	-4.550
-4.330	-4.010
-4.600	-3.680
POLYLINE BLACK
-1.090	-3.890
-1.390	-4.070
-1.660	-3.950
-1.720	-3.950
-2.110	-3.800
-2.590	-3.530
-2.650	-3.440
-2.770	-3.410
-3.340	-2.990
POLYLINE BLACK
-1.840	-5.720
-2.170	-5.180
-2.320	-4.880
-2.320	-4.820
POLYLINE BLACK
-1.510	-4.970
-2.140	-5.240
-2.290	-5.240
-2.980	-5.390
POLYLINE BLACK
-0.580	-5.120
-0.580	-5.060
-0.910	-4.550
-1.120	-4.370
-1.480	-4.220
-1.990	-4.100
-2.200	-4.010
-2.290	-4.010
-2.650	-4.130
-3.070	-4.400
-3.340	-4.640
-3.490	-4.700
-3.610	-5.030
-3.610	-5.240
-3.580	-5.390
-3.550	-5.630
-3.580	-5.750
-3.550	-5.900
-3.460	-6.140
-3.310	-6.320
-3.040	-6.470
-2.020	-6.740
-1.720	-6.770
-1.300	-6.650
-0.910	-6.440
-0.850	-6.440
-0.700	-6.350
-0.580	-6.320
-0.520	-6.290
POLYLINE RED
2.960	-2.150
2.750	-1.700
2.750	-1.580
2.720	-1.460
2.720	-1.340
3.200	-1.880
3.110	-1.490
3.050	-1.190
3.110	-1.190
3.380	-1.460
3.560	-1.760
3.620	-1.880
3.590	-1.760
3.470	-1.370
3.470	-1.310
3.530	-1.250
3.710	-1.370
4.010	-1.700
4.100	-1.910
POLYLINE RED
2.330	-1.430
2.330	-1.370
2.000	-1.190
1.970	-1.130
1.970	-1.190
2.510	-1.610
2.600	-1.730
2.630	-1.910
2.660	-1.970
2.570	-2.090
2.390	-2.090
2.150	-1.970
2.060	-1.850
2.120	-1.850
2.420	-1.460
2.420	-1.250
2.480	-1.070
2.300	-0.890
2.240	-0.770
2.150	-0.980
2.090	-1.010
2.120	-1.130
2.210	-1.280
2.240	-1.340
POLYLINE RED
1.340	-4.280
1.160	-3.110
1.190	-2.990
1.250	-2.870
1.250	-2.780
1.400	-2.330
1.460	-2.210
1.460	-2.120
1.640	-1.790
POLYLINE BLACK
1.130	-5.000
0.770	-4.400
POLYLINE BLACK
0.560	-5.390
0.620	-5.420
0.260	-4.730
POLYLINE BLACK
-0.010	-5.780
-0.040	-5.540
-0.130	-5.210
-0.190	-5.150
POLYLINE BLACK
-0.340	-6.200
-0.340	-6.200
-0.430	-6.050
-0.580	-5.750
-0.610	-5.570
-0.640	-5.630
POLYLINE BLACK
-0.670	-6.410
-0.730	-6.380
-0.880	-6.020
POLYLINE BLACK
1.280	-4.220
1.040	-4.490
0.470	-4.940
0.380	-5.030
-0.010	-5.300
-0.340	-5.540
-0.580	-5.720
-0.790	-5.990
-0.880	-6.350
POLYLINE BLACK
0.920	-5.090
POLYLINE BLACK
1.760	-3.170
2.450	-3.830
2.570	-4.250
2.570	-4.370
2.480	-4.790
2.480	-4.880
2.390	-5.150
2.360	-5.270
2.360	-5.420
2.420	-5.690
2.450	-5.960
2.450	-6.110
2.360	-6.530
2.180	-7.070
2.180	-7.160
2.150	-7.310
2.180	-7.550
2.210	-8.000
2.240	-8.090
2.240	-8.510
2.270	-8.870
2.240	-9.110
2.210	-9.620
2.180	-9.680
2.180	-10.610
2.210	-10.820
2.180	-10.940
2.210	-11.150
2.210	-11.210
POLYLINE BLACK
2.600	-3.980
POLYLINE BLACK
0.590	-4.640
0.920	-4.130
1.130	-3.830
1.520	-3.590
1.580	-3.590
1.820	-3.440
1.940	-3.440
2.090	-3.410
2.270	-3.530
POLYLINE BLACK
-0.490	-5.180
-0.430	-5.180
-0.460	-5.270
-0.790	-5.540
-0.940	-5.840
-0.970	-6.050
-1.150	-6.530
-1.150	-6.620
-1.540	-7.850
-1.630	-8.660
-1.750	-9.290
-1.780	-9.650
-1.900	-10.130
-1.900	-10.280
-1.960	-10.520
-1.960	-10.730
-1.990	-10.880
-1.990	-11.660
POLYLINE BLACK
-1.220	-3.400
POLYLINE BLACK
-0.080	-5.140
-0.080	-4.940
-0.180	-4.840
-0.220	-4.840
POLYLINE BLACK
-0.360	-3.420
-0.380	-3.320
-0.460	-3.300
-0.480	-3.460
-0.440	-3.700
-0.400	-3.660
-0.360	-3.520
POLYLINE BLACK
-0.400	-3.420
POLYLINE BLACK
0.280	-3.480
0.260	-3.440
0.200	-3.500
0.180	-3.560
POLYLINE BLACK
-0.040	-3.460
-0.040	-3.280
-0.060	-3.240
-0.200	-3.360
-0.260	-3.580
-0.240	-3.640
-0.160	-3.640
-0.080	-3.600
-0.060	-3.540
POLYLINE BLACK
-0.160	-3.920
-0.180	-3.760
-0.220	-3.680
-0.260	-3.660
-0.300	-3.760
POLYLINE BLACK
0.060	-4.540
0.100	-4.560
0.180	-4.480
0.180	-4.380
0.120	-4.320
0.080	-4.320
-0.060	-4.500
-0.060	-4.640
-0.040	-4.680
0.080	-4.660
0.180	-4.560
POLYLINE BLACK
-0.080	-4.460
POLYLINE BLACK
-0.200	-4.220
-0.180	-4.260
-0.280	-4.220
-0.440	-4.280
-0.520	-4.360
-0.560	-4.480
-0.500	-4.500
-0.380	-4.380
-0.380	-4.340
POLYLINE BLACK
-0.300	-4.160
POLYLINE BLACK
0.120	-4.100
0.080	-4.020
0.000	-3.940
-0.080	-3.940
-0.160	-4.040
-0.160	-4.080
POLYLINE BLACK
0.280	-3.840
0.220	-3.820
0.100	-3.880
0.000	-4.000
0.020	-4.080
POLYLINE BLACK
-0.500	-4.860
-0.500	-4.920
-0.520	-4.960
-0.520	-5.100
-0.620	-5.460
POLYLINE BLACK
0.580	-4.800
0.580	-4.900
0.640	-5.120
0.660	-5.200
0.680	-5.400
0.700	-5.440
0.720	-5.680
POLYLINE BLACK
0.200	-2.040
0.180	-2.100
0.140	-2.120
-0.180	-1.920
-0.280	-1.940
-0.380	-2.000
-0.420	-2.020
-0.140	-2.400
0.000	-2.580
0.040	-2.680
0.180	-2.780
0.240	-2.780
0.280	-2.820
0.320	-2.800
0.420	-2.280
0.380	-2.180
0.260	-2.100
0.180	-2.100
POLYLINE BLACK
0.620	-1.540
0.480	-1.260
0.400	-1.180
0.340	-1.180
0.220	-1.100
0.180	-1.100
0.060	-1.020
-0.020	-1.000
-0.100	-0.940
-0.220	-0.960
-0.320	-1.160
-0.300	-1.260
-0.320	-1.340
-0.300	-1.420
-0.300	-1.500
-0.240	-1.620
-0.220	-1.820
-0.160	-1.880
0.200	-1.860
0.280	-1.860
0.420	-1.820
0.480	-1.720
0.480	-1.640
0.420	-1.500
0.320	-1.360
POLYLINE BLACK
1.200	0.620
1.180	0.700
1.140	0.740
1.140	0.620
1.100	0.620
1.060	0.700
1.020	0.660
1.040	0.340
1.000	0.380
0.980	0.480
0.920	0.600
0.920	0.520
0.940	0.440
0.860	0.620
0.860	0.680
0.840	0.720
0.840	0.620
0.860	0.480
0.880	0.380
0.820	0.300
0.780	0.440
0.780	0.340
POLYLINE BLACK
1.320	0.720
1.320	0.760
1.180	0.620
0.940	0.420
0.820	0.280
0.720	0.220
0.640	0.100
0.600	0.060
0.620	0.140
0.920	0.820
0.940	0.900
1.080	0.800
1.140	0.800
1.300	0.740
POLYLINE BLACK
-0.280	0.080
-0.380	0.180
-0.580	0.300
-0.660	0.480
POLYLINE BLACK
0.280	-0.260
-0.020	0.000
POLYLINE BLACK
0.740	-0.560
0.660	-0.500
0.480	-0.460
0.400	-0.460
0.360	-0.440
POLYLINE BLACK
1.180	-0.700
1.140	-0.680
0.920	-0.720
0.860	-0.700
0.820	-0.720
0.780	-0.700
POLYLINE BLACK
0.480	-4.940
0.400	-4.560
0.400	-4.420
0.380	-4.280
0.400	-3.960
0.480	-3.400
0.480	-3.160
0.500	-3.080
0.500	-2.760
0.520	-2.500
0.520	-2.340
0.540	-2.220
0.540	-1.600
0.560	-1.500
0.560	-1.400
0.640	-1.100
0.800	-0.600
POLYLINE BLACK
-0.600	-4.980
-0.580	-4.800
-0.600	-4.720
-0.600	-4.500
-0.580	-4.400
-0.580	-4.220
-0.560	-4.140
-0.560	-3.840
-0.580	-3.660
-0.640	-3.460
-0.660	-3.060
-0.640	-2.740
-0.620	-2.640
-0.600	-2.460
-0.600	-2.340
-0.540	-2.000
-0.520	-1.960
-0.520	-1.840
-0.500	-1.740
-0.500	-1.560
-0.440	-1.340
-0.400	-1.220
-0.380	-1.120
-0.340	-0.920
-0.340	-0.800
-0.320	-0.660
-0.320	-0.560
-0.260	-0.380
-0.180	-0.180
-0.100	-0.100
-0.060	-0.040
0.040	0.020
0.060	0.060

ELEVATION
STATIONS
0.000	0.000	1.0
4.996	-0.361	1.1
11.673	-8.601	1.2
14.654	-10.034	1.3
19.368	-16.472	1.4
24.904	-19.245	1.5
31.091	-20.406	1.6
32.319	-21.453	1.7
33.784	-26.385	1.8
37.374	-32.051	1.9
42.446	-33.862	1.10
40.816	-32.028	1.11
44.587	-31.335	1.12
48.879	-29.339	1.13
50.257	-28.731	1.14
32.424	-20.294	1.15
33.491	-19.910	1.16
35.163	-20.966	1.17
36.782	-20.127	1.18
40.311	-22.270	1.19
41.955	-21.956	1.20
44.001	-23.069	1.21
44.430	-22.830	1.22
46.536	-23.098	1.23
47.097	-24.055	1.24
48.991	-28.127	1.25
51.624	-28.979	1.26
54.026	-29.870	1.27
54.994	-29.713	1.28
58.543	-30.246	1.29
60.543	-30.407	1.30
61.473	-29.417	1.31
62.701	-28.541	1.32
SHOTS
61.473	-29.417	62.701	-28.541
62.701	-28.541	59.418	11.551
62.701	-28.541	58.918	12.302
62.701	-28.541	61.427	-28.196
62.701	-28.541	60.848	-27.432
62.701	-28.541	61.526	-29.121
62.701	-28.541	61.603	-31.159
62.701	-28.541	62.949	-33.456
62.701	-28.541	64.906	-33.631
62.701	-28.541	66.486	-33.196
62.701	-28.541	64.181	-30.055
62.701	-28.541	63.751	-29.428
62.701	-28.541	63.367	-26.919
62.701	-28.541	61.658	-20.454
60.543	-30.407	61.473	-29.417
58.543	-30.246	60.543	-30.407
54.994	-29.713	58.543	-30.246
58.543	-30.246	58.678	-30.212
58.543	-30.246	59.751	-30.248
58.543	-30.246	58.348	-30.892
54.026	-29.870	54.994	-29.713
54.994	-29.713	55.271	-31.329
51.624	-28.979	54.026	-29.870
54.026	-29.870	54.324	-29.867
54.026	-29.870	55.114	-30.128
54.026	-29.870	54.315	-29.614
48.991	-28.127	51.624	-28.979
51.624	-28.979	51.427	-29.204
51.624	-28.979	51.724	-29.396
51.624	-28.979	51.605	-28.613
47.097	-24.055	48.991	-28.127
48.991	-28.127	49.963	-27.859
48.991	-28.127	49.649	-27.949
48.991	-28.127	48.898	-27.734
48.991	-28.127	47.898	-28.120
48.991	-28.127	47.975	-25.806
48.991	-28.127	47.861	-24.122
48.991	-28.127	47.184	-24.050
48.991	-28.127	45.994	-22.856
48.991	-28.127	48.968	-25.830
48.991	-28.127	47.567	-27.133
46.536	-23.098	47.097	-24.055
44.430	-22.830	46.536	-23.098
44.001	-23.069	44.430	-22.830
41.955	-21.956	44.001	-23.069
44.001	-23.069	44.016	-22.784
44.001	-23.069	44.024	-22.966
44.001	-23.069	43.689	-22.830
44.001	-23.069	44.069	-22.877
40.311	-22.270	41.955	-21.956
41.955	-21.956	41.947	-22.396
41.955	-21.956	41.381	-21.763
41.955	-21.956	42.309	-21.726
41.955	-21.956	44.258	-18.480
36.782	-20.127	40.311	-22.270
40.311	-22.270	40.453	-21.582
40.311	-22.270	40.648	-21.957
40.311	-22.270	40.657	-21.710
35.163	-20.966	36.782	-20.127
36.782	-20.127	36.793	-20.762
36.782	-20.127	36.904	-20.635
36.782	-20.127	36.941	-20.357
36.782	-20.127	36.900	-20.260
36.782	-20.127	40.267	-22.274
33.491	-19.910	35.163	-20.966
35.163	-20.966	35.218	-20.518
35.163	-20.966	34.936	-20.540
35.163	-20.966	34.865	-20.741
35.163	-20.966	36.675	-20.164
32.424	-20.294	33.491	-19.910
33.491	-19.910	33.546	-20.553
33.491	-19.910	33.694	-20.280
33.491	-19.910	34.335	-21.120
33.491	-19.910	34.278	-20.383
31.091	-20.406	32.424	-20.294
48.879	-29.339	50.257	-28.731
50.257	-28.731	50.485	-27.968
50.257	-28.731	51.775	-27.528
50.257	-28.731	51.797	-26.426
50.257	-28.731	50.684	-27.185
50.257	-28.731	50.380	-27.505
50.257	-28.731	51.180	-28.003
44.587	-31.335	48.879	-29.339
48.879	-29.339	49.667	-29.412
48.879	-29.339	49.385	-28.992
48.879	-29.339	48.846	-29.903
40.816	-32.028	44.587	-31.335
44.587	-31.335	44.278	-30.501
44.587	-31.335	44.910	-31.248
44.587	-31.335	44.664	-31.558
44.587	-31.335	48.451	-29.532
37.374	-32.051	40.816	-32.028
37.374	-32.051	42.446	-33.862
42.446	-33.862	43.577	-34.726
42.446	-33.862	44.161	-34.377
42.446	-33.862	43.236	-34.357
42.446	-33.862	41.231	-32.866
42.446	-33.862	42.480	-32.725
42.446	-33.862	42.326	-33.193
33.784	-26.385	37.374	-32.051
37.374	-32.051	33.228	-32.181
37.374	-32.051	33.567	-32.362
37.374	-32.051	33.465	-33.517
37.374	-32.051	32.956	-33.830
37.374	-32.051	34.910	-32.906
37.374	-32.051	40.827	-33.040
37.374	-32.051	41.899	-33.502
37.374	-32.051	36.741	-29.136
32.319	-21.453	33.784	-26.385
33.784	-26.385	33.165	-26.509
33.784	-26.385	34.511	-26.297
33.784	-26.385	35.307	-24.257
33.784	-26.385	33.868	-24.574
33.784	-26.385	33.218	-23.415
33.784	-26.385	33.682	-24.156
33.784	-26.385	31.979	-22.811
33.784	-26.385	31.610	-22.066
33.784	-26.385	36.033	-26.821
33.784	-26.385	36.171	-25.892
31.091	-20.406	32.319	-21.453
32.319	-21.453	31.634	-21.486
32.319	-21.453	32.993	-21.495
32.319	-21.453	31.972	-21.748
32.319	-21.453	31.989	-24.803
32.319	-21.453	31.004	-24.618
24.904	-19.245	31.091	-20.406
31.091	-20.406	30.651	-20.272
31.091	-20.406	29.695	-19.777
31.091	-20.406	29.595	-20.123
31.091	-20.406	31.119	-20.980
31.091	-20.406	31.666	-20.614
19.368	-16.472	24.904	-19.245
24.904	-19.245	20.043	-18.814
24.904	-19.245	29.089	-18.680
24.904	-19.245	27.165	-19.043
24.904	-19.245	26.042	-21.712
24.904	-19.245	27.065	-20.538
24.904	-19.245	27.686	-11.159
24.904	-19.245	21.439	-12.322
24.904	-19.245	28.406	-13.162
24.904	-19.245	27.992	-13.735
24.904	-19.245	25.813	6.974
14.654	-10.034	19.368	-16.472
19.368	-16.472	18.103	-16.324
19.368	-16.472	16.816	-16.030
19.368	-16.472	18.620	-16.511
19.368	-16.472	14.499	-9.700
19.368	-16.472	15.470	-9.073
19.368	-16.472	16.552	-9.412
19.368	-16.472	15.430	-9.507
11.673	-8.601	14.654	-10.034
4.996	-0.361	11.673	-8.601
11.673	-8.601	15.311	-10.461
11.673	-8.601	14.436	-9.131
11.673	-8.601	11.191	-10.373
11.673	-8.601	12.390	-6.315
11.673	-8.601	11.230	-7.772
11.673	-8.601	3.915	-6.713
11.673	-8.601	6.125	-7.250
11.673	-8.601	6.274	-7.503
11.673	-8.601	11.300	-8.227
11.673	-8.601	6.790	-2.192
11.673	-8.601	6.911	-4.975
11.673	-8.601	8.049	-10.374
0.000	0.000	4.996	-0.361
4.996	-0.361	4.898	-0.870
4.996	-0.361	5.088	-2.068
4.996	-0.361	3.364	-1.451
4.996	-0.361	5.013	-0.439
4.996	-0.361	8.755	-1.440
4.996	-0.361	8.529	-1.401
4.996	-0.361	6.035	-1.027
0.000	0.000	0.183	0.043
0.000	0.000	-0.060	0.648
0.000	0.000	0.141	0.384
0.000	0.000	0.295	-0.368
0.000	0.000	0.661	-1.002
0.000	0.000	0.243	-1.393
POLYLINE GREEN
41.000	-34.600
40.800	-34.400
40.350	-34.400
40.050	-34.300
39.750	-34.250
39.650	-34.200
39.500	-34.500
39.500	-34.600
39.250	-34.300
39.100	-34.300
38.500	-34.150
38.000	-34.050
37.750	-34.350
37.700	-34.450
37.050	-34.050
36.500	-33.850
36.350	-33.850
36.300	-34.000
36.050	-34.100
35.800	-34.250
35.500	-34.200
35.100	-33.850
34.750	-33.850
34.650	-33.750
33.900	-33.700
33.750	-33.750
33.550	-34.000
33.550	-34.150
33.600	-34.250
POLYLINE GREEN
43.700	-34.800
43.950	-34.850
44.800	-35.350
45.000	-35.400
45.550	-35.600
POLYLINE GREEN
45.300	-34.350
45.650	-34.800
46.050	-35.600
46.100	-35.800
POLYLINE GREEN
44.400	-34.050
45.000	-34.700
45.400	-35.200
POLYLINE GREEN
43.550	-34.700
44.250	-34.700
POLYLINE GREEN
42.950	-32.800
43.350	-33.350
43.750	-33.600
43.950	-33.650
44.200	-33.800
44.550	-33.950
POLYLINE GREEN
34.200	-34.200
34.300	-34.300
34.500	-34.300
34.950	-34.400
35.350	-34.400
35.650	-34.300
35.900	-34.300
36.150	-34.250
36.350	-34.200
36.450	-34.150
37.350	-34.400
37.750	-34.400
38.850	-34.750
39.050	-34.750
39.250	-34.850
40.000	-34.950
40.250	-35.000
40.800	-34.800
42.050	-34.750
42.500	-34.650
42.750	-34.550
42.900	-34.550
43.750	-34.900
44.300	-35.150
POLYLINE GREEN
33.600	-34.200
33.700	-34.250
POLYLINE GREEN
36.700	-27.300
37.150	-27.850
37.500	-29.100
37.650	-29.750
37.800	-30.100
38.050	-30.700
38.500	-31.250
39.150	-31.500
39.300	-31.500
40.200	-31.800
40.400	-31.800
40.750	-31.950
40.950	-32.100
41.100	-32.050
41.400	-32.250
41.600	-32.200
42.050	-32.400
42.150	-32.400
42.600	-32.750
43.000	-32.850
43.200	-33.100
43.300	-33.100
POLYLINE GREEN
33.400	-30.500
33.450	-30.750
33.450	-31.200
33.550	-31.700
33.550	-31.950
33.600	-32.050
33.450	-32.500
33.350	-32.600
33.150	-33.500
33.150	-33.850
33.350	-33.900
33.700	-33.900
POLYLINE GREEN
28.200	-20.500
28.400	-20.650
29.050	-20.900
29.300	-21.100
29.450	-21.100
29.650	-21.150
30.150	-21.500
30.900	-22.300
31.050	-22.800
31.150	-23.400
31.400	-23.800
31.500	-24.250
31.700	-24.600
31.750	-24.800
32.050	-25.500
32.350	-26.000
32.700	-26.650
32.900	-27.100
32.900	-28.350
33.100	-29.300
33.150	-29.650
33.150	-30.200
33.200	-30.550
33.500	-30.650
33.600	-30.650
33.700	-30.750
33.800	-30.750
POLYLINE GREEN
29.400	-18.400
29.800	-18.350
30.150	-18.450
30.250	-18.550
30.350	-18.500
30.600	-18.550
30.950	-18.550
31.300	-18.650
31.400	-18.650
31.800	-19.050
32.100	-19.550
32.150	-19.750
32.600	-20.500
32.850	-20.800
33.000	-21.150
33.100	-21.250
33.100	-21.400
33.700	-22.100
34.050	-22.350
34.550	-23.550
34.600	-23.750
34.700	-24.050
35.200	-24.650
35.550	-25.150
36.050	-25.900
36.200	-26.450
POLYLINE GREEN
29.600	-20.500
29.850	-20.500
30.100	-20.600
30.250	-20.800
30.550	-20.800
30.800	-20.950
30.900	-21.050
POLYLINE BLACK
16.150	-4.100
POLYLINE BLACK
16.100	-4.050
POLYLINE BLACK
0.800	-22.600
POLYLINE RED
4.700	-23.500
POLYLINE RED
42.200	4.550
42.500	4.700
43.550	3.050
43.850	3.650
43.850	4.100
44.300	5.000
44.600	4.550
44.750	3.800
45.650	2.600
45.800	2.900
45.500	4.100
46.250	5.750
46.400	6.050
46.850	5.600
47.600	4.700
48.050	3.200
POLYLINE RED
36.500	7.850
37.700	8.000
38.150	8.000
39.800	7.550
POLYLINE RED
35.750	7.400
35.900	6.650
35.450	5.000
35.450	4.550
35.150	3.200
35.150	2.900
36.050	2.150
37.700	3.050
38.600	5.000
37.850	5.000
35.750	4.250
35.450	4.400
34.700	3.350
POLYLINE RED
31.400	6.650
31.550	5.900
31.550	5.300
31.100	4.400
31.100	4.100
POLYLINE RED
30.800	6.050
31.250	6.350
31.250	6.950
30.650	7.100
30.050	6.950
29.450	6.650
28.400	4.700
POLYLINE RED
30.800	4.250
30.500	2.900
30.050	2.150
29.600	1.700
31.100	1.250
31.850	1.250
33.200	2.000
33.800	1.850
POLYLINE BLACK
24.600	-9.700
24.600	-9.800
24.300	-9.600
23.950	-9.550
23.500	-9.550
23.350	-9.350
23.150	-9.400
23.150	-9.300
23.350	-9.350
POLYLINE BLACK
24.350	-9.100
24.400	-9.000
24.300	-8.800
24.400	-9.350
24.450	-10.000
24.500	-10.200
24.400	-9.950
24.350	-9.650
24.250	-9.300
24.250	-9.100
24.100	-8.750
24.000	-8.650
23.750	-8.900
23.500	-9.350
23.400	-9.400
POLYLINE BLACK
24.000	-7.950
23.850	-7.750
23.750	-8.050
23.750	-8.200
23.900	-8.200
24.000	-8.100
23.950	-7.900
23.950	-7.900
24.050	-7.850
POLYLINE BLACK
24.000	-7.350
24.100	-7.400
24.200	-6.950
24.400	-6.650
24.650	-5.950
24.600	-5.750
POLYLINE BLACK
23.350	-6.200
23.500	-5.850
23.800	-5.650
24.050	-5.700
24.350	-5.600
24.450	-5.600
24.550	-5.950
POLYLINE BLACK
23.700	-11.100
23.600	-11.150
23.550	-10.950
23.600	-10.750
23.750	-10.150
23.750	-10.000
23.800	-9.800
23.800	-9.600
23.850	-9.300
23.950	-8.850
24.000	-8.750
POLYLINE BLACK
21.650	-11.950
21.950	-11.450
22.150	-10.850
22.150	-10.700
22.500	-10.300
22.700	-9.950
POLYLINE BLACK
20.100	-13.950
20.250	-14.300
20.350	-14.600
20.550	-14.750
20.750	-14.750
20.950	-14.850
21.450	-14.550
21.550	-14.450
21.600	-14.200
21.700	-13.850
21.550	-13.550
21.550	-13.300
21.600	-13.100
21.600	-12.750
21.500	-12.400
21.350	-12.050
POLYLINE BLACK
25.950	-21.250
26.050	-21.450
26.150	-21.450
26.350	-21.150
26.500	-20.800
26.500	-20.650
26.600	-20.300
26.600	-20.050
26.450	-19.500
26.400	-19.050
26.300	-18.750
26.300	-18.600
25.950	-17.900
25.800	-17.350
25.400	-16.500
25.250	-15.900
25.300	-15.350
25.300	-15.100
25.050	-14.200
24.900	-13.200
24.900	-12.950
24.700	-12.250
24.600	-10.950
POLYLINE BLACK
19.700	-17.350
19.600	-17.350
19.650	-17.700
19.900	-18.200
20.950	-19.400
21.550	-19.700
22.100	-20.150
22.300	-20.200
22.600	-20.350
22.800	-20.400
23.100	-20.650
23.300	-20.700
24.050	-20.950
24.100	-21.050
24.250	-21.050
24.750	-21.350
24.950	-21.400
25.150	-21.400
25.450	-21.500
25.600	-21.450
25.800	-21.500
POLYLINE BLACK
16.700	-16.100
16.950	-16.550
17.300	-17.100
17.550	-17.250
17.650	-17.250
17.850	-17.400
18.400	-17.400
18.500	-17.450
18.700	-17.400
19.150	-17.450
19.350	-17.400
19.550	-17.250
19.700	-17.250
19.900	-17.150
20.100	-17.350
20.200	-17.800
20.400	-18.150
POLYLINE BLACK
16.700	-16.200
16.700	-16.350
POLYLINE BROWN
12.700	-9.800
13.250	-10.300
13.450	-10.300
13.400	-10.150
12.650	-9.800
12.600	-10.050
12.600	-10.250
12.650	-10.350
POLYLINE BROWN
12.700	-9.700
13.000	-10.400
13.100	-10.500
13.100	-10.350
13.050	-10.250
POLYLINE BROWN
13.800	-10.300
13.950	-10.900
14.150	-10.300
13.900	-10.050
13.700	-10.050
13.500	-10.350
13.550	-10.600
13.800	-10.750
14.050	-10.750
14.150	-10.650
14.100	-10.450
13.950	-10.250
13.650	-10.100
13.450	-10.100
13.150	-10.200
POLYLINE BROWN
18.550	-16.950
18.550	-16.850
18.850	-16.850
18.950	-16.600
18.800	-16.000
18.650	-16.000
18.350	-16.300
18.300	-16.500
18.300	-16.600
POLYLINE BROWN
17.550	-16.150
17.250	-16.450
17.150	-16.650
17.350	-16.700
17.500	-16.500
17.550	-16.250
17.300	-16.250
16.850	-16.450
17.000	-16.600
17.150	-16.700
17.250	-16.700
17.400	-16.500
17.400	-16.250
17.100	-15.800
16.850	-15.750
16.850	-15.850
16.750	-16.100
16.700	-16.550
POLYLINE BROWN
17.950	-16.450
18.300	-16.850
18.400	-16.750
18.450	-16.550
18.400	-16.450
18.450	-16.350
18.100	-16.200
17.800	-16.400
18.150	-16.750
18.350	-16.850
18.450	-16.400
18.250	-16.200
18.000	-16.200
17.700	-16.400
17.600	-16.500
POLYLINE BROWN
18.300	-16.650
18.300	-16.450
18.200	-16.350
POLYLINE BLACK
17.350	-8.550
17.900	-9.100
18.150	-9.200
18.450	-9.800
18.750	-10.250
19.050	-10.900
19.100	-11.250
19.100	-11.500
19.300	-11.800
19.350	-12.050
19.550	-12.750
19.550	-12.950
19.600	-13.150
19.650	-13.600
19.700	-14.000
19.750	-14.400
19.750	-14.650
POLYLINE BLACK
11.950	-5.900
12.300	-6.150
12.500	-6.200
13.200	-6.650
13.450	-6.650
14.050	-6.900
14.350	-7.150
15.000	-7.800
15.050	-8.000
15.400	-8.400
15.500	-8.400
15.600	-8.500
15.800	-8.550
16.000	-8.600
16.200	-8.650
POLYLINE BLACK
11.650	-10.350
11.850	-10.350
12.300	-10.500
12.400	-10.450
12.500	-10.500
12.700	-10.450
13.000	-10.400
13.200	-10.450
13.450	-10.400
13.550	-10.450
13.750	-10.400
13.950	-10.450
14.150	-10.400
14.350	-10.450
14.450	-10.400
14.750	-10.550
14.950	-11.300
15.000	-11.500
15.350	-12.400
15.450	-12.500
15.550	-12.950
15.700	-13.150
15.700	-13.250
16.050	-14.050
16.150	-14.500
16.250	-15.000
16.350	-15.200
16.350	-15.350
16.500	-15.850
16.500	-16.000
16.550	-16.200
16.550	-16.300
POLYLINE BROWN
0.750	4.450
POLYLINE BROWN
1.500	-11.500
POLYLINE BROWN
1.450	-11.500
POLYLINE BROWN
8.250	-9.300
8.250	-9.300
7.650	-8.600
7.550	-8.600
7.050	-9.350
POLYLINE BROWN
9.050	-9.450
8.750	-8.950
8.650	-8.850
7.600	-9.250
7.600	-9.500
POLYLINE BROWN
10.350	-9.650
10.250	-8.950
10.150	-8.900
9.700	-8.900
9.400	-9.100
8.750	-9.650
8.300	-9.650
8.200	-9.600
POLYLINE BLACK
8.200	-0.600
8.300	-0.600
8.700	-1.050
8.900	-1.100
9.100	-1.300
9.300	-1.650
9.300	-1.800
9.600	-2.200
9.700	-2.700
9.800	-3.250
9.850	-3.500
10.000	-3.900
10.000	-4.050
10.250	-4.800
10.250	-4.900
10.650	-5.400
11.050	-5.600
11.600	-5.700
POLYLINE BLACK
7.350	-9.900
7.600	-9.850
8.700	-9.950
8.900	-10.000
9.050	-10.000
9.300	-9.950
9.800	-10.000
10.350	-10.150
10.500	-10.150
10.950	-10.350
11.050	-10.350
POLYLINE BLACK
5.300	-4.050
5.700	-5.300
5.800	-5.800
5.900	-6.100
5.950	-6.400
6.400	-7.250
6.700	-7.700
6.750	-7.900
6.950	-8.550
6.950	-8.750
7.000	-8.950
7.050	-9.550
7.100	-9.900
7.100	-10.100
7.150	-10.300
POLYLINE BLACK
5.050	-7.150
5.150	-7.350
5.100	-7.600
POLYLINE BLACK
4.800	-2.400
4.900	-2.550
4.900	-2.850
4.950	-2.950
5.050	-4.100
5.050	-4.700
5.100	-4.900
5.150	-5.550
5.200	-5.750
5.150	-5.950
5.200	-6.400
5.200	-7.350
POLYLINE BLACK
-6.600	12.600
POLYLINE BLACK
-6.550	12.250
POLYLINE BLACK
2.350	-1.300
1.800	-0.750
1.600	-0.750
1.150	-1.000
0.900	-1.000
0.800	-0.950
0.700	-1.100
0.650	-1.450
POLYLINE BLACK
3.650	-1.050
3.700	-1.150
3.150	-1.100
2.800	-1.000
2.600	-1.000
2.450	-1.100
2.250	-1.100
2.000	-1.600
POLYLINE BLACK
0.000	-1.250
0.300	-1.350
1.000	-1.350
1.100	-1.400
1.300	-1.350
1.550	-1.350
2.000	-1.400
2.900	-1.600
3.150	-1.600
3.350	-1.650
3.750	-1.600
3.850	-1.650
3.950	-1.600
4.600	-1.850
5.050	-2.350
5.100	-2.550
5.100	-2.750
5.050	-2.850
POLYLINE BLACK
5.050	0.500
5.250	0.150
5.300	-0.050
5.350	-0.250
5.450	-0.200
5.800	-0.350
6.000	-0.300
6.300	-0.450
6.400	-0.400
6.900	-0.550
7.500	-0.700
7.600	-0.750
POLYLINE BLACK
3.600	1.450
3.700	1.350
3.900	1.300
4.100	1.250
4.200	1.250
3.900	1.650
3.850	1.800
4.400	1.000
4.850	0.550
POLYLINE BLACK
-0.500	0.700
-0.300	0.650
0.000	0.550
0.750	0.400
1.050	0.400
1.150	0.450
1.500	0.400
2.100	0.850
2.150	1.050
2.450	1.250
3.050	1.400
3.250	1.450
3.350	1.400
