TRIP
DATE 2023-07-27
DECLINATION 0.0
DATA
13		172.89	43.52	3.095	>
13		173.00	43.47	3.095	>
13		173.17	43.29	3.102	>
13	13.101	173.02	43.43	3.097	>
13.101		344.35	-75.54	1.071	>
13.101		240.63	75.27	1.168	>
13.101		283.98	4.71	0.354	>
13.101		236.91	37.46	0.735	>
13.101		215.32	39.87	1.068	>
13.101		194.55	33.11	0.995	>
13.101		183.53	36.46	0.529	>
13.101		163.24	38.24	0.232	>
13.101		19.02	-5.10	0.929	>
13.101		12.40	-1.51	0.494	>
13.101		12.35	-1.05	0.899	>
13.101		201.67	46.14	3.854	>
13.101		201.69	46.10	3.852	>
13.101		201.88	46.09	3.896	>
13.101	13.102	201.75	46.11	3.867	>
13.102		23.38	-43.89	1.672	>
13.102		5.97	-44.18	2.078	>
13.102		66.05	-44.56	1.671	>
13.102		86.12	-47.43	1.188	>
13.102		147.73	-21.79	1.062	>
13.102		240.21	-3.98	0.773	>
13.102		279.17	-16.44	1.467	>
13.102		291.37	-14.94	2.624	>
13.102		290.83	-15.75	2.538	>
13.102		329.45	-35.04	1.568	>
13.102		106.54	-11.39	1.824	>
13.102		106.42	-11.23	1.854	>
13.102		106.30	-11.42	1.868	>
13.102		106.45	-11.51	1.814	>
13.102		106.30	-11.64	1.849	>
13.102		106.57	-11.66	1.814	>
13.102		106.36	-12.10	1.831	>
13.102		106.32	-12.14	1.838	>
13.102.1	13.102	106.42	-11.97	1.828	>
13.102.1		33.85	-43.96	6.360	>
13.102.1		33.98	-43.67	6.362	>
13.102.1		33.98	-43.72	6.370	>
13.102.1		289.97	-14.48	2.535	>
13.102.1		307.05	-18.98	3.448	>
13.102.1		326.45	-25.13	3.340	>
13.102.1		342.88	-30.26	3.477	>
13.102.1		354.29	-48.90	2.914	>
13.102.1		29.98	-36.15	3.298	>
13.102.1		18.80	-38.07	2.989	>
13.102.1		0.48	-46.19	2.922	>
13.102.1		336.98	-58.63	3.157	>
13.102.1		336.93	-66.20	2.511	>
13.102.1		7.16	-68.09	2.247	>
13.102.1		21.81	-60.39	2.346	>
13.102.1		31.58	-49.91	2.476	>
13.102.1		328.26	72.05	3.490	>
13.102.1		310.76	-79.97	2.077	>
13.102.1		95.42	-63.45	6.760	>
13.102.1		95.71	-63.45	6.804	>
13.102.1		95.85	-63.42	6.867	>
13.102.1		95.87	-63.37	6.804	>
13.102.1	13.666	33.93	-43.78	6.364	>
13.102	13.103	95.81	-63.41	6.825	>
13.103		54.88	-49.66	9.633	>
13.103		55.17	-49.89	11.072	>
13.103		55.22	-50.02	11.071	>
13.103		55.08	-49.93	3.056	>
13.103		55.13	-49.88	11.062	>
13.103		55.11	-49.94	10.978	>
13.103		331.53	-0.28	0.634	>
13.103		253.28	4.67	2.296	>
13.103		201.04	12.42	1.977	>
13.103		171.35	26.27	0.459	>
13.103	13.104	54.97	-49.95	11.000	>

PLAN
STATIONS
0.000	0.000	13
0.273	-2.232	13.101
-0.720	-4.722	13.102
-2.435	-4.217	13.102.1
0.129	-0.405	13.666
2.319	-5.032	13.103
8.115	-0.969	13.104
SHOTS
0.000	0.000	0.273	-2.232
0.273	-2.232	0.201	-1.975
0.273	-2.232	0.014	-2.378
0.273	-2.232	-0.069	-2.147
0.273	-2.232	-0.215	-2.551
0.273	-2.232	-0.200	-2.901
0.273	-2.232	0.064	-3.039
0.273	-2.232	0.247	-2.657
0.273	-2.232	0.326	-2.407
0.273	-2.232	0.575	-1.358
0.273	-2.232	0.379	-1.750
0.273	-2.232	0.466	-1.354
0.273	-2.232	-0.720	-4.722
-0.720	-4.722	-0.242	-3.616
-0.720	-4.722	-0.565	-3.240
-0.720	-4.722	0.368	-4.239
-0.720	-4.722	0.082	-4.668
-0.720	-4.722	-0.194	-5.556
-0.720	-4.722	-1.389	-5.106
-0.720	-4.722	-2.109	-4.498
-0.720	-4.722	-3.081	-3.798
-0.720	-4.722	-3.003	-3.854
-0.720	-4.722	-1.373	-3.617
-0.720	-4.722	0.994	-5.231
-0.720	-4.722	1.024	-5.237
-0.720	-4.722	1.037	-5.236
-0.720	-4.722	0.985	-5.226
-0.720	-4.722	1.018	-5.231
-0.720	-4.722	-2.435	-4.217
-2.435	-4.217	-4.742	-3.379
-2.435	-4.217	-5.038	-2.253
-2.435	-4.217	-4.107	-1.697
-2.435	-4.217	-3.320	-1.347
-2.435	-4.217	-2.626	-2.311
-2.435	-4.217	-1.105	-1.910
-2.435	-4.217	-1.677	-1.989
-2.435	-4.217	-2.418	-2.194
-2.435	-4.217	-3.078	-2.704
-2.435	-4.217	-2.832	-3.285
-2.435	-4.217	-2.331	-3.385
-2.435	-4.217	-2.005	-3.141
-2.435	-4.217	-1.600	-2.859
-2.435	-4.217	-3.001	-3.302
-2.435	-4.217	-2.709	-3.981
-2.435	-4.217	0.572	-4.502
-2.435	-4.217	0.129	-0.405
-0.720	-4.722	2.319	-5.032
2.319	-5.032	7.419	-1.444
2.319	-5.032	8.175	-0.958
2.319	-5.032	8.162	-0.974
2.319	-5.032	3.932	-3.906
2.319	-5.032	8.167	-0.957
2.319	-5.032	8.114	-0.990
2.319	-5.032	2.017	-4.474
2.319	-5.032	0.127	-5.690
2.319	-5.032	1.626	-6.834
2.319	-5.032	2.381	-5.439
2.319	-5.032	8.115	-0.969
POLYLINE BLACK
0.036	-0.027
0.034	-0.052
0.029	-0.079
0.046	-0.101
0.059	-0.117
0.071	-0.127
0.075	-0.148
0.225	-0.883
0.055	-0.067
0.151	-0.489
0.188	-0.654
0.152	-0.577
0.210	-0.677
POLYLINE BLACK
0.233	-0.688
0.251	-0.873
0.233	-0.746
0.283	-0.959
0.285	-0.968
0.286	-0.977
0.287	-0.987
0.293	-1.009
0.299	-1.032
0.305	-1.055
POLYLINE BLACK
0.316	-1.084
0.317	-1.125
0.319	-1.166
0.320	-1.207
0.322	-1.215
0.322	-1.223
0.324	-1.230
0.331	-1.249
0.341	-1.267
0.349	-1.285
POLYLINE BLACK
0.349	-1.277
0.347	-1.327
0.338	-1.366
0.350	-1.412
0.352	-1.419
0.352	-1.428
0.358	-1.432
0.367	-1.438
0.379	-1.436
0.389	-1.437
POLYLINE BLACK
0.426	-1.365
0.403	-1.534
0.404	-1.496
0.420	-1.762
0.422	-1.802
0.439	-1.840
0.440	-1.880
0.442	-1.937
0.436	-1.993
0.430	-2.049
0.405	-2.312
0.401	-2.179
0.405	-2.278
POLYLINE BLACK
0.509	-2.497
0.499	-2.484
0.488	-2.472
0.479	-2.458
0.474	-2.451
0.469	-2.443
0.467	-2.435
0.448	-2.356
0.426	-2.277
0.415	-2.196
0.395	-2.037
0.390	-2.062
0.439	-1.977
POLYLINE BLACK
0.385	-2.264
0.389	-2.278
0.432	-2.337
0.426	-2.366
0.417	-2.415
0.405	-2.464
0.393	-2.512
0.363	-2.627
0.394	-2.458
0.371	-2.599
POLYLINE BLACK
0.389	-2.395
0.246	-2.861
0.387	-2.430
0.268	-2.742
0.260	-2.763
0.255	-2.785
0.249	-2.807
POLYLINE BLACK
0.297	-2.713
0.236	-2.798
0.212	-2.814
0.182	-2.897
0.166	-2.939
0.156	-2.983
0.140	-3.025
0.089	-3.156
0.098	-3.076
0.095	-3.163
POLYLINE BLACK
-0.068	-2.231
0.010	-1.949
-0.035	-2.058
0.041	-1.895
POLYLINE BLACK
0.086	-1.560
0.086	-1.584
0.085	-1.609
0.084	-1.633
0.087	-1.656
0.092	-1.678
0.092	-1.701
0.091	-1.741
0.088	-1.781
0.083	-1.821
0.079	-1.856
0.062	-1.897
0.050	-1.929
POLYLINE BLACK
-0.162	-2.423
-0.169	-2.454
-0.178	-2.485
-0.183	-2.517
-0.193	-2.583
-0.196	-2.650
-0.206	-2.716
-0.207	-2.721
-0.211	-2.707
-0.211	-2.702
-0.204	-2.634
-0.198	-2.567
-0.184	-2.500
-0.150	-2.337
-0.111	-2.313
-0.031	-2.152
-0.011	-2.112
-0.010	-2.069
-0.003	-2.026
POLYLINE BLACK
-0.150	-2.503
-0.195	-2.581
-0.213	-2.677
-0.208	-2.767
-0.205	-2.813
-0.196	-2.859
-0.191	-2.905
-0.190	-2.916
-0.195	-2.936
-0.198	-2.945
-0.201	-2.953
-0.211	-2.975
-0.210	-2.967
-0.207	-2.951
-0.198	-2.936
-0.194	-2.921
-0.187	-2.891
-0.183	-2.860
-0.177	-2.830
POLYLINE BLACK
-0.005	-1.597
-0.006	-1.591
POLYLINE BLACK
0.037	-1.574
0.062	-1.548
POLYLINE BLACK
0.090	-1.516
0.090	-1.514
POLYLINE BLACK
0.071	-1.562
0.068	-1.579
POLYLINE BLACK
0.084	-1.611
0.086	-1.611
POLYLINE BLACK
0.144	-1.526
0.096	-1.479
0.096	-1.454
0.074	-1.383
0.071	-1.375
0.072	-1.366
0.067	-1.360
0.064	-1.357
0.062	-1.365
0.061	-1.369
0.059	-1.425
0.061	-1.480
0.058	-1.536
0.057	-1.554
0.047	-1.583
0.038	-1.598
-0.164	-1.919
0.121	-1.405
-0.162	-1.992
-0.205	-2.082
-0.246	-2.097
-0.310	-2.168
-0.333	-2.193
-0.353	-2.220
-0.374	-2.247
-0.446	-2.323
-0.518	-2.400
-0.590	-2.477
POLYLINE BLACK
-0.806	-2.322
-0.834	-2.287
-0.843	-2.260
-0.847	-2.216
-0.849	-2.201
-0.848	-2.184
-0.845	-2.168
-0.841	-2.153
-0.830	-2.139
-0.821	-2.126
POLYLINE BLACK
-0.723	-2.220
-0.734	-2.227
-0.746	-2.233
-0.757	-2.240
-0.764	-2.245
-0.772	-2.250
-0.777	-2.257
-0.827	-2.328
-0.872	-2.402
-0.922	-2.473
-0.935	-2.491
-0.951	-2.506
-0.966	-2.523
POLYLINE BLACK
-0.964	-2.223
-1.019	-2.382
-1.005	-2.324
-1.042	-2.537
-1.044	-2.547
-1.028	-2.550
-1.022	-2.549
-1.007	-2.546
-0.991	-2.543
-0.977	-2.537
-0.956	-2.529
-0.935	-2.519
-0.916	-2.506
-0.865	-2.470
-0.818	-2.430
-0.769	-2.391
POLYLINE BLACK
-0.986	-2.415
-1.024	-2.437
-1.047	-2.446
-1.075	-2.474
-1.098	-2.497
-1.119	-2.523
-1.143	-2.544
-1.168	-2.566
-1.194	-2.586
-1.222	-2.603
-1.260	-2.626
-1.302	-2.643
-1.342	-2.663
POLYLINE BLACK
-1.408	-2.607
-1.377	-2.623
-1.354	-2.636
-1.350	-2.672
-1.345	-2.715
-1.353	-2.761
-1.336	-2.801
-1.330	-2.813
-1.309	-2.797
-1.295	-2.795
POLYLINE BLACK
-1.456	-2.266
-1.411	-2.273
POLYLINE BLACK
-1.197	-2.668
-1.196	-2.652
-1.198	-2.635
-1.194	-2.618
-1.193	-2.613
-1.191	-2.629
-1.189	-2.634
-1.183	-2.663
-1.179	-2.692
-1.172	-2.721
-1.164	-2.752
-1.142	-2.772
-1.120	-2.793
POLYLINE BLACK
-0.993	-2.690
-1.009	-2.672
-1.025	-2.654
-1.041	-2.637
-1.067	-2.610
-1.079	-2.631
-1.087	-2.660
-1.093	-2.682
-1.100	-2.703
-1.103	-2.725
-1.107	-2.753
-1.106	-2.808
-1.095	-2.832
-1.080	-2.867
-1.017	-2.848
-1.015	-2.813
-1.011	-2.743
-1.005	-2.674
-1.006	-2.604
-1.007	-2.553
-1.014	-2.503
-1.020	-2.452
-1.022	-2.440
-1.023	-2.426
-1.031	-2.416
-1.033	-2.412
-1.037	-2.423
-1.038	-2.428
-1.041	-2.442
-1.044	-2.457
-1.043	-2.472
-1.042	-2.511
-1.040	-2.550
-1.033	-2.588
-1.020	-2.651
-1.003	-2.713
-0.984	-2.773
-0.972	-2.810
-0.949	-2.868
-0.915	-2.896
-0.914	-2.897
-0.897	-2.911
-0.889	-2.912
-0.876	-2.914
-0.863	-2.914
-0.849	-2.915
POLYLINE BLACK
-0.903	-2.859
-0.911	-2.859
POLYLINE BLACK
-0.154	0.133
-0.175	0.101
-0.196	0.070
-0.218	0.039
-0.220	0.036
-0.229	0.025
-0.236	0.028
-0.242	0.030
-0.244	0.043
-0.245	0.048
-0.250	0.086
-0.255	0.124
-0.261	0.162
POLYLINE BLACK
-0.268	0.199
-0.297	0.288
POLYLINE BLACK
-0.449	0.530
-0.489	0.517
-0.514	0.514
-0.546	0.493
-0.601	0.457
-0.633	0.370
-0.658	0.320
-0.669	0.297
-0.672	0.264
-0.661	0.240
-0.641	0.200
-0.607	0.155
-0.568	0.132
-0.525	0.107
-0.408	0.029
-0.327	0.011
-0.265	-0.003
-0.202	-0.016
-0.139	-0.026
-0.129	-0.028
-0.118	-0.028
-0.107	-0.027
-0.096	-0.026
-0.085	-0.025
-0.074	-0.021
0.008	0.006
0.028	0.011
0.089	0.056
0.152	0.101
0.186	0.223
0.203	0.269
0.237	0.359
0.237	0.419
0.220	0.512
0.215	0.542
0.204	0.570
0.189	0.597
0.160	0.645
0.063	0.686
0.034	0.700
-0.003	0.718
-0.048	0.731
-0.089	0.734
-0.180	0.740
-0.225	0.737
-0.306	0.699
-0.317	0.694
-0.327	0.687
-0.337	0.680
-0.376	0.651
-0.412	0.619
-0.451	0.591
-0.467	0.580
-0.485	0.572
-0.502	0.563
POLYLINE BLACK
-0.568	0.347
-0.589	0.387
POLYLINE BLACK
-0.584	0.415
-0.507	0.297
-0.581	0.419
-0.504	0.253
-0.499	0.243
-0.491	0.234
-0.484	0.225
-0.482	0.221
-0.480	0.216
-0.476	0.215
-0.454	0.209
-0.431	0.206
-0.409	0.201
POLYLINE BLACK
-0.320	0.579
-0.343	0.479
-0.349	0.460
-0.337	0.375
POLYLINE BLACK
-0.201	0.666
-0.253	0.445
-0.182	0.732
-0.259	0.474
-0.263	0.460
-0.264	0.446
-0.265	0.433
-0.266	0.428
-0.266	0.422
-0.263	0.418
-0.255	0.407
-0.243	0.400
-0.233	0.391
POLYLINE BLACK
0.036	0.555
-0.018	0.541
0.012	0.545
-0.055	0.547
POLYLINE BLACK
0.201	0.400
0.151	0.397
0.097	0.396
0.055	0.427
0.049	0.431
0.034	0.445
0.037	0.455
0.042	0.473
0.051	0.491
0.058	0.509
POLYLINE BLACK
0.112	0.180
0.105	0.247
0.093	0.305
0.056	0.361
0.055	0.363
0.053	0.365
0.051	0.366
0.043	0.375
0.035	0.383
0.027	0.391
POLYLINE BLACK
0.008	0.063
-0.019	0.113
-0.045	0.159
-0.046	0.217
-0.046	0.232
-0.044	0.247
-0.044	0.262
POLYLINE BLACK
-0.176	-0.028
-0.169	0.007
-0.170	0.021
-0.156	0.049
-0.151	0.060
-0.143	0.070
-0.138	0.082
-0.128	0.108
-0.121	0.136
-0.113	0.163
POLYLINE BLACK
-0.238	0.061
-0.162	0.163
POLYLINE BLACK
-0.432	0.109
-0.344	0.196
-0.392	0.154
-0.288	0.233
POLYLINE BLACK
-0.216	-0.042
-0.218	-0.062
-0.226	-0.097
-0.221	-0.121
-0.217	-0.139
-0.212	-0.157
-0.206	-0.174
-0.191	-0.218
-0.181	-0.224
-0.178	-0.266
-0.172	-0.371
-0.202	-0.388
-0.227	-0.500
-0.435	-1.431
-0.232	-0.719
-0.452	-1.364
-0.483	-1.455
-0.502	-1.578
-0.562	-1.664
-0.635	-1.769
-0.715	-1.863
-0.809	-1.950
-0.841	-1.980
-0.879	-2.003
-0.913	-2.031
-0.925	-2.041
-0.939	-2.054
-0.937	-2.071
-0.934	-2.095
-0.904	-2.123
-0.893	-2.134
-0.873	-2.152
-0.851	-2.167
-0.830	-2.182
-0.809	-2.197
-0.751	-2.230
-0.730	-2.260
-0.691	-2.315
-0.656	-2.372
-0.620	-2.429
-0.611	-2.444
-0.609	-2.457
-0.605	-2.474
-0.604	-2.480
-0.605	-2.487
-0.602	-2.492
-0.600	-2.495
-0.596	-2.493
-0.593	-2.493
POLYLINE BLACK
-0.868	-2.022
-0.883	-2.026
-0.897	-2.032
-0.912	-2.036
-0.919	-2.038
-0.926	-2.040
-0.934	-2.039
-1.059	-2.034
-1.027	-2.043
-1.085	-2.024
POLYLINE BLACK
-0.776	-2.156
-0.818	-2.149
-0.859	-2.141
-0.901	-2.136
-0.998	-2.123
-0.864	-2.147
-0.950	-2.138
-0.954	-2.138
-0.957	-2.135
-0.960	-2.133
POLYLINE BLACK
-0.743	-2.212
-0.775	-2.237
-0.808	-2.263
-0.840	-2.288
-0.850	-2.297
-0.861	-2.304
-0.871	-2.313
-0.876	-2.318
-0.882	-2.322
-0.884	-2.328
-0.887	-2.336
-0.886	-2.345
-0.887	-2.354
POLYLINE BLACK
-0.650	-2.294
-0.741	-2.396
-0.716	-2.346
-0.747	-2.431
POLYLINE BLACK
-0.585	-2.410
-0.612	-2.468
-0.639	-2.527
-0.666	-2.586
-0.671	-2.603
-0.679	-2.620
-0.680	-2.638
-0.680	-2.663
-0.672	-2.687
-0.668	-2.712
POLYLINE BLACK
0.193	-1.370
0.165	-1.423
0.178	-1.394
0.155	-1.459
POLYLINE BLACK
0.000	-0.000
0.000	-0.000
POLYLINE BLACK
0.210	-1.523
0.222	-1.498
0.234	-1.473
0.246	-1.448
0.270	-1.412
0.299	-1.377
0.319	-1.338
0.343	-1.291
0.360	-1.240
0.378	-1.189
0.392	-1.149
0.393	-1.093
0.391	-1.052
0.391	-1.050
0.387	-1.049
0.385	-1.050
0.381	-1.051
0.380	-1.056
0.378	-1.059
0.372	-1.069
0.367	-1.080
0.363	-1.091
0.329	-1.190
0.299	-1.291
0.264	-1.390
0.236	-1.465
0.174	-1.514
0.118	-1.569
0.107	-1.580
0.097	-1.596
0.082	-1.596
0.071	-1.597
0.068	-1.580
0.062	-1.572
POLYLINE BLACK
0.073	-1.596
0.247	-1.389
0.109	-1.568
0.259	-1.328
0.413	-1.081
0.272	-1.332
0.361	-1.171
POLYLINE BLACK
0.125	-1.518
-0.064	-1.320
0.211	-1.605
-0.039	-1.364
-0.048	-1.356
-0.053	-1.345
-0.059	-1.336
POLYLINE BLACK
0.155	-1.458
0.120	-1.374
0.098	-1.326
0.070	-1.234
0.063	-1.210
0.060	-1.185
0.055	-1.161
POLYLINE BLACK
0.236	-1.302
0.181	-1.247
0.184	-1.227
0.158	-1.142
POLYLINE BLACK
0.302	-1.177
0.267	-1.119
0.250	-1.053
0.217	-0.993
POLYLINE BLACK
0.027	-2.831
-0.036	-2.855
-0.095	-2.893
-0.139	-2.944
-0.145	-2.951
-0.150	-2.960
-0.157	-2.967
-0.159	-2.969
-0.162	-2.970
-0.165	-2.969
-0.171	-2.967
-0.173	-2.957
-0.174	-2.952
-0.176	-2.938
-0.178	-2.924
-0.180	-2.910
POLYLINE BLACK
-0.180	-2.909
-0.203	-2.914
POLYLINE BLACK
-0.203	-2.917
-0.200	-2.935
POLYLINE BLACK
-0.191	-2.942
-0.187	-2.953
POLYLINE BLACK
-0.165	-2.957
-0.155	-2.953
POLYLINE BLACK
-0.158	-2.939
-0.158	-2.874
-0.160	-2.906
-0.155	-2.922
-0.150	-2.936
-0.145	-2.948
-0.140	-2.961
POLYLINE BLACK
-0.134	-2.965
-0.128	-2.950
POLYLINE BLACK
0.000	-0.000
0.000	-0.000
POLYLINE BLACK
-0.267	-2.912
-0.218	-2.925
-0.246	-2.920
-0.183	-2.925
POLYLINE BLACK
-0.179	-2.921
-0.142	-2.915
POLYLINE BLACK
-0.129	-2.927
-0.129	-2.950
POLYLINE BLACK
-0.134	-3.006
-0.168	-3.018
-0.205	-3.027
-0.234	-3.051
-0.290	-3.095
-0.343	-3.145
-0.399	-3.189
-0.437	-3.219
-0.492	-3.235
-0.534	-3.250
-0.547	-3.255
-0.508	-3.241
-0.496	-3.235
-0.487	-3.231
-0.479	-3.226
-0.471	-3.220
-0.381	-3.158
-0.290	-3.096
-0.201	-3.032
-0.194	-3.026
-0.189	-3.019
-0.183	-3.012
-0.179	-3.007
-0.175	-3.001
-0.172	-2.995
-0.159	-2.969
-0.146	-2.943
-0.135	-2.917
-0.132	-2.911
-0.131	-2.904
-0.131	-2.898
-0.130	-2.897
-0.129	-2.851
-0.140	-2.872
-0.175	-2.934
-0.181	-2.974
-0.242	-3.012
POLYLINE BLACK
0.133	-3.221
0.123	-3.246
0.115	-3.272
0.102	-3.295
0.058	-3.378
0.003	-3.443
-0.068	-3.507
-0.134	-3.568
-0.209	-3.619
-0.278	-3.678
-0.280	-3.680
-0.277	-3.684
-0.275	-3.685
-0.270	-3.687
-0.265	-3.685
-0.261	-3.685
-0.249	-3.683
-0.232	-3.677
-0.223	-3.671
-0.204	-3.658
-0.187	-3.643
-0.170	-3.628
-0.144	-3.605
-0.120	-3.581
-0.095	-3.558
-0.064	-3.529
-0.042	-3.516
-0.021	-3.480
-0.017	-3.473
0.078	-3.325
0.089	-3.258
0.110	-3.138
0.105	-3.095
0.108	-2.964
POLYLINE BLACK
0.111	-4.714
0.095	-4.708
0.078	-4.699
0.060	-4.699
0.048	-4.699
0.033	-4.703
0.024	-4.711
-0.019	-4.750
-0.063	-4.787
-0.101	-4.830
-0.126	-4.858
-0.146	-4.890
-0.164	-4.922
-0.207	-4.994
-0.214	-5.058
-0.226	-5.145
-0.229	-5.173
-0.230	-5.200
-0.229	-5.228
-0.228	-5.249
-0.223	-5.270
-0.220	-5.291
-0.212	-5.333
-0.203	-5.375
-0.194	-5.416
-0.185	-5.451
-0.176	-5.486
-0.167	-5.521
-0.165	-5.526
-0.163	-5.531
-0.162	-5.535
-0.157	-5.556
-0.153	-5.577
-0.149	-5.598
POLYLINE BLACK
0.050	-4.747
0.069	-4.810
0.098	-4.870
0.135	-4.925
POLYLINE BLACK
-0.082	-4.917
-0.004	-4.908
0.010	-4.930
0.070	-4.981
POLYLINE BLACK
-0.177	-5.100
-0.125	-5.052
-0.113	-5.054
-0.038	-5.038
-0.035	-5.037
-0.032	-5.037
-0.028	-5.037
-0.007	-5.040
0.014	-5.044
0.035	-5.047
POLYLINE BLACK
-0.169	-5.282
-0.057	-5.250
-0.103	-5.246
-0.033	-5.261
POLYLINE BLACK
-0.173	-5.537
-0.109	-5.474
-0.092	-5.479
0.008	-5.439
POLYLINE BLACK
-0.125	-5.645
-0.089	-5.593
-0.072	-5.600
-0.018	-5.573
-0.002	-5.565
0.012	-5.555
0.027	-5.546
POLYLINE BLACK
-0.216	-3.627
-0.215	-3.674
-0.243	-3.742
-0.228	-3.794
-0.226	-3.801
-0.224	-3.807
-0.221	-3.812
-0.199	-3.848
-0.178	-3.883
-0.155	-3.917
-0.144	-3.932
-0.133	-3.946
-0.119	-3.957
0.230	-4.235
0.113	-4.176
0.315	-4.267
POLYLINE BLACK
0.221	-4.407
0.212	-4.354
0.217	-4.341
0.254	-4.301
0.258	-4.298
0.261	-4.294
0.266	-4.293
0.277	-4.290
0.289	-4.290
0.301	-4.289
POLYLINE BLACK
0.253	-4.276
0.141	-4.159
POLYLINE BLACK
0.214	-4.419
0.218	-4.431
0.224	-4.467
0.226	-4.455
0.235	-4.403
0.231	-4.350
0.234	-4.297
0.235	-4.286
0.246	-4.264
0.258	-4.262
0.272	-4.261
0.287	-4.262
0.301	-4.262
POLYLINE BLACK
0.220	-4.672
0.197	-4.653
0.174	-4.632
0.189	-4.600
0.229	-4.517
0.359	-4.275
0.310	-4.353
0.246	-4.453
0.240	-4.597
0.145	-4.669
0.064	-4.731
0.226	-4.481
0.265	-4.387
0.297	-4.309
0.268	-4.336
0.337	-4.288
POLYLINE BLACK
-0.673	-3.193
-0.654	-3.188
-0.635	-3.184
-0.617	-3.179
-0.588	-3.170
-0.570	-3.135
-0.537	-3.141
-0.534	-3.141
-0.532	-3.142
-0.530	-3.144
-0.513	-3.154
-0.497	-3.165
-0.480	-3.176
POLYLINE BLACK
-0.507	-3.177
-0.532	-3.186
-0.557	-3.194
-0.581	-3.203
-0.615	-3.215
-0.649	-3.222
-0.681	-3.237
-0.797	-3.292
-0.909	-3.354
-1.024	-3.410
-1.082	-3.439
-1.143	-3.462
-1.200	-3.494
-1.235	-3.519
-1.271	-3.543
-1.306	-3.568
-1.305	-3.570
-1.305	-3.575
-1.302	-3.575
-1.288	-3.575
-1.275	-3.571
-1.261	-3.569
POLYLINE BLACK
-0.135	-5.625
-0.338	-5.611
-0.271	-5.611
-0.473	-5.535
-0.663	-5.463
-0.456	-5.554
-0.612	-5.483
POLYLINE BLACK
-0.675	-5.448
-0.700	-5.448
-0.725	-5.449
-0.750	-5.447
-0.768	-5.445
-0.787	-5.443
-0.804	-5.435
-0.930	-5.378
-1.054	-5.315
-1.178	-5.253
-1.186	-5.248
-1.206	-5.230
-1.211	-5.221
-1.221	-5.204
-1.229	-5.185
-1.238	-5.168
POLYLINE BLACK
-1.312	-5.173
-1.363	-5.173
-1.406	-5.162
-1.445	-5.129
-1.465	-5.110
-1.484	-5.089
-1.505	-5.073
-1.546	-5.042
-1.633	-5.003
-1.663	-4.948
-1.672	-4.931
-1.676	-4.913
-1.681	-4.895
POLYLINE BLACK
-1.655	-4.934
-1.673	-4.928
-1.691	-4.923
-1.708	-4.916
-1.719	-4.910
-1.730	-4.903
-1.740	-4.896
-1.803	-4.855
-1.867	-4.815
-1.927	-4.770
-2.022	-4.700
-2.113	-4.626
-2.204	-4.551
-2.218	-4.539
-2.230	-4.524
-2.241	-4.510
-2.254	-4.493
-2.264	-4.474
-2.275	-4.457
POLYLINE BLACK
-2.339	-4.472
-2.364	-4.456
-2.389	-4.440
-2.414	-4.423
-2.429	-4.412
-2.444	-4.400
-2.460	-4.389
-2.474	-4.380
-2.489	-4.374
-2.502	-4.364
-2.581	-4.297
-2.746	-4.149
-2.818	-4.062
-2.914	-3.945
-2.924	-3.922
-2.979	-3.823
POLYLINE BLACK
-2.964	-3.847
-2.954	-3.793
POLYLINE BLACK
-2.696	-2.049
-2.695	-2.074
-2.701	-2.229
-2.680	-2.296
-2.672	-2.319
-2.644	-2.310
-2.638	-2.292
-2.633	-2.277
-2.630	-2.262
-2.626	-2.246
POLYLINE BLACK
-2.852	-1.929
-2.801	-2.005
-2.776	-2.026
-2.705	-2.071
POLYLINE BLACK
-2.701	-2.071
-2.699	-2.073
POLYLINE BLACK
-3.277	-1.451
-3.321	-1.447
-3.487	-1.418
-3.569	-1.434
-3.605	-1.440
-3.642	-1.447
-3.676	-1.461
-3.833	-1.527
-3.908	-1.597
-4.057	-1.691
-4.137	-1.742
-4.220	-1.787
-4.301	-1.838
-4.399	-1.899
-4.490	-1.973
-4.592	-2.028
-4.725	-2.098
-4.926	-2.130
-5.040	-2.252
-5.141	-2.360
-5.127	-2.521
-5.118	-2.658
-5.107	-2.836
-5.083	-2.965
-5.018	-3.123
-4.997	-3.174
-4.978	-3.228
-4.945	-3.273
-4.859	-3.391
-4.764	-3.503
-4.665	-3.611
-4.635	-3.644
-4.598	-3.669
-4.562	-3.693
-4.508	-3.728
-4.439	-3.767
-4.373	-3.780
-4.204	-3.814
-4.034	-3.846
-3.864	-3.873
-3.834	-3.878
-3.805	-3.874
-3.775	-3.873
-3.708	-3.873
-3.640	-3.870
-3.573	-3.870
-3.247	-3.868
-3.202	-3.841
-2.949	-3.910
-2.901	-3.923
-2.844	-3.957
-2.805	-3.986
-2.672	-4.086
-2.809	-3.990
-2.747	-4.042
-2.738	-4.049
-2.729	-4.055
-2.719	-4.061
POLYLINE BLACK
-3.284	-1.486
-3.269	-1.475
-3.253	-1.463
-3.237	-1.453
-3.196	-1.428
-3.143	-1.465
-3.110	-1.483
POLYLINE BLACK
-2.819	-1.908
-2.898	-1.862
-2.971	-1.804
-3.023	-1.729
-3.044	-1.698
-3.062	-1.667
-3.082	-1.636
POLYLINE BLACK
-3.131	-1.459
-3.145	-1.455
POLYLINE BLACK
-2.466	-2.109
-2.474	-2.133
-2.484	-2.155
-2.490	-2.180
-2.492	-2.192
-2.478	-2.194
-2.471	-2.194
-2.442	-2.191
-2.413	-2.169
-2.397	-2.147
-2.381	-2.123
-2.369	-2.094
-2.361	-2.067
-2.357	-2.055
-2.357	-2.042
-2.353	-2.029
-2.352	-2.023
-2.352	-2.013
-2.346	-2.011
-2.340	-2.008
-2.322	-2.031
-2.320	-2.033
-2.297	-2.052
-2.274	-2.070
-2.250	-2.089
POLYLINE BLACK
-2.586	-2.343
-2.699	-2.394
-2.753	-2.475
-2.820	-2.576
POLYLINE BLACK
-2.876	-2.614
-2.940	-2.639
-3.005	-2.666
-3.052	-2.719
-3.077	-2.747
-3.099	-2.777
-3.123	-2.806
POLYLINE BLACK
-3.081	-3.140
-3.075	-3.298
-3.142	-3.517
-3.082	-3.684
-3.057	-3.754
-3.004	-3.827
-2.930	-3.851
-2.905	-3.859
-2.870	-3.863
-2.845	-3.860
-2.751	-3.849
-2.678	-3.838
-2.602	-3.783
-2.481	-3.696
-2.346	-3.440
-2.309	-3.395
-2.251	-3.325
-2.183	-3.263
-2.114	-3.204
-1.990	-3.099
-1.859	-3.002
-1.730	-2.902
-1.703	-2.881
-1.675	-2.868
-1.656	-2.839
-1.597	-2.751
-1.538	-2.662
-1.486	-2.569
-1.465	-2.532
-1.417	-2.414
-1.428	-2.358
-1.448	-2.262
-1.465	-2.115
-1.537	-2.028
-1.651	-1.889
-1.924	-1.955
-2.046	-1.971
-2.047	-1.971
-2.245	-2.009
-2.303	-2.048
-2.343	-2.076
-2.381	-2.105
-2.418	-2.137
-2.438	-2.155
-2.455	-2.177
-2.472	-2.198
-2.542	-2.284
-2.603	-2.376
-2.678	-2.457
-2.799	-2.588
-2.933	-2.706
-3.057	-2.833
-3.068	-2.844
-3.076	-2.859
-3.084	-2.872
-3.093	-2.889
-3.104	-2.919
-3.105	-2.939
-3.109	-3.035
-3.079	-3.135
-3.069	-3.227
-3.060	-3.309
-3.069	-3.323
-3.087	-3.399
POLYLINE BLACK
-1.978	-2.385
-1.987	-2.294
POLYLINE BLACK
-2.049	-2.322
-2.093	-2.187
-2.094	-2.191
-2.091	-2.067
POLYLINE BLACK
-2.276	-2.461
-2.353	-2.387
-2.395	-2.363
-2.481	-2.324
POLYLINE BLACK
-2.568	-2.725
-2.628	-2.687
-2.687	-2.648
-2.747	-2.610
-2.757	-2.607
-2.768	-2.594
-2.777	-2.600
-2.785	-2.607
-2.777	-2.622
-2.776	-2.633
POLYLINE BLACK
-2.919	-3.019
-3.029	-2.970
-2.969	-2.993
-3.101	-2.954
POLYLINE BLACK
-2.887	-3.281
-2.980	-3.285
-3.060	-3.322
-3.135	-3.375
POLYLINE BLACK
-2.886	-3.477
-2.945	-3.541
-3.004	-3.606
-3.062	-3.671
-3.065	-3.676
-3.070	-3.679
-3.071	-3.685
-3.077	-3.706
-3.080	-3.729
-3.085	-3.751
POLYLINE BLACK
-2.681	-3.495
-2.714	-3.629
-2.725	-3.693
-2.715	-3.807
POLYLINE BLACK
-2.510	-3.371
-2.487	-3.456
-2.463	-3.541
-2.440	-3.626
-2.436	-3.627
-2.432	-3.631
-2.428	-3.629
-2.422	-3.625
-2.420	-3.616
-2.416	-3.610
-2.410	-3.597
-2.405	-3.584
-2.400	-3.571
POLYLINE BLACK
-2.238	-3.139
-2.233	-3.164
-2.221	-3.251
-2.198	-3.284
-2.190	-3.296
-2.176	-3.303
-2.165	-3.313
POLYLINE BLACK
-1.989	-2.833
-1.981	-2.863
-1.974	-2.894
-1.967	-2.924
-1.961	-2.938
-1.960	-2.956
-1.948	-2.966
-1.931	-2.981
-1.907	-2.984
-1.886	-2.994
POLYLINE BLACK
-1.794	-2.703
-1.761	-2.809
-1.739	-2.817
-1.654	-2.906
POLYLINE BLACK
-1.791	-2.539
-1.748	-2.547
-1.705	-2.555
-1.662	-2.563
-1.647	-2.563
-1.632	-2.567
-1.619	-2.564
-1.583	-2.554
-1.550	-2.538
-1.515	-2.525
POLYLINE BLACK
-1.462	-2.060
-1.563	-2.136
-1.665	-2.213
-1.767	-2.290
-1.776	-2.298
-1.784	-2.307
-1.793	-2.315
-1.804	-2.323
-1.815	-2.330
-1.826	-2.337
POLYLINE BLACK
-1.790	-1.966
-1.808	-1.975
-1.828	-1.982
-1.845	-1.993
-1.878	-2.013
-1.920	-2.064
-1.931	-2.100
-1.991	-2.286
-1.982	-2.262
-1.991	-2.420
POLYLINE BLACK
-2.227	-2.115
-2.259	-2.197
-2.280	-2.284
-2.272	-2.372
-2.270	-2.389
-2.266	-2.406
-2.263	-2.423
POLYLINE BLACK
0.678	-4.553
0.759	-4.949
POLYLINE BLACK
1.328	-4.475
1.379	-4.861
1.370	-4.664
1.352	-5.065
POLYLINE BLACK
2.104	-6.629
1.971	-6.403
POLYLINE BLACK
0.197	-5.561
0.387	-5.409
POLYLINE BLACK
0.564	-4.845
0.576	-4.933
0.570	-5.016
0.612	-5.093
0.681	-5.222
0.864	-5.319
0.983	-5.198
1.027	-5.154
1.058	-5.106
1.067	-5.044
1.073	-5.000
1.057	-4.952
1.034	-4.915
0.944	-4.767
0.747	-4.837
0.660	-4.955
0.609	-5.024
0.595	-5.119
0.574	-5.198
POLYLINE BLACK
1.406	-5.011
1.455	-5.179
1.451	-5.221
1.525	-5.346
1.603	-5.478
1.751	-5.465
1.831	-5.337
1.886	-5.249
1.893	-5.127
1.850	-5.033
1.824	-4.975
1.774	-4.930
1.708	-4.932
1.690	-4.933
1.672	-4.935
1.655	-4.938
1.567	-4.957
1.474	-4.963
1.391	-4.999
1.331	-5.024
1.287	-5.076
1.236	-5.115
POLYLINE BLACK
1.160	-5.426
1.153	-5.510
1.138	-5.549
1.156	-5.618
1.200	-5.783
1.440	-5.820
1.565	-5.733
1.770	-5.592
1.621	-5.321
1.424	-5.270
1.336	-5.248
1.175	-5.323
1.143	-5.331
POLYLINE BLACK
-0.088	-5.751
0.235	-5.469
POLYLINE BLACK
0.643	-5.258
0.621	-5.354
0.594	-5.448
0.579	-5.546
0.567	-5.615
0.556	-5.735
0.603	-5.804
0.628	-5.841
0.671	-5.868
0.714	-5.881
0.865	-5.925
1.018	-5.905
1.075	-5.739
1.089	-5.698
1.095	-5.649
1.091	-5.606
1.088	-5.571
1.083	-5.537
1.075	-5.503
1.062	-5.449
0.996	-5.277
0.909	-5.337
0.896	-5.346
0.885	-5.357
0.877	-5.369
0.835	-5.436
0.800	-5.507
0.761	-5.575
POLYLINE BLACK
0.579	-4.204
0.586	-4.205
POLYLINE BLACK
2.509	-5.499
2.484	-5.395
POLYLINE BLACK
2.493	-5.267
2.493	-5.267
POLYLINE BLACK
0.015	-5.657
0.298	-5.962
POLYLINE BLACK
2.508	-5.487
2.419	-5.633
2.422	-5.612
2.359	-5.833
2.337	-5.910
2.331	-5.991
2.309	-6.067
2.289	-6.135
2.259	-6.199
2.234	-6.265
POLYLINE BLACK
2.274	-6.248
2.232	-6.346
2.194	-6.444
2.149	-6.540
2.140	-6.559
2.128	-6.576
2.114	-6.591
2.079	-6.627
1.963	-6.767
1.872	-6.814
1.819	-6.840
1.768	-6.830
1.710	-6.832
1.664	-6.834
1.636	-6.877
1.609	-6.906
POLYLINE BLACK
1.619	-6.844
1.495	-6.790
1.063	-6.771
0.895	-6.651
0.874	-6.636
0.820	-6.578
0.814	-6.573
POLYLINE BLACK
0.904	-6.556
0.875	-6.525
0.852	-6.488
0.818	-6.463
0.359	-6.128
0.495	-6.289
0.194	-6.018
0.157	-5.985
0.131	-5.919
0.107	-5.882
0.093	-5.859
0.060	-5.831
0.041	-5.813
POLYLINE BLACK
0.020	-5.739
-0.014	-5.653
-0.077	-5.590
-0.133	-5.519
POLYLINE BLACK
0.421	-4.346
0.469	-4.342
0.517	-4.341
0.564	-4.334
0.735	-4.306
0.613	-4.314
0.732	-4.287
0.804	-4.270
1.002	-4.292
1.006	-4.293
1.030	-4.296
1.049	-4.316
1.070	-4.328
POLYLINE BLACK
2.977	-4.891
2.891	-4.949
2.855	-5.019
2.793	-5.108
POLYLINE BLACK
2.411	-5.024
2.414	-5.109
2.470	-5.165
2.498	-5.240
2.517	-5.289
2.534	-5.340
2.545	-5.391
2.560	-5.464
2.566	-5.538
2.577	-5.612
POLYLINE BLACK
2.260	-4.009
2.168	-4.116
2.168	-4.155
2.129	-4.297
POLYLINE BLACK
2.149	-4.349
2.170	-4.390
2.190	-4.428
2.185	-4.474
2.181	-4.517
2.164	-4.554
2.169	-4.598
2.191	-4.766
2.222	-4.850
2.346	-4.966
2.379	-4.997
2.432	-5.036
2.481	-5.040
2.486	-5.040
2.493	-5.036
2.492	-5.031
2.490	-5.020
2.481	-5.012
2.474	-5.003
2.433	-4.957
2.385	-4.917
2.347	-4.867
2.314	-4.823
2.287	-4.773
2.261	-4.724
2.227	-4.661
2.211	-4.545
2.203	-4.491
2.198	-4.459
2.224	-4.384
2.174	-4.370
2.055	-4.335
1.937	-4.300
1.817	-4.271
1.795	-4.266
1.771	-4.264
1.748	-4.266
1.609	-4.275
1.470	-4.297
1.331	-4.304
1.296	-4.306
1.262	-4.297
1.228	-4.294
1.188	-4.291
1.031	-4.270
0.955	-4.284
0.891	-4.295
0.848	-4.328
0.795	-4.364
POLYLINE BLACK
2.733	-4.185
2.585	-4.283
POLYLINE BLACK
2.573	-4.294
2.489	-4.349
POLYLINE BLACK
2.240	-4.376
2.238	-4.374
POLYLINE BLACK
2.242	-4.358
2.258	-4.372
2.273	-4.388
2.289	-4.402
2.345	-4.450
2.426	-4.354
2.455	-4.330
POLYLINE BLACK
2.310	-4.678
2.333	-4.632
2.357	-4.575
2.393	-4.536
2.412	-4.515
2.435	-4.497
2.455	-4.478
POLYLINE BLACK
2.379	-4.754
2.525	-4.594
POLYLINE BLACK
2.416	-4.960
2.602	-4.753
POLYLINE BLACK
0.448	-4.448
0.454	-4.557
0.444	-4.495
0.492	-4.633
POLYLINE BLACK
1.059	-4.393
1.064	-4.495
1.096	-4.526
1.160	-4.603
POLYLINE BLACK
1.332	-4.445
1.337	-4.577
POLYLINE BLACK
1.514	-4.371
1.525	-4.419
1.536	-4.466
1.547	-4.514
1.549	-4.527
1.549	-4.540
1.553	-4.552
1.566	-4.589
1.584	-4.624
1.599	-4.659
POLYLINE BLACK
1.866	-4.360
1.797	-4.548
1.827	-4.447
1.779	-4.663
POLYLINE BLACK
2.175	-4.406
2.096	-4.483
2.055	-4.524
2.001	-4.599
POLYLINE BLACK
2.268	-4.611
2.248	-4.585
POLYLINE BLACK
2.416	-4.993
2.412	-5.021
2.404	-5.049
2.402	-5.078
2.394	-5.168
2.446	-5.386
2.450	-5.410
POLYLINE BLACK
2.668	-5.539
2.476	-5.563
2.510	-5.556
2.384	-5.405
POLYLINE BLACK
2.387	-5.720
2.212	-5.652
2.234	-5.701
2.194	-5.586
POLYLINE BLACK
2.264	-5.974
2.176	-5.944
2.222	-5.972
2.156	-5.856
POLYLINE BLACK
2.171	-6.291
2.078	-6.227
2.125	-6.273
2.053	-6.132
POLYLINE BLACK
2.059	-6.575
2.010	-6.556
1.941	-6.539
1.916	-6.483
1.914	-6.479
1.915	-6.474
1.915	-6.470
1.917	-6.430
1.921	-6.391
1.923	-6.352
POLYLINE BLACK
1.793	-6.818
1.719	-6.693
1.737	-6.653
1.757	-6.513
POLYLINE BLACK
1.525	-6.718
1.542	-6.518
1.558	-6.513
1.646	-6.323
POLYLINE BLACK
1.323	-6.641
1.431	-6.384
POLYLINE BLACK
1.004	-6.603
1.106	-6.493
1.136	-6.431
1.200	-6.303
POLYLINE BLACK
0.937	-6.353
0.981	-6.266
1.027	-6.182
1.071	-6.095
POLYLINE BLACK
0.679	-6.305
0.826	-6.123
0.774	-6.198
0.846	-6.088
POLYLINE BLACK
0.532	-6.145
0.684	-5.952
0.609	-6.042
0.756	-5.874
POLYLINE BLACK
0.404	-5.999
0.575	-5.760
POLYLINE BLACK
0.244	-5.887
0.388	-5.727
0.319	-5.794
0.447	-5.682
POLYLINE BLACK
2.454	-5.076
2.481	-5.085
2.506	-5.095
2.533	-5.102
2.590	-5.117
2.656	-5.095
2.707	-5.076
2.816	-5.034
2.878	-4.958
2.941	-4.863
POLYLINE BLACK
4.049	-3.542
4.057	-3.499
POLYLINE BLACK
4.057	-3.490
4.100	-3.405
POLYLINE BLACK
4.109	-3.346
4.077	-3.476
4.084	-3.606
4.118	-3.734
4.145	-3.834
4.234	-3.890
4.325	-3.924
4.351	-3.934
4.382	-3.934
4.405	-3.950
4.415	-3.956
4.382	-3.955
4.370	-3.955
4.351	-3.956
4.332	-3.956
4.313	-3.954
4.287	-3.951
4.257	-3.943
4.234	-3.930
4.186	-3.902
4.144	-3.864
4.117	-3.815
4.080	-3.746
4.040	-3.612
4.045	-3.533
4.049	-3.443
4.039	-3.292
4.102	-3.200
4.135	-3.152
4.214	-3.127
4.250	-3.105
POLYLINE BLACK
4.089	-3.630
4.272	-3.495
4.268	-3.495
4.373	-3.326
POLYLINE BLACK
4.134	-3.427
4.264	-3.386
4.349	-3.305
4.451	-3.218
POLYLINE BLACK
4.202	-3.917
4.247	-3.822
4.247	-3.802
4.306	-3.731
4.309	-3.727
4.314	-3.727
4.318	-3.725
4.351	-3.712
4.385	-3.699
4.418	-3.686
POLYLINE BLACK
4.315	-3.896
4.514	-3.688
POLYLINE BLACK
6.373	-2.571
6.649	-2.399
POLYLINE BLACK
2.971	-4.859
3.098	-4.728
3.228	-4.596
3.374	-4.486
3.471	-4.413
3.571	-4.343
3.673	-4.277
3.704	-4.257
3.741	-4.247
3.772	-4.229
3.804	-4.209
3.831	-4.182
3.864	-4.164
3.901	-4.142
3.945	-4.131
3.981	-4.107
4.240	-3.933
4.488	-3.743
4.747	-3.569
4.985	-3.411
5.234	-3.271
5.471	-3.113
5.904	-2.825
5.428	-3.093
5.732	-2.929
5.795	-2.895
5.858	-2.862
5.920	-2.827
5.944	-2.813
5.967	-2.795
5.992	-2.782
6.010	-2.772
6.070	-2.754
6.088	-2.744
6.159	-2.700
6.225	-2.649
6.297	-2.607
6.380	-2.560
6.469	-2.524
6.551	-2.477
6.919	-2.267
6.580	-2.446
6.909	-2.210
6.992	-2.152
7.084	-2.107
7.167	-2.051
7.321	-1.946
7.470	-1.836
7.620	-1.728
7.854	-1.561
7.469	-1.830
7.802	-1.611
7.826	-1.595
7.846	-1.573
7.870	-1.558
7.906	-1.537
7.947	-1.524
7.981	-1.501
8.046	-1.458
8.094	-1.403
8.140	-1.342
8.209	-1.248
8.233	-1.093
8.134	-1.011
8.113	-0.994
8.085	-0.981
8.058	-0.979
8.018	-0.977
7.988	-0.983
7.950	-0.995
7.671	-1.083
7.832	-1.032
7.636	-1.113
7.460	-1.187
7.281	-1.253
7.107	-1.331
7.010	-1.374
6.920	-1.430
6.826	-1.478
6.643	-1.572
6.456	-1.656
6.278	-1.757
6.218	-1.791
6.168	-1.839
6.114	-1.882
6.066	-1.921
6.024	-1.975
5.964	-1.998
5.752	-2.080
5.695	-2.056
5.504	-2.201
5.400	-2.281
5.321	-2.391
5.216	-2.469
4.273	-3.171
5.032	-2.567
4.496	-2.906
4.259	-3.056
4.027	-3.214
3.796	-3.371
3.692	-3.442
3.593	-3.521
3.489	-3.591
3.267	-3.740
3.306	-3.666
3.067	-3.878
2.982	-3.954
2.910	-4.045
2.829	-4.126
2.818	-4.137
2.806	-4.146
2.793	-4.153
2.713	-4.196
2.604	-4.207
2.527	-4.231
2.478	-4.246
2.344	-4.337
2.329	-4.345
2.286	-4.368
2.217	-4.382
2.171	-4.394
POLYLINE BLACK
4.028	-3.332
4.002	-3.320
3.975	-3.313
3.949	-3.329
3.927	-3.343
3.901	-3.388
3.929	-3.409
3.943	-3.419
3.976	-3.422
3.988	-3.425
4.005	-3.429
4.017	-3.438
4.034	-3.434
4.047	-3.431
4.060	-3.423
4.066	-3.412
4.077	-3.392
4.072	-3.365
4.049	-3.358
4.021	-3.350
3.994	-3.369
3.969	-3.379
POLYLINE BLACK
3.944	-3.468
3.937	-3.479
3.929	-3.490
3.923	-3.501
3.909	-3.525
3.918	-3.559
3.943	-3.571
3.957	-3.578
3.986	-3.582
3.994	-3.583
4.002	-3.584
4.011	-3.584
4.018	-3.579
4.026	-3.574
4.029	-3.566
4.032	-3.559
4.047	-3.519
4.069	-3.494
4.022	-3.480
3.998	-3.473
3.978	-3.485
3.955	-3.494
POLYLINE BLACK
3.820	-3.422
3.829	-3.408
3.836	-3.391
3.852	-3.384
3.880	-3.370
3.929	-3.375
3.950	-3.401
3.959	-3.413
3.962	-3.432
3.963	-3.447
3.964	-3.464
3.963	-3.481
3.954	-3.495
3.934	-3.526
3.895	-3.535
3.861	-3.524
3.850	-3.520
3.839	-3.515
3.834	-3.504
3.825	-3.484
3.836	-3.459
3.839	-3.441
POLYLINE BLACK
4.023	-3.614
3.998	-3.631
3.972	-3.648
3.948	-3.667
3.941	-3.672
3.915	-3.698
3.926	-3.710
3.929	-3.714
3.936	-3.716
3.941	-3.717
3.977	-3.725
4.000	-3.732
4.035	-3.722
4.049	-3.718
4.062	-3.709
4.072	-3.697
4.090	-3.675
4.077	-3.660
4.055	-3.648
4.034	-3.638
4.015	-3.643
3.993	-3.646
POLYLINE BLACK
3.876	-3.592
3.850	-3.604
3.832	-3.616
3.817	-3.639
3.790	-3.679
3.873	-3.707
3.903	-3.685
3.924	-3.670
3.958	-3.615
3.925	-3.595
3.916	-3.590
3.906	-3.586
3.896	-3.587
3.877	-3.589
3.863	-3.603
3.849	-3.613
POLYLINE BLACK
3.915	-3.768
3.910	-3.794
3.905	-3.821
3.902	-3.847
3.900	-3.857
3.912	-3.864
3.920	-3.866
3.955	-3.873
3.983	-3.856
4.005	-3.828
4.012	-3.818
4.018	-3.807
4.016	-3.794
4.013	-3.779
3.996	-3.762
3.979	-3.760
3.964	-3.759
3.949	-3.759
3.935	-3.759
3.930	-3.758
3.926	-3.760
3.922	-3.758
3.906	-3.750
3.891	-3.740
3.876	-3.731
POLYLINE BLACK
4.082	-3.845
4.061	-3.867
4.040	-3.888
4.020	-3.910
4.018	-3.913
4.017	-3.919
4.017	-3.922
4.016	-3.940
4.032	-3.956
4.049	-3.959
4.070	-3.963
4.094	-3.960
4.112	-3.947
4.143	-3.926
4.174	-3.890
4.132	-3.863
4.128	-3.860
4.113	-3.853
4.108	-3.854
4.095	-3.856
4.083	-3.862
4.071	-3.866

ELEVATION
STATIONS
0.000	0.000	13
0.273	2.129	13.101
-0.720	4.916	13.102
-2.435	5.295	13.102.1
0.129	0.892	13.666
2.319	-1.187	13.103
8.115	-9.607	13.104
SHOTS
0.000	0.000	0.273	2.129
0.273	2.129	0.201	1.092
0.273	2.129	0.014	3.259
0.273	2.129	-0.069	2.158
0.273	2.129	-0.215	2.576
0.273	2.129	-0.200	2.814
0.273	2.129	0.064	2.673
0.273	2.129	0.247	2.443
0.273	2.129	0.326	2.273
0.273	2.129	0.575	2.046
0.273	2.129	0.379	2.116
0.273	2.129	0.466	2.113
0.273	2.129	-0.720	4.916
-0.720	4.916	-0.242	3.757
-0.720	4.916	-0.565	3.468
-0.720	4.916	0.368	3.743
-0.720	4.916	0.082	4.041
-0.720	4.916	-0.194	4.522
-0.720	4.916	-1.389	4.862
-0.720	4.916	-2.109	4.501
-0.720	4.916	-3.081	4.239
-0.720	4.916	-3.003	4.227
-0.720	4.916	-1.373	4.016
-0.720	4.916	0.994	4.556
-0.720	4.916	1.024	4.555
-0.720	4.916	1.037	4.546
-0.720	4.916	0.985	4.554
-0.720	4.916	1.018	4.543
-0.720	4.916	-2.435	5.295
-2.435	5.295	-4.742	4.661
-2.435	5.295	-5.038	4.174
-2.435	5.295	-4.107	3.877
-2.435	5.295	-3.320	3.543
-2.435	5.295	-2.626	3.099
-2.435	5.295	-1.105	3.350
-2.435	5.295	-1.677	3.452
-2.435	5.295	-2.418	3.186
-2.435	5.295	-3.078	2.600
-2.435	5.295	-2.832	2.998
-2.435	5.295	-2.331	3.210
-2.435	5.295	-2.005	3.255
-2.435	5.295	-1.600	3.401
-2.435	5.295	-3.001	8.615
-2.435	5.295	-2.709	3.250
-2.435	5.295	0.572	-0.752
-2.435	5.295	0.129	0.892
-0.720	4.916	2.319	-1.187
2.319	-1.187	7.419	-8.530
2.319	-1.187	8.175	-9.655
2.319	-1.187	8.162	-9.670
2.319	-1.187	3.932	-3.526
2.319	-1.187	8.167	-9.647
2.319	-1.187	8.114	-9.590
2.319	-1.187	2.017	-1.190
2.319	-1.187	0.127	-1.000
2.319	-1.187	1.626	-0.762
2.319	-1.187	2.381	-0.984
2.319	-1.187	8.115	-9.607

