TRIP
DATE 2023-08-04
DECLINATION 0.0
DATA
0		23.25	3.16	1.804	>
0		112.95	8.26	0.925	>
0		280.34	-16.98	7.361	>
0		276.31	-21.65	4.626	>
0		276.44	-19.04	4.525	>
0		93.27	87.67	1.315	>
0		39.16	-81.85	33.771	>
0		10.83	-80.93	31.770	>
0		2.22	-79.22	29.387	>
0		170.82	13.35	3.308	>
0		171.52	12.08	3.308	>
0		171.71	12.17	3.310	>
0	1	171.35	12.53	3.309	>
1		73.19	-87.36	1.354	>
1		56.49	-81.15	4.405	>
1		121.52	-88.47	1.351	>
1		68.76	-1.63	0.704	>
1		248.90	4.42	0.521	>
1		179.17	18.52	8.434	>
1		179.29	18.47	8.346	>
1		179.42	18.22	8.412	>
1	2	179.29	18.40	8.397	>
2		179.51	18.20	8.355	>
2		71.90	10.84	0.708	>
2		64.29	76.13	0.861	>
2		75.56	-64.65	0.976	>
2		71.93	-62.10	6.284	>
2		240.57	3.65	0.548	>
2		154.80	35.26	1.549	>
2		154.93	35.96	1.547	>
2		155.02	36.03	1.548	>
2	3	154.92	35.75	1.548	>
3		247.01	55.65	0.736	>
3		320.80	-81.97	1.225	>
3		47.21	-79.57	5.094	>
3		191.20	4.18	1.115	>
3		277.99	2.66	0.835	>
3		235.63	-15.05	4.348	>
3		235.66	-15.13	4.346	>
3		235.68	-15.21	4.353	>
3	4	235.65	-15.13	4.349	>
4		103.69	1.63	1.092	>
4		109.49	78.39	1.308	>
4		100.27	-52.58	1.979	>
4		162.42	-37.74	3.710	>
4		162.41	-36.96	3.709	>
4		160.64	-36.66	3.710	>
4	5	161.82	-37.12	3.710	>
5		305.85	67.99	1.467	>
5		294.54	1.97	1.292	>
5		354.26	-77.17	3.004	>
5		223.84	37.27	2.409	>
5		224.19	38.30	5.589	>
5		224.40	38.08	5.604	>
5		224.77	38.44	5.594	>
5	6	224.45	38.27	5.596	>
6		117.26	66.76	0.899	>
6		119.38	7.56	1.001	>
6		188.76	-86.52	6.001	>
6		160.02	38.36	3.500	>
6		159.69	38.64	3.490	>
6		160.15	37.40	3.489	>
6	7	159.95	38.13	3.493	>
7		49.99	1.73	0.847	>
7		71.80	-73.27	2.114	>
7		111.34	63.02	2.928	>
7		111.88	62.89	2.940	>
7		111.73	62.91	2.933	>
7	8	111.65	62.94	2.934	>
8		240.18	2.59	0.654	>
8		244.99	53.75	0.511	>
8		76.17	-85.23	2.766	>
8		181.51	27.59	6.914	>
8		180.74	27.17	6.971	>
8		181.69	27.53	6.910	>
8	9	181.31	27.43	6.932	>
9		77.50	-3.69	3.378	>
9		48.42	-21.69	2.892	>
9		4.52	-29.75	5.390	>
9		56.72	-83.26	8.600	>
9		84.55	86.07	3.359	>
9		71.21	41.19	4.226	>
9		71.86	41.05	4.212	>
9		71.75	41.00	4.204	>
9	10	71.61	41.08	4.214	>
10		198.23	-5.06	0.422	>
10		219.50	73.25	1.023	>
10		136.81	-74.22	1.537	>
10		140.25	-43.96	2.580	>
10		141.41	-43.87	2.577	>
10		141.31	-43.85	2.572	>
10	11	140.99	-43.89	2.576	>
11		196.77	58.35	0.393	>
11		90.91	50.98	0.779	>
11		66.86	5.46	1.033	>
11		86.18	-56.62	1.352	>
11		11.38	35.72	0.798	>
11		122.28	-2.74	1.511	>
11		122.42	-3.25	1.509	>
11		122.42	-3.07	1.508	>
11	12	122.37	-3.02	1.509	>
12		104.12	-37.85	5.877	>
12		110.81	-30.20	8.758	>
12		110.94	-30.31	8.764	>
12		110.75	-30.17	8.759	>
12	13	110.83	-30.23	8.760	>

PLAN
STATIONS
0.000	0.000	0
0.486	-3.193	1
0.584	-11.160	2
1.117	-12.298	3
-2.350	-14.667	4
-1.427	-17.477	5
-4.503	-20.613	6
-3.561	-23.194	7
-2.321	-23.686	8
-2.462	-29.837	9
0.553	-28.835	10
1.721	-30.277	11
2.994	-31.084	12
10.069	-33.776	13
SHOTS
0.000	0.000	0.711	1.655
0.000	0.000	0.843	-0.357
0.000	0.000	-6.926	1.263
0.000	0.000	-4.274	0.472
0.000	0.000	-4.250	0.480
0.000	0.000	0.053	-0.003
0.000	0.000	3.024	3.713
0.000	0.000	0.942	4.922
0.000	0.000	0.213	5.491
0.000	0.000	0.486	-3.193
0.486	-3.193	0.545	-3.175
0.486	-3.193	1.051	-2.819
0.486	-3.193	0.516	-3.212
0.486	-3.193	1.142	-2.938
0.486	-3.193	0.001	-3.380
0.486	-3.193	0.584	-11.160
0.584	-11.160	0.653	-19.097
0.584	-11.160	1.245	-10.944
0.584	-11.160	0.770	-11.071
0.584	-11.160	0.989	-11.056
0.584	-11.160	3.380	-10.248
0.584	-11.160	0.108	-11.429
0.584	-11.160	1.117	-12.298
1.117	-12.298	0.734	-12.460
1.117	-12.298	1.009	-12.166
1.117	-12.298	1.793	-11.672
1.117	-12.298	0.901	-13.389
1.117	-12.298	0.291	-12.182
1.117	-12.298	-2.350	-14.667
-2.350	-14.667	-1.289	-14.925
-2.350	-14.667	-2.101	-14.755
-2.350	-14.667	-1.166	-14.881
-2.350	-14.667	-1.427	-17.477
-1.427	-17.477	-1.872	-17.155
-1.427	-17.477	-2.601	-16.941
-1.427	-17.477	-1.493	-16.813
-1.427	-17.477	-2.755	-18.860
-1.427	-17.477	-4.503	-20.613
-4.503	-20.613	-4.188	-20.775
-4.503	-20.613	-3.638	-21.100
-4.503	-20.613	-4.559	-20.973
-4.503	-20.613	-3.561	-23.194
-3.561	-23.194	-2.913	-22.650
-3.561	-23.194	-2.983	-23.004
-3.561	-23.194	-2.321	-23.686
-2.321	-23.686	-2.888	-24.011
-2.321	-23.686	-2.595	-23.814
-2.321	-23.686	-2.097	-23.631
-2.321	-23.686	-2.462	-29.837
-2.462	-29.837	0.829	-29.107
-2.462	-29.837	-0.451	-28.054
-2.462	-29.837	-2.093	-25.172
-2.462	-29.837	-1.618	-29.283
-2.462	-29.837	-2.233	-29.815
-2.462	-29.837	0.553	-28.835
0.553	-28.835	0.421	-29.234
0.553	-28.835	0.365	-29.062
0.553	-28.835	0.839	-29.139
0.553	-28.835	1.721	-30.277
1.721	-30.277	1.662	-30.475
1.721	-30.277	2.212	-30.285
1.721	-30.277	2.667	-29.873
1.721	-30.277	2.464	-30.228
1.721	-30.277	1.849	-29.642
1.721	-30.277	2.994	-31.084
2.994	-31.084	7.495	-32.216
2.994	-31.084	10.069	-33.776
POLYLINE BLACK
-6.344	1.554
-6.356	1.554
POLYLINE BLACK
0.695	-3.057
0.695	-3.057
POLYLINE BLACK
0.464	-0.216
0.479	-0.275
0.493	-0.333
0.507	-0.391
0.521	-0.491
0.528	-0.591
0.550	-0.689
0.579	-0.825
0.628	-0.956
0.659	-1.092
0.682	-1.193
0.690	-1.298
0.711	-1.400
0.751	-1.605
0.818	-1.806
0.842	-2.014
0.886	-2.397
0.889	-2.785
0.913	-3.170
POLYLINE BLACK
-1.543	-14.810
-1.566	-14.827
-1.591	-14.842
-1.612	-14.861
-1.710	-14.944
-1.738	-15.101
-1.770	-15.208
-1.778	-15.233
-1.784	-15.260
-1.784	-15.287
-1.780	-15.417
-1.762	-15.548
-1.757	-15.678
-1.756	-15.706
-1.759	-15.733
-1.765	-15.759
-1.819	-15.997
-1.887	-16.230
-1.936	-16.469
-1.953	-16.550
-1.941	-16.637
-1.960	-16.718
-1.984	-16.820
-2.034	-16.914
-2.062	-17.015
-2.185	-17.446
-2.076	-17.216
-2.229	-17.597
-2.241	-17.627
-2.259	-17.655
-2.276	-17.683
-2.330	-17.770
-2.391	-17.852
-2.443	-17.940
-2.536	-18.098
-2.616	-18.263
-2.709	-18.421
-2.763	-18.514
-2.833	-18.598
-2.885	-18.693
-2.949	-18.812
-3.000	-19.126
-3.023	-19.203
-3.047	-19.284
-3.125	-19.441
-3.180	-19.507
-3.921	-20.391
-2.839	-19.023
-3.826	-20.109
-3.931	-20.224
-4.001	-20.365
-4.089	-20.494
POLYLINE BLACK
-1.456	-14.951
-1.451	-15.011
-1.439	-15.080
-1.453	-15.141
-1.502	-15.350
-1.557	-15.558
-1.612	-15.766
-1.633	-15.846
-1.667	-15.924
-1.682	-16.006
-1.724	-16.229
-1.744	-16.455
-1.784	-16.678
-1.813	-16.844
-1.861	-17.006
-1.889	-17.172
-1.895	-17.207
-1.912	-17.524
-1.961	-17.636
-2.013	-17.755
-2.167	-18.032
-2.235	-18.135
-2.311	-18.249
-2.410	-18.347
-2.477	-18.466
-2.738	-18.933
-2.645	-18.905
-2.827	-19.358
-2.860	-19.440
-2.940	-19.522
-2.999	-19.584
-3.022	-19.608
-3.050	-19.628
-3.072	-19.655
-3.790	-20.524
-2.753	-19.331
-3.546	-20.187
-3.835	-20.554
-3.529	-20.189
-3.816	-20.473
-3.846	-20.502
-3.868	-20.539
-3.896	-20.570
-3.922	-20.600
-3.991	-20.631
-4.015	-20.644
POLYLINE BLACK
0.000	-0.000
0.000	-0.000
POLYLINE BLACK
0.000	-0.000
0.000	-0.000
POLYLINE BLACK
-2.236	-24.058
-2.239	-24.058
POLYLINE BLACK
0.000	-0.000
0.000	-0.000
POLYLINE BLACK
0.000	-0.000
0.000	-0.000
POLYLINE BLACK
-2.379	-25.446
-2.388	-25.447
POLYLINE BLACK
0.716	1.679
0.826	1.557
0.869	1.531
0.936	1.398
0.949	1.372
0.961	1.345
0.965	1.317
0.997	1.098
1.036	0.880
1.044	0.660
1.051	0.490
1.028	0.320
1.010	0.150
1.000	0.057
0.967	-0.098
0.923	-0.191
0.892	-0.260
0.852	-0.324
0.817	-0.390
POLYLINE BLACK
-6.561	1.600
-6.572	1.600
-6.583	1.602
-6.593	1.601
-6.607	1.601
-6.624	1.596
-6.636	1.590
-6.684	1.567
-6.712	1.519
-6.745	1.479
POLYLINE BLACK
-6.811	1.423
-6.858	1.413
-6.903	1.408
-6.949	1.423
-6.962	1.428
-6.975	1.435
-6.988	1.440
-6.998	1.444
-7.008	1.448
-7.018	1.452
POLYLINE BLACK
-6.822	1.135
-6.845	1.149
-6.867	1.166
-6.892	1.178
-6.917	1.190
-6.964	1.199
-6.992	1.201
-7.004	1.202
-7.017	1.200
-7.029	1.200
POLYLINE BLACK
-0.005	1.158
-0.079	1.087
-0.146	1.036
-0.234	1.123
-0.329	1.218
-0.292	1.403
-0.239	1.505
-0.163	1.653
-0.082	1.799
0.010	1.937
0.116	2.096
0.345	2.322
0.421	2.537
0.635	3.143
0.602	3.196
0.639	3.940
0.648	4.127
0.508	4.411
0.458	4.526
0.432	4.587
0.396	4.645
0.357	4.699
0.173	4.954
-0.000	5.172
-0.314	5.251
-0.379	5.268
-0.504	5.287
-0.579	5.276
-0.830	5.240
-1.063	5.103
-1.280	4.988
-1.377	4.937
-1.457	4.855
-1.557	4.811
-2.543	4.382
-3.544	3.991
-4.534	3.571
-4.573	3.555
-4.662	3.488
-4.690	3.449
-4.831	3.257
-4.961	3.055
-5.101	2.862
-5.150	2.794
-5.210	2.734
-5.257	2.665
-5.721	1.989
-5.093	2.748
-5.934	1.742
-6.054	1.598
-6.294	1.545
-6.465	1.557
-6.508	1.560
-6.535	1.609
-6.569	1.634
POLYLINE BLACK
0.708	1.665
0.682	1.653
0.680	1.649
0.655	1.644
0.641	1.641
0.626	1.641
0.612	1.637
0.600	1.634
0.476	1.601
0.436	1.571
0.402	1.545
0.369	1.517
0.338	1.489
0.329	1.481
0.320	1.472
0.314	1.462
0.261	1.376
0.231	1.294
0.197	1.197
0.190	1.179
0.182	1.143
0.184	1.119
0.191	1.046
0.202	1.084
0.180	1.035
POLYLINE BLACK
-6.812	1.431
-6.837	1.390
-6.858	1.366
-6.870	1.321
-6.904	1.184
-6.842	1.053
-6.718	0.990
-6.579	0.919
-6.511	0.928
-6.333	0.874
-6.212	0.837
-5.750	0.640
-5.487	0.632
-5.271	0.626
-5.053	0.641
-4.837	0.627
-4.386	0.598
-4.171	0.442
-3.681	0.339
-3.414	0.282
-3.137	0.286
-2.870	0.230
-2.399	0.131
-1.940	-0.018
-1.470	-0.125
-1.150	-0.198
-0.686	-0.168
-0.395	-0.150
-0.380	-0.150
-0.216	-0.128
-0.161	-0.093
-0.083	-0.045
0.020	0.046
0.030	0.146
0.036	0.212
0.018	0.352
0.079	0.416
0.126	0.464
0.250	0.458
0.284	0.471
0.479	0.546
0.683	0.629
0.610	0.863
0.568	0.999
0.310	0.940
0.238	0.938
0.155	0.935
0.114	0.990
0.072	1.053
0.061	1.069
0.053	1.087
0.042	1.103
0.022	1.132
0.013	1.130
-0.012	1.153
-0.045	1.184
-0.078	1.216
-0.110	1.247
POLYLINE BLACK
0.113	0.993
0.123	0.996
0.132	0.998
0.141	1.002
0.165	1.010
0.172	1.051
0.178	1.068
POLYLINE BLACK
0.604	0.722
0.634	0.717
0.652	0.717
0.676	0.705
0.699	0.694
0.720	0.673
0.737	0.655
0.793	0.596
0.796	0.509
0.795	0.432
0.794	0.408
0.791	0.384
0.785	0.361
0.783	0.349
0.754	0.241
0.728	0.210
0.628	0.091
0.473	-0.026
0.451	-0.196
0.447	-0.230
0.452	-0.248
0.457	-0.282
POLYLINE BLACK
-0.054	-0.011
-0.024	-0.128
-0.098	-0.239
-0.076	-0.355
-0.057	-0.453
-0.028	-0.550
-0.013	-0.649
-0.003	-0.718
-0.010	-0.788
-0.001	-0.856
0.018	-1.007
0.047	-0.995
0.036	-1.116
0.033	-1.153
0.027	-1.189
0.018	-1.225
-0.008	-1.321
-0.053	-1.377
-0.034	-1.475
0.097	-2.135
-0.032	-1.496
0.148	-2.077
0.158	-2.111
0.156	-2.148
0.157	-2.184
0.173	-2.543
0.156	-2.250
0.144	-2.617
0.142	-2.657
0.156	-2.700
0.156	-2.740
0.155	-2.862
0.076	-2.958
0.027	-3.064
-0.008	-3.137
0.013	-3.221
0.016	-3.297
0.017	-3.322
0.008	-3.348
0.015	-3.372
0.018	-3.380
0.028	-3.361
0.035	-3.355
POLYLINE BLACK
0.500	0.539
0.546	0.469
0.586	0.411
0.576	0.327
0.575	0.314
0.568	0.285
0.560	0.275
0.407	0.079
0.474	0.174
0.283	-0.002
0.234	-0.047
0.197	-0.150
0.214	-0.215
0.285	-0.478
0.375	-0.735
0.433	-1.001
0.455	-1.100
0.437	-1.205
0.455	-1.305
0.977	-4.137
0.589	-1.649
0.723	-2.677
0.728	-2.715
0.741	-2.752
0.743	-2.791
0.746	-2.854
0.742	-2.917
0.737	-2.980
0.735	-3.003
0.728	-3.025
0.723	-3.048
0.702	-3.135
0.700	-3.096
0.704	-3.137
POLYLINE BLACK
0.817	-0.365
0.810	-0.380
0.801	-0.395
0.795	-0.411
0.791	-0.421
0.786	-0.446
0.787	-0.457
0.814	-0.630
0.850	-0.802
0.872	-0.976
0.887	-1.098
0.897	-1.220
0.897	-1.343
0.898	-1.448
0.861	-1.530
0.879	-1.629
0.883	-1.650
0.890	-1.671
0.896	-1.691
0.912	-1.744
0.935	-1.795
0.947	-1.849
0.964	-1.925
0.977	-2.003
0.983	-2.080
0.990	-2.159
0.981	-2.239
0.986	-2.317
0.990	-2.380
1.005	-2.442
1.009	-2.505
1.014	-2.560
1.009	-2.616
1.014	-2.671
1.025	-2.794
1.053	-2.883
1.144	-2.965
POLYLINE BLACK
0.846	-3.198
0.853	-3.301
0.866	-3.403
0.867	-3.506
0.870	-3.669
0.846	-3.583
0.836	-3.723
0.834	-3.760
0.835	-3.797
0.840	-3.834
0.908	-4.323
0.926	-4.118
0.899	-4.567
0.898	-4.599
0.891	-4.630
0.883	-4.661
0.877	-4.682
0.870	-4.701
0.860	-4.720
0.816	-4.803
0.763	-4.881
0.721	-4.965
0.695	-5.018
0.674	-5.074
0.656	-5.130
0.646	-5.161
0.638	-5.194
0.637	-5.227
0.634	-5.340
0.632	-5.454
0.645	-5.566
0.669	-5.767
0.719	-5.963
0.747	-6.163
0.753	-6.213
0.755	-6.264
0.747	-6.314
0.725	-6.448
0.696	-6.582
0.659	-6.713
0.624	-6.838
0.541	-6.951
0.543	-7.088
0.547	-7.410
0.564	-7.733
0.589	-8.054
0.593	-8.106
0.614	-8.155
0.629	-8.205
0.669	-8.344
0.721	-8.479
0.754	-8.620
0.792	-8.778
0.824	-8.939
0.844	-9.100
0.860	-9.228
0.856	-9.357
0.864	-9.485
0.911	-10.198
0.865	-8.346
0.854	-10.493
0.854	-10.532
0.865	-10.571
0.876	-10.608
0.977	-10.962
0.955	-10.903
1.043	-11.103
POLYLINE BLACK
1.075	-2.948
1.105	-3.322
1.135	-3.695
1.164	-4.069
1.166	-4.133
1.163	-4.197
1.168	-4.260
1.177	-4.365
1.199	-4.369
1.189	-4.454
1.174	-4.573
1.120	-4.618
1.077	-4.757
1.047	-4.852
1.040	-4.954
1.009	-5.049
0.981	-5.131
0.935	-5.206
0.901	-5.286
0.895	-5.300
0.892	-5.316
0.890	-5.331
0.872	-5.525
0.932	-5.429
0.943	-5.751
0.951	-5.974
0.937	-6.197
0.922	-6.420
0.899	-6.779
0.850	-6.852
0.860	-7.155
0.862	-7.216
0.924	-7.515
0.924	-7.521
0.950	-7.939
0.897	-8.304
1.005	-8.697
1.058	-8.889
1.147	-9.071
1.189	-9.265
1.270	-9.631
1.240	-10.283
1.235	-10.601
1.233	-10.688
1.204	-10.871
1.245	-10.967
1.258	-10.998
1.292	-11.013
1.316	-11.036
POLYLINE BLACK
-0.012	-3.409
-0.025	-3.443
-0.040	-3.476
-0.051	-3.511
-0.057	-3.532
-0.061	-3.553
-0.061	-3.574
-0.064	-3.726
-0.075	-3.880
-0.060	-4.031
-0.027	-4.363
0.047	-4.690
0.083	-5.022
0.100	-5.176
0.091	-5.332
0.100	-5.487
0.105	-5.557
0.127	-5.627
0.122	-5.698
0.110	-5.883
0.078	-6.067
0.049	-6.251
0.025	-6.405
-0.022	-6.483
-0.004	-6.634
0.034	-6.956
0.096	-7.276
0.132	-7.599
0.139	-7.656
0.127	-7.714
0.124	-7.771
0.112	-8.005
0.084	-8.238
0.086	-8.471
0.086	-8.568
0.115	-8.663
0.130	-8.759
0.183	-9.117
0.248	-9.473
0.290	-9.833
0.332	-10.203
0.282	-10.840
0.238	-11.145
0.180	-11.547
0.046	-11.358
0.204	-11.530
POLYLINE BLACK
0.661	-3.080
0.658	-3.115
0.657	-3.151
0.651	-3.185
0.638	-3.265
0.587	-3.336
0.584	-3.418
0.580	-3.498
0.631	-3.631
0.636	-3.674
0.650	-3.826
0.657	-3.979
0.652	-4.132
0.647	-4.265
0.563	-4.387
0.535	-4.512
0.492	-4.706
0.474	-4.904
0.436	-5.099
0.411	-5.227
0.311	-5.322
0.319	-5.453
0.336	-5.740
0.346	-5.320
0.386	-5.776
0.399	-5.921
0.385	-6.068
0.393	-6.213
0.397	-6.280
0.418	-6.345
0.422	-6.412
0.432	-6.559
0.359	-6.690
0.325	-6.829
0.317	-6.863
0.312	-6.898
0.311	-6.933
0.303	-7.082
0.296	-7.230
0.298	-7.378
0.300	-7.473
0.352	-7.580
0.369	-7.668
0.463	-8.155
0.386	-7.841
0.406	-8.351
0.424	-8.845
0.448	-8.311
0.522	-8.863
0.603	-9.462
0.528	-9.589
0.531	-10.220
0.532	-10.395
0.726	-10.956
0.727	-10.960
0.799	-11.217
0.715	-11.029
0.807	-11.212
POLYLINE BLACK
0.131	-11.440
0.106	-11.465
0.089	-11.490
0.080	-11.524
0.074	-11.550
0.077	-11.581
0.087	-11.605
0.121	-11.688
0.156	-11.770
0.191	-11.853
0.203	-11.872
0.217	-11.890
0.226	-11.910
0.236	-11.931
0.242	-11.954
0.249	-11.975
0.264	-12.025
0.298	-12.092
0.286	-12.151
0.274	-12.208
0.213	-12.282
0.175	-12.316
0.025	-12.449
-0.136	-12.571
-0.288	-12.703
-0.357	-12.764
-0.452	-12.993
-0.461	-13.007
-0.504	-13.077
-0.558	-13.139
-0.608	-13.204
-0.615	-13.213
-0.624	-13.220
-0.634	-13.227
-0.709	-13.281
-0.786	-13.332
-0.861	-13.387
-0.881	-13.401
-0.898	-13.420
-0.918	-13.434
-0.981	-13.477
-1.052	-13.511
-1.111	-13.560
-1.181	-13.617
-1.232	-13.694
-1.302	-13.750
-1.869	-14.155
-1.588	-13.937
-1.886	-14.184
-1.968	-14.252
-2.048	-14.322
-2.131	-14.387
-2.227	-14.461
-2.286	-14.472
-2.348	-14.576
-2.373	-14.619
-2.373	-14.634
-2.385	-14.686
-2.387	-14.694
-2.387	-14.701
-2.389	-14.708
-2.393	-14.723
-2.399	-14.737
-2.404	-14.751
POLYLINE BLACK
1.179	-10.995
1.184	-10.984
POLYLINE BLACK
0.000	-0.000
0.000	-0.000
POLYLINE BLACK
1.205	-10.950
1.214	-10.965
1.224	-10.980
1.232	-10.996
1.237	-11.005
1.240	-11.014
1.242	-11.024
1.259	-11.085
1.283	-11.144
1.291	-11.206
1.299	-11.267
1.294	-11.328
1.290	-11.388
1.288	-11.432
1.278	-11.475
1.273	-11.518
1.253	-11.706
1.308	-11.490
1.206	-11.855
1.183	-11.936
1.173	-11.905
1.165	-11.972
1.161	-12.007
1.162	-12.043
1.158	-12.078
1.157	-12.089
1.153	-12.100
1.150	-12.111
1.142	-12.137
1.130	-12.163
1.124	-12.190
1.119	-12.213
1.115	-12.237
1.114	-12.260
1.098	-12.858
1.159	-12.236
1.019	-12.979
1.012	-13.013
1.019	-13.049
1.015	-13.084
1.003	-13.182
0.942	-13.280
0.896	-13.360
0.879	-13.390
0.805	-13.512
0.756	-13.542
0.589	-13.643
0.420	-13.743
0.246	-13.831
0.168	-13.871
0.084	-13.898
0.001	-13.927
-0.198	-13.996
-0.272	-13.994
-0.428	-14.083
-0.556	-14.156
-0.623	-14.252
-0.729	-14.371
-0.789	-14.438
-0.847	-14.507
-0.904	-14.578
-0.950	-14.636
-1.029	-14.775
-1.112	-14.837
-1.207	-14.909
-1.190	-14.853
-1.197	-14.938
POLYLINE BLACK
0.758	-11.130
0.753	-11.213
0.825	-11.263
0.846	-11.337
0.862	-11.392
0.844	-11.446
0.827	-11.499
0.823	-11.511
0.818	-11.523
0.811	-11.533
0.799	-11.551
0.786	-11.569
0.772	-11.585
0.730	-11.633
0.656	-11.690
0.648	-11.761
0.637	-11.863
0.720	-11.967
0.750	-12.058
0.868	-12.407
0.476	-12.650
0.289	-12.858
0.259	-12.892
0.215	-12.968
0.199	-13.019
0.182	-13.068
0.171	-13.119
0.155	-13.168
0.139	-13.213
0.068	-13.299
0.050	-13.315
-0.344	-13.666
-0.038	-13.336
-0.580	-13.671
-0.764	-13.785
-0.929	-13.928
-1.101	-14.059
-1.114	-14.069
-1.126	-14.082
-1.135	-14.095
-1.154	-14.120
-1.170	-14.147
-1.184	-14.175
-1.224	-14.251
-1.224	-14.292
-1.283	-14.356
-1.379	-14.458
-1.487	-14.548
-1.581	-14.651
-1.634	-14.709
-1.680	-14.836
-1.707	-14.898
POLYLINE BLACK
1.005	-11.079
0.969	-11.084
1.085	-11.404
1.044	-11.525
1.042	-11.532
1.039	-11.539
1.034	-11.546
1.008	-11.587
0.977	-11.625
0.951	-11.667
0.912	-11.731
0.872	-11.939
0.871	-11.943
0.862	-11.999
0.866	-12.106
0.879	-12.168
0.885	-12.198
0.897	-12.226
0.904	-12.255
0.916	-12.308
0.911	-12.394
0.892	-12.445
0.820	-12.643
0.612	-12.840
0.502	-12.962
0.452	-13.018
0.387	-13.059
0.332	-13.111
0.290	-13.152
0.227	-13.280
0.211	-13.302
0.181	-13.344
0.143	-13.381
0.108	-13.418
0.099	-13.427
0.088	-13.434
0.077	-13.441
0.044	-13.463
0.009	-13.484
-0.025	-13.506
-0.210	-13.627
0.140	-13.412
-0.265	-13.631
-0.311	-13.656
-0.352	-13.688
-0.396	-13.715
-0.572	-13.820
-0.568	-13.786
-0.790	-13.952
-0.994	-14.103
-0.987	-14.149
-1.144	-14.351
-1.155	-14.366
-1.171	-14.377
-1.184	-14.390
-1.224	-14.428
-1.268	-14.463
-1.306	-14.504
-1.333	-14.533
-1.356	-14.566
-1.378	-14.600
-1.397	-14.629
-1.417	-14.659
-1.430	-14.692
-1.506	-14.872
-1.457	-14.812
-1.514	-14.907
POLYLINE BLACK
-1.193	-14.913
-1.215	-14.923
-1.230	-14.928
-1.246	-14.943
-1.269	-14.967
-1.291	-15.023
-1.297	-15.039
-1.340	-15.151
-1.327	-15.188
-1.345	-15.325
-1.348	-15.352
-1.357	-15.377
-1.360	-15.403
-1.366	-15.452
-1.360	-15.502
-1.373	-15.549
-1.414	-15.702
-1.475	-15.850
-1.522	-16.001
-1.544	-16.075
-1.558	-16.151
-1.580	-16.224
-1.601	-16.297
-1.617	-16.296
-1.621	-16.353
-1.622	-16.365
-1.623	-16.376
-1.621	-16.387
-1.559	-16.661
-1.489	-16.932
-1.429	-17.206
-1.420	-17.244
-1.418	-17.283
-1.417	-17.322
-1.414	-17.396
-1.436	-17.446
-1.445	-17.521
-1.455	-17.605
-1.451	-17.690
-1.467	-17.772
-1.483	-17.854
-1.511	-17.933
-1.539	-18.011
-1.589	-18.150
-1.652	-18.262
-1.747	-18.378
-1.893	-18.556
-1.850	-18.461
-2.012	-18.589
-2.119	-18.673
-2.225	-18.758
-2.322	-18.853
-2.389	-18.918
-2.445	-18.993
-2.502	-19.067
-2.522	-19.092
-2.567	-19.165
-2.578	-19.206
-2.584	-19.229
-2.618	-19.424
-2.657	-19.493
-2.786	-19.727
-3.272	-20.132
-3.283	-20.145
-3.441	-20.321
-3.505	-20.495
-3.570	-20.717
-3.604	-20.833
-3.627	-20.952
-3.654	-21.070
-3.656	-21.079
-3.661	-21.091
-3.655	-21.099
-3.651	-21.104
-3.647	-21.089
-3.644	-21.083
-3.638	-21.072
-3.633	-21.060
-3.628	-21.049
POLYLINE BLACK
-2.390	-14.682
-2.399	-14.712
-2.411	-14.741
-2.416	-14.772
-2.430	-14.852
-2.428	-14.942
-2.414	-15.021
-2.405	-15.068
-2.391	-15.113
-2.377	-15.159
-2.355	-15.233
-2.322	-15.303
-2.305	-15.379
-2.274	-15.514
-2.256	-15.812
-2.263	-15.938
-2.267	-16.006
-2.283	-16.073
-2.302	-16.138
-2.345	-16.293
-2.394	-16.446
-2.448	-16.598
-2.458	-16.628
-2.595	-16.905
-2.598	-16.911
-2.644	-17.018
-2.640	-17.280
-2.647	-17.315
-2.677	-17.467
-2.735	-17.611
-2.775	-17.761
-2.915	-18.288
-2.683	-17.610
-3.008	-18.421
-3.035	-18.487
-3.050	-18.556
-3.080	-18.621
-3.111	-18.687
-3.150	-18.751
-3.191	-18.812
-3.216	-18.849
-3.245	-18.883
-3.276	-18.914
-3.433	-19.077
-3.606	-19.225
-3.755	-19.395
-3.834	-19.484
-3.884	-19.595
-3.956	-19.689
-4.091	-19.866
-4.246	-20.028
-4.376	-20.208
-4.428	-20.280
-4.465	-20.362
-4.500	-20.442
-4.520	-20.487
-4.531	-20.534
-4.541	-20.582
-4.547	-20.607
-4.546	-20.633
-4.546	-20.659
-4.547	-20.696
-4.550	-20.693
-4.533	-20.682
POLYLINE BLACK
-3.668	-21.079
-3.703	-21.343
-3.650	-20.990
-3.729	-21.331
-3.738	-21.369
-3.741	-21.409
-3.743	-21.448
-3.747	-21.537
-3.728	-21.608
-3.713	-21.698
-3.704	-21.751
-3.707	-21.755
-3.683	-21.807
-3.678	-21.820
-3.671	-21.832
-3.662	-21.843
-3.534	-21.993
-3.406	-22.144
-3.273	-22.290
-3.226	-22.341
-3.173	-22.385
-3.123	-22.433
-3.070	-22.485
-3.016	-22.536
-2.965	-22.590
-2.916	-22.643
-2.908	-22.641
-2.933	-22.644
POLYLINE BLACK
-4.082	-20.497
-4.156	-20.571
-4.130	-20.540
-4.218	-20.678
-4.223	-20.685
-4.226	-20.694
-4.228	-20.702
-4.243	-20.754
-4.235	-20.775
-4.247	-20.838
-4.256	-20.882
-4.280	-20.920
-4.269	-20.966
-4.245	-21.069
-4.212	-21.120
-4.155	-21.225
-4.121	-21.289
-4.085	-21.352
-4.046	-21.414
-4.014	-21.466
-3.949	-21.538
-3.933	-21.605
-3.902	-21.731
-3.874	-21.858
-3.856	-21.986
-3.832	-22.153
-3.858	-22.344
-3.785	-22.505
-3.727	-22.634
-3.678	-22.689
-3.576	-22.797
-3.334	-23.052
-3.394	-22.914
-3.339	-23.056
POLYLINE BLACK
-4.003	-20.665
-4.058	-20.686
-4.072	-20.696
-4.097	-20.756
-4.133	-20.841
-4.161	-20.926
-4.128	-21.015
-4.073	-21.161
-4.068	-21.096
-3.965	-21.282
-3.914	-21.373
-3.871	-21.468
-3.829	-21.564
-3.816	-21.594
-3.809	-21.627
-3.802	-21.659
-3.794	-21.700
-3.788	-21.741
-3.786	-21.782
-3.777	-21.907
-3.791	-21.995
-3.758	-22.109
-3.751	-22.132
-3.653	-22.471
-3.590	-22.554
-3.532	-22.629
-3.456	-22.690
-3.395	-22.763
-3.171	-23.031
-3.469	-22.736
-3.218	-22.973
POLYLINE BLACK
0.014	-3.408
0.033	-3.429
0.051	-3.451
0.071	-3.470
0.124	-3.520
0.248	-3.503
0.297	-3.500
0.331	-3.497
0.379	-3.490
0.412	-3.471
0.448	-3.451
0.467	-3.415
0.496	-3.387
0.511	-3.373
0.527	-3.360
0.544	-3.349
0.592	-3.319
0.675	-3.293
0.709	-3.236
0.757	-3.156
0.738	-3.060
0.782	-2.978
0.821	-2.904
0.886	-2.803
0.951	-2.743
0.975	-2.721
1.004	-2.705
1.030	-2.686
POLYLINE BLACK
-4.432	-20.302
-4.409	-20.426
-4.383	-20.454
-4.273	-20.522
-4.206	-20.564
-4.131	-20.613
-4.048	-20.617
-3.993	-20.620
-3.947	-20.592
-3.894	-20.581
-3.818	-20.567
-3.732	-20.568
-3.658	-20.595
-3.523	-20.644
-3.530	-20.603
-3.546	-20.689
POLYLINE BLACK
-4.569	-20.641
-4.572	-20.662
-4.579	-20.684
-4.578	-20.705
-4.573	-20.768
-4.562	-20.831
-4.549	-20.894
-4.524	-21.015
-4.508	-21.117
-4.446	-21.221
-4.408	-21.283
-4.279	-21.443
-4.251	-21.551
-4.197	-21.758
-4.148	-21.966
-4.103	-22.174
-4.081	-22.274
-4.089	-22.366
-4.042	-22.457
-3.993	-22.551
-3.929	-22.638
-3.883	-22.734
-3.864	-22.773
-3.770	-23.066
-3.687	-23.170
-3.627	-23.247
-3.507	-23.339
-3.438	-23.388
-3.372	-23.434
-3.288	-23.449
-3.231	-23.505
-3.160	-23.574
-3.062	-23.703
-3.018	-23.783
-2.987	-23.840
-2.977	-23.907
-2.942	-23.962
-2.878	-24.063
-2.791	-24.149
-2.724	-24.248
-2.652	-24.354
-2.606	-24.467
-2.572	-24.589
POLYLINE BLACK
-2.969	-22.643
-2.951	-22.661
-2.932	-22.677
-2.916	-22.696
-2.876	-22.749
-2.838	-22.831
-2.804	-22.885
-2.786	-22.913
-2.765	-22.940
-2.745	-22.967
-2.704	-23.034
-2.663	-23.101
-2.622	-23.168
-2.609	-23.188
-2.593	-23.208
-2.581	-23.229
-2.539	-23.305
-2.507	-23.387
-2.461	-23.460
-2.434	-23.504
-2.326	-23.618
-2.299	-23.688
-2.270	-23.765
-2.256	-23.846
-2.226	-23.922
-2.203	-23.983
-2.168	-24.038
-2.140	-24.097
-2.134	-24.111
-2.131	-24.126
-2.126	-24.140
-2.123	-24.148
-2.120	-24.155
-2.116	-24.163
POLYLINE BLACK
-2.958	-23.852
-2.889	-23.884
-2.822	-23.921
-2.752	-23.949
-2.688	-23.975
-2.610	-23.992
-2.540	-23.981
-2.457	-23.966
-2.406	-23.873
-2.316	-23.882
-2.213	-23.894
-2.239	-23.872
-2.201	-23.926
POLYLINE BROWN
-2.662	-23.424
-2.656	-23.463
-2.651	-23.468
-2.615	-23.488
-2.582	-23.507
-2.551	-23.527
-2.517	-23.543
-2.493	-23.554
-2.466	-23.559
-2.441	-23.568
-2.437	-23.569
-2.433	-23.575
-2.432	-23.579
-2.430	-23.583
-2.429	-23.590
-2.430	-23.594
-2.437	-23.642
-2.445	-23.690
-2.454	-23.738
-2.456	-23.751
-2.470	-23.763
-2.479	-23.770
-2.493	-23.780
-2.541	-23.807
-2.551	-23.814
-2.590	-23.844
-2.626	-23.876
-2.664	-23.906
-2.670	-23.911
-2.680	-23.912
-2.687	-23.910
-2.730	-23.902
-2.769	-23.831
-2.787	-23.812
-2.821	-23.777
-2.856	-23.773
-2.836	-23.723
-2.835	-23.719
-2.833	-23.715
-2.830	-23.712
-2.810	-23.686
-2.784	-23.664
-2.767	-23.635
-2.488	-23.140
-2.742	-23.543
-2.663	-23.418
POLYLINE BROWN
-2.431	-23.593
-2.446	-23.602
-2.462	-23.609
-2.475	-23.620
-2.522	-23.660
-2.566	-23.704
-2.612	-23.746
-2.615	-23.748
-2.623	-23.751
-2.626	-23.752
-2.629	-23.753
-2.633	-23.753
-2.637	-23.753
-2.673	-23.751
-2.708	-23.744
-2.744	-23.744
-2.806	-23.744
-2.806	-23.747
-2.849	-23.766
POLYLINE BROWN
-2.607	-23.755
-2.656	-23.450
POLYLINE BLACK
-2.068	-24.202
-2.050	-24.246
-2.048	-24.244
-2.043	-24.303
-1.972	-25.096
-2.039	-24.224
-2.066	-25.137
-2.071	-25.288
-2.044	-25.437
-2.041	-25.588
-2.041	-25.639
-2.055	-25.689
-2.056	-25.740
-2.056	-25.788
-2.047	-25.835
-2.046	-25.883
-2.042	-26.086
-2.087	-25.845
-2.031	-26.208
-2.022	-26.262
-2.004	-26.315
-1.988	-26.368
-1.985	-26.378
-1.981	-26.389
-1.975	-26.398
-1.901	-26.519
-1.828	-26.641
-1.748	-26.758
-1.715	-26.807
-1.676	-26.851
-1.639	-26.896
-1.579	-26.968
-1.654	-26.864
-1.580	-26.943
-1.303	-27.239
-1.465	-27.112
-1.191	-27.322
-1.184	-27.327
-1.176	-27.330
-1.169	-27.334
-1.133	-27.349
-1.093	-27.357
-1.060	-27.377
-0.980	-27.426
-0.907	-27.485
-0.833	-27.542
-0.815	-27.555
-0.799	-27.570
-0.784	-27.586
-0.719	-27.657
-0.654	-27.727
-0.592	-27.801
-0.561	-27.837
-0.534	-27.877
-0.507	-27.916
-0.485	-27.949
-0.466	-27.984
-0.443	-28.018
-0.443	-28.019
-0.427	-28.036
-0.421	-28.039
-0.414	-28.041
-0.406	-28.042
-0.399	-28.044
POLYLINE BLACK
0.544	-28.808
0.482	-28.764
0.446	-28.728
0.381	-28.703
0.353	-28.693
0.325	-28.686
0.296	-28.676
0.280	-28.670
0.264	-28.661
0.247	-28.657
0.213	-28.648
0.178	-28.645
0.144	-28.637
0.117	-28.632
0.091	-28.624
0.065	-28.617
-0.020	-28.597
0.000	-28.606
-0.099	-28.562
-0.107	-28.558
-0.115	-28.552
-0.123	-28.546
-0.137	-28.534
-0.151	-28.521
-0.164	-28.507
-0.206	-28.460
-0.261	-28.342
-0.274	-28.313
-0.307	-28.244
-0.334	-28.173
-0.366	-28.104
-0.387	-28.060
-0.382	-28.085
-0.400	-28.058
-0.409	-28.045
-0.417	-28.030
-0.426	-28.016
POLYLINE BLACK
-2.433	-25.113
-2.490	-25.040
POLYLINE BLACK
0.505	-29.258
0.470	-29.273
0.436	-29.288
0.401	-29.302
0.262	-29.355
0.121	-29.402
-0.017	-29.458
-0.044	-29.469
-0.068	-29.486
-0.093	-29.502
-0.195	-29.570
-0.278	-29.655
-0.400	-29.683
-0.722	-29.759
-1.050	-29.810
-1.371	-29.890
-1.476	-29.916
-1.663	-30.027
-1.759	-30.070
-1.891	-30.129
-2.068	-30.101
-2.195	-30.098
-2.222	-30.097
-2.267	-30.084
-2.292	-30.071
-2.347	-30.042
-2.395	-29.984
-2.433	-29.943
-2.449	-29.926
-2.464	-29.906
-2.476	-29.886
-2.498	-29.847
-2.531	-29.761
-2.534	-29.718
-2.541	-29.619
-2.540	-29.519
-2.537	-29.419
-2.533	-29.326
-2.527	-29.232
-2.513	-29.140
-2.498	-29.045
-2.442	-28.923
-2.450	-28.816
-2.473	-28.499
-2.661	-27.791
-2.678	-27.699
-2.691	-27.634
-2.697	-27.567
-2.690	-27.502
-2.673	-27.324
-2.644	-27.148
-2.607	-26.973
-2.457	-26.270
-2.586	-27.307
-2.461	-26.373
-2.438	-26.201
-2.527	-25.849
-2.534	-25.766
-2.546	-25.620
-2.544	-25.473
-2.536	-25.327
-2.520	-25.033
-2.497	-25.279
-2.463	-25.033
-2.449	-24.933
-2.447	-24.831
-2.442	-24.730
-2.441	-24.717
-2.448	-24.695
-2.454	-24.684
-2.473	-24.646
-2.503	-24.632
-2.540	-24.602
POLYLINE BLACK
-2.723	-24.290
-2.675	-24.316
-2.627	-24.339
-2.581	-24.366
-2.567	-24.374
-2.554	-24.384
-2.544	-24.397
-2.461	-24.501
-2.381	-24.608
-2.304	-24.716
-2.251	-24.790
-2.237	-24.890
-2.254	-24.978
-2.264	-25.030
-2.287	-25.103
-2.315	-25.151
-2.332	-25.180
-2.356	-25.205
-2.372	-25.235
-2.410	-25.303
-2.413	-25.363
-2.427	-25.441
-2.430	-25.456
-2.432	-25.472
-2.436	-25.487
-2.445	-25.519
-2.460	-25.546
-2.480	-25.573
-2.501	-25.603
-2.514	-25.606
-2.524	-25.635
-2.543	-25.686
-2.517	-25.734
-2.504	-25.785
POLYLINE BROWN
-1.806	-28.585
-2.068	-28.272
-1.911	-28.481
-2.235	-27.781
-2.248	-27.753
-2.258	-27.703
-2.257	-27.671
-2.247	-27.388
-2.221	-27.104
-2.221	-26.821
-2.234	-26.463
-2.247	-26.105
-2.259	-25.747
-2.256	-25.745
-2.252	-25.741
-2.248	-25.742
-2.241	-25.746
-2.237	-25.754
-2.232	-25.761
-2.189	-25.828
-2.199	-25.834
-2.170	-25.928
-2.142	-26.019
-2.116	-26.110
-2.085	-26.200
-1.856	-26.861
-1.878	-26.822
-1.630	-27.354
-1.624	-27.367
-1.602	-27.387
-1.592	-27.393
-1.428	-27.492
-1.261	-27.587
-1.097	-27.686
-1.082	-27.695
-1.070	-27.707
-1.057	-27.719
-1.001	-27.771
-0.978	-27.900
-0.956	-27.946
-0.860	-28.151
-0.760	-28.353
-0.655	-28.553
-0.631	-28.599
-0.596	-28.639
-0.568	-28.683
-0.565	-28.688
-0.564	-28.694
-0.562	-28.700
-0.551	-28.741
-0.567	-28.783
-0.601	-28.808
-0.646	-28.840
-0.689	-28.876
-0.737	-28.903
-0.799	-28.938
-0.866	-28.965
-0.931	-28.994
-0.996	-29.024
-1.061	-29.053
-1.127	-29.080
-1.135	-29.083
-1.143	-29.083
-1.150	-29.084
-1.185	-29.086
-1.226	-29.071
-1.253	-29.052
-1.393	-28.954
-1.532	-28.855
-1.668	-28.752
-1.815	-28.638
-1.708	-28.679
-1.803	-28.649
POLYLINE BROWN
-1.704	-28.586
-1.647	-28.482
-1.589	-28.378
-1.532	-28.273
-1.520	-28.251
-1.516	-28.233
-1.494	-28.219
-1.469	-28.204
-1.426	-28.199
-1.399	-28.211
-1.250	-28.280
-1.101	-28.352
-0.953	-28.425
-0.835	-28.483
-0.711	-28.537
-0.608	-28.622
-0.595	-28.633
-0.585	-28.649
-0.574	-28.662
POLYLINE BROWN
-1.442	-28.190
-1.623	-27.986
-1.427	-28.199
-1.870	-27.823
-1.903	-27.795
-1.945	-27.737
-1.950	-27.692
-2.001	-27.296
-2.043	-26.900
-2.095	-26.505
-2.127	-26.262
-2.166	-26.020
-2.202	-25.777
POLYLINE BROWN
-2.363	-29.181
-2.238	-28.978
-2.298	-29.070
-2.059	-28.745
-2.055	-28.740
-2.043	-28.736
-2.037	-28.735
-2.028	-28.734
-2.019	-28.736
-2.011	-28.739
-1.952	-28.762
-1.897	-28.794
-1.836	-28.809
-1.710	-28.840
-1.579	-28.853
-1.451	-28.876
-1.445	-28.878
-1.439	-28.880
-1.433	-28.882
-1.386	-28.902
-1.409	-28.960
-1.387	-28.995
-1.302	-29.128
-1.210	-29.256
-1.123	-29.387
-1.101	-29.421
-1.119	-29.479
-1.138	-29.508
-1.187	-29.582
-1.240	-29.651
-1.287	-29.726
-1.309	-29.761
-1.325	-29.799
-1.346	-29.835
-1.349	-29.840
-1.353	-29.845
-1.357	-29.850
-1.373	-29.868
-1.399	-29.871
-1.421	-29.866
-1.513	-29.849
-1.605	-29.834
-1.695	-29.812
-1.755	-29.797
-1.813	-29.775
-1.871	-29.753
-1.940	-29.728
-1.943	-29.712
-2.003	-29.704
-2.034	-29.699
-2.049	-29.704
-2.081	-29.710
-2.146	-29.720
-2.211	-29.732
-2.276	-29.741
-2.300	-29.744
-2.325	-29.726
-2.339	-29.708
-2.357	-29.685
-2.362	-29.655
-2.359	-29.627
-2.341	-29.449
-2.321	-29.271
-2.302	-29.093
POLYLINE BROWN
-2.021	-28.810
-2.003	-28.915
-1.984	-29.020
-1.968	-29.126
-1.952	-29.227
-1.941	-29.328
-1.926	-29.428
-1.924	-29.443
-1.903	-29.457
-1.889	-29.457
-1.782	-29.461
-1.676	-29.472
-1.569	-29.467
-1.220	-29.449
-1.024	-29.366
-1.186	-29.432
POLYLINE BROWN
-1.969	-29.789
-1.875	-29.479
POLYLINE BLACK
-3.105	-18.708
-3.030	-18.767
-3.015	-18.792
-2.980	-18.884
-2.956	-18.948
-2.937	-19.013
-2.914	-19.076
-2.912	-19.082
-2.907	-19.087
-2.903	-19.091
-2.883	-19.113
-2.853	-19.118
-2.828	-19.131
-2.800	-19.146
-2.775	-19.169
-2.755	-19.193
-2.720	-19.234
-2.707	-19.283
-2.682	-19.329
-2.664	-19.363
-2.620	-19.394
-2.594	-19.416
POLYLINE BLACK
-2.384	-16.486
-2.349	-16.401
-2.307	-16.333
-2.211	-16.313
-2.103	-16.291
-2.052	-16.300
-1.968	-16.259
-1.858	-16.206
-1.794	-16.104
-1.704	-16.019
-1.694	-16.010
-1.681	-16.004
-1.669	-15.997
-1.644	-15.981
-1.617	-15.967
-1.594	-15.948
-1.593	-15.947
-1.488	-15.853
-1.467	-15.815
-1.451	-15.786
-1.439	-15.754
-1.424	-15.723
POLYLINE BLACK
-3.257	-22.965
-2.871	-23.214
-3.147	-23.062
-2.699	-23.239
-2.669	-23.250
-2.565	-23.330
-2.561	-23.333
-2.520	-23.366
-2.553	-23.350
-2.518	-23.381
-2.512	-23.387
-2.503	-23.391
-2.496	-23.396
POLYLINE BLACK
-3.315	-23.056
-3.299	-23.075
-3.284	-23.096
-3.266	-23.113
-3.158	-23.219
-2.932	-23.257
-2.821	-23.292
-2.800	-23.298
-2.778	-23.301
-2.758	-23.310
-2.612	-23.376
-2.571	-23.406
-2.446	-23.525
-2.424	-23.547
-2.408	-23.575
-2.389	-23.600
POLYLINE BLACK
-1.430	-27.173
-1.412	-27.207
-1.397	-27.241
-1.377	-27.273
-1.348	-27.319
-1.291	-27.412
-1.237	-27.458
-1.225	-27.468
-1.211	-27.476
-1.198	-27.485
-1.161	-27.508
-1.120	-27.525
-1.085	-27.552
-1.041	-27.585
-1.001	-27.624
-0.961	-27.663
-0.948	-27.676
-0.937	-27.690
-0.929	-27.706
-0.884	-27.794
-0.838	-27.882
-0.801	-27.974
-0.729	-28.151
-0.773	-28.138
-0.688	-28.260
-0.641	-28.327
-0.584	-28.386
-0.541	-28.455
-0.480	-28.553
-0.437	-28.710
-0.440	-28.826
-0.444	-28.942
-0.500	-29.104
-0.401	-29.203
-0.391	-29.213
-0.366	-29.232
-0.352	-29.235
-0.272	-29.255
-0.208	-29.263
-0.127	-29.260
-0.050	-29.257
0.125	-29.180
0.139	-29.174
0.159	-29.166
0.177	-29.154
0.195	-29.141
0.249	-29.101
0.287	-29.040
0.347	-29.007
0.350	-29.005
0.385	-28.988
0.397	-28.989
0.427	-28.991
0.456	-28.996
0.486	-29.000
POLYLINE BLACK
-1.003	-27.427
-0.981	-27.486
-0.977	-27.513
-0.940	-27.561
-0.923	-27.583
-0.903	-27.603
-0.884	-27.624
-0.855	-27.656
-0.822	-27.685
-0.796	-27.720
-0.757	-27.770
-0.624	-28.009
-0.612	-28.032
-0.582	-28.095
-0.569	-28.165
-0.536	-28.226
-0.510	-28.274
-0.335	-28.478
-0.338	-28.601
-0.341	-28.728
-0.355	-28.854
-0.361	-28.981
-0.361	-28.994
-0.358	-29.008
-0.355	-29.022
-0.343	-29.074
-0.317	-29.110
-0.262	-29.119
-0.170	-29.135
-0.057	-29.063
0.023	-29.040
0.123	-29.011
0.168	-29.024
0.243	-28.983
0.287	-28.960
0.310	-28.907
0.341	-28.872
0.359	-28.852
0.381	-28.834
0.402	-28.816
0.407	-28.812
0.412	-28.809
0.418	-28.809
0.442	-28.809
0.467	-28.813
0.491	-28.815
POLYLINE BLACK
0.498	-29.264
0.506	-29.254
0.513	-29.244
0.522	-29.235
0.564	-29.190
0.659	-29.178
0.700	-29.167
0.727	-29.160
0.765	-29.167
0.785	-29.186
0.819	-29.220
0.847	-29.268
0.869	-29.305
0.883	-29.328
0.892	-29.353
0.905	-29.377
0.909	-29.383
0.914	-29.389
0.919	-29.395
0.951	-29.431
0.988	-29.463
1.018	-29.502
1.069	-29.568
1.114	-29.639
1.162	-29.708
1.226	-29.799
1.285	-29.893
1.355	-29.979
1.410	-30.047
1.473	-30.108
1.535	-30.169
1.556	-30.189
1.581	-30.204
1.604	-30.222
1.608	-30.226
1.611	-30.229
1.614	-30.234
1.636	-30.268
1.648	-30.310
1.649	-30.350
1.651	-30.484
1.615	-30.442
1.675	-30.491
POLYLINE BLACK
2.647	-29.867
2.637	-29.866
2.627	-29.866
2.617	-29.865
2.598	-29.863
2.579	-29.858
2.560	-29.855
2.532	-29.852
2.497	-29.857
2.468	-29.845
2.414	-29.824
2.362	-29.795
2.306	-29.778
2.122	-29.720
1.911	-29.689
1.735	-29.598
1.646	-29.552
1.564	-29.492
1.477	-29.442
1.456	-29.430
1.433	-29.422
1.411	-29.413
1.377	-29.398
1.341	-29.387
1.309	-29.370
1.226	-29.324
1.198	-29.272
1.121	-29.209
1.094	-29.187
1.061	-29.172
1.032	-29.151
1.014	-29.138
0.976	-29.104
0.963	-29.082
0.939	-29.041
0.902	-28.936
0.848	-28.896
0.825	-28.879
0.785	-28.861
0.762	-28.852
0.752	-28.848
0.742	-28.844
0.731	-28.842
0.669	-28.833
0.606	-28.828
0.544	-28.819
0.540	-28.819
0.533	-28.815
0.530	-28.813
0.524	-28.808
0.519	-28.803
0.514	-28.798
POLYLINE BROWN
1.501	-29.787
1.502	-29.812
1.502	-29.838
1.503	-29.863
1.504	-29.868
1.504	-29.896
1.513	-29.905
1.521	-29.913
1.535	-29.916
1.545	-29.918
1.558	-29.920
1.571	-29.922
1.584	-29.923
1.600	-29.924
1.620	-29.896
1.623	-29.883
1.628	-29.868
1.615	-29.853
1.603	-29.845
1.599	-29.842
1.593	-29.840
1.590	-29.836
1.573	-29.818
1.557	-29.799
1.542	-29.781
1.537	-29.775
1.534	-29.768
1.527	-29.766
1.522	-29.765
1.517	-29.767
1.513	-29.768
1.502	-29.770
1.492	-29.772
1.481	-29.774
POLYLINE BROWN
1.164	-29.387
1.163	-29.403
1.161	-29.418
1.161	-29.433
1.161	-29.456
1.167	-29.482
1.184	-29.499
1.204	-29.517
1.254	-29.545
1.275	-29.514
1.280	-29.508
1.284	-29.498
1.283	-29.490
1.280	-29.475
1.263	-29.474
1.253	-29.468
1.244	-29.464
1.237	-29.458
1.231	-29.450
1.227	-29.445
1.205	-29.410
1.192	-29.405
1.174	-29.398
1.155	-29.396
1.136	-29.392
POLYLINE BROWN
1.506	-29.892
1.506	-29.878
1.507	-29.867
1.522	-29.865
1.528	-29.864
1.533	-29.864
1.539	-29.866
1.545	-29.868
1.550	-29.870
1.555	-29.871
1.562	-29.873
1.570	-29.873
1.577	-29.875
1.588	-29.877
1.608	-29.891
1.612	-29.895
1.614	-29.896
1.613	-29.899
1.614	-29.902
POLYLINE BROWN
1.527	-29.852
1.526	-29.773
POLYLINE BROWN
1.167	-29.403
1.167	-29.410
1.166	-29.416
1.166	-29.422
1.166	-29.440
1.180	-29.458
1.192	-29.470
1.198	-29.476
1.204	-29.481
1.213	-29.482
1.214	-29.482
1.216	-29.482
1.218	-29.482
1.225	-29.482
1.232	-29.480
1.240	-29.480
1.249	-29.480
1.261	-29.482
1.269	-29.487
1.272	-29.489
1.274	-29.491
1.276	-29.493
POLYLINE BROWN
1.207	-29.502
1.211	-29.517
1.208	-29.511
1.216	-29.521
POLYLINE BROWN
1.208	-29.521
1.201	-29.502
1.203	-29.513
1.204	-29.486
POLYLINE BROWN
1.287	-29.607
1.292	-29.632
1.309	-29.723
1.311	-29.733
1.312	-29.737
1.318	-29.742
1.322	-29.744
1.340	-29.749
1.358	-29.753
1.376	-29.759
1.385	-29.762
1.394	-29.766
1.403	-29.770
1.405	-29.770
1.406	-29.770
1.407	-29.770
1.411	-29.769
1.414	-29.766
1.416	-29.763
1.421	-29.751
1.435	-29.732
1.426	-29.717
1.416	-29.702
1.406	-29.688
1.396	-29.673
1.393	-29.669
1.392	-29.667
1.388	-29.663
1.376	-29.653
1.344	-29.644
1.341	-29.643
1.333	-29.639
1.326	-29.633
1.318	-29.629
1.314	-29.627
1.311	-29.625
1.307	-29.625
1.298	-29.626
1.290	-29.631
1.282	-29.634
POLYLINE BROWN
1.312	-29.731
1.317	-29.717
1.323	-29.691
1.342	-29.690
1.357	-29.689
1.381	-29.699
1.393	-29.702
1.398	-29.703
1.407	-29.703
1.410	-29.703
POLYLINE BROWN
1.335	-29.681
1.308	-29.667
1.305	-29.660
1.285	-29.635
POLYLINE BLACK
0.488	-29.250
0.484	-29.244
0.481	-29.239
0.478	-29.233
0.466	-29.207
0.473	-29.172
0.476	-29.147
0.478	-29.133
0.484	-29.118
0.494	-29.107
0.508	-29.090
0.542	-29.067
0.566	-29.064
0.582	-29.062
0.597	-29.062
0.612	-29.059
0.621	-29.057
0.630	-29.054
0.639	-29.051
0.653	-29.045
0.672	-29.038
0.682	-29.024
0.692	-29.008
0.709	-28.988
0.715	-28.967
0.722	-28.944
0.704	-28.919
0.680	-28.916
0.678	-28.915
0.676	-28.915
0.673	-28.915
0.661	-28.916
0.649	-28.919
0.637	-28.919
0.621	-28.918
0.606	-28.915
0.591	-28.912
0.584	-28.910
0.572	-28.905
0.565	-28.900
0.557	-28.895
0.550	-28.887
0.546	-28.879
0.541	-28.871
0.537	-28.862
0.533	-28.853
0.531	-28.849
0.531	-28.844
0.528	-28.840
0.528	-28.839
0.526	-28.838
0.525	-28.838
0.523	-28.840
0.522	-28.842
0.521	-28.844
0.520	-28.848
0.518	-28.852
0.517	-28.856
POLYLINE BLACK
0.422	-28.994
0.431	-28.993
0.439	-28.993
0.447	-28.991
0.484	-28.982
0.522	-28.963
0.549	-28.937
0.561	-28.926
0.567	-28.916
0.576	-28.903

ELEVATION
STATIONS
0.000	0.000	0
0.486	0.718	1
0.584	3.369	2
1.117	4.273	3
-2.350	3.138	4
-1.427	0.900	5
-4.503	4.366	6
-3.561	6.523	7
-2.321	9.135	8
-2.462	12.329	9
0.553	15.098	10
1.721	13.312	11
2.994	13.232	12
10.069	8.822	13
SHOTS
0.000	0.000	0.711	0.099
0.000	0.000	0.843	0.133
0.000	0.000	-6.926	-2.150
0.000	0.000	-4.274	-1.707
0.000	0.000	-4.250	-1.476
0.000	0.000	0.053	1.314
0.000	0.000	3.024	-33.430
0.000	0.000	0.942	-31.372
0.000	0.000	0.213	-28.869
0.000	0.000	0.486	0.718
0.486	0.718	0.545	-0.635
0.486	0.718	1.051	-3.635
0.486	0.718	0.516	-0.633
0.486	0.718	1.142	0.698
0.486	0.718	0.001	0.758
0.486	0.718	0.584	3.369
0.584	3.369	0.653	5.979
0.584	3.369	1.245	3.502
0.584	3.369	0.770	4.205
0.584	3.369	0.989	2.487
0.584	3.369	3.380	-2.185
0.584	3.369	0.108	3.404
0.584	3.369	1.117	4.273
1.117	4.273	0.734	4.881
1.117	4.273	1.009	3.060
1.117	4.273	1.793	-0.736
1.117	4.273	0.901	4.355
1.117	4.273	0.291	4.312
1.117	4.273	-2.350	3.138
-2.350	3.138	-1.289	3.169
-2.350	3.138	-2.101	4.420
-2.350	3.138	-1.166	1.567
-2.350	3.138	-1.427	0.900
-1.427	0.900	-1.872	2.260
-1.427	0.900	-2.601	0.944
-1.427	0.900	-1.493	-2.029
-1.427	0.900	-2.755	2.359
-1.427	0.900	-4.503	4.366
-4.503	4.366	-4.188	5.192
-4.503	4.366	-3.638	4.498
-4.503	4.366	-4.559	-1.624
-4.503	4.366	-3.561	6.523
-3.561	6.523	-2.913	6.548
-3.561	6.523	-2.983	4.498
-3.561	6.523	-2.321	9.135
-2.321	9.135	-2.888	9.165
-2.321	9.135	-2.595	9.547
-2.321	9.135	-2.097	6.379
-2.321	9.135	-2.462	12.329
-2.462	12.329	0.829	12.111
-2.462	12.329	-0.451	11.260
-2.462	12.329	-2.093	9.655
-2.462	12.329	-1.618	3.788
-2.462	12.329	-2.233	15.680
-2.462	12.329	0.553	15.098
0.553	15.098	0.421	15.061
0.553	15.098	0.365	16.077
0.553	15.098	0.839	13.619
0.553	15.098	1.721	13.312
1.721	13.312	1.662	13.646
1.721	13.312	2.212	13.917
1.721	13.312	2.667	13.410
1.721	13.312	2.464	12.183
1.721	13.312	1.849	13.777
1.721	13.312	2.994	13.232
2.994	13.232	7.495	9.626
2.994	13.232	10.069	8.822

