studnie pod kroczkiem   (m, 360)

[1]: 2005/07/31     0.00  


     1.0                   0.000    0.00    0.00         
     1.0                   1.771   78.97    0.58  [1]    "{帶峟ⵀ쌰}"
     1.0                   3.779  359.91    2.21  [1]    "{幀峤ⵓ쐤}"
     1.0                   1.790   45.38  -71.58  [1]    "{嶒崅ⶒ뵨}"
     1.0         1.1       3.687    9.92   27.64  [1]    "{巒峺⵨넫}"
     1.0         1.1       3.694    9.57   27.58  [1]    "{巖島ⵯ뀈}"
     1.0         1.1       3.685   10.01   27.76  [1]    "{巍峻⵩꿆}"
     1.1         1.2       5.684  317.22   31.57  [1]    "{嶚峵ⶁꇍ}"
     1.1         1.2       5.675  317.08   31.77  [1]    "{嶛峻⵾ꁉ}"
     1.1         1.2       5.675  317.20   31.74  [1]    "{嶙峿⵿齩}"
     1.2                   3.262  177.38   25.19  [1]    "{幬嵠⵸ﲯ}"
     1.2                   4.326  214.02   18.14  [1]    "{庤嵸ⶄﻼ}"
     1.2                   4.113  247.76   15.69  [1]    "{幛嶄⵭﷓}"
     1.2                   0.619   62.74   10.46  [1]    "{座嶎ⵧﱜ}"
     1.2                  12.671  222.81   59.77  [1]    "{巘峭ⴾᎋ}"
     1.2         1.3       3.955  253.32   12.89  [1]    "{庌嵤⵲ﴉ}"
     1.2         1.3       3.954  253.42   12.86  [1]    "{庑嵠⵱ﳸ}"
     1.2         1.3       3.954  253.40   12.85  [1]    "{庐嵠⵱ﴠ}"
     1.3                   3.291  351.43   -0.39  [1]    "{庥嶪⵱ȷ}"
     1.3                   4.324   39.40    2.97  [1]    "{幒嶐ⶄｂ}"
     1.3                   4.531   94.84    0.89  [1]    "{庍嶅ⶼ}"
     1.3                   3.505  127.08    1.30  [1]    "{幨嶐ⶩ}"
     1.3                   1.752   38.66  -71.01  [1]    "{巑嵓ⶖ䖌}"
     1.3                  15.675   23.96   85.90  [1]    "{巊嵒ⶊ⢼}"
     1.3         1.4      11.235    2.20   71.53  [1]    "{巠嵮⵽໗}"
     1.3         1.4      11.249    2.21   71.62  [1]    "{巣嵮ⶁ๸}"
     1.3         1.4      11.239    2.52   71.55  [1]    "{巣嵭⵾๯}"
     1.4         1.5       1.991  341.71  -11.28  [1]    "{幝嶹⵭ﯤ}"
     1.4         1.5       1.991  341.60  -11.47  [1]    "{幝嶱⵨ﯙ}"
     1.4         1.5       1.992  341.54  -11.48  [1]    "{幝嶴⵪﮶}"
     1.5         1.6       6.232  342.00   58.46  [1]    "{巰嶅⶘}"
     1.5         1.6       6.225  341.97   58.49  [1]    "{差嶃⶘}"
     1.5         1.6       6.218  341.88   58.57  [1]    "{巳嶅⶝}"
     1.6                   1.992  244.12   -0.21  [1]    "{常嶿⵻}"
     1.6                   5.087  278.58   -6.06  [1]    "{帕嶴ⵀ}"
     1.6                   2.719  301.12  -27.52  [1]    "{巿嶡ⵢ}"
     1.6                   1.620  209.82  -86.86  [1]    "{巉崨⶙❹}"
     1.6         1.7      15.928  294.48   63.56  [1]    "{巕嶘⵴}"
     1.6         1.7      15.937  294.61   63.57  [1]    "{巙嶙⵶}"
     1.6         1.7      15.941  294.57   63.60  [1]    "{巙嶗⵷}"
     1.7         1.8       3.571  255.97   22.12  [1]    "{帖峩ⴲ㟥}"
     1.7         1.8       3.576  255.97   22.16  [1]    "{帔峩ⴱ㠞}"
     1.7         1.8       3.571  256.06   22.19  [1]    "{帘峪ⴶ㠜}"
     1.8         1.9       2.119  106.40   18.63  [1]    "{巹崻ⵔ랎}"
     1.8         1.9       2.127  106.55   18.72  [1]    "{巺嵁ⵏ랉}"
     1.8         1.9       2.131  106.74   18.78  [1]    "{巺嵃ⵓ랕}"
     1.9                   1.775  262.32    1.32  [1]    "{師崻ⵔ썉}"
     1.9                   2.023  309.24    0.38  [1]    "{师届ⲭ뾍}"
     1.9                   2.354  250.86  -57.93  [1]    "{巅嵱⵵줝}"
     1.9                  10.659  279.35   84.31  [1]    "{嶽嵑⵵ꓛ}"
     1.9                   1.592   75.18   14.10  [1]    "{帢嵐⵲㬏}"
     1.9                   3.860  172.65   10.91  [1]    "{帆崏⵿䕹}"
     1.9         1.10      6.535  148.29    6.86  [1]  < "{帒崯ⶀ㿞}"
     1.9         1.10      6.543  148.31    6.82  [1]  < "{帏崯ⶄ㾹}"
     1.9         1.10      6.542  148.30    6.82  [1]  < "{帑崱ⶄ㾥}"
     1.10        1.11      4.725  170.86    2.78  [1]  < "{幱嶘ⶋ຀}"
     1.10                  1.152  237.42   -9.02  [1]  < "{巸嵺ⶮॠ}"
     1.10                  5.727  149.51  -49.77  [1]  < "{巜嶂⵽⥌}"
     1.10                  3.462    7.32   55.10  [1]  < "{巯嶞ⶌ﵏}"
     1.9                   0.000    0.00    0.00  [1]    
     1.9         1.12      3.418    7.92   54.97  [1]    "{工巀ⷉ}"
     1.9         1.12      3.433    7.94   55.06  [1]    "{左巁ⷈ}"
     1.9         1.12      3.439    7.91   55.02  [1]    "{左巄⷇}"
     1.7                   0.000    0.00    0.00  [1]    
     1.7         1.13      2.743  353.20    1.52  [1]    "{巷崵ⵚ떕}"
     1.7         1.13      2.722  353.83    1.58  [1]    "{巬崯ⵚ돍}"
     1.7         1.13      2.723  353.94    1.58  [1]    "{巬崯ⵝ돰}"
     1.13        1.14      2.225  331.84    8.79  [1]    "{幮巬ⵎﾋ}"
     1.13        1.14      2.224  331.94    8.73  [1]    "{幭巠ⵎﺟ}"
     1.13        1.14      2.225  331.79    8.85  [1]    "{幮巫ⵍ﹓}"
     1.14                  1.648  233.38    4.44  [1]    "{帶巆⵹}"
     1.14                  3.091  188.31   17.87  [1]    "{幉嶤⵹}"
     1.14                  1.856  241.21  -66.15  [1]    "{巩嵹ⵉ}"
     1.14                  3.157  252.74   78.37  [1]    "{巕嵡⵴}"
     1.14        1.15      2.365  276.21  -55.86  [1]    "{巧嶦⵰}"
     1.14        1.15      2.334  276.18  -55.86  [1]    "{巧嶦⵱}"
     1.14        1.15      2.369  276.18  -55.90  [1]    "{工嶧ⵯ}"
     1.15        1.16      3.338  339.13  -17.83  [1]    "{幅廡ⶦ率}"
     1.15        1.16      3.352  339.15  -17.70  [1]    "{幈廞ⶥ略}"
     1.15        1.16      3.353  339.17  -17.66  [1]    "{幈廟ⶦ陵}"
     1.16                  0.726   82.69    5.32  [1]    "{巐嶻⶝ኽ}"
     1.16        1.17      3.407  351.50   30.02  [1]    "{幉嶣⵴ӧ}"
     1.16        1.17      3.407  351.57   30.06  [1]    "{帿嶞⵱Ӫ}"
     1.16        1.17      3.411  351.66   30.06  [1]    "{幇嶡⵳Ԉ}"
     1.17                  1.056  359.95  -78.33  [1]    "{嶾嵘ⶕ箦}"
     1.17        1.18      5.146  344.46  -13.31  [1]    "{巩崭ⵎ뚴}"
     1.17        1.18      5.143  344.67  -13.17  [1]    "{巪崭ⵏ맠}"
     1.17        1.18      5.137  344.49  -13.17  [1]    "{巪崭ⵐ륇}"
     1.18                  1.680  121.44    1.18  [1]    "{幂嶡ⶰዢ}"
     1.18        1.19      2.681  349.29   36.82  [1]    "{帅嵁ⶂ⬮}"
     1.18        1.19      2.691  349.17   37.01  [1]    "{帐崿⵻⭢}"
     1.18        1.19      2.687  349.27   37.11  [1]    "{帏崾⵺⮵}"
     1.19                  2.416  252.48    8.32  [1]    "{幆峾⵨}"
     1.19                  3.204  277.63   -1.71  [1]    "{幓峛ⵡ}"
     1.19        1.20      2.325  290.64  -33.71  [1]    "{帙峛ⵋ隆}"
     1.19        1.20      2.333  290.83  -33.72  [1]    "{帜峗ⵉ裏}"
     1.19        1.20      2.326  290.65  -33.63  [1]    "{帗峚ⵍ﨡}"
     1.20        1.21      2.420  359.24  -19.69  [1]    "{常嶡ⵐᑜ}"
     1.20        1.21      2.415  359.15  -19.48  [1]    "{帽嶢ⵑᏊ}"
     1.20        1.21      2.405  359.32  -19.36  [1]    "{帶嶢ⵑ᎛}"
     1.21                  0.886  207.99  -75.99  [1]    "{希嶎ⶓ}"
     1.21                  0.405  207.78    0.07  [1]    "{帔嶊⵻}"
     1.21        1.22      1.379  274.33   29.64  [1]    "{巺嵥ⵝ즳}"
     1.21        1.22      1.380  274.55   29.88  [1]    "{巼嵜ⵟ쥂}"
     1.21        1.22      1.380  274.36   29.83  [1]    "{巹嵣ⵟ준}"
     1.22        1.23      2.386  342.25   15.95  [1]    "{幰巚ⶪ૵}"
     1.22        1.23      2.381  342.39   16.11  [1]    "{幜川ⶢ୚}"
     1.22        1.23      2.387  342.40   16.11  [1]    "{幨巗ⶩஊ}"
     1.23                  4.442    4.19   -2.03  [1]    "{幓嶂⵨Ṵ}"
     1.23                  3.150  346.92   -3.24  [1]    "{幂嶉ⵔၤ}"
     1.23                  1.850   31.39    2.94  [1]    "{幅嶝⵾ᨫ}"
     1.23                  0.648   87.92    2.47  [1]    "{巡崣ⵃ능}"
     1.23                  4.735  355.92   66.08  [1]    "{巊崓⵵㬕}"
     1.23                  1.580   85.92  -65.93  [1]    "{差嵎⵶}"
     1.23                  8.193   10.41  -64.98  [1]    "{嶷岲ⶭ屨}"
     1.23                  8.541  294.60   71.99  [1]    "{巜嶇⵶}"
