TRIP
DATE 2021-01-13
DECLINATION 0.0
DATA
0		165.72	-37.58	4.682	>
0		165.86	-37.73	4.737	>
0		165.79	-37.69	4.680	>
0	1	165.79	-37.67	4.700	>
1		96.48	-30.96	2.933	>
1		96.51	-31.17	2.949	>
1		96.43	-30.88	2.926	>
1	2	96.47	-31.01	2.936	>
2		54.91	-4.44	3.617	>
2		54.68	-5.18	3.619	>
2		54.74	-5.01	3.615	>
2	3	54.78	-4.88	3.617	>
3		345.37	31.09	5.057	>
3		158.43	-42.82	3.940	>
3		158.65	-42.81	3.895	>
3		158.44	-42.79	3.898	>
3	4	158.51	-42.81	3.911	>
4		52.58	11.48	1.249	>
4		136.91	-27.46	4.642	>
4		138.83	-26.46	4.639	>
4		136.26	-27.45	4.624	>
4		136.32	-27.35	4.625	>
4		136.02	-27.43	4.605	>
4		136.04	-27.16	4.624	>
4	5	136.13	-27.31	4.618	>
5		136.88	-30.14	3.139	>
5		137.14	-30.08	3.065	>
5		137.09	-29.91	3.084	>
5	6	136.96	-29.89	3.086	>
6		207.89	22.91	3.991	>
6		225.99	31.15	9.314	>
6		252.72	39.41	2.930	>
6		155.84	-39.35	5.169	>
6		155.82	-39.29	5.160	>
6		155.67	-39.31	5.124	>
6	7	155.78	-39.32	5.151	>
7		113.15	-57.57	5.225	>
7		113.34	-57.65	5.218	>
7		112.99	-57.50	5.220	>
7	8	113.16	-57.57	5.221	>
8		98.75	-5.30	5.379	>
8		41.84	4.77	5.395	>
8		333.54	-1.72	1.296	>
8		221.28	10.49	0.708	>
8		353.70	-83.31	5.194	>
8		353.86	-83.30	5.191	>
8		353.84	-83.34	5.195	>
8	9	353.80	-83.32	5.193	>
9		284.95	-15.56	3.148	>
9		285.01	-15.52	3.140	>
9		285.07	-15.34	3.149	>
9	10	285.01	-15.47	3.146	>
10		305.05	-26.90	5.182	>
10		304.98	-26.96	5.183	>
10		305.08	-26.89	5.181	>
10	11	305.04	-26.92	5.182	>
11		96.10	0.21	1.746	>
11		19.19	-23.36	4.204	>
11		19.20	-23.30	4.159	>
11		19.15	-23.24	4.185	>
11	12	19.18	-23.30	4.183	>
12		45.70	-9.71	3.389	>
12		45.60	-9.73	3.414	>
12		45.58	-9.61	3.384	>
12	13	45.63	-9.68	3.396	>
13		193.95	11.86	5.868	>
13		176.06	-27.45	6.766	>
13		175.88	-27.51	6.767	>
13		175.80	-27.48	6.820	>
13	14	175.91	-27.48	6.784	>
14		168.46	-18.80	4.970	>
14		81.79	-63.45	10.124	>
14		82.91	-63.33	7.703	>
14		82.67	-63.45	7.750	>
14	15	83.10	-63.32	8.842	>
15		204.82	-34.01	3.700	>
15		204.77	-33.82	3.706	>
15		204.68	-33.90	3.710	>
15	16	204.76	-33.91	3.705	>
16		178.05	-33.38	3.352	>
16		178.01	-33.37	3.350	>
16		178.02	-33.37	3.374	>
16	17	178.02	-33.37	3.359	>
17		266.09	-82.95	5.667	>
17		266.41	-82.96	5.670	>
17		266.36	-82.99	5.658	>
17	18	266.29	-82.97	5.665	>
18		229.21	-78.74	3.510	>
18		230.75	-78.33	3.511	>
18		230.65	-78.39	3.515	>
18		209.73	17.11	4.262	>
18		277.82	18.82	2.467	>
18		333.19	25.82	4.548	>
18		230.56	-78.01	3.485	>
18		230.16	-77.81	3.495	>
18		230.30	-77.81	3.487	>
18	19	230.34	-77.88	3.489	>
19		74.47	-67.94	4.512	>
19		74.47	-67.88	4.514	>
19		74.30	-67.90	4.516	>
19	20	74.41	-67.91	4.514	>
20		45.78	12.62	0.676	>
20		6.67	-42.06	4.429	>
20		84.28	-5.69	0.302	>
20		278.99	4.65	0.818	>
20		154.86	-29.66	3.027	>

PLAN
STATIONS
0.000	0.000	0
0.913	-3.606	1
3.414	-3.890	2
6.358	-1.811	3
7.409	-4.481	4
10.253	-7.439	5
12.079	-9.395	6
13.714	-13.029	7
16.288	-14.130	8
16.223	-13.529	9
13.294	-12.744	10
9.511	-10.092	11
10.773	-6.463	12
13.166	-4.122	13
13.595	-10.126	14
17.536	-9.649	15
16.248	-12.442	16
16.345	-15.245	17
15.653	-15.290	18
15.089	-15.758	19
16.724	-15.301	20
SHOTS
0.000	0.000	0.913	-3.606
0.913	-3.606	3.414	-3.890
3.414	-3.890	6.358	-1.811
6.358	-1.811	5.264	2.379
6.358	-1.811	7.409	-4.481
7.409	-4.481	8.381	-3.737
7.409	-4.481	10.253	-7.439
10.253	-7.439	12.079	-9.395
12.079	-9.395	10.359	-12.644
12.079	-9.395	6.345	-14.933
12.079	-9.395	9.917	-10.067
12.079	-9.395	13.714	-13.029
13.714	-13.029	16.288	-14.130
16.288	-14.130	21.582	-14.944
16.288	-14.130	19.874	-10.125
16.288	-14.130	15.711	-12.970
16.288	-14.130	15.829	-14.653
16.288	-14.130	16.223	-13.529
16.223	-13.529	13.294	-12.744
13.294	-12.744	9.511	-10.092
9.511	-10.092	11.247	-10.277
9.511	-10.092	10.773	-6.463
10.773	-6.463	13.166	-4.122
13.166	-4.122	11.782	-9.696
13.166	-4.122	13.595	-10.126
13.595	-10.126	14.536	-14.736
13.595	-10.126	18.073	-9.480
13.595	-10.126	17.027	-9.699
13.595	-10.126	17.030	-9.684
13.595	-10.126	17.536	-9.649
17.536	-9.649	16.248	-12.442
16.248	-12.442	16.345	-15.245
16.345	-15.245	15.653	-15.290
15.653	-15.290	13.632	-18.827
15.653	-15.290	13.339	-14.972
15.653	-15.290	13.806	-11.636
15.653	-15.290	15.089	-15.758
15.089	-15.758	16.724	-15.301
16.724	-15.301	17.197	-14.841
16.724	-15.301	17.106	-12.035
16.724	-15.301	17.023	-15.271
16.724	-15.301	15.919	-15.174
16.724	-15.301	17.841	-17.683
POLYLINE BLACK
-0.966	-0.113
-0.283	-1.851
-0.978	0.016
-0.332	-2.109
-0.263	-2.336
-0.156	-2.550
-0.081	-2.775
0.316	-3.969
0.035	-3.462
0.320	-3.946
POLYLINE BLACK
0.675	0.381
1.669	-2.877
1.127	-1.831
1.744	-2.990
POLYLINE BLACK
0.259	-3.875
0.375	-4.000
0.526	-4.292
0.745	-4.337
0.898	-4.369
1.055	-4.383
1.206	-4.423
1.538	-4.509
1.860	-4.629
2.193	-4.714
2.680	-4.839
3.481	-4.781
3.853	-4.783
POLYLINE BLACK
-0.414	-1.091
-0.434	-1.021
-0.458	-0.974
-0.456	-0.905
-0.455	-0.852
-0.445	-0.808
-0.425	-0.759
-0.387	-0.661
-0.328	-0.635
-0.238	-0.695
-0.146	-0.757
-0.088	-0.914
-0.041	-0.984
0.003	-1.050
0.126	-1.144
0.176	-1.180
0.215	-1.208
0.288	-1.243
0.339	-1.224
0.393	-1.203
0.425	-1.114
0.438	-1.075
0.473	-0.967
0.504	-0.845
0.503	-0.729
0.502	-0.663
0.492	-0.598
0.487	-0.532
POLYLINE BLACK
0.331	-2.986
0.297	-2.893
0.268	-2.844
0.261	-2.753
0.258	-2.710
0.261	-2.664
0.284	-2.625
0.351	-2.513
0.519	-2.521
0.616	-2.583
0.663	-2.613
0.697	-2.657
0.731	-2.701
0.769	-2.752
0.785	-2.806
0.842	-2.834
0.903	-2.864
0.970	-2.820
0.972	-2.753
0.975	-2.632
0.974	-2.511
0.972	-2.390
0.972	-2.371
0.969	-2.352
0.968	-2.333
0.967	-2.271
0.967	-2.208
0.967	-2.146
POLYLINE BLACK
1.612	-4.056
1.519	-4.023
1.391	-4.008
1.314	-3.933
1.253	-3.875
1.180	-3.768
1.198	-3.677
1.217	-3.585
1.372	-3.555
1.448	-3.562
1.491	-3.565
1.537	-3.583
1.574	-3.602
1.593	-3.612
1.788	-3.788
1.870	-3.706
1.967	-3.610
1.892	-3.470
1.867	-3.364
1.861	-3.338
1.859	-3.312
1.856	-3.286
POLYLINE BLACK
2.975	-4.281
2.921	-4.243
2.866	-4.209
2.815	-4.169
2.789	-4.150
2.759	-4.120
2.744	-4.089
2.719	-4.037
2.725	-3.955
2.794	-3.944
2.849	-3.936
2.906	-3.956
2.957	-3.976
2.999	-3.992
3.035	-4.019
3.080	-3.997
3.102	-3.986
3.120	-3.964
3.131	-3.943
3.186	-3.843
3.095	-3.694
3.031	-3.622
2.997	-3.584
2.986	-3.585
2.938	-3.563
POLYLINE BLACK
1.805	-2.836
1.855	-2.891
1.882	-2.934
1.942	-2.971
2.201	-3.130
2.671	-3.104
2.901	-3.115
3.813	-3.160
3.060	-3.090
3.563	-3.140
POLYLINE BLACK
3.767	-4.748
3.859	-4.690
3.951	-4.632
4.044	-4.573
4.135	-4.504
4.220	-4.427
4.316	-4.365
4.534	-4.224
4.769	-4.109
4.984	-3.965
5.302	-3.751
5.602	-3.511
5.915	-3.291
6.056	-3.192
6.037	-3.207
6.171	-3.182
POLYLINE BLACK
6.542	-1.898
6.491	-1.808
6.436	-1.721
6.389	-1.628
6.360	-1.571
6.333	-1.485
6.329	-1.417
6.282	-0.602
6.261	0.214
6.198	1.028
6.184	1.220
6.124	1.407
6.098	1.598
6.071	1.797
6.066	2.000
6.039	2.199
6.027	2.281
5.998	2.359
5.981	2.440
5.973	2.479
5.970	2.519
5.964	2.558
POLYLINE BLACK
5.947	2.592
5.935	2.627
5.926	2.663
5.911	2.697
5.850	2.842
5.626	2.898
5.500	2.924
5.307	2.963
5.165	2.940
4.984	2.869
4.883	2.829
4.776	2.782
4.707	2.695
4.641	2.611
4.600	2.470
4.596	2.366
4.590	2.185
4.592	1.971
4.645	1.791
4.708	1.577
4.794	1.515
4.881	1.284
4.988	0.998
5.072	0.705
5.167	0.415
POLYLINE BLACK
6.248	-1.373
6.286	-1.477
6.269	-1.422
6.297	-1.538
POLYLINE BLACK
5.557	-2.399
5.742	-2.423
POLYLINE BLACK
5.540	-2.643
5.714	-2.604
POLYLINE BLACK
5.561	-3.096
5.760	-2.925
POLYLINE BLACK
5.677	-3.274
5.861	-3.169
POLYLINE BLACK
11.792	-16.512
11.804	-16.546
POLYLINE BLACK
3.574	-3.097
4.065	-2.856
4.517	-2.688
4.932	-2.340
5.259	-1.993
5.125	-2.109
5.301	-1.962
POLYLINE BLACK
5.029	0.586
5.241	0.268
5.458	-0.058
5.528	-0.441
5.564	-0.637
5.621	-0.891
5.589	-1.107
5.547	-1.393
5.283	-1.895
5.236	-2.017
5.216	-2.070
5.211	-2.127
5.199	-2.182
POLYLINE BLACK
5.686	-3.350
5.652	-3.285
5.613	-3.223
5.582	-3.156
5.483	-2.936
5.480	-2.397
5.476	-2.335
5.473	-2.272
5.485	-2.210
5.489	-2.147
5.496	-2.050
5.503	-1.954
5.510	-1.858
5.514	-1.800
5.522	-1.754
5.553	-1.704
5.601	-1.628
5.653	-1.583
5.731	-1.528
5.899	-1.409
6.033	-1.377
6.242	-1.355
6.295	-1.350
6.348	-1.355
6.401	-1.355
POLYLINE BLACK
6.125	-1.568
6.095	-1.758
POLYLINE BLACK
6.244	-1.519
6.247	-1.740
POLYLINE BLACK
6.377	-1.512
6.398	-1.676
POLYLINE BLACK
6.152	-0.938
6.169	-1.204
POLYLINE BLACK
6.315	-0.988
6.325	-1.144
POLYLINE BLACK
6.444	-0.930
6.452	-1.176
POLYLINE BLACK
5.530	-2.140
5.692	-2.215
POLYLINE BLACK
5.521	-1.882
5.707	-1.984
POLYLINE BLACK
5.680	-1.541
5.792	-1.772
POLYLINE BLACK
5.900	-1.455
5.949	-1.681
POLYLINE BLACK
6.076	-3.145
6.076	-3.144
POLYLINE BLACK
6.024	-3.145
6.024	-3.147
POLYLINE BLACK
6.533	-1.856
6.592	-1.915
6.654	-1.970
6.709	-2.033
6.803	-2.140
6.889	-2.255
6.979	-2.366
7.205	-2.582
7.440	-2.790
7.657	-3.016
7.856	-3.224
8.032	-3.451
8.224	-3.664
8.290	-3.737
8.358	-3.766
8.391	-3.861
8.406	-3.903
8.403	-3.917
8.403	-3.961
8.409	-4.261
8.396	-4.135
8.424	-4.336
POLYLINE BLACK
6.092	-3.199
6.203	-3.767
6.146	-3.623
6.441	-4.269
6.471	-4.335
6.513	-4.395
6.555	-4.454
6.640	-4.575
6.673	-4.601
6.765	-4.692
POLYLINE BLACK
6.760	-4.592
7.154	-5.023
POLYLINE BLACK
8.406	-4.207
8.511	-4.424
POLYLINE BLACK
8.425	-4.229
8.425	-4.232
POLYLINE BLACK
7.065	-4.911
7.246	-5.221
7.196	-5.170
7.508	-5.489
7.649	-5.633
7.822	-5.749
7.948	-5.908
8.175	-6.195
8.346	-6.524
8.562	-6.820
8.629	-6.911
8.726	-6.978
8.796	-7.068
8.908	-7.213
8.995	-7.375
9.106	-7.521
9.154	-7.585
9.218	-7.636
9.271	-7.695
9.293	-7.720
9.312	-7.748
9.333	-7.774
POLYLINE BLACK
9.250	-7.777
9.625	-7.870
9.617	-7.864
10.174	-8.041
10.252	-8.066
10.332	-8.124
10.380	-8.190
10.451	-8.288
10.474	-8.402
10.492	-8.517
POLYLINE BLACK
10.432	-8.632
9.810	-10.035
10.202	-9.036
9.944	-9.870
9.935	-9.900
9.917	-9.926
9.906	-9.955
9.881	-10.020
9.860	-10.086
9.838	-10.152
POLYLINE BLACK
9.802	-10.093
9.286	-11.026
9.684	-10.378
8.577	-11.720
8.346	-12.000
8.114	-12.278
7.892	-12.565
7.706	-12.807
7.535	-13.060
7.353	-13.306
7.243	-13.456
7.115	-13.593
7.019	-13.752
6.855	-14.022
6.721	-14.309
6.576	-14.590
6.533	-14.674
6.493	-14.760
6.455	-14.846
6.430	-14.904
6.448	-15.051
6.539	-15.032
6.551	-15.029
6.564	-15.026
6.574	-15.019
6.776	-14.890
6.967	-14.743
7.176	-14.626
7.843	-14.252
8.537	-13.928
9.200	-13.547
9.381	-13.444
9.527	-13.286
9.704	-13.175
9.952	-13.020
10.214	-12.886
10.473	-12.749
10.508	-12.730
10.548	-12.719
10.587	-12.709
10.651	-12.693
10.716	-12.685
10.781	-12.673
POLYLINE BLACK
12.168	-9.183
12.238	-9.307
12.295	-9.495
12.429	-9.583
12.602	-9.698
13.020	-9.732
13.122	-9.759
13.217	-9.784
13.308	-9.822
13.396	-9.865
13.488	-9.910
13.578	-9.962
13.661	-10.022
14.129	-10.362
14.477	-10.575
14.792	-11.029
14.987	-11.311
15.153	-11.612
15.334	-11.904
POLYLINE BLACK
15.641	-11.958
15.970	-11.794
POLYLINE BLACK
15.156	-11.588
15.500	-11.801
15.436	-11.808
15.772	-11.774
POLYLINE BLACK
15.944	-14.742
16.013	-14.859
16.039	-14.927
16.138	-15.015
16.199	-15.069
16.262	-15.120
16.331	-15.163
16.531	-15.288
16.951	-15.438
17.119	-15.484
17.353	-15.549
17.591	-15.603
17.831	-15.635
18.358	-15.703
19.482	-15.933
20.178	-15.722
20.284	-15.690
20.387	-15.647
20.488	-15.602
20.715	-15.502
20.799	-15.462
20.969	-15.299
21.085	-15.189
21.196	-15.074
21.303	-14.955
21.330	-14.924
21.353	-14.890
21.367	-14.852
21.427	-14.701
21.489	-14.550
21.525	-14.392
21.591	-14.104
21.604	-13.812
21.555	-13.521
21.502	-13.203
21.467	-12.879
21.363	-12.573
21.193	-12.078
20.954	-11.609
20.739	-11.131
20.720	-11.089
20.693	-11.051
20.664	-11.016
20.522	-10.844
20.377	-10.674
20.225	-10.510
20.025	-10.295
19.934	-10.230
19.672	-10.088
19.632	-10.066
19.587	-10.052
19.542	-10.041
19.144	-9.946
18.881	-10.009
18.487	-10.118
18.442	-10.131
18.398	-10.149
18.359	-10.174
17.896	-10.459
17.418	-10.723
16.981	-11.047
16.761	-11.211
16.582	-11.426
16.398	-11.630
16.307	-11.730
16.226	-11.839
16.158	-11.955
16.030	-12.176
15.802	-12.586
15.692	-12.902
15.671	-12.964
15.726	-13.029
15.721	-13.068
15.720	-13.078
15.701	-13.070
15.693	-13.065
15.567	-12.982
15.346	-12.848
15.293	-12.682
15.221	-12.458
15.289	-12.344
15.300	-12.104
15.305	-11.984
15.264	-11.798
15.244	-11.683
POLYLINE BLACK
15.693	-12.779
15.775	-12.839
15.834	-12.896
15.927	-12.930
15.967	-12.944
16.008	-12.951
16.048	-12.962
POLYLINE BLACK
15.941	-12.544
16.172	-12.726
16.063	-12.661
16.256	-12.759
POLYLINE BLACK
16.106	-12.306
16.367	-12.482
16.262	-12.422
16.411	-12.502
POLYLINE BLACK
16.405	-11.854
16.473	-11.952
16.557	-12.012
16.656	-12.071
POLYLINE BLACK
16.730	-11.303
16.978	-11.654
16.866	-11.518
17.047	-11.725
POLYLINE BLACK
17.227	-11.040
17.433	-11.273
POLYLINE BLACK
17.622	-10.543
17.739	-10.794
POLYLINE BLACK
18.530	-10.233
18.633	-10.562
POLYLINE BLACK
19.077	-9.993
19.016	-10.357
19.035	-10.189
19.012	-10.496
POLYLINE BLACK
19.466	-10.487
19.241	-10.751
POLYLINE BLACK
19.993	-10.826
19.872	-10.923
19.932	-10.867
19.816	-10.995
POLYLINE BLACK
20.645	-11.096
20.400	-11.162
20.379	-11.149
20.233	-11.307
POLYLINE BLACK
20.843	-11.664
20.653	-11.652
20.509	-11.700
20.329	-11.752
POLYLINE BLACK
20.993	-12.131
20.627	-12.102
20.789	-12.128
20.505	-12.067
POLYLINE BLACK
21.167	-12.657
20.639	-12.566
POLYLINE BLACK
21.341	-13.222
20.862	-13.183
21.047	-13.177
20.783	-13.193
POLYLINE BLACK
21.375	-13.836
20.899	-13.696
21.085	-13.732
20.828	-13.688
POLYLINE BLACK
21.458	-14.041
21.102	-14.019
21.252	-14.018
21.008	-14.027
POLYLINE BLACK
21.396	-14.861
20.724	-14.713
21.317	-14.858
20.827	-14.709
20.787	-14.697
20.746	-14.691
20.706	-14.681
POLYLINE BLACK
20.898	-15.340
20.727	-15.307
20.573	-15.248
20.425	-15.161
POLYLINE BLACK
20.501	-15.438
20.422	-15.422
20.315	-15.412
20.243	-15.364
20.183	-15.324
20.132	-15.273
20.077	-15.228
POLYLINE BLACK
19.843	-15.591
19.782	-15.612
19.707	-15.656
19.637	-15.641
19.446	-15.600
19.391	-15.341
19.340	-15.193
POLYLINE BLACK
18.865	-15.537
18.714	-15.373
18.712	-15.294
18.637	-15.063
POLYLINE BLACK
17.826	-15.567
17.751	-15.438
17.729	-15.302
17.727	-15.152
17.726	-15.086
17.736	-15.021
17.741	-14.955
POLYLINE BLACK
16.992	-15.201
17.005	-15.046
16.991	-15.134
17.048	-14.940
POLYLINE BLACK
16.051	-15.099
16.073	-14.972
16.055	-15.045
16.118	-14.883
POLYLINE BLACK
16.988	-12.954
16.987	-12.845
16.980	-12.735
16.985	-12.625
16.985	-12.613
16.988	-12.463
17.032	-12.421
17.077	-12.379
17.182	-12.434
17.217	-12.463
17.271	-12.507
17.321	-12.556
17.372	-12.605
17.376	-12.610
17.380	-12.617
17.382	-12.623
17.416	-12.697
17.321	-12.778
17.264	-12.804
17.195	-12.835
17.111	-12.828
17.040	-12.834
POLYLINE BLACK
17.780	-13.213
17.793	-13.232
17.815	-13.287
17.847	-13.304
17.890	-13.326
17.944	-13.290
17.973	-13.261
18.043	-13.190
18.058	-13.059
18.056	-12.964
18.054	-12.918
18.047	-12.844
18.004	-12.815
17.961	-12.785
17.891	-12.801
17.848	-12.812
17.793	-12.827
17.736	-12.851
17.696	-12.893
17.663	-12.928
17.652	-12.965
17.629	-13.011
POLYLINE BLACK
17.513	-13.712
17.595	-13.807
17.674	-13.903
17.758	-13.995
17.785	-14.025
17.822	-14.053
17.863	-14.061
17.965	-14.081
18.104	-13.996
18.096	-13.883
18.086	-13.749
17.915	-13.642
17.818	-13.586
17.797	-13.574
17.774	-13.565
17.751	-13.558
17.665	-13.530
17.664	-13.542
17.575	-13.580
POLYLINE BLACK
18.375	-12.626
18.358	-12.597
18.339	-12.570
18.324	-12.540
18.269	-12.432
18.371	-12.189
18.507	-12.302
18.676	-12.441
18.843	-12.581
19.008	-12.724
19.014	-12.729
19.018	-12.737
19.020	-12.745
19.034	-12.791
18.954	-12.816
18.928	-12.823
18.813	-12.856
18.685	-12.828
18.574	-12.814
18.544	-12.810
18.457	-12.787
18.423	-12.766
18.405	-12.755
18.390	-12.740
18.373	-12.727
POLYLINE BLACK
16.263	-13.095
16.256	-13.091
POLYLINE BLACK
16.247	-13.128
16.382	-13.123
16.301	-13.119
16.489	-13.163
POLYLINE BLACK
16.457	-13.266
16.569	-13.368
16.504	-13.303
16.641	-13.471
POLYLINE BLACK
16.277	-13.261
16.320	-13.142
16.292	-13.203
16.365	-13.082
POLYLINE BLACK
16.315	-13.377
16.457	-13.320
16.376	-13.349
16.561	-13.297
POLYLINE BLACK
10.727	-12.679
11.054	-12.693
10.958	-12.677
11.332	-12.760
12.518	-13.024
12.819	-13.013
13.843	-13.563
14.153	-13.730
14.416	-13.976
14.726	-14.144
14.960	-14.270
15.220	-14.342
15.467	-14.442
15.587	-14.490
15.706	-14.540
15.825	-14.589
POLYLINE BLACK
16.213	-13.184
16.164	-13.174
16.112	-13.174
16.066	-13.154
15.473	-12.897
14.890	-12.617
14.299	-12.353
14.207	-12.312
14.018	-12.334
13.940	-12.325
13.778	-12.308
13.701	-12.282
13.558	-12.242
POLYLINE BLACK
12.661	-13.458
12.601	-13.520
11.900	-12.757
11.540	-12.842
11.207	-12.920
10.880	-13.024
10.548	-13.106
10.502	-13.117
10.454	-13.119
10.406	-13.120
10.324	-13.122
10.252	-13.107
10.196	-13.045
10.136	-12.979
10.110	-12.911
10.100	-12.822
10.069	-12.553
10.061	-12.281
10.019	-12.013
9.994	-11.855
9.951	-11.699
9.900	-11.547
9.870	-11.456
9.815	-11.374
9.777	-11.285
9.757	-11.237
9.745	-11.186
9.728	-11.137
POLYLINE BLACK
9.777	-11.134
9.701	-10.966
POLYLINE BLACK
9.718	-11.087
9.508	-10.747
9.466	-10.340
9.407	-9.956
POLYLINE BLACK
13.643	-12.273
13.579	-12.243
13.510	-12.221
13.450	-12.184
13.238	-12.055
13.088	-11.907
12.931	-11.710
12.821	-11.571
12.742	-11.411
12.629	-11.275
12.492	-11.112
12.351	-10.948
12.184	-10.815
10.096	-9.148
11.761	-10.623
11.204	-10.127
POLYLINE BLACK
14.181	-13.600
14.139	-13.524
14.103	-13.445
14.056	-13.372
14.001	-13.286
13.754	-13.094
13.862	-12.941
13.878	-12.919
13.907	-12.893
13.934	-12.887
14.054	-12.860
14.175	-12.838
14.296	-12.814
POLYLINE BLACK
14.227	-13.580
14.368	-12.808
POLYLINE BLACK
12.536	-12.488
13.178	-13.174
POLYLINE BLACK
12.601	-12.496
12.771	-12.427
12.940	-12.359
13.109	-12.290
13.126	-12.286
13.142	-12.277
13.159	-12.277
13.233	-12.278
13.306	-12.288
13.380	-12.294
POLYLINE BLACK
13.362	-12.399
13.119	-13.100
13.180	-12.816
13.107	-13.232
POLYLINE BLACK
11.473	-11.739
11.848	-12.475
POLYLINE BLACK
11.524	-11.667
12.092	-11.774
11.918	-11.583
12.192	-11.635
12.240	-11.644
12.287	-11.658
12.335	-11.670
POLYLINE BLACK
12.337	-11.686
11.939	-12.374
12.065	-12.086
11.894	-12.518
POLYLINE BLACK
10.596	-10.926
10.738	-11.539
10.657	-11.297
10.795	-11.667
POLYLINE BLACK
10.626	-10.804
11.279	-10.850
11.034	-10.797
11.374	-10.883
POLYLINE BLACK
11.495	-10.891
11.023	-11.681
11.242	-11.357
10.867	-11.881
POLYLINE BLACK
11.194	-13.881
11.203	-13.838
11.212	-13.794
11.221	-13.750
11.227	-13.748
11.234	-13.741
11.240	-13.744
11.251	-13.750
11.275	-13.792
11.284	-13.803
11.304	-13.827
11.329	-13.843
11.359	-13.851
11.389	-13.859
11.436	-13.856
11.439	-13.897
11.440	-13.906
11.439	-13.915
11.437	-13.923
11.389	-14.056
11.334	-14.186
11.287	-14.319
11.275	-14.353
11.308	-14.377
11.336	-14.381
11.390	-14.391
11.444	-14.398
11.498	-14.406
POLYLINE BLACK
11.611	-14.149
11.571	-14.749
POLYLINE BLACK
11.640	-13.954
11.641	-13.939
POLYLINE BLACK
11.842	-14.028
11.858	-14.060
11.876	-14.091
11.890	-14.124
11.915	-14.183
11.820	-14.197
11.807	-14.242
11.786	-14.312
11.874	-14.406
11.941	-14.409
11.991	-14.411
12.041	-14.407
12.091	-14.406
POLYLINE BLACK
12.189	-14.226
12.215	-14.208
12.239	-14.188
12.265	-14.172
12.326	-14.135
12.378	-14.274
12.385	-14.307
12.395	-14.355
12.377	-14.402
12.402	-14.448
12.445	-14.527
12.519	-14.543
12.601	-14.587
POLYLINE BLACK
12.335	-14.097
12.332	-14.104
POLYLINE BLACK
12.845	-14.451
12.830	-14.494
12.795	-14.555
12.836	-14.596
12.947	-14.710
13.051	-14.514
12.990	-14.418
12.933	-14.329
12.847	-14.402
12.828	-14.479
12.817	-14.525
12.840	-14.573
12.854	-14.616
POLYLINE BLACK
13.141	-14.079
13.077	-14.733
POLYLINE BLACK
13.301	-14.552
13.379	-14.492
13.423	-14.456
13.476	-14.554
13.503	-14.604
13.511	-14.660
13.491	-14.713
13.479	-14.746
13.463	-14.774
13.440	-14.800
13.421	-14.821
13.358	-14.853
13.377	-14.892
13.386	-14.909
13.406	-14.922
13.421	-14.931
13.495	-14.975
13.571	-15.017
13.646	-15.060
POLYLINE BLACK
13.496	-14.299
13.529	-14.188
POLYLINE BLACK
13.704	-14.810
13.700	-14.904
13.704	-14.974
13.778	-15.034
13.794	-15.047
13.816	-15.054
13.837	-15.055
13.996	-15.058
13.984	-14.771
13.859	-14.748
13.807	-14.738
13.773	-14.810
13.757	-14.846
13.685	-15.017
13.828	-15.182
14.009	-15.148
14.097	-15.131
14.150	-15.027
14.196	-14.968
POLYLINE BLACK
14.252	-14.760
14.297	-14.429
14.269	-14.632
14.177	-15.354
POLYLINE BLACK
14.453	-14.984
14.450	-15.084
14.435	-15.184
14.444	-15.283
14.445	-15.292
14.484	-15.217
14.490	-15.210
14.543	-15.141
14.615	-15.242
14.629	-15.291
14.641	-15.334
14.645	-15.405
14.653	-15.443
14.659	-15.475
14.681	-15.555
14.728	-15.552
14.785	-15.548
14.835	-15.456
14.859	-15.416
14.869	-15.400
14.869	-15.372
14.887	-15.368
14.900	-15.365
14.896	-15.393
14.898	-15.406
14.903	-15.427
14.915	-15.529
14.947	-15.534
14.987	-15.542
15.028	-15.525
15.068	-15.521
POLYLINE BLACK
14.994	-15.079
14.997	-15.090
POLYLINE BLACK
15.162	-15.454
15.170	-15.490
15.174	-15.541
15.196	-15.576
15.251	-15.661
15.372	-15.709
15.471	-15.691
15.558	-15.675
15.587	-15.555
15.566	-15.482
15.558	-15.455
15.544	-15.432
15.527	-15.410
15.491	-15.367
15.440	-15.341
15.385	-15.332
15.344	-15.325
15.301	-15.334
15.268	-15.359
15.184	-15.422
15.211	-15.526
15.274	-15.596
15.287	-15.611
15.301	-15.628
15.319	-15.638
15.464	-15.721
15.614	-15.795
15.761	-15.873
POLYLINE BLACK
11.111	-9.962
11.213	-9.912
11.295	-9.859
11.407	-9.841
11.492	-9.826
11.579	-9.824
11.664	-9.811
11.727	-9.802
11.872	-9.710
11.887	-9.701
POLYLINE BLACK
10.119	-10.116
10.200	-10.018
10.279	-9.928
10.400	-9.882
10.444	-9.865
10.490	-9.855
10.535	-9.842
10.545	-9.840
10.555	-9.835
10.564	-9.838
10.608	-9.850
10.649	-9.871
10.692	-9.887
POLYLINE BLACK
10.127	-9.987
10.235	-9.509
10.199	-9.503
10.416	-9.097
10.462	-9.012
10.520	-8.934
10.575	-8.855
10.606	-8.812
10.642	-8.857
10.652	-8.887
10.664	-8.922
10.681	-8.957
10.683	-8.994
10.699	-9.264
10.698	-9.535
10.705	-9.805
POLYLINE BLACK
10.357	-8.049
10.686	-8.118
10.531	-8.073
10.822	-8.178
POLYLINE BLACK
10.391	-8.022
10.467	-7.913
10.535	-7.799
10.618	-7.696
10.741	-7.545
10.874	-7.403
11.008	-7.263
11.013	-7.258
11.023	-7.264
11.027	-7.270
11.033	-7.280
11.034	-7.293
11.035	-7.306
11.035	-7.343
11.036	-7.380
11.030	-7.417
10.998	-7.614
10.951	-7.809
10.919	-8.006
10.907	-8.075
10.906	-8.145
10.900	-8.215
POLYLINE BLACK
12.081	-9.416
12.120	-9.367
POLYLINE BLACK
12.104	-9.377
12.294	-9.181
POLYLINE BLACK
12.246	-9.256
12.363	-9.030
12.400	-8.999
12.566	-8.821
POLYLINE BLACK
12.615	-8.888
12.869	-8.619
POLYLINE BLACK
13.299	-8.150
13.315	-8.126
POLYLINE BLACK
12.923	-8.579
12.956	-8.613
12.992	-8.645
13.023	-8.680
13.091	-8.759
13.107	-8.887
13.093	-8.986
13.089	-9.017
13.078	-9.047
13.070	-9.077
POLYLINE BLACK
12.908	-8.874
13.036	-9.523
POLYLINE BLACK
13.130	-4.046
13.271	-4.116
POLYLINE BLACK
13.121	-4.206
13.432	-4.307
13.301	-4.242
13.522	-4.380
POLYLINE BLACK
12.773	-8.799
12.978	-8.749
POLYLINE BLACK
14.186	-4.719
14.456	-4.984
14.634	-5.321
14.799	-5.657
POLYLINE BLACK
16.646	-7.866
17.424	-8.102
17.116	-8.048
17.551	-8.111
POLYLINE BLACK
18.920	-2.910
18.900	-2.870
POLYLINE BLACK
12.726	-8.814
12.802	-8.834
12.921	-8.846
12.966	-8.929
13.062	-9.107
13.157	-9.285
13.250	-9.465
13.348	-9.657
13.442	-9.852
13.539	-10.045
POLYLINE BLACK
12.548	-4.710
12.520	-4.731
12.491	-4.749
12.465	-4.773
12.310	-4.915
12.135	-5.395
12.132	-5.402
12.081	-5.515
12.047	-5.777
12.047	-5.864
12.045	-6.271
12.034	-6.680
12.080	-7.084
12.110	-7.345
12.200	-7.597
12.272	-7.850
12.414	-8.350
12.633	-8.764
12.896	-9.229
13.008	-9.427
13.150	-9.605
13.275	-9.795
13.341	-9.895
13.359	-9.958
13.442	-10.031
13.534	-10.111
13.597	-10.138
13.705	-10.199
POLYLINE BLACK
9.049	-19.746
9.033	-19.705
POLYLINE BLACK
13.815	-10.304
13.859	-10.345
POLYLINE BLACK
13.870	-10.353
13.876	-10.361
POLYLINE BLACK
13.907	-10.407
14.573	-10.688
14.357	-10.631
15.298	-10.792
15.384	-10.807
15.644	-10.793
15.724	-10.760
16.019	-10.637
16.307	-10.495
16.589	-10.343
16.801	-10.230
16.996	-10.089
17.201	-9.965
17.270	-9.924
17.342	-9.890
17.410	-9.847
17.477	-9.805
17.530	-9.737
17.604	-9.710
17.646	-9.696
17.690	-9.726
17.733	-9.734
POLYLINE BLACK
13.873	-9.609
13.829	-9.702
13.777	-9.797
13.783	-9.904
13.789	-10.008
13.885	-10.140
13.978	-10.185
14.022	-10.206
14.069	-10.221
14.115	-10.237
14.320	-10.307
14.521	-10.392
14.732	-10.442
14.971	-10.498
15.310	-10.472
15.551	-10.472
16.021	-10.473
15.595	-10.527
16.408	-10.385
16.445	-10.379
16.484	-10.369
16.516	-10.349
16.721	-10.224
16.916	-10.083
17.119	-9.953
17.172	-9.919
17.230	-9.893
17.283	-9.859
17.322	-9.833
17.351	-9.793
17.393	-9.773
17.443	-9.749
17.499	-9.744
17.552	-9.729
POLYLINE BLACK
13.169	-4.079
13.325	-4.067
13.480	-4.055
13.636	-4.042
13.680	-4.045
13.724	-4.040
13.766	-4.050
13.851	-4.069
13.934	-4.094
14.014	-4.127
14.070	-4.149
14.122	-4.180
14.173	-4.214
14.439	-4.392
14.712	-4.559
14.962	-4.759
15.538	-5.221
16.141	-6.167
16.442	-6.675
16.712	-7.133
16.931	-7.620
17.135	-8.111
17.441	-8.845
17.426	-8.985
17.453	-9.708
17.455	-9.752
17.452	-9.796
17.444	-9.839
17.432	-9.899
17.411	-9.957
17.394	-10.016
POLYLINE BLACK
14.010	-6.168
13.927	-6.124
13.837	-6.089
13.743	-6.120
13.593	-6.169
13.406	-6.420
13.391	-6.576
13.346	-7.033
13.282	-7.571
13.455	-8.021
13.527	-8.205
13.665	-8.385
13.842	-8.477
14.033	-8.576
14.303	-8.574
14.512	-8.547
14.671	-8.527
14.910	-8.431
15.010	-8.296
15.041	-8.254
15.070	-8.210
15.093	-8.163
15.187	-7.978
15.238	-7.765
15.227	-7.557
15.225	-7.514
15.222	-7.471
15.208	-7.430
15.064	-7.005
15.029	-6.904
14.806	-6.563
14.751	-6.479
14.690	-6.399
14.627	-6.321
14.535	-6.207
14.317	-6.136
14.178	-6.124
14.108	-6.119
13.888	-6.123
13.828	-6.187
13.795	-6.222
13.767	-6.262
13.737	-6.300
POLYLINE BLACK
13.949	-7.577
13.972	-7.551
13.992	-7.523
14.017	-7.498
14.033	-7.483
14.050	-7.469
14.070	-7.460
14.155	-7.418
14.417	-7.308
14.330	-7.345
13.924	-7.520
13.982	-7.382
13.922	-7.559
POLYLINE BLACK
13.945	-4.277
13.825	-4.497
13.923	-4.299
13.794	-4.679
13.781	-4.718
13.763	-4.755
13.747	-4.793
POLYLINE BLACK
14.432	-4.689
14.260	-5.100
14.344	-4.935
14.200	-5.196
POLYLINE BLACK
15.791	-5.856
15.459	-6.252
15.583	-6.069
15.391	-6.386
POLYLINE BLACK
16.626	-7.451
16.287	-7.629
16.434	-7.560
16.190	-7.669
POLYLINE BLACK
17.079	-8.139
16.552	-8.255
POLYLINE BLACK
17.211	-9.029
16.882	-9.075
17.091	-9.061
16.586	-9.008
POLYLINE BLACK
16.858	-9.792
16.788	-9.789
16.718	-9.789
16.649	-9.783
16.557	-9.774
16.305	-9.662
16.300	-9.659
16.247	-9.634
16.202	-9.596
16.153	-9.564
POLYLINE BLACK
16.085	-10.518
16.031	-10.490
15.974	-10.468
15.923	-10.433
15.814	-10.357
15.690	-10.243
15.635	-10.116
15.597	-10.029
15.592	-9.981
15.574	-9.891
POLYLINE BLACK
14.976	-10.649
14.969	-10.638
14.852	-10.478
14.842	-10.414
14.804	-10.186
14.803	-10.080
14.842	-9.867
POLYLINE BLACK
13.742	-9.876
13.732	-9.698
13.743	-9.509
13.844	-9.355
13.863	-9.325
13.886	-9.297
13.907	-9.268
POLYLINE BLACK
12.316	-8.054
12.591	-7.802
12.443	-7.915
12.760	-7.715
POLYLINE BLACK
12.060	-6.862
12.371	-6.697
12.258	-6.777
12.418	-6.654
POLYLINE BLACK
12.017	-5.753
12.334	-5.774
12.196	-5.772
12.429	-5.768
POLYLINE BLACK
12.448	-4.961
12.919	-5.261
POLYLINE BLACK
17.353	-8.101
17.597	-8.117
POLYLINE BLACK
13.940	-11.499
13.827	-11.580
13.889	-11.532
13.755	-11.647
POLYLINE BLACK
13.394	-11.993
13.174	-12.198
POLYLINE BLACK
12.807	-12.816
12.752	-13.103
POLYLINE BLACK
12.667	-13.711
12.703	-13.877
12.680	-13.784
12.742	-13.991
POLYLINE BLACK
12.813	-14.882
13.017	-15.334
POLYLINE BLACK
13.036	-16.289
13.179	-16.647
POLYLINE BLACK
13.234	-17.912
13.302	-18.261
POLYLINE BLACK
13.693	-18.958
13.914	-18.948
13.794	-18.965
14.051	-18.894
POLYLINE BLACK
14.561	-18.429
14.721	-18.332
14.639	-18.392
14.799	-18.240
POLYLINE BLACK
15.579	-17.256
15.750	-16.968
POLYLINE BLACK
16.064	-16.220
16.162	-15.923
POLYLINE BLACK
16.197	-15.526
16.242	-15.325
POLYLINE BLACK
14.290	-11.917
14.387	-12.009
14.490	-12.057
14.610	-12.103
POLYLINE BLACK
14.873	-12.286
15.166	-12.517
15.021	-12.437
15.291	-12.552
POLYLINE BLACK
15.746	-12.944
15.967	-13.179
15.861	-13.084
16.055	-13.240
POLYLINE BLACK
17.253	-12.028
17.420	-12.075
POLYLINE BLACK
17.546	-12.319
17.684	-12.475
POLYLINE BLACK
17.895	-12.817
17.992	-13.040
POLYLINE BLACK
18.056	-13.211
18.164	-13.517
POLYLINE BLACK
18.224	-14.312
18.224	-14.329
POLYLINE BLACK
17.356	-12.102
17.404	-12.147
17.457	-12.188
17.501	-12.236
17.629	-12.375
17.709	-12.564
17.769	-12.735
17.913	-13.147
18.062	-13.559
18.167	-13.982
18.307	-14.544
18.460	-15.276
18.393	-15.892
18.360	-16.191
18.299	-16.486
18.231	-16.780
18.220	-16.829
18.114	-17.348
17.985	-17.560
17.962	-17.599
17.852	-17.717
17.849	-17.721
POLYLINE BLACK
17.143	-12.004
17.102	-12.020
17.061	-12.033
17.021	-12.051
16.997	-12.063
16.975	-12.078
16.953	-12.094
16.872	-12.151
16.792	-12.211
16.711	-12.270
POLYLINE BLACK
16.755	-12.405
16.534	-12.588
16.645	-12.479
16.433	-12.744
POLYLINE BLACK
17.840	-17.767
17.698	-17.751
17.557	-17.734
17.415	-17.718
17.392	-17.712
17.367	-17.710
17.346	-17.698
17.284	-17.661
17.228	-17.613
17.168	-17.570
POLYLINE BLACK
15.837	-14.792
16.100	-14.627
POLYLINE BLACK
16.986	-14.610
17.081	-14.694
17.037	-14.652
17.116	-14.736
POLYLINE BLACK
14.457	-11.901
15.349	-11.977
POLYLINE BLACK
15.957	-11.955
16.469	-11.949
16.255	-11.979
16.604	-11.907
POLYLINE BLACK
17.006	-11.986
17.741	-12.548
POLYLINE BLACK
17.776	-12.865
17.882	-13.038
POLYLINE BLACK
18.050	-13.797
18.317	-14.916
POLYLINE BLACK
18.334	-15.002
18.331	-16.063
18.386	-15.655
18.288	-16.234
POLYLINE BLACK
18.240	-16.783
18.173	-17.013
18.043	-17.216
17.867	-17.380
17.793	-17.449
17.708	-17.504
17.628	-17.566
POLYLINE BLACK
17.831	-17.819
17.476	-18.010
17.412	-18.083
17.120	-18.170
17.074	-18.184
16.996	-18.190
16.951	-18.195
POLYLINE BLACK
16.452	-18.254
16.260	-18.426
16.008	-18.516
15.762	-18.578
15.713	-18.591
15.661	-18.594
15.611	-18.602
POLYLINE BLACK
15.184	-18.612
15.056	-18.718
15.011	-18.723
14.833	-18.753
14.815	-18.756
14.796	-18.758
14.778	-18.755
14.749	-18.751
14.722	-18.739
14.694	-18.731
POLYLINE BLACK
14.636	-18.734
14.574	-18.739
14.174	-18.862
14.064	-18.808
14.011	-18.781
13.960	-18.753
13.907	-18.725
POLYLINE BLACK
13.827	-18.251
13.613	-18.098
POLYLINE BLACK
13.460	-16.216
13.381	-15.992
POLYLINE BLACK
15.376	-15.655
15.433	-15.520
15.528	-15.307
15.676	-15.239
15.962	-15.109
16.175	-14.974
16.480	-14.996
16.636	-15.008
17.012	-15.044
17.050	-15.267
17.073	-15.402
16.977	-15.545
16.912	-15.648
16.818	-15.797
16.668	-15.892
16.515	-15.972
16.458	-16.002
16.397	-16.027
16.334	-16.042
16.217	-16.069
16.096	-16.085
15.976	-16.097
15.857	-16.108
15.669	-16.100
15.557	-16.041
15.456	-15.988
15.347	-15.910
15.275	-15.822
15.244	-15.784
15.228	-15.736
15.205	-15.693
POLYLINE BLACK
16.082	-15.400
16.008	-15.462
15.927	-15.544
15.958	-15.651
15.975	-15.706
16.026	-15.738
16.076	-15.761
16.221	-15.827
16.476	-15.771
16.509	-15.592
16.517	-15.552
16.514	-15.508
16.499	-15.470
16.459	-15.370
16.289	-15.225
16.171	-15.284
16.107	-15.317
16.078	-15.398
16.048	-15.457
POLYLINE BLACK
16.161	-15.597
16.399	-15.544
16.290	-15.546
16.220	-15.629
16.215	-15.635
16.249	-15.630
16.242	-15.634
16.223	-15.644
16.200	-15.646
16.178	-15.652
POLYLINE BLACK
19.762	-2.750
20.034	-2.349
19.620	-2.974
20.087	-2.140
20.145	-2.056
20.203	-1.973
20.261	-1.889
20.268	-1.892
20.276	-1.891
20.280	-1.897
20.287	-1.907
20.289	-1.920
20.290	-1.932
20.390	-2.663
20.318	-2.367
20.400	-2.683
POLYLINE BLACK
21.700	-2.164
21.673	-2.148
21.644	-2.133
21.618	-2.116
21.565	-2.080
21.609	-1.991
21.668	-2.003
21.765	-2.023
21.848	-2.155
21.879	-2.238
21.922	-2.352
22.015	-2.610
21.878	-2.710
21.848	-2.732
21.847	-2.725
21.809	-2.740
21.795	-2.746
21.759	-2.747
21.767	-2.760
21.778	-2.777
21.807	-2.766
21.827	-2.769
21.847	-2.773
21.868	-2.775
21.888	-2.781
21.908	-2.786
21.926	-2.793
21.944	-2.802
21.962	-2.811
21.978	-2.823
21.994	-2.834
22.021	-2.851
22.047	-2.870
22.075	-2.885
22.191	-2.948
22.226	-2.904
22.257	-2.786
22.270	-2.734
22.279	-2.680
22.290	-2.628
POLYLINE BLACK
22.941	-2.026
22.940	-2.016
22.919	-1.938
22.942	-1.909
22.952	-1.897
22.968	-1.894
22.983	-1.894
23.029	-1.894
23.070	-1.927
23.071	-1.975
23.072	-2.048
23.068	-2.122
23.069	-2.195
23.069	-2.207
23.080	-2.223
23.087	-2.231
23.097	-2.241
23.113	-2.249
23.126	-2.252
23.190	-2.269
23.254	-2.280
23.317	-2.299
23.378	-2.316
23.430	-2.364
23.468	-2.414
23.533	-2.501
23.566	-2.678
23.436	-2.728
23.372	-2.752
23.293	-2.750
23.231	-2.753
23.221	-2.754
23.211	-2.753
23.202	-2.750
23.152	-2.734
23.104	-2.713
23.056	-2.695
POLYLINE BLACK
22.589	-22.018
22.626	-22.002
POLYLINE BLACK
17.576	-8.021
17.619	-8.016
17.661	-8.007
17.704	-8.006
17.871	-8.000
18.017	-8.112
18.148	-8.196
POLYLINE BLACK
18.151	-8.073
18.187	-8.097
18.224	-8.118
18.258	-8.145
18.279	-8.161
18.298	-8.181
18.315	-8.201
18.385	-8.287
18.451	-8.375
18.518	-8.462
POLYLINE BLACK
18.506	-8.440
18.681	-8.595
18.709	-8.775
18.756	-8.997
POLYLINE BLACK
18.914	-8.863
18.940	-9.180
POLYLINE BLACK
19.102	-9.626
19.100	-9.944
POLYLINE BLACK
17.976	-8.079
18.184	-8.178
18.357	-8.246
18.537	-8.403
18.683	-8.531
18.810	-8.678
18.940	-8.822
18.980	-8.866
19.023	-8.912
19.047	-8.967
19.129	-9.152
19.193	-9.344
19.255	-9.537
19.305	-9.694
19.307	-9.871
19.307	-10.033
19.307	-10.081
19.293	-10.155
19.272	-10.199
19.197	-10.360
19.093	-10.533
18.926	-10.613
18.917	-10.617
18.719	-10.685
18.665	-10.740
18.567	-10.841
18.466	-10.939
18.379	-11.050
17.853	-11.726
18.574	-10.983
17.828	-11.767
17.658	-11.946
17.613	-11.885
17.378	-12.064
17.223	-12.182
17.086	-12.322
16.940	-12.452
POLYLINE BLACK
17.170	-9.801
16.920	-10.031
16.921	-10.017
16.641	-10.404
16.570	-10.503
16.517	-10.614
16.456	-10.719
16.283	-11.021
16.098	-11.315
15.940	-11.625
15.888	-11.725
15.766	-12.033
15.752	-12.201
15.746	-12.271
15.748	-12.341
15.753	-12.410
15.890	-14.365
15.786	-13.655
16.087	-15.118
POLYLINE BLACK
17.259	-12.117
17.214	-12.171
17.166	-12.222
17.123	-12.278
17.021	-12.415
16.996	-12.608
16.982	-12.769
16.945	-13.231
16.940	-13.696
16.895	-14.158
16.839	-14.724
16.837	-14.716
16.742	-15.030
POLYLINE BLACK
17.630	-9.275
17.690	-9.121
17.744	-8.963
17.812	-8.812
17.819	-8.797
17.878	-8.664
17.938	-8.644
18.011	-8.621
18.085	-8.739
18.109	-8.789
18.157	-8.889
18.205	-8.987
18.248	-9.089
18.259	-9.114
18.265	-9.142
18.270	-9.169
18.283	-9.242
18.270	-9.293
18.263	-9.370
POLYLINE BLACK
17.644	-9.251
18.012	-9.244
17.798	-9.250
18.287	-9.232
POLYLINE BLACK
18.110	-9.782
18.248	-9.820
18.403	-9.845
18.515	-9.944
18.542	-9.968
18.568	-9.994
18.594	-10.020
POLYLINE BLACK
17.933	-9.868
17.963	-9.944
18.000	-10.012
18.003	-10.094
18.005	-10.163
17.999	-10.233
17.996	-10.302
17.995	-10.326
17.982	-10.359
17.995	-10.385
18.025	-10.438
18.130	-10.401
18.167	-10.384
18.189	-10.374
18.212	-10.365
18.230	-10.349
18.845	-9.799
18.430	-10.132
18.668	-9.943
POLYLINE BLACK
17.583	-10.400
17.752	-10.497
17.888	-10.601
18.020	-10.739
POLYLINE BLACK
17.506	-10.461
17.483	-10.637
17.461	-10.813
17.438	-10.989
17.435	-11.014
17.421	-11.045
17.431	-11.072
17.457	-11.137
17.595	-11.070
17.622	-11.048
17.752	-10.945
17.875	-10.832
18.001	-10.724
POLYLINE BLACK
16.858	-11.442
17.017	-11.516
17.063	-11.565
17.181	-11.686
POLYLINE BLACK
16.860	-11.367
16.665	-11.818
16.742	-11.612
16.620	-11.971
16.616	-11.982
16.603	-12.005
16.615	-12.018
16.645	-12.051
16.772	-11.988
16.795	-11.970
16.871	-11.909
16.942	-11.842
17.016	-11.778
POLYLINE BLACK
16.210	-12.920
16.233	-12.914
16.449	-12.845
16.513	-12.867
16.529	-12.873
16.486	-12.887
16.470	-12.893
16.448	-12.903
16.424	-12.910
16.401	-12.915
16.382	-12.919
16.362	-12.923
16.343	-12.922
16.334	-12.922
16.310	-12.912
16.319	-12.910
16.396	-12.890
16.525	-12.915
16.591	-12.923
POLYLINE BLACK
16.056	-12.951
16.107	-12.985
16.161	-13.014
16.209	-13.051
16.222	-13.061
16.374	-13.208
16.231	-13.120
16.192	-13.095
16.153	-13.070
16.117	-13.041
16.096	-13.025
16.042	-12.969
16.061	-12.986
16.179	-13.098
16.300	-13.206
16.415	-13.321
16.436	-13.343
16.450	-13.371
16.468	-13.396
16.484	-13.423
16.494	-13.455
16.515	-13.478
16.521	-13.484
16.530	-13.472
16.535	-13.466
16.543	-13.456
16.546	-13.443
16.550	-13.431
16.601	-13.288
16.651	-13.144
16.702	-13.000
POLYLINE BLACK
16.218	-14.333
16.346	-14.285
16.501	-14.232
16.638	-14.287
16.643	-14.290
16.648	-14.298
16.645	-14.303
16.639	-14.312
16.628	-14.318
16.618	-14.321
16.532	-14.349
16.440	-14.358
16.358	-14.395
16.312	-14.415
16.458	-14.373
16.508	-14.370
16.558	-14.366
16.609	-14.372
16.659	-14.373
POLYLINE BLACK
16.030	-14.431
16.104	-14.510
16.178	-14.587
16.251	-14.666
16.277	-14.695
16.293	-14.728
16.331	-14.742
16.400	-14.767
16.479	-14.684
16.510	-14.632
16.559	-14.551
16.604	-14.466
16.652	-14.382
POLYLINE BLACK
18.689	-9.874
20.048	-8.233
19.287	-8.989
20.983	-7.616
POLYLINE BLACK
18.639	-9.479
18.664	-9.556
18.702	-9.636
18.701	-9.720
18.699	-9.852
18.687	-9.983
18.683	-10.115
18.681	-10.165
18.741	-10.185
18.779	-10.191
18.802	-10.194
18.825	-10.197
18.848	-10.194
18.929	-10.183
19.010	-10.169
19.088	-10.147
19.147	-10.131
19.202	-10.104
19.259	-10.082
POLYLINE BLACK
20.205	-6.732
20.271	-6.901
20.342	-7.068
20.402	-7.239
20.417	-7.280
20.423	-7.324
20.428	-7.368
20.429	-7.376
20.427	-7.385
20.422	-7.392
20.397	-7.426
20.295	-7.336
20.282	-7.316
20.202	-7.197
20.082	-7.036
20.097	-6.875
20.111	-6.735
20.290	-6.685
20.394	-6.770
20.465	-6.826
20.480	-6.959
20.395	-7.011
20.347	-7.040
20.287	-7.023
20.237	-7.016
POLYLINE BLACK
20.495	-6.683
20.506	-6.717
20.515	-6.752
20.529	-6.786
20.545	-6.826
20.577	-6.862
20.607	-6.892
20.650	-6.932
20.707	-6.954
20.763	-6.929
20.836	-6.897
20.869	-6.834
20.883	-6.757
20.889	-6.721
20.896	-6.667
20.887	-6.627
20.869	-6.553
20.787	-6.513
20.721	-6.554
20.660	-6.593
20.635	-6.642
20.586	-6.704
POLYLINE BLACK
20.994	-6.379
20.987	-6.422
20.978	-6.465
20.974	-6.508
20.965	-6.592
21.004	-6.696
21.074	-6.746
21.094	-6.760
21.120	-6.774
21.145	-6.773
21.210	-6.769
21.247	-6.680
21.264	-6.634
21.277	-6.596
21.290	-6.557
21.295	-6.517
21.314	-6.373
21.326	-6.181
21.295	-6.034
21.278	-5.956
20.794	-4.424
21.415	-6.499
21.419	-6.515
21.418	-6.467
21.419	-6.450
21.421	-6.386
21.420	-6.322
21.424	-6.258
21.425	-6.244
21.434	-6.223
21.448	-6.217
21.464	-6.211
21.487	-6.221
21.499	-6.229
21.535	-6.256
21.571	-6.282
21.608	-6.309
21.621	-6.320
21.632	-6.332
21.646	-6.342
21.652	-6.346
21.659	-6.348
21.666	-6.349
21.713	-6.355
21.734	-6.296
21.770	-6.277
21.814	-6.254
21.835	-6.281
21.876	-6.287
21.958	-6.297
21.904	-6.073
21.964	-6.206
22.042	-6.377
22.125	-6.547
22.192	-6.723
22.246	-6.863
22.301	-7.074
22.111	-7.132
22.087	-7.139
22.039	-7.147
22.017	-7.137
21.955	-7.111
21.898	-7.074
21.838	-7.042
POLYLINE BLACK
21.926	-5.316
22.152	-5.754
22.032	-5.484
22.237	-6.146
POLYLINE BLACK
22.310	-5.683
22.382	-5.768
22.390	-5.764
22.433	-5.856
22.451	-5.895
22.462	-5.937
22.482	-5.975
22.484	-5.980
22.493	-5.979
22.496	-5.975
22.502	-5.966
22.500	-5.954
22.502	-5.943
22.506	-5.926
22.518	-5.793
22.562	-5.772
22.653	-5.729
22.784	-5.996
22.851	-5.881
22.872	-5.845
22.879	-5.807
22.928	-5.804
22.935	-5.804
22.943	-5.804
22.951	-5.806
22.991	-5.817
23.031	-5.829
23.071	-5.841
POLYLINE BLACK
22.984	-5.301
22.949	-5.316
POLYLINE BLACK
23.097	-5.600
23.149	-5.686
23.202	-5.759
23.308	-5.764
23.444	-5.771
23.409	-5.568
23.383	-5.493
23.354	-5.410
23.232	-5.433
23.227	-5.514
23.222	-5.580
23.273	-5.652
23.317	-5.696
23.434	-5.813
23.591	-5.851
23.752	-5.865
23.780	-5.868
23.808	-5.868
23.836	-5.863
23.892	-5.853
23.946	-5.835
24.001	-5.822
POLYLINE BLACK
9.875	-16.010
9.904	-16.103
9.923	-16.200
9.962	-16.289
9.967	-16.301
9.975	-16.266
9.981	-16.254
9.985	-16.244
9.987	-16.233
9.992	-16.223
10.005	-16.194
10.033	-16.176
10.062	-16.166
10.096	-16.154
10.135	-16.156
10.170	-16.166
10.198	-16.175
10.228	-16.196
10.260	-16.194
10.282	-16.192
10.300	-16.179
10.311	-16.160
10.368	-16.060
10.262	-15.942
10.220	-15.865
POLYLINE BLACK
10.608	-15.850
10.674	-15.983
10.744	-16.114
10.807	-16.248
10.825	-16.286
10.800	-16.283
10.776	-16.272
10.760	-16.264
10.746	-16.253
10.732	-16.241
10.677	-16.196
10.654	-16.132
10.636	-16.064
10.612	-15.970
10.610	-15.834
10.698	-15.768
10.720	-15.751
10.749	-15.744
10.776	-15.751
10.846	-15.767
10.872	-15.818
10.856	-15.887
10.837	-15.968
10.787	-15.984
10.718	-16.024
POLYLINE BLACK
10.970	-15.841
10.985	-15.847
11.045	-15.885
11.080	-15.880
11.104	-15.877
11.119	-15.857
11.127	-15.836
11.169	-15.722
11.056	-15.610
10.957	-15.707
10.943	-15.721
10.933	-15.739
10.927	-15.759
10.909	-15.818
10.930	-15.914
10.935	-15.960
POLYLINE BLACK
11.135	-15.542
11.261	-15.764
11.206	-15.678
11.290	-15.805
POLYLINE BLACK
10.936	-15.551
11.061	-15.444
10.983	-15.503
11.178	-15.386
POLYLINE BLACK
11.404	-15.688
11.451	-15.699
11.495	-15.720
11.543	-15.713
11.642	-15.698
11.723	-15.571
11.700	-15.474
11.679	-15.384
11.578	-15.350
11.522	-15.433
11.518	-15.439
11.518	-15.446
11.517	-15.453
11.509	-15.510
11.502	-15.566
11.495	-15.623
POLYLINE BLACK
11.780	-15.293
11.786	-15.312
11.790	-15.480
11.864	-15.431
11.890	-15.414
11.886	-15.407
11.912	-15.399
11.963	-15.384
11.990	-15.425
12.036	-15.438
12.042	-15.440
12.050	-15.432
12.051	-15.426
12.052	-15.414
12.046	-15.403
12.041	-15.392
12.021	-15.350
11.999	-15.310
11.978	-15.269
POLYLINE BLACK
12.136	-15.177
12.152	-15.255
12.158	-15.336
12.198	-15.407
12.209	-15.426
12.225	-15.442
12.238	-15.459
POLYLINE BLACK
12.106	-14.930
12.087	-14.933
POLYLINE BLACK
12.286	-15.232
12.318	-15.226
12.351	-15.224
12.382	-15.216
12.433	-15.202
12.391	-15.084
12.346	-15.121
12.332	-15.132
12.318	-15.158
12.312	-15.175
12.280	-15.265
12.349	-15.368
12.438	-15.390
12.520	-15.410
12.603	-15.364
12.677	-15.336
POLYLINE BLACK
9.291	-17.107
9.265	-17.139
9.237	-17.168
9.213	-17.201
9.203	-17.214
9.195	-17.230
9.189	-17.245
9.128	-17.397
9.222	-17.388
9.344	-17.377
9.352	-17.376
9.412	-17.354
9.433	-17.373
9.446	-17.384
9.444	-17.409
9.440	-17.422
9.413	-17.527
9.341	-17.623
9.244	-17.676
9.225	-17.686
9.202	-17.682
9.181	-17.686
POLYLINE BLACK
9.520	-16.838
9.609	-17.068
9.662	-17.194
9.766	-17.382
POLYLINE BLACK
9.554	-17.122
9.693	-16.995
9.739	-16.979
9.908	-16.913
POLYLINE BLACK
9.921	-17.049
9.950	-17.094
9.965	-17.130
10.004	-17.161
10.118	-17.253
10.185	-17.188
10.207	-17.062
10.221	-16.976
10.199	-16.873
10.191	-16.794
POLYLINE BLACK
10.367	-16.936
10.398	-16.960
10.429	-16.984
10.462	-17.006
10.528	-17.050
10.587	-16.958
10.590	-16.903
10.593	-16.867
10.585	-16.827
10.566	-16.796
10.539	-16.752
10.436	-16.699
10.422	-16.782
10.421	-16.789
10.423	-16.797
10.425	-16.803
10.436	-16.856
10.449	-16.908
10.460	-16.960
POLYLINE BLACK
10.481	-16.321
10.512	-16.413
10.543	-16.505
10.574	-16.597
10.609	-16.715
10.631	-16.837
10.680	-16.950
10.688	-16.970
10.718	-16.970
10.737	-16.980
POLYLINE BLACK
10.808	-16.554
10.828	-16.596
10.844	-16.640
10.866	-16.680
10.877	-16.699
10.894	-16.695
10.906	-16.682
10.934	-16.649
10.942	-16.563
11.001	-16.569
11.070	-16.575
11.123	-16.690
11.197	-16.684
11.255	-16.679
11.236	-16.565
11.271	-16.538
11.294	-16.519
11.324	-16.555
11.341	-16.563
11.374	-16.577
11.401	-16.538
11.413	-16.514
11.434	-16.473
11.453	-16.430
11.473	-16.388
POLYLINE BLACK
11.311	-16.131
11.299	-16.119
POLYLINE BLACK
12.030	-16.311
12.259	-16.315
12.265	-16.334
12.436	-16.296
12.481	-16.286
12.580	-16.239
12.602	-16.229
POLYLINE BLACK
12.416	-15.997
12.490	-16.029
12.725	-16.027
12.800	-16.136
12.835	-16.187
12.822	-16.254
12.792	-16.305
12.667	-16.523
12.686	-16.490
12.561	-16.644
POLYLINE BLACK
10.183	-19.382
10.130	-19.344
10.071	-19.312
10.023	-19.267
9.947	-19.195
9.879	-19.115
9.814	-19.034
9.698	-18.888
9.628	-18.718
9.644	-18.530
9.650	-18.458
9.672	-18.351
9.745	-18.314
9.829	-18.272
9.943	-18.365
9.908	-18.450
9.888	-18.497
9.819	-18.532
9.789	-18.554
POLYLINE BLACK
10.058	-18.196
10.089	-18.228
10.116	-18.265
10.152	-18.292
10.177	-18.311
10.170	-18.233
10.172	-18.221
10.186	-18.152
10.270	-18.131
10.330	-18.139
10.400	-18.148
10.365	-18.152
10.436	-18.167
10.466	-18.173
10.499	-18.165
10.524	-18.149
10.605	-18.098
10.610	-17.985
10.552	-17.913
10.531	-17.888
10.504	-17.874
10.473	-17.866
10.402	-17.848
10.369	-17.916
10.367	-17.977
10.365	-18.041
10.406	-18.082
10.443	-18.130
POLYLINE BLACK
10.643	-17.555
10.702	-17.662
10.756	-17.771
10.819	-17.875
10.868	-17.958
10.935	-18.025
11.030	-18.048
11.146	-18.076
11.164	-17.917
11.148	-17.839
11.141	-17.804
11.128	-17.765
11.100	-17.740
11.058	-17.704
10.984	-17.713
10.960	-17.766
10.927	-17.839
10.981	-17.930
11.000	-17.992
POLYLINE BLACK
11.193	-17.276
11.274	-17.470
11.355	-17.664
11.436	-17.858
11.445	-17.871
11.451	-17.887
11.463	-17.898
11.490	-17.921
11.521	-17.938
11.550	-17.958
POLYLINE BLACK
11.485	-17.622
11.577	-17.652
11.690	-17.694
11.735	-17.582
11.743	-17.562
11.740	-17.539
11.729	-17.522
11.689	-17.461
11.626	-17.466
11.604	-17.536
11.588	-17.587
11.582	-17.639
11.597	-17.691
11.620	-17.767
11.735	-17.907
11.827	-17.857
11.894	-17.820
11.908	-17.716
11.914	-17.649
11.916	-17.625
11.912	-17.600
11.918	-17.576
11.930	-17.527
11.996	-17.635
12.029	-17.594
12.062	-17.552
12.036	-17.485
12.079	-17.448
12.110	-17.421
12.158	-17.440
12.193	-17.441
12.268	-17.442
12.320	-17.367
12.384	-17.434
12.432	-17.485
12.479	-17.537
12.527	-17.588
POLYLINE BLACK
12.448	-17.090
12.491	-17.075
12.583	-17.039
12.605	-17.110
12.623	-17.166
12.637	-17.222
12.653	-17.279
12.655	-17.288
12.657	-17.297
12.662	-17.305
12.681	-17.338
12.728	-17.315
12.745	-17.292
12.772	-17.252
12.797	-17.211
12.822	-17.170
POLYLINE BLACK
12.935	-17.606
12.940	-17.578
POLYLINE BLACK
6.935	-0.696
7.194	-0.452
7.156	-0.464
7.463	-0.271
7.501	-0.247
7.544	-0.231
7.584	-0.211
POLYLINE BLACK
6.911	-0.409
6.867	-0.559
6.821	-0.707
6.780	-0.857
6.774	-0.882
6.799	-0.901
6.819	-0.903
6.881	-0.912
6.945	-0.910
7.005	-0.923
7.053	-0.934
7.096	-0.957
7.141	-0.974
POLYLINE BLACK
7.702	0.205
7.729	0.077
7.729	0.114
7.727	-0.010
7.727	-0.035
7.720	-0.059
7.724	-0.084
7.724	-0.090
7.733	-0.096
7.739	-0.094
7.750	-0.089
7.755	-0.075
7.764	-0.066
7.785	-0.044
7.808	-0.032
7.839	-0.039
7.874	-0.047
7.920	-0.095
7.952	-0.059
7.962	-0.047
7.971	-0.023
7.970	-0.009
7.968	0.060
7.962	0.128
7.957	0.196
POLYLINE BLACK
8.167	0.092
8.158	0.038
8.145	0.002
8.151	-0.048
8.153	-0.061
8.156	-0.074
8.161	-0.087
8.167	-0.105
8.177	-0.131
8.196	-0.142
8.218	-0.154
8.245	-0.141
8.262	-0.128
8.310	-0.092
8.332	-0.042
8.311	0.015
8.303	0.038
8.288	0.059
8.267	0.071
8.254	0.079
8.233	0.087
8.218	0.080
8.189	0.065
8.164	0.043
8.137	0.025
POLYLINE BLACK
8.449	0.072
8.435	0.034
8.418	-0.004
8.406	-0.043
8.384	-0.112
8.414	-0.212
8.494	-0.224
8.515	-0.227
8.537	-0.225
8.553	-0.210
8.595	-0.172
8.593	-0.022
8.510	-0.043
8.504	-0.045
8.499	-0.050
8.494	-0.055
8.468	-0.079
8.443	-0.106
8.418	-0.131
POLYLINE BLACK
8.632	0.389
8.617	0.193
8.599	-0.003
8.585	-0.200
8.579	-0.288
8.684	-0.253
8.723	-0.221
8.742	-0.205
8.748	-0.194
8.761	-0.174
8.768	-0.163
8.770	-0.148
8.781	-0.141
8.786	-0.137
8.797	-0.141
8.800	-0.147
8.866	-0.284
8.780	-0.159
8.827	-0.237
8.839	-0.257
8.862	-0.273
8.883	-0.281
8.947	-0.307
9.002	-0.274
9.024	-0.210
9.051	-0.133
9.032	-0.032
8.958	0.012
8.939	0.023
8.917	0.027
8.897	0.020
8.839	-0.002
8.815	-0.093
8.794	-0.133
POLYLINE BLACK
9.011	-0.115
9.014	-0.155
9.014	-0.196
9.019	-0.236
9.024	-0.278
9.061	-0.379
9.120	-0.370
9.170	-0.361
9.231	-0.259
9.243	-0.244
POLYLINE BLACK
13.727	-12.972
13.765	-12.932
POLYLINE BLACK
12.990	-12.130
12.990	-12.120
POLYLINE BLACK
13.784	-12.904
13.953	-12.684
14.126	-12.594
14.383	-12.484
14.502	-12.434
14.627	-12.398
14.747	-12.348
15.153	-12.178
15.554	-11.995
15.960	-11.826
15.991	-11.813
16.024	-11.808
16.057	-11.804
16.114	-11.797
16.173	-11.796
16.231	-11.792
POLYLINE BLACK
13.715	-13.000
13.718	-12.999
POLYLINE BLACK
15.330	-14.605
15.598	-14.738
15.863	-14.877
16.134	-15.005
16.153	-15.013
16.106	-14.974
16.089	-14.961
15.853	-14.794
15.621	-14.619
15.375	-14.465
15.223	-14.370
15.049	-14.312
14.897	-14.215
14.441	-13.923
13.948	-13.582
13.705	-13.074
13.679	-13.022
13.682	-12.959
13.670	-12.902
POLYLINE BLACK
15.410	-14.423
15.463	-14.314
15.433	-14.367
15.500	-14.265
POLYLINE BLACK
14.825	-14.210
14.899	-14.046
14.851	-14.141
14.981	-13.932
POLYLINE BLACK
14.251	-13.836
14.501	-13.673
14.400	-13.719
14.535	-13.662
POLYLINE BLACK
13.949	-13.424
14.201	-13.320
POLYLINE BLACK
13.973	-12.730
14.364	-13.055
POLYLINE BLACK
14.626	-12.346
14.893	-12.733
POLYLINE BLACK
15.231	-12.189
15.458	-12.471
POLYLINE BLACK
15.757	-11.983
15.944	-12.395
POLYLINE BLACK
13.994	-12.969
14.004	-12.938
14.013	-12.906
14.024	-12.875
14.054	-12.797
14.179	-12.753
14.240	-12.734
14.376	-12.691
14.513	-12.645
14.653	-12.621
14.755	-12.603
15.067	-12.574
15.221	-12.608
15.622	-12.698
15.990	-12.950
16.195	-13.309
16.274	-13.448
16.312	-13.620
16.341	-13.772
16.370	-13.927
16.363	-14.105
16.227	-14.207
16.162	-14.255
16.068	-14.280
15.990	-14.282
15.781	-14.288
15.588	-14.274
15.389	-14.203
14.987	-14.061
14.958	-13.964
14.572	-13.690
14.420	-13.582
14.258	-13.489
14.108	-13.379
14.015	-13.311
13.938	-13.194
13.876	-13.103
13.873	-13.097
13.871	-13.091
13.870	-13.085
13.859	-13.031
13.849	-12.977
13.838	-12.923
POLYLINE BLACK
15.061	-13.263
15.030	-13.248
15.001	-13.228
14.968	-13.217
14.942	-13.208
14.948	-13.257
14.949	-13.259
14.966	-13.356
15.012	-13.433
15.075	-13.507
15.139	-13.583
15.244	-13.624
15.343	-13.614
15.385	-13.609
15.434	-13.595
15.446	-13.549
15.480	-13.426
15.320	-13.261
15.263	-13.195
15.230	-13.156
15.153	-13.098
15.096	-13.116
15.032	-13.138
15.013	-13.249
14.997	-13.293
POLYLINE BLACK
15.146	-13.354
15.264	-13.385
15.249	-13.385
15.109	-13.326
POLYLINE BLACK
16.398	-13.449
16.456	-13.636
16.474	-13.652
16.485	-13.848
16.488	-13.898
16.481	-13.949
16.479	-13.999
POLYLINE BLACK
14.718	-14.390
15.366	-14.631
POLYLINE BLACK
16.366	-14.347
16.351	-14.383
16.337	-14.421
16.319	-14.457
16.308	-14.478
16.273	-14.519
16.252	-14.531
16.056	-14.648
16.023	-14.670
15.811	-14.677
15.746	-14.679
15.599	-14.643
15.571	-14.638
POLYLINE BLACK
12.893	-13.606
14.877	-14.550
14.213	-14.123
15.015	-14.657
POLYLINE BLACK
12.078	-13.828
12.044	-13.198
12.008	-13.229
12.110	-12.807
POLYLINE BLACK
11.864	-12.920
11.935	-12.877
12.066	-12.696
12.191	-12.694
12.222	-12.693
12.254	-12.710
12.274	-12.734
12.446	-12.947
12.406	-12.887
12.501	-13.056
POLYLINE BLACK
9.350	-4.452
9.425	-4.485
9.498	-4.522
9.575	-4.549
9.589	-4.555
9.550	-4.531
9.540	-4.520
9.529	-4.508
9.518	-4.495
9.509	-4.481
9.500	-4.467
9.492	-4.451
9.486	-4.435
9.468	-4.391
9.458	-4.339
9.509	-4.317
9.526	-4.309
9.556	-4.307
9.566	-4.286
9.581	-4.253
9.534	-4.226
9.535	-4.193
9.536	-4.169
9.560	-4.154
9.580	-4.145
9.668	-4.110
9.743	-4.178
9.811	-4.223
POLYLINE BLACK
9.716	-3.987
9.715	-3.987
POLYLINE BLACK
9.689	-3.982
9.739	-4.008
9.787	-4.037
9.837	-4.060
9.874	-4.077
9.919	-4.085
9.960	-4.085
10.027	-4.085
10.094	-4.014
10.072	-3.946
10.047	-3.872
9.971	-3.811
9.893	-3.807
9.847	-3.806
9.803	-3.820
9.774	-3.856
9.750	-3.885
9.736	-3.925
9.734	-3.963
9.733	-4.000
9.772	-4.092
9.821	-4.077
9.846	-4.069
9.848	-4.026
9.856	-4.007
9.872	-3.972
9.901	-3.944
9.934	-3.924
9.975	-3.899
10.000	-3.889
10.046	-3.879
10.103	-3.866
10.144	-3.872
10.154	-3.804
10.171	-3.686
10.099	-3.603
10.002	-3.543
9.971	-3.524
9.938	-3.503
9.902	-3.498
9.881	-3.495
9.935	-3.525
9.953	-3.536
9.973	-3.549
9.994	-3.559
10.015	-3.568
10.056	-3.584
10.097	-3.594
10.141	-3.594
10.208	-3.594
10.316	-3.572
10.327	-3.490
10.332	-3.458
10.311	-3.376
10.311	-3.373
POLYLINE BLACK
9.661	-3.655
9.782	-3.415
9.726	-3.508
9.816	-3.367
POLYLINE BLACK
10.181	-3.269
10.253	-3.306
10.372	-3.384
10.456	-3.318
10.525	-3.264
10.472	-3.116
10.417	-3.070
10.394	-3.050
10.365	-3.040
10.334	-3.038
10.315	-3.037
10.292	-3.044
10.277	-3.055
10.180	-3.125
10.216	-3.282
10.344	-3.269
10.392	-3.264
10.435	-3.255
10.478	-3.235
10.519	-3.216
10.557	-3.186
10.588	-3.153
10.685	-3.051
10.721	-2.915
10.761	-2.784
POLYLINE BLACK
10.120	-4.889
10.182	-4.843
10.296	-4.746
10.384	-4.801
10.478	-4.859
10.449	-5.003
10.397	-5.078
10.352	-5.143
10.299	-5.154
10.224	-5.185
POLYLINE BLACK
9.957	-4.330
10.318	-4.406
10.046	-4.343
10.752	-4.598
POLYLINE BLACK
10.239	-4.700
10.259	-4.464
10.373	-4.360
10.526	-4.182
POLYLINE BLACK
10.536	-4.219
10.574	-4.239
10.905	-4.393
10.964	-4.284
10.976	-4.263
10.971	-4.233
10.962	-4.212
10.908	-4.076
10.798	-4.034
10.672	-3.972
POLYLINE BLACK
10.881	-3.884
10.945	-3.935
11.002	-3.970
11.084	-3.959
11.258	-3.933
11.218	-3.709
11.052	-3.677
11.000	-3.667
10.946	-3.669
10.897	-3.690
10.820	-3.721
10.730	-3.820
10.788	-3.907
10.822	-3.956
10.900	-3.974
10.950	-3.993
POLYLINE BLACK
10.627	-3.551
11.223	-3.702
POLYLINE BLACK
10.996	-3.394
11.024	-3.379
11.081	-3.326
11.125	-3.347
11.176	-3.372
11.177	-3.476
11.230	-3.479
11.258	-3.481
11.310	-3.421
11.319	-3.414
11.339	-3.401
11.361	-3.391
11.382	-3.379
11.389	-3.375
11.397	-3.372
11.403	-3.367
11.449	-3.334
11.435	-3.273
11.409	-3.231
11.398	-3.214
11.385	-3.199
11.368	-3.187
11.360	-3.181
11.349	-3.178
11.342	-3.170
11.338	-3.167
11.332	-3.158
11.337	-3.155
11.388	-3.125
11.443	-3.104
11.497	-3.079
POLYLINE BLACK
10.981	-2.955
10.956	-2.853
POLYLINE BLACK
11.314	-2.921
11.334	-2.893
11.393	-2.846
11.391	-2.797
11.390	-2.774
11.376	-2.755
11.360	-2.740
11.292	-2.681
11.219	-2.747
11.235	-2.819
11.242	-2.848
11.263	-2.872
11.284	-2.892
11.347	-2.951
11.443	-2.973
11.517	-2.921
11.543	-2.903
11.564	-2.879
11.573	-2.849
11.599	-2.772
11.556	-2.686
11.510	-2.628
11.494	-2.607
11.472	-2.591
11.459	-2.569
11.435	-2.530
11.532	-2.560
11.541	-2.528
11.551	-2.487
11.494	-2.458
11.502	-2.416
11.512	-2.369
11.614	-2.378
11.637	-2.379
11.827	-2.389
11.599	-2.384
11.733	-2.398
11.767	-2.401
11.801	-2.401
11.835	-2.402
POLYLINE BLACK
11.225	-1.879
11.911	-2.085
11.706	-1.955
11.921	-2.094
POLYLINE BLACK
11.633	-1.755
11.669	-1.808
11.707	-1.859
11.742	-1.913
11.762	-1.946
11.777	-1.981
11.797	-2.014
11.844	-2.091
11.935	-2.076
12.008	-2.050
12.040	-2.039
12.072	-2.024
12.101	-2.007
12.134	-1.989
12.365	-1.905
12.264	-1.817
12.236	-1.793
12.211	-1.777
12.176	-1.765
12.160	-1.759
12.144	-1.756
12.127	-1.753
12.112	-1.751
12.072	-1.741
12.082	-1.752
12.097	-1.767
12.123	-1.767
12.145	-1.772
12.201	-1.785
12.298	-1.812
12.363	-1.788
12.466	-1.749
12.476	-1.638
12.394	-1.573
12.351	-1.538
12.301	-1.521
12.247	-1.514
12.168	-1.503
12.046	-1.583
12.104	-1.671
12.116	-1.689
12.125	-1.710
12.143	-1.722
12.149	-1.726
12.157	-1.714
12.158	-1.707
12.162	-1.685
12.156	-1.663
12.157	-1.641
12.160	-1.566
12.262	-1.550
12.318	-1.554
12.370	-1.558
12.456	-1.598
12.494	-1.539
12.497	-1.533
12.503	-1.527
12.502	-1.520
12.496	-1.483
12.483	-1.447
12.474	-1.410
POLYLINE BLACK
16.643	-12.976
16.642	-13.370
POLYLINE BLACK
16.753	-13.013
16.763	-13.290
16.747	-13.175
16.783	-13.363
POLYLINE BLACK
16.933	-13.043
16.918	-13.297
16.912	-13.196
16.927	-13.346
POLYLINE BLACK
16.698	-13.612
16.666	-13.826
16.665	-13.859
16.685	-14.029
POLYLINE BLACK
16.818	-13.654
16.845	-13.974
POLYLINE BLACK
16.995	-13.587
17.008	-13.937
16.986	-13.789
17.035	-14.035
POLYLINE BLACK
10.722	-6.020
10.722	-6.019
POLYLINE BLACK
9.363	-9.970
9.356	-9.921
9.345	-9.872
9.342	-9.822
9.341	-9.779
9.340	-9.735
9.351	-9.693
9.484	-9.201
9.621	-8.709
9.775	-8.223
9.812	-8.108
9.880	-8.005
9.922	-7.892
9.962	-7.786
9.972	-7.671
10.019	-7.568
10.370	-6.791
10.377	-6.823
10.776	-6.241
POLYLINE BLACK
10.472	-7.175
10.431	-7.188
10.388	-7.198
10.348	-7.213
10.172	-7.280
10.069	-7.479
10.020	-7.647
10.001	-7.709
10.003	-7.785
10.037	-7.842
10.060	-7.881
10.098	-7.910
10.140	-7.928
10.324	-8.010
10.510	-7.823
10.601	-7.686
10.663	-7.593
10.769	-7.442
10.744	-7.310
10.723	-7.196
10.542	-7.159
10.454	-7.213
10.405	-7.244
10.373	-7.300
10.340	-7.346
POLYLINE BLACK
10.236	-7.616
10.520	-7.636
POLYLINE BLACK
10.631	-5.084
10.325	-5.467
10.475	-5.258
10.085	-6.102
10.065	-6.144
10.055	-6.191
10.049	-6.237
10.035	-6.333
10.025	-6.430
10.023	-6.527
10.021	-6.591
10.028	-6.654
10.038	-6.717
10.085	-7.012
10.093	-7.018
10.166	-7.252
POLYLINE BLACK
9.710	-7.234
9.867	-7.294
10.023	-7.356
10.181	-7.414
10.194	-7.418
10.214	-7.415
10.224	-7.407
10.235	-7.399
10.245	-7.378
10.245	-7.365
10.241	-7.042
10.243	-7.095
10.215	-6.870
POLYLINE BLACK
10.598	-6.356
12.808	-4.356
11.888	-4.985
13.137	-4.180

ELEVATION
STATIONS
0.000	0.000	0
0.913	-2.872	1
3.414	-4.384	2
6.358	-4.692	3
7.409	-7.349	4
10.253	-9.468	5
12.079	-11.006	6
13.714	-14.270	7
16.288	-18.677	8
16.223	-23.835	9
13.294	-24.675	10
9.511	-27.020	11
10.773	-28.675	12
13.166	-29.246	13
13.595	-32.376	14
17.536	-40.277	15
16.248	-42.344	16
16.345	-44.192	17
15.653	-49.814	18
15.089	-53.225	19
16.724	-57.408	20
SHOTS
0.000	0.000	0.913	-2.872
0.913	-2.872	3.414	-4.384
3.414	-4.384	6.358	-4.692
6.358	-4.692	5.264	-2.081
6.358	-4.692	7.409	-7.349
7.409	-7.349	8.381	-7.101
7.409	-7.349	10.253	-9.468
10.253	-9.468	12.079	-11.006
12.079	-11.006	10.359	-9.453
12.079	-11.006	6.345	-6.189
12.079	-11.006	9.917	-9.146
12.079	-11.006	13.714	-14.270
13.714	-14.270	16.288	-18.677
16.288	-18.677	21.582	-19.174
16.288	-18.677	19.874	-18.229
16.288	-18.677	15.711	-18.716
16.288	-18.677	15.829	-18.548
16.288	-18.677	16.223	-23.835
16.223	-23.835	13.294	-24.675
13.294	-24.675	9.511	-27.020
9.511	-27.020	11.247	-27.014
9.511	-27.020	10.773	-28.675
10.773	-28.675	13.166	-29.246
13.166	-29.246	11.782	-28.040
13.166	-29.246	13.595	-32.376
13.595	-32.376	14.536	-33.978
13.595	-32.376	18.073	-41.433
13.595	-32.376	17.027	-39.260
13.595	-32.376	17.030	-39.309
13.595	-32.376	17.536	-40.277
17.536	-40.277	16.248	-42.344
16.248	-42.344	16.345	-44.192
16.345	-44.192	15.653	-49.814
15.653	-49.814	13.632	-48.561
15.653	-49.814	13.339	-49.018
15.653	-49.814	13.806	-47.833
15.653	-49.814	15.089	-53.225
15.089	-53.225	16.724	-57.408
16.724	-57.408	17.197	-57.260
16.724	-57.408	17.106	-60.375
16.724	-57.408	17.023	-57.438
16.724	-57.408	15.919	-57.342
16.724	-57.408	17.841	-58.906
POLYLINE BLACK
-0.154	0.118
-0.113	0.050
-0.077	0.006
-0.059	-0.069
0.144	-0.912
0.069	-0.788
0.380	-1.658
0.426	-1.786
0.494	-1.905
0.546	-2.031
0.572	-2.093
0.589	-2.158
0.615	-2.219
1.094	-3.372
0.709	-2.383
0.875	-2.848
0.881	-2.863
0.890	-2.877
0.894	-2.893
0.901	-2.919
0.904	-2.945
0.909	-2.971
POLYLINE BLACK
0.924	-2.966
1.475	-3.345
2.027	-3.724
2.579	-4.103
2.716	-4.185
2.849	-4.276
2.991	-4.349
3.178	-4.446
3.225	-4.422
3.423	-4.469
3.451	-4.475
3.477	-4.489
3.504	-4.499
POLYLINE BLACK
0.714	0.937
0.740	0.907
0.799	0.846
0.815	0.800
0.888	0.582
0.963	0.365
1.024	0.144
1.058	0.021
1.060	-0.109
1.101	-0.230
1.287	-0.772
1.495	-1.461
1.840	-1.974
1.950	-2.137
2.277	-2.449
2.395	-2.533
3.360	-3.210
3.201	-3.115
3.966	-3.408
POLYLINE BLACK
5.944	-2.801
5.974	-3.226
POLYLINE BLACK
6.085	-2.813
6.101	-3.126
6.085	-3.007
6.111	-3.171
POLYLINE BLACK
6.224	-2.825
6.271	-3.258
POLYLINE BLACK
5.941	-3.360
5.916	-3.635
POLYLINE BLACK
6.048	-3.461
6.061	-3.747
6.046	-3.629
6.077	-3.819
POLYLINE BLACK
6.270	-3.556
6.322	-3.843
6.290	-3.723
6.352	-3.921
POLYLINE BLACK
5.513	-2.421
5.432	-2.329
5.354	-2.191
5.227	-2.143
5.140	-2.110
5.007	-2.187
4.951	-2.241
4.710	-2.472
4.479	-2.712
4.247	-2.952
4.149	-3.054
4.012	-3.289
3.829	-3.312
3.801	-3.315
3.771	-3.323
3.745	-3.314
3.687	-3.296
3.636	-3.260
3.581	-3.232
POLYLINE BLACK
5.449	-2.363
5.718	-2.691
5.716	-2.675
6.033	-3.303
6.123	-3.481
6.193	-3.671
6.246	-3.863
6.333	-4.178
6.384	-4.502
6.453	-4.821
POLYLINE BLACK
3.750	-4.659
4.312	-4.937
4.975	-4.864
5.533	-5.143
5.616	-5.185
5.834	-5.288
5.904	-5.407
5.918	-5.430
5.928	-5.454
5.940	-5.477
POLYLINE BLACK
3.455	-4.514
3.652	-4.553
3.700	-4.545
3.858	-4.625
3.903	-4.649
3.946	-4.679
3.990	-4.705
POLYLINE BLACK
5.889	-5.413
6.011	-5.548
POLYLINE BLACK
21.602	-19.572
21.575	-19.375
21.490	-19.184
21.365	-19.028
21.300	-18.949
21.213	-18.880
21.124	-18.832
20.680	-18.597
20.216	-18.398
19.783	-18.144
19.613	-18.045
19.476	-17.898
19.322	-17.775
POLYLINE BLACK
15.879	-18.490
15.833	-18.563
15.714	-18.721
15.696	-18.832
15.685	-18.900
15.691	-18.970
15.688	-19.039
POLYLINE BLACK
21.479	-19.422
21.525	-19.579
21.571	-19.786
21.500	-19.943
21.425	-20.111
21.224	-20.294
21.134	-20.391
21.048	-20.485
20.962	-20.579
20.866	-20.662
20.753	-20.760
20.612	-20.826
20.508	-20.934
20.226	-21.226
19.988	-21.558
19.714	-21.858
19.490	-22.102
19.232	-22.315
19.014	-22.565
18.474	-23.187
18.382	-23.323
18.075	-23.762
POLYLINE BLACK
15.593	-19.088
15.316	-20.883
15.351	-20.216
15.432	-22.599
15.455	-23.287
15.410	-23.160
15.552	-23.474
POLYLINE BLACK
19.343	-17.754
19.264	-17.677
19.178	-17.605
19.105	-17.521
18.192	-16.471
18.584	-16.795
17.605	-15.856
17.440	-15.698
17.363	-15.721
17.179	-15.570
16.232	-14.797
16.474	-15.024
15.833	-14.178
POLYLINE BLACK
15.853	-18.487
15.660	-18.284
15.529	-18.187
15.409	-17.950
15.302	-17.737
15.220	-17.511
15.112	-17.299
15.029	-17.137
14.918	-16.991
14.835	-16.829
14.777	-16.717
14.744	-16.594
14.690	-16.480
14.644	-16.384
14.581	-16.297
14.535	-16.201
14.411	-15.942
14.314	-15.670
14.180	-15.416
13.501	-14.123
13.698	-14.823
13.542	-14.208
POLYLINE BLACK
16.475	-23.525
16.525	-23.470
16.573	-23.413
16.626	-23.360
16.720	-23.266
16.870	-23.199
16.987	-23.289
17.021	-23.315
17.047	-23.352
17.061	-23.394
17.083	-23.460
17.070	-23.517
17.062	-23.591
17.060	-23.612
17.057	-23.633
17.048	-23.652
17.033	-23.685
17.011	-23.714
16.992	-23.745
POLYLINE BLACK
16.497	-23.545
16.863	-23.606
16.699	-23.560
16.993	-23.668
POLYLINE BLACK
15.641	-23.458
15.659	-23.414
15.675	-23.368
15.695	-23.325
15.721	-23.269
15.804	-23.183
15.873	-23.221
15.920	-23.247
15.963	-23.333
15.971	-23.383
16.001	-23.571
16.026	-23.643
15.839	-23.673
15.812	-23.677
15.784	-23.684
15.758	-23.678
15.704	-23.667
15.655	-23.642
15.604	-23.623
POLYLINE BLACK
17.407	-23.656
17.383	-23.564
17.365	-23.483
17.458	-23.433
17.476	-23.423
17.500	-23.420
17.519	-23.430
17.557	-23.450
17.583	-23.513
17.594	-23.544
17.621	-23.616
17.647	-23.702
17.611	-23.775
17.605	-23.787
17.599	-23.801
17.589	-23.809
17.552	-23.837
17.510	-23.858
17.471	-23.882
POLYLINE BLACK
17.317	-23.555
17.305	-23.630
17.295	-23.705
17.281	-23.779
17.276	-23.805
17.264	-23.831
17.261	-23.857
17.257	-23.885
17.298	-23.892
17.315	-23.894
17.391	-23.902
17.466	-23.910
17.542	-23.918
POLYLINE BLACK
15.861	-56.993
16.018	-57.566
POLYLINE BLACK
15.668	-50.139
15.673	-49.969
15.657	-49.912
15.697	-49.780
15.709	-49.740
15.763	-49.651
15.773	-49.632
POLYLINE BLACK
15.688	-50.051
15.533	-50.487
15.597	-50.267
15.561	-51.186
15.554	-51.366
15.560	-51.548
15.577	-51.728
15.591	-51.884
15.704	-52.097
15.759	-52.224
16.194	-53.244
16.644	-54.259
17.063	-55.286
17.102	-55.382
17.122	-55.486
17.132	-55.589
17.184	-56.121
17.209	-56.656
17.248	-57.190
POLYLINE BLACK
16.005	-57.519
16.223	-57.791
16.171	-57.745
16.524	-58.045
16.587	-58.098
16.727	-58.154
16.794	-58.185
POLYLINE BLACK
16.745	-58.178
16.825	-58.256
16.906	-58.335
16.986	-58.413
17.029	-58.461
17.068	-58.513
17.116	-58.556
17.173	-58.608
17.236	-58.652
17.300	-58.694
17.439	-58.786
17.763	-58.863
17.848	-58.890
POLYLINE BLACK
17.211	-57.206
17.420	-57.754
17.177	-57.147
17.642	-58.083
17.707	-58.216
17.771	-58.350
17.820	-58.489
17.881	-58.661
17.891	-58.752
17.912	-58.902
POLYLINE BLACK
17.914	-58.377
18.169	-58.152
18.216	-58.093
18.552	-57.897
18.617	-57.859
18.692	-57.842
18.762	-57.814
POLYLINE BLACK
18.007	-58.099
17.984	-58.187
17.958	-58.275
17.938	-58.364
17.930	-58.395
17.984	-58.415
18.005	-58.415
18.142	-58.416
18.279	-58.413
18.416	-58.413
POLYLINE BLACK
17.307	-58.683
17.263	-58.592
17.216	-58.501
17.175	-58.408
17.164	-58.386
17.185	-58.364
17.204	-58.357
17.264	-58.335
17.341	-58.355
17.388	-58.397
17.491	-58.490
17.487	-58.489
17.561	-58.576
POLYLINE BLACK
17.582	-58.475
17.565	-58.441
17.546	-58.409
17.532	-58.373
17.524	-58.355
17.531	-58.340
17.551	-58.338
17.612	-58.332
17.679	-58.374
17.727	-58.405
17.732	-58.409
17.737	-58.413
17.741	-58.419
17.763	-58.449
17.783	-58.481
17.804	-58.512
POLYLINE BLACK
16.973	-58.411
16.965	-58.322
17.123	-58.115
17.152	-58.226
17.154	-58.234
17.154	-58.243
17.154	-58.252
17.150	-58.309
17.144	-58.367
17.139	-58.424
POLYLINE BLACK
19.116	-57.363
19.120	-57.407
19.122	-57.450
19.129	-57.494
19.138	-57.551
19.182	-57.633
19.242	-57.652
19.312	-57.674
19.374	-57.591
19.389	-57.533
19.403	-57.475
19.395	-57.412
19.378	-57.355
19.354	-57.278
19.275	-57.213
19.197	-57.263
19.121	-57.313
19.094	-57.413
19.058	-57.488
POLYLINE BLACK
19.410	-57.394
19.424	-57.467
19.436	-57.541
19.452	-57.613
19.480	-57.741
19.506	-57.784
19.507	-57.897
19.509	-58.008
19.380	-58.100
19.276	-58.088
19.270	-58.088
19.264	-58.085
19.258	-58.082
19.230	-58.066
19.203	-58.048
19.175	-58.031
POLYLINE BLACK
19.593	-57.307
19.610	-57.344
19.620	-57.385
19.643	-57.418
19.648	-57.424
19.656	-57.406
19.658	-57.398
19.665	-57.373
19.663	-57.346
19.667	-57.320
19.671	-57.297
19.684	-57.273
19.702	-57.257
19.719	-57.244
19.736	-57.239
19.757	-57.241
19.789	-57.245
19.821	-57.249
19.853	-57.253
POLYLINE BLACK
19.980	-57.231
19.977	-57.279
19.972	-57.327
19.971	-57.375
19.971	-57.423
19.990	-57.492
20.031	-57.522
20.081	-57.558
20.161	-57.520
20.189	-57.473
20.238	-57.391
20.206	-57.255
20.189	-57.168
POLYLINE BLACK
20.385	-57.157
20.398	-57.125
20.406	-57.092
20.423	-57.063
20.447	-57.020
20.491	-57.151
20.493	-57.162
20.498	-57.192
20.497	-57.224
20.491	-57.253
20.468	-57.347
20.413	-57.414
20.337	-57.470
20.322	-57.481
20.363	-57.444
20.378	-57.434
20.386	-57.428
20.395	-57.424
20.405	-57.421
20.433	-57.411
20.462	-57.417
20.489	-57.424
20.570	-57.445
20.652	-57.462
20.731	-57.486
20.787	-57.503
20.895	-57.572
20.970	-57.553
21.014	-57.541
21.043	-57.502
21.064	-57.464
21.087	-57.423
21.100	-57.376
21.096	-57.329
21.088	-57.222
20.984	-57.103
20.877	-57.179
20.871	-57.184
20.867	-57.190
20.862	-57.195
20.819	-57.251
20.776	-57.308
20.733	-57.365
POLYLINE BLACK
21.249	-56.999
21.263	-57.108
21.276	-57.218
21.290	-57.327
21.287	-57.342
21.293	-57.383
21.282	-57.372
21.273	-57.364
21.248	-57.276
21.285	-57.264
21.304	-57.259
21.334	-57.271
21.348	-57.278
21.426	-57.320
21.503	-57.365
21.581	-57.405
21.588	-57.408
21.596	-57.408
21.603	-57.408
21.667	-57.409
21.687	-57.326
21.679	-57.277
21.672	-57.235
21.662	-57.200
21.643	-57.163
21.609	-57.095
21.574	-57.027
21.539	-56.959
POLYLINE BLACK
21.852	-56.987
21.953	-57.387
POLYLINE BLACK
22.245	-56.886
22.234	-56.916
22.221	-56.945
22.212	-56.976
22.193	-57.040
22.339	-57.060
22.360	-57.069
22.397	-57.084
22.451	-57.107
22.475	-57.146
22.491	-57.174
22.490	-57.208
22.479	-57.237
22.445	-57.334
22.333	-57.382
22.238	-57.390
22.196	-57.394
22.129	-57.381
22.095	-57.377
POLYLINE BLACK
22.589	-56.607
22.730	-57.342
22.702	-57.075
22.732	-57.394
POLYLINE BLACK
22.888	-56.873
22.855	-56.933
22.823	-56.993
22.788	-57.052
22.773	-57.078
22.733	-57.116
22.729	-57.154
22.726	-57.188
22.754	-57.209
22.782	-57.222
22.851	-57.255
22.921	-57.287
22.991	-57.320
POLYLINE BLACK
23.029	-57.105
23.035	-57.141
23.038	-57.177
23.046	-57.213
23.053	-57.244
23.072	-57.278
23.090	-57.303
23.198	-57.453
23.382	-57.320
23.392	-57.169
23.398	-57.072
23.350	-56.994
23.248	-57.002
23.217	-57.004
23.187	-57.015
23.163	-57.035
23.108	-57.083
23.090	-57.194
23.073	-57.243
POLYLINE BLACK
16.341	-57.820
16.407	-57.739
16.472	-57.656
16.540	-57.577
16.584	-57.525
16.652	-57.544
16.682	-57.598
16.690	-57.612
16.700	-57.642
16.699	-57.658
16.683	-57.865
16.697	-57.823
16.597	-57.976
POLYLINE BLACK
17.242	-57.690
17.150	-57.657
17.056	-57.628
16.965	-57.592
16.957	-57.589
16.853	-57.550
16.860	-57.508
16.867	-57.462
16.998	-57.429
17.033	-57.428
17.225	-57.422
17.196	-57.423
17.344	-57.466
POLYLINE BLACK
17.178	-58.166
17.157	-58.101
17.134	-58.038
17.116	-57.972
17.077	-57.829
17.200	-57.891
17.280	-57.930
17.306	-57.943
17.337	-57.953
17.352	-57.977
17.367	-58.001
17.359	-58.034
17.362	-58.062
POLYLINE BLACK
17.178	-58.149
17.343	-57.986
17.262	-58.054
17.414	-57.938
POLYLINE BLACK
21.766	-56.608
21.792	-56.585
POLYLINE BLACK
6.490	-4.795
7.935	-6.535
5.560	-3.657
7.731	-6.388
7.816	-6.495
7.913	-6.593
8.013	-6.686
8.103	-6.770
8.207	-6.839
8.299	-6.920
8.326	-6.944
8.352	-6.971
8.372	-7.001
8.391	-7.032
8.400	-7.068
8.415	-7.102
POLYLINE BLACK
8.473	-7.033
8.736	-7.611
8.653	-7.481
9.278	-8.258
9.966	-9.113
9.367	-8.276
9.828	-8.764
9.950	-8.892
10.062	-9.029
10.167	-9.171
10.231	-9.256
10.275	-9.354
10.334	-9.443
10.345	-9.460
10.358	-9.476
10.374	-9.488
10.742	-9.758
10.560	-9.550
11.146	-9.950
11.300	-10.055
11.443	-10.178
11.579	-10.306
11.756	-10.473
11.919	-10.653
12.082	-10.833
12.088	-10.839
12.138	-10.913
12.147	-10.946
12.161	-10.998
12.171	-11.051
12.184	-11.103
POLYLINE BLACK
12.350	-11.140
12.997	-11.800
12.871	-11.714
13.688	-12.337
14.025	-12.593
14.389	-12.813
14.716	-13.083
15.022	-13.336
15.288	-13.633
15.581	-13.901
15.637	-13.952
15.704	-13.990
15.762	-14.039
15.837	-14.103
15.867	-14.200
15.911	-14.285
POLYLINE BLACK
13.600	-14.219
13.597	-14.213
POLYLINE BLACK
6.047	-5.599
6.148	-5.846
6.308	-6.167
6.359	-6.453
6.399	-6.683
6.361	-6.750
6.441	-6.943
6.667	-7.481
6.520	-7.116
6.671	-7.376
6.681	-7.393
6.687	-7.412
6.694	-7.431
6.734	-7.537
6.768	-7.645
6.812	-7.749
6.855	-7.851
6.904	-7.950
6.955	-8.048
6.964	-8.066
6.978	-8.081
6.991	-8.096
7.415	-8.588
7.080	-8.227
7.476	-8.571
7.519	-8.608
7.635	-8.781
7.643	-8.794
7.655	-8.813
7.664	-8.835
7.671	-8.858
7.695	-8.931
7.711	-9.007
7.737	-9.079
7.764	-9.154
7.848	-9.264
7.890	-9.313
7.913	-9.341
7.941	-9.366
7.970	-9.389
8.086	-9.478
8.210	-9.557
8.326	-9.648
8.386	-9.695
8.433	-9.759
8.497	-9.799
8.627	-9.881
8.772	-9.937
8.905	-10.014
8.945	-10.037
8.983	-10.064
9.014	-10.098
9.123	-10.221
9.209	-10.363
9.322	-10.483
10.380	-11.601
9.418	-10.550
9.950	-11.037
10.037	-11.115
10.111	-11.207
10.196	-11.287
10.261	-11.349
10.336	-11.399
10.401	-11.462
10.589	-11.645
10.760	-11.847
10.954	-12.024
11.030	-12.095
11.119	-12.150
11.209	-12.203
11.311	-12.264
11.436	-12.289
11.525	-12.373
11.670	-12.510
11.816	-12.647
11.952	-12.793
12.308	-13.178
12.092	-13.052
12.471	-13.329
12.605	-13.427
12.785	-13.460
12.898	-13.587
13.027	-13.732
13.136	-13.893
13.261	-14.040
13.431	-14.240
13.225	-13.922
13.466	-14.199
13.495	-14.232
13.504	-14.278
13.523	-14.318
POLYLINE BLACK
11.293	-26.978
12.506	-26.260
12.188	-26.379
13.779	-25.824
13.985	-25.753
14.204	-25.724
14.413	-25.664
14.635	-25.599
14.850	-25.512
15.073	-25.450
16.548	-25.045
16.035	-25.311
17.204	-24.761
17.265	-24.732
17.324	-24.696
17.374	-24.652
17.465	-24.573
17.823	-24.273
17.933	-24.066
18.049	-23.802
17.997	-23.900
18.071	-23.767
POLYLINE BLACK
15.382	-23.433
15.177	-23.514
14.979	-23.616
14.767	-23.676
14.502	-23.752
14.222	-23.768
13.956	-23.841
12.915	-24.127
11.769	-24.491
10.791	-24.968
10.196	-25.258
9.771	-25.587
9.495	-26.187
9.481	-26.217
9.472	-26.250
9.466	-26.283
9.441	-26.417
9.379	-26.691
9.400	-26.868
9.412	-26.967
9.434	-27.064
9.452	-27.162
POLYLINE BLACK
18.236	-40.900
18.062	-41.430
18.113	-41.218
18.047	-41.526
POLYLINE BLACK
17.318	-21.894
17.373	-22.536
POLYLINE BLACK
17.613	-21.952
17.622	-22.546
POLYLINE BLACK
17.819	-21.947
17.868	-22.515
POLYLINE BLACK
17.266	-22.919
17.344	-23.425
POLYLINE BLACK
17.516	-22.915
17.581	-23.334
POLYLINE BLACK
17.751	-22.885
17.828	-23.352
POLYLINE BLACK
18.196	-40.888
18.125	-40.791
18.054	-40.694
17.983	-40.598
17.938	-40.527
17.900	-40.453
17.849	-40.387
17.654	-40.133
17.789	-40.345
17.661	-40.207
17.636	-40.179
17.614	-40.148
17.591	-40.118
POLYLINE BLACK
15.051	-53.243
15.413	-54.619
15.261	-54.013
15.815	-56.625
15.848	-56.781
15.868	-56.941
15.894	-57.099
POLYLINE BLACK
15.118	-51.714
15.208	-51.683
15.409	-51.568
15.484	-51.696
15.503	-51.726
15.515	-51.761
15.512	-51.797
15.508	-51.857
15.456	-51.915
15.429	-51.959
POLYLINE BLACK
15.233	-52.060
15.245	-52.078
15.271	-52.130
15.301	-52.148
15.399	-52.207
15.507	-52.012
15.536	-51.978
POLYLINE BLACK
14.959	-51.653
15.190	-51.944
15.151	-51.859
15.284	-52.124
15.295	-52.146
15.300	-52.171
15.313	-52.193
15.316	-52.198
15.325	-52.202
15.331	-52.200
15.349	-52.196
15.368	-52.157
15.372	-52.147
15.409	-52.069
15.629	-51.736
15.443	-51.636
15.358	-51.590
15.149	-51.653
15.129	-51.656
POLYLINE BLACK
13.761	-47.828
13.726	-48.256
POLYLINE BLACK
13.734	-48.351
13.698	-48.598
13.583	-48.683
13.427	-48.877
13.419	-48.887
13.412	-48.899
13.406	-48.911
13.380	-48.961
13.357	-49.012
13.332	-49.062
POLYLINE BLACK
13.310	-49.032
13.308	-49.085
13.298	-49.138
13.302	-49.191
13.352	-49.777
13.714	-50.481
13.902	-50.910
14.089	-51.335
14.325	-51.737
14.526	-52.155
15.565	-54.314
14.603	-52.397
15.065	-53.314
POLYLINE BLACK
14.532	-51.879
14.749	-52.037
14.816	-52.081
14.935	-52.259
POLYLINE BLACK
14.504	-51.898
14.639	-51.847
14.787	-51.779
14.937	-51.787
14.975	-51.789
15.013	-51.794
15.051	-51.797
POLYLINE BLACK
15.054	-51.827
15.027	-52.353
15.058	-52.155
15.009	-52.426
POLYLINE BLACK
16.039	-51.556
16.553	-51.504
16.219	-51.552
17.026	-51.335
POLYLINE BLACK
16.158	-51.219
16.087	-51.381
16.015	-51.543
15.946	-51.707
15.911	-51.791
16.137	-51.869
16.145	-51.872
16.573	-52.043
16.211	-51.871
16.537	-52.033
POLYLINE BLACK
17.341	-50.591
17.375	-50.631
17.403	-50.677
17.442	-50.712
17.452	-50.721
17.436	-50.686
17.434	-50.672
17.431	-50.658
17.426	-50.641
17.445	-50.633
17.453	-50.630
17.463	-50.630
17.472	-50.631
17.485	-50.632
17.497	-50.635
17.510	-50.639
17.543	-50.650
17.577	-50.661
17.608	-50.677
17.646	-50.695
17.680	-50.721
17.718	-50.741
17.768	-50.765
17.842	-50.777
17.866	-50.715
17.871	-50.702
17.878	-50.676
17.876	-50.662
17.868	-50.596
17.856	-50.530
17.846	-50.464
POLYLINE BLACK
18.047	-50.511
18.052	-50.551
18.054	-50.592
18.062	-50.632
18.080	-50.735
18.149	-50.788
18.250	-50.783
18.271	-50.782
18.294	-50.776
18.312	-50.767
18.383	-50.729
18.411	-50.626
18.396	-50.551
18.374	-50.437
18.205	-50.443
18.132	-50.497
18.086	-50.532
18.076	-50.586
18.060	-50.637
POLYLINE BLACK
18.303	-50.548
18.333	-50.629
18.385	-50.763
18.422	-50.759
18.469	-50.754
18.512	-50.728
18.557	-50.713
POLYLINE BLACK
18.633	-50.345
18.658	-50.439
18.672	-50.536
18.708	-50.627
18.713	-50.640
18.723	-50.603
18.729	-50.590
18.740	-50.570
18.745	-50.551
18.766	-50.537
18.808	-50.508
18.878	-50.519
18.912	-50.557
18.919	-50.565
18.925	-50.574
18.931	-50.583
18.937	-50.591
18.942	-50.601
18.950	-50.609
18.985	-50.641
19.024	-50.669
19.061	-50.700
POLYLINE BLACK
19.180	-49.949
19.275	-50.679
POLYLINE BLACK
19.032	-50.426
19.254	-50.404
POLYLINE BLACK
19.458	-50.254
19.460	-50.342
19.465	-50.421
19.509	-50.498
19.547	-50.565
19.654	-50.561
19.710	-50.521
19.716	-50.518
19.758	-50.455
19.761	-50.479
19.764	-50.503
19.751	-50.526
19.750	-50.550
19.749	-50.578
19.752	-50.605
19.755	-50.632
19.769	-50.777
19.841	-51.071
19.751	-51.236
19.705	-51.321
19.575	-51.320
19.497	-51.290
19.446	-51.269
19.409	-51.234
19.364	-51.201
POLYLINE BLACK
17.490	-49.338
17.463	-49.384
17.433	-49.429
17.409	-49.476
17.265	-49.763
17.641	-49.508
17.761	-49.664
17.825	-49.746
17.700	-49.849
17.628	-49.866
17.581	-49.877
17.545	-49.860
17.496	-49.850
POLYLINE BLACK
17.936	-49.664
17.924	-49.287
17.941	-49.458
17.805	-48.883
17.804	-48.876
17.800	-48.897
17.798	-48.904
17.803	-48.968
17.799	-49.034
17.813	-49.098
17.850	-49.270
17.904	-49.368
17.987	-49.518
17.993	-49.528
18.011	-49.544
18.022	-49.550
18.093	-49.589
18.164	-49.493
18.201	-49.449
18.207	-49.443
18.215	-49.423
18.219	-49.430
18.226	-49.440
18.213	-49.453
18.211	-49.465
18.208	-49.485
18.215	-49.506
18.227	-49.523
18.263	-49.572
18.364	-49.604
18.422	-49.607
18.458	-49.609
18.495	-49.604
18.532	-49.603
POLYLINE BLACK
18.423	-48.891
18.465	-49.083
18.502	-49.275
18.549	-49.466
18.557	-49.501
18.573	-49.533
18.589	-49.565
18.594	-49.575
18.601	-49.585
18.611	-49.589
18.636	-49.600
18.664	-49.602
18.691	-49.609
POLYLINE BLACK
18.784	-49.142
18.794	-49.174
18.791	-49.397
18.844	-49.455
18.861	-49.474
18.882	-49.488
18.902	-49.505
POLYLINE BLACK
18.890	-48.827
18.877	-48.885
POLYLINE BLACK
19.038	-49.053
19.305	-49.736
18.933	-48.757
19.143	-49.390
19.145	-49.396
19.157	-49.400
19.162	-49.395
19.174	-49.385
19.177	-49.368
19.184	-49.354
19.195	-49.331
19.204	-49.307
19.217	-49.285
19.227	-49.269
19.238	-49.253
19.251	-49.238
19.356	-49.121
19.352	-49.267
19.432	-49.314
19.496	-49.352
19.538	-49.343
19.583	-49.290
19.589	-49.283
19.607	-49.251
19.626	-49.268
19.637	-49.278
19.648	-49.316
19.654	-49.329
19.663	-49.347
19.676	-49.363
19.691	-49.377
19.762	-49.436
19.894	-49.449
19.955	-49.370
20.032	-49.269
20.023	-49.152
19.945	-49.055
19.919	-49.023
19.879	-48.992
19.836	-48.997
19.729	-49.011
19.667	-49.126
19.606	-49.197
POLYLINE BLACK
20.141	-48.883
20.150	-49.005
20.156	-49.126
20.166	-49.247
20.167	-49.257
20.167	-49.225
20.170	-49.215
20.180	-49.188
20.216	-49.198
20.233	-49.210
20.316	-49.268
20.394	-49.332
20.476	-49.390
20.493	-49.402
20.520	-49.408
20.539	-49.400
20.563	-49.390
20.575	-49.358
20.582	-49.335
20.616	-49.221
20.543	-49.107
20.485	-49.016
POLYLINE BLACK
20.748	-49.002
20.750	-49.058
20.749	-49.115
20.754	-49.170
20.756	-49.205
20.776	-49.311
20.832	-49.305
20.848	-49.303
20.866	-49.291
20.877	-49.281
20.956	-49.209
20.972	-49.094
20.909	-49.005
20.849	-48.921
20.790	-48.966
20.765	-49.050
20.751	-49.095
20.756	-49.143
20.769	-49.187
20.811	-49.319
20.923	-49.353
21.038	-49.279
21.104	-49.237
21.094	-49.212
21.141	-49.155
21.146	-49.149
21.154	-49.146
21.161	-49.146
21.198	-49.151
21.200	-49.227
21.241	-49.217
21.289	-49.205
21.280	-49.123
21.329	-49.112
21.357	-49.105
21.376	-49.149
21.390	-49.164
21.401	-49.176
21.415	-49.186
21.432	-49.192
21.477	-49.209
21.534	-49.191
21.577	-49.184
POLYLINE BLACK
21.663	-48.956
21.732	-49.002
21.812	-49.056
21.841	-48.945
21.845	-48.930
21.845	-48.915
21.833	-48.904
21.821	-48.892
21.801	-48.889
21.785	-48.887
21.711	-48.880
21.676	-48.955
21.668	-49.018
21.661	-49.068
21.669	-49.122
21.690	-49.168
21.744	-49.285
21.858	-49.329
21.982	-49.301
22.051	-49.285
22.082	-49.245
22.146	-49.199
POLYLINE BLACK
16.041	-41.842
16.041	-41.885
16.044	-41.928
16.041	-41.971
16.040	-41.998
16.034	-42.025
16.027	-42.051
15.982	-42.200
15.959	-42.339
15.876	-42.463
15.870	-42.471
15.863	-42.479
15.856	-42.486
15.822	-42.517
15.786	-42.547
15.751	-42.577
POLYLINE BLACK
17.086	-41.929
16.929	-42.052
16.757	-42.147
16.680	-42.334
16.625	-42.467
16.634	-42.551
16.619	-42.710
POLYLINE BLACK
17.077	-41.922
17.280	-41.888
17.263	-41.827
17.469	-41.730
17.623	-41.657
17.784	-41.603
17.942	-41.540
17.988	-41.522
18.051	-41.508
18.081	-41.464
18.110	-41.423
18.136	-41.379
18.163	-41.336
POLYLINE BLACK
16.643	-42.598
16.774	-42.958
16.902	-43.277
16.968	-43.669
17.020	-43.975
17.021	-44.288
17.047	-44.597
POLYLINE BLACK
16.986	-44.602
16.880	-44.604
16.773	-44.612
16.666	-44.609
16.589	-44.608
16.513	-44.593
16.435	-44.589
16.418	-44.588
16.392	-44.598
16.377	-44.607
16.256	-44.681
16.333	-44.856
16.327	-44.958
16.264	-45.942
16.224	-46.930
16.107	-47.910
15.970	-49.049
15.938	-49.112
15.708	-49.766
POLYLINE BLACK
16.191	-44.202
15.907	-43.823
16.025	-43.991
15.597	-43.262
15.560	-43.200
15.533	-42.988
15.532	-42.973
15.527	-42.817
15.541	-42.661
15.546	-42.505
POLYLINE BLACK
15.999	-44.220
14.580	-44.206
16.749	-44.250
14.411	-44.064
14.295	-44.055
13.802	-44.024
13.591	-44.139
13.407	-44.239
13.301	-44.482
13.264	-44.671
13.213	-44.934
13.160	-45.352
13.213	-45.652
13.271	-45.983
13.352	-46.118
13.437	-46.444
13.488	-46.635
13.518	-46.830
13.569	-47.021
13.590	-47.097
13.637	-47.165
13.652	-47.242
13.704	-47.502
13.703	-47.700
13.712	-47.952
POLYLINE BLACK
11.818	-28.086
11.950	-28.054
12.048	-28.052
12.181	-28.109
12.214	-28.123
12.672	-28.312
12.808	-28.440
12.978	-28.599
13.024	-28.666
13.126	-28.871
13.143	-28.906
13.154	-28.945
13.165	-28.983
13.203	-29.118
13.230	-29.256
13.271	-29.390
13.291	-29.453
13.321	-29.512
13.346	-29.574
POLYLINE BLACK
11.201	-27.017
11.216	-27.137
11.224	-27.258
11.247	-27.377
11.256	-27.427
11.274	-27.476
11.295	-27.524
11.340	-27.627
11.385	-27.727
11.462	-27.809
11.545	-27.898
11.631	-27.984
11.717	-28.069
11.761	-28.111
11.837	-28.089
11.886	-28.081
POLYLINE BLACK
9.359	-27.134
9.512	-27.753
9.482	-27.800
9.736	-28.311
9.772	-28.384
9.818	-28.453
9.869	-28.518
9.946	-28.617
10.135	-28.807
10.243	-28.876
10.337	-28.935
10.439	-28.982
10.542	-29.024
10.906	-29.173
10.800	-29.187
10.997	-29.132
POLYLINE BLACK
10.914	-29.186
10.977	-29.235
11.046	-29.277
11.102	-29.334
11.652	-29.896
12.320	-31.203
12.541	-31.519
12.780	-31.860
13.071	-32.162
13.347	-32.475
13.389	-32.522
13.495	-32.608
13.567	-32.646
13.604	-32.666
13.644	-32.663
13.682	-32.679
13.711	-32.691
13.739	-32.705
13.768	-32.719
POLYLINE BLACK
13.334	-29.591
13.799	-30.100
14.374	-30.591
14.716	-31.215
14.888	-31.529
15.031	-31.858
15.202	-32.172
16.076	-33.773
16.051	-33.351
16.512	-35.203
16.807	-36.537
17.103	-37.872
17.398	-39.207
17.450	-39.362
17.512	-39.514
17.553	-39.672
17.714	-40.288
17.510	-39.789
17.679	-40.170
POLYLINE BLACK
13.558	-32.841
13.602	-32.890
13.651	-32.935
13.688	-32.989
13.744	-33.070
13.796	-33.154
13.835	-33.244
14.070	-33.785
14.275	-34.338
14.511	-34.878
14.568	-35.009
14.645	-35.129
14.712	-35.255
14.952	-35.885
15.173	-36.523
15.433	-37.145
15.615	-37.582
16.280	-38.801
16.464	-39.569
16.487	-39.663
16.498	-39.761
16.498	-39.858
16.497	-40.485
16.434	-40.549
16.233	-41.222
16.068	-41.773
16.116	-41.641
15.937	-42.029
POLYLINE BLACK
16.054	-41.827
16.008	-42.004
16.024	-42.339
15.864	-42.500
15.771	-42.594
15.645	-42.631
15.526	-42.691

