TRIP
DATE 2012-08-16 
DECLINATION     0.00
DATA
0.0	1.0	97.97	-33.00	5.220	>
1.0	2.0	39.31	-34.77	5.480	>
2.0	3.0	132.61	-1.38	0.830	>
3.0	4.0	69.83	-66.22	2.000	>
4.0	5.0	55.90	-11.62	5.920	>
5.0	6.0	353.15	-30.97	2.200	>
6.0	7.0	85.33	-37.99	2.430	>
7.0	8.0	43.71	-25.02	2.710	>
8.0	9.0	87.71	-49.89	1.050	>
9.0	9.1	21.29	2.11	3.400	>
9.0	10.0	31.95	-50.77	3.491	>
10.0	11.0	143.87	-29.44	2.271	>
11.0	12.0	212.93	-25.07	3.200	>
12.0	12.1	261.83	12.64	2.299	>
12.0	13.0	343.56	-65.82	3.640	>
13.0	14.0	255.36	14.62	3.079	>
11.0	15.0	88.99	-23.50	1.610	>
15.0	16.0	144.48	17.27	2.500	>
16.0	17.0	111.31	19.62	1.960	>
17.0	18.0	42.20	17.72	4.400	>
11.0	19.0	40.16	0.66	3.050	>
19.0	20.0	123.86	-60.10	9.560	>
20.0	21.0	205.25	-46.35	1.240	>
21.0	22.0	138.00	-53.94	3.690	>
22.0	23.0	107.05	-59.54	3.619	>
23.0	24.0	82.14	-70.73	5.120	>
24.0	25.0	182.64	-22.63	2.889	>
25.0	26.0	142.62	-68.33	12.880	>
26.0	27.0	92.11	-34.88	5.460	>
27.0	28.0	133.77	-56.40	8.140	>
26.0		319.88	46.54	6.850	>

PLAN
STATIONS
0.000	0.000	0.0
4.336	-0.607	1.0
7.188	2.876	2.0
7.799	2.314	3.0
8.556	2.592	4.0
13.358	5.843	5.0
13.133	7.716	6.0
15.042	7.872	7.0
16.739	9.647	8.0
17.415	9.674	9.0
18.649	12.840	9.1
18.583	11.547	10.0
19.749	9.950	11.0
18.173	7.517	12.0
15.952	7.198	12.1
17.751	8.947	13.0
14.868	8.194	14.0
21.225	9.976	15.0
22.612	8.033	16.0
24.332	7.362	17.0
27.147	10.467	18.0
21.716	12.281	19.0
25.673	9.626	20.0
25.308	8.852	21.0
26.761	7.238	22.0
28.515	6.700	23.0
30.189	6.931	24.0
30.066	4.267	25.0
32.953	0.488	26.0
37.429	0.323	27.0
40.682	-2.793	28.0
SHOTS
37.429	0.323	40.682	-2.793
32.953	0.488	37.429	0.323
30.066	4.267	32.953	0.488
32.953	0.488	29.917	4.091
30.189	6.931	30.066	4.267
28.515	6.700	30.189	6.931
26.761	7.238	28.515	6.700
25.308	8.852	26.761	7.238
25.673	9.626	25.308	8.852
21.716	12.281	25.673	9.626
19.749	9.950	21.716	12.281
24.332	7.362	27.147	10.467
22.612	8.033	24.332	7.362
21.225	9.976	22.612	8.033
19.749	9.950	21.225	9.976
17.751	8.947	14.868	8.194
18.173	7.517	17.751	8.947
18.173	7.517	15.952	7.198
19.749	9.950	18.173	7.517
18.583	11.547	19.749	9.950
17.415	9.674	18.583	11.547
17.415	9.674	18.649	12.840
16.739	9.647	17.415	9.674
15.042	7.872	16.739	9.647
13.133	7.716	15.042	7.872
13.358	5.843	13.133	7.716
8.556	2.592	13.358	5.843
7.799	2.314	8.556	2.592
7.188	2.876	7.799	2.314
4.336	-0.607	7.188	2.876
0.000	0.000	4.336	-0.607
POLYLINE BLUE
33.445	3.020
33.445	2.180
33.535	2.030
33.565	2.030
POLYLINE BLUE
33.175	3.080
33.175	3.020
33.025	2.810
33.025	2.690
32.965	2.360
32.965	2.330
32.995	2.360
POLYLINE BLUE
32.725	3.140
32.725	3.020
32.755	2.840
32.755	2.000
POLYLINE BLUE
33.445	1.880
33.445	1.490
33.415	1.310
33.415	1.130
33.475	0.950
33.505	0.920
POLYLINE BLUE
33.295	1.910
33.295	1.220
POLYLINE BLUE
33.055	2.000
33.055	1.640
33.115	1.280
33.145	1.190
33.145	1.160
POLYLINE BLACK
36.415	0.800
37.045	0.500
37.135	0.380
37.465	0.170
37.705	0.080
37.885	-0.040
38.965	-0.520
39.055	-0.520
39.145	-0.550
39.205	-0.550
39.205	-0.610
38.845	-0.760
38.605	-0.820
38.545	-0.880
38.215	-0.880
37.885	-0.940
37.435	-0.940
37.405	-0.910
37.315	-0.910
37.315	-0.880
37.195	-0.880
37.135	-0.820
37.135	-0.790
POLYLINE BLACK
34.345	0.410
34.465	0.410
34.525	0.350
34.645	0.320
34.735	0.290
34.825	0.290
34.885	0.230
POLYLINE BLACK
34.225	0.860
34.555	0.860
34.735	0.830
POLYLINE BLACK
34.435	1.310
34.405	1.310
34.405	1.280
34.375	1.280
34.375	1.220
34.555	1.220
34.615	1.160
34.765	1.160
POLYLINE BLACK
34.435	1.610
34.435	1.580
34.375	1.580
34.285	1.490
34.225	1.310
34.225	0.650
34.255	0.590
34.255	0.530
34.315	0.440
34.315	0.380
34.375	0.290
34.375	0.200
34.405	0.110
34.435	0.110
34.435	0.020
34.465	0.020
POLYLINE BLACK
38.755	0.530
38.785	0.440
38.815	0.440
38.815	0.410
38.875	0.380
38.875	0.320
38.965	0.230
39.055	0.230
39.175	0.050
39.415	-0.070
39.685	-0.340
40.105	-0.610
40.255	-0.760
POLYLINE BLACK
33.865	0.140
34.165	0.140
34.465	-0.010
35.065	-0.310
35.155	-0.310
35.425	-0.400
35.635	-0.490
35.875	-0.520
36.265	-0.730
36.385	-0.760
36.475	-0.820
36.535	-0.820
36.625	-0.880
36.715	-0.880
36.865	-0.970
37.165	-1.150
37.195	-1.210
37.345	-1.420
37.405	-1.420
37.465	-1.480
37.525	-1.480
37.555	-1.540
37.615	-1.540
37.765	-1.690
37.765	-1.720
37.795	-1.720
POLYLINE BLACK
34.195	1.640
34.495	1.640
34.885	1.520
35.005	1.520
35.245	1.400
35.725	1.400
35.875	1.430
35.875	1.460
35.995	1.460
36.055	1.400
36.115	1.400
36.175	1.340
36.865	1.340
37.075	1.280
37.345	1.250
37.975	1.250
38.155	1.190
38.335	1.070
38.395	0.950
38.485	0.920
38.485	0.890
38.725	0.710
38.815	0.650
38.875	0.650
38.875	0.620
38.965	0.620
38.995	0.590
POLYLINE BLACK
22.315	3.380
22.315	3.440
22.165	3.530
21.895	3.560
21.805	3.560
21.685	3.470
21.685	3.260
21.715	3.260
21.715	3.200
21.805	3.140
22.015	3.110
22.135	3.110
22.285	3.200
22.405	3.350
22.435	3.500
22.435	3.770
22.195	3.770
22.015	3.680
21.955	3.560
POLYLINE BLACK
21.805	4.400
21.805	5.150
21.865	5.270
22.105	5.270
22.255	5.180
22.375	5.090
22.495	4.970
22.525	4.850
22.525	4.640
22.495	4.640
22.495	4.520
22.465	4.520
22.435	4.460
22.105	4.160
22.075	4.160
22.075	4.040
22.105	4.040
22.105	3.980
22.135	3.950
POLYLINE BLACK
25.855	5.120
25.705	5.120
25.705	5.090
24.475	5.090
24.145	4.880
23.965	4.820
23.815	4.700
23.755	4.640
23.965	4.640
24.175	4.550
24.895	4.340
25.255	4.220
25.345	4.220
POLYLINE BLACK
28.195	4.430
28.075	4.430
27.355	4.670
26.785	4.760
25.795	4.760
25.315	4.820
25.285	4.820
POLYLINE BLACK
29.845	4.610
29.395	4.610
29.005	4.700
28.945	4.760
28.405	4.820
27.895	4.850
27.625	4.910
27.355	5.030
27.355	5.060
27.295	5.060
27.295	5.090
POLYLINE BLACK
29.425	3.500
29.425	3.500
29.425	3.530
29.065	3.770
28.915	3.770
28.435	4.010
28.345	4.010
28.225	4.100
28.135	4.100
27.985	4.130
27.775	4.190
27.775	4.220
27.595	4.220
POLYLINE BLACK
26.425	7.760
26.485	7.760
26.485	7.730
26.515	7.730
26.515	7.700
26.575	7.670
26.575	7.610
26.665	7.520
26.665	7.490
26.695	7.490
26.725	7.340
26.695	7.250
26.485	7.250
26.485	7.280
26.395	7.280
26.395	7.310
26.365	7.310
26.365	7.340
26.335	7.340
POLYLINE BLACK
28.165	7.400
28.225	7.370
28.495	7.160
28.675	6.920
28.735	6.890
28.735	6.830
28.795	6.710
28.795	6.620
28.675	6.560
28.195	6.560
27.985	6.620
27.685	6.770
27.625	6.830
27.565	6.830
POLYLINE BLACK
29.395	6.020
29.425	5.960
29.695	5.600
29.785	5.330
29.785	5.000
29.695	4.970
29.635	5.000
29.425	5.210
29.245	5.300
29.185	5.300
POLYLINE BLACK
30.565	6.380
30.565	5.960
30.505	5.840
30.445	5.660
30.415	5.660
30.415	5.630
30.385	5.630
30.385	5.690
30.325	5.690
30.325	5.750
30.205	5.780
29.845	6.020
29.755	6.020
29.575	6.200
29.515	6.200
29.515	6.230
POLYLINE BLACK
26.065	7.280
26.125	7.280
26.155	7.220
26.215	7.220
26.365	7.130
26.455	7.040
26.515	7.040
26.605	6.950
26.695	6.920
26.695	6.890
26.875	6.800
26.935	6.800
27.085	6.710
27.145	6.680
27.235	6.590
27.295	6.590
27.295	6.560
27.415	6.560
27.745	6.440
27.865	6.380
27.955	6.380
27.955	6.350
28.045	6.350
28.045	6.290
28.105	6.290
28.225	6.200
28.285	6.200
28.405	6.110
28.465	6.050
28.525	6.050
28.525	6.020
28.645	5.960
28.645	5.930
28.675	5.930
28.675	5.900
28.705	5.900
28.765	5.780
28.825	5.750
28.825	5.600
28.855	5.600
28.855	5.570
28.885	5.570
28.885	5.540
28.915	5.540
28.915	5.450
29.035	5.330
29.095	5.150
29.155	5.090
29.215	5.030
29.215	4.970
29.335	4.760
29.365	4.760
29.365	4.610
29.395	4.610
29.395	4.580
29.485	4.490
29.485	4.340
POLYLINE BLACK
30.835	5.030
30.835	5.990
30.895	6.260
30.895	7.010
30.865	7.010
30.865	7.040
30.835	7.040
30.835	7.100
30.715	7.220
30.655	7.220
30.655	7.250
30.625	7.250
30.595	7.310
30.385	7.430
30.325	7.430
30.235	7.490
29.995	7.490
29.815	7.550
29.545	7.550
29.485	7.580
29.365	7.580
29.215	7.610
28.405	7.610
28.255	7.580
27.925	7.550
27.865	7.550
27.775	7.520
27.445	7.520
POLYLINE BLACK
29.095	-0.190
29.215	-0.190
29.575	-0.070
29.665	-0.070
29.935	0.020
31.015	0.020
POLYLINE BLACK
29.095	1.190
29.515	1.190
29.755	1.100
29.875	0.980
29.875	0.950
POLYLINE BLACK
29.485	2.660
29.545	2.660
29.935	2.390
30.085	2.390
30.205	2.300
30.265	2.150
30.445	2.180
30.625	2.120
30.685	2.120
POLYLINE BLACK
30.835	4.820
30.775	4.610
30.775	4.430
POLYLINE BLACK
32.665	4.610
32.665	4.520
32.485	4.310
32.425	4.190
32.395	4.190
POLYLINE BLACK
33.505	4.220
33.505	4.190
33.415	4.160
33.325	3.980
33.145	3.800
32.785	3.200
32.755	3.200
POLYLINE BLACK
34.105	3.560
34.045	3.560
33.625	3.290
POLYLINE BLACK
34.135	2.480
34.045	2.450
34.015	2.450
34.015	2.420
33.925	2.420
33.805	2.390
33.745	2.390
33.655	2.360
33.655	2.300
POLYLINE BLACK
30.055	4.490
30.115	4.490
30.175	4.550
30.265	4.640
30.355	4.670
30.355	4.730
30.505	4.790
30.685	4.850
30.745	4.850
30.745	4.880
32.455	4.880
32.545	4.820
32.635	4.820
32.785	4.730
32.965	4.670
33.025	4.610
33.235	4.550
33.445	4.370
33.505	4.370
33.775	4.190
33.835	4.190
33.835	4.130
33.985	4.040
33.985	4.010
34.195	3.800
34.285	3.650
34.345	3.590
34.345	3.530
34.435	3.440
34.465	3.320
34.465	3.110
34.345	2.930
34.345	2.840
34.315	2.840
34.315	2.780
34.285	2.690
34.285	2.540
34.225	2.420
34.225	2.270
34.255	2.180
34.255	1.760
34.165	1.640
POLYLINE BLACK
29.995	4.370
29.935	4.370
29.905	4.310
29.875	4.310
29.875	4.280
29.815	4.280
29.815	4.220
29.785	4.190
29.785	4.100
29.725	4.010
29.725	3.920
29.635	3.650
29.635	3.620
29.605	3.620
29.605	3.500
29.545	3.320
29.545	3.140
29.425	2.960
29.425	2.840
29.335	2.630
29.335	2.540
29.305	2.480
29.305	2.330
29.245	2.030
29.215	1.700
29.155	1.460
29.095	1.280
29.095	1.160
29.065	1.070
29.065	0.920
29.035	0.830
29.035	0.560
29.185	0.320
29.185	0.230
29.305	0.110
29.305	0.050
29.395	0.020
29.425	-0.040
29.545	-0.070
29.545	-0.130
29.605	-0.130
29.725	-0.220
29.815	-0.220
29.815	-0.250
30.175	-0.250
30.385	-0.280
31.165	-0.280
31.165	-0.310
31.585	-0.310
31.675	-0.340
31.675	-0.430
32.785	-0.430
32.905	-0.400
32.905	-0.370
32.995	-0.370
33.055	-0.310
33.205	-0.280
33.355	-0.190
33.415	-0.190
33.595	-0.100
33.655	-0.100
33.685	-0.040
33.745	-0.040
33.745	-0.010
33.805	-0.010
33.865	0.050
POLYLINE GRAY
26.175	8.750
26.185	8.730
26.235	8.590
26.245	8.530
26.295	8.460
26.365	8.370
26.405	8.280
26.425	8.260
26.425	8.210
26.435	8.200
26.435	8.160
26.465	8.130
26.485	8.100
26.485	8.080
26.515	8.050
26.565	7.960
26.645	7.860
26.655	7.830
26.685	7.810
26.695	7.780
26.715	7.780
26.745	7.750
26.765	7.750
26.785	7.730
26.825	7.730
26.835	7.710
26.905	7.690
26.945	7.660
26.985	7.660
27.135	7.630
27.195	7.630
27.225	7.610
27.285	7.590
27.425	7.590
27.455	7.580
27.475	7.580
27.475	7.570
27.505	7.570
27.535	7.560
27.645	7.560
POLYLINE GRAY
25.075	9.320
25.095	9.310
25.175	9.220
25.235	9.100
25.275	9.030
25.275	8.930
25.265	8.900
25.265	8.820
25.275	8.820
25.295	8.760
25.315	8.740
25.355	8.620
25.365	8.610
25.365	8.580
25.395	8.490
25.425	8.440
25.425	8.420
25.485	8.340
25.485	8.320
25.545	8.240
25.545	8.220
25.595	8.150
25.635	8.080
25.695	8.000
25.695	7.980
25.785	7.870
25.815	7.840
25.835	7.780
25.905	7.660
25.975	7.590
26.045	7.480
26.145	7.380
26.145	7.360
26.165	7.360
26.165	7.350
26.215	7.330
26.215	7.320
26.235	7.320
26.255	7.300
26.285	7.290
26.335	7.240
26.345	7.240
26.355	7.200
26.365	7.200
26.365	7.190
POLYLINE GRAY
25.965	9.900
25.965	9.600
25.955	9.570
25.955	9.460
25.965	9.460
25.965	9.410
26.015	9.210
26.015	9.190
26.035	9.160
26.035	9.100
26.045	9.070
26.045	8.990
26.065	8.960
26.065	8.940
26.085	8.920
26.085	8.890
26.115	8.830
26.135	8.750
26.145	8.750
26.145	8.730
POLYLINE BLACK
24.665	9.770
24.735	9.730
24.745	9.710
24.865	9.650
24.905	9.610
25.015	9.550
25.085	9.510
25.085	9.500
25.125	9.470
25.125	9.440
25.135	9.440
25.135	9.390
25.085	9.360
25.065	9.360
25.065	9.310
POLYLINE BLACK
23.685	11.270
23.705	11.230
23.885	10.950
24.015	10.800
24.075	10.710
24.085	10.710
24.085	10.690
24.005	10.690
23.955	10.720
23.885	10.770
23.845	10.780
23.815	10.810
23.605	10.900
23.545	10.910
23.485	10.940
23.325	10.980
23.265	10.990
23.235	11.010
POLYLINE BLACK
24.165	11.280
24.165	11.270
24.185	11.260
24.195	11.240
24.225	11.230
24.295	11.160
24.515	11.010
24.625	10.960
24.825	10.830
25.165	10.650
25.215	10.610
25.245	10.610
25.265	10.580
25.265	10.500
25.285	10.500
25.285	10.470
25.365	10.390
25.455	10.330
25.495	10.320
25.595	10.260
25.665	10.210
25.775	10.130
25.785	10.110
25.835	10.040
25.845	10.040
25.865	9.990
25.875	9.990
25.875	9.970
25.885	9.970
25.905	9.910
POLYLINE BLACK
22.905	10.800
22.955	10.770
22.985	10.740
23.015	10.740
23.065	10.710
23.085	10.680
23.115	10.670
23.125	10.650
23.345	10.570
23.635	10.420
23.695	10.400
23.815	10.340
23.905	10.320
23.935	10.290
24.105	10.220
24.185	10.160
24.215	10.130
24.235	10.130
24.295	10.070
24.335	10.060
24.415	9.970
24.435	9.930
24.495	9.890
24.495	9.880
24.535	9.860
24.535	9.850
24.555	9.850
24.605	9.820
24.605	9.810
24.615	9.810
24.615	9.800
POLYLINE BLACK
22.515	11.460
22.525	11.460
22.525	11.450
22.575	11.410
22.665	11.210
22.665	11.160
22.645	11.160
22.615	11.150
22.495	11.270
POLYLINE BLACK
22.485	12.010
22.535	11.940
22.565	11.910
22.595	11.860
22.625	11.810
22.625	11.800
22.665	11.760
22.675	11.730
22.715	11.690
22.715	11.680
22.735	11.670
22.785	11.620
22.675	11.620
22.555	11.660
22.535	11.680
22.505	11.680
22.415	11.710
22.335	11.730
22.305	11.740
22.285	11.740
22.255	11.760
22.235	11.760
22.235	11.770
POLYLINE BLACK
21.915	12.630
21.955	12.620
21.995	12.590
22.025	12.590
22.035	12.560
22.095	12.550
22.125	12.520
22.155	12.520
22.205	12.490
22.285	12.470
22.495	12.350
22.545	12.330
22.645	12.270
22.765	12.200
22.885	12.160
22.995	12.100
23.025	12.100
23.085	12.060
23.085	12.050
23.095	12.050
23.115	12.030
23.135	12.020
23.225	11.970
23.225	11.960
23.255	11.960
23.325	11.910
23.375	11.890
23.375	11.880
23.395	11.880
23.395	11.870
23.405	11.870
23.415	11.850
23.465	11.780
23.585	11.670
23.655	11.640
23.715	11.590
23.735	11.590
23.735	11.580
23.745	11.580
23.755	11.560
23.765	11.560
23.765	11.540
23.775	11.540
23.775	11.530
23.795	11.530
23.795	11.520
23.815	11.510
23.835	11.470
23.845	11.470
23.855	11.450
23.875	11.410
23.885	11.380
23.895	11.380
23.905	11.360
23.945	11.340
23.955	11.340
23.965	11.320
24.025	11.290
24.055	11.290
24.095	11.270
24.115	11.270
24.115	11.260
24.135	11.260
24.135	11.250
24.155	11.250
24.155	11.240
POLYLINE BLACK
21.465	11.560
21.485	11.560
21.505	11.550
21.525	11.550
21.545	11.530
21.575	11.530
21.735	11.460
21.925	11.380
21.955	11.380
21.965	11.360
21.985	11.360
21.985	11.350
22.005	11.350
22.005	11.340
22.055	11.280
22.245	11.180
22.375	11.100
22.525	11.030
22.555	11.000
22.725	10.910
22.735	10.890
22.755	10.890
22.755	10.880
22.775	10.880
22.785	10.860
22.815	10.860
22.815	10.850
22.845	10.840
22.845	10.830
22.855	10.830
22.855	10.820
22.865	10.820
POLYLINE BLACK
22.275	10.520
22.245	10.500
22.215	10.500
22.145	10.480
22.145	10.470
22.195	10.450
POLYLINE BLACK
22.165	10.460
22.165	10.500
22.145	10.560
22.145	10.590
22.135	10.590
POLYLINE BLACK
22.025	10.500
22.065	10.500
22.095	10.480
POLYLINE BLACK
21.895	10.630
21.875	10.630
21.875	10.620
21.865	10.620
21.865	10.600
POLYLINE BLACK
21.825	10.490
21.845	10.490
21.845	10.450
21.855	10.450
21.855	10.440
21.875	10.440
21.905	10.430
21.955	10.430
21.985	10.460
POLYLINE BLACK
21.785	10.550
21.735	10.550
21.685	10.540
21.685	10.530
21.675	10.530
21.675	10.480
21.695	10.470
21.715	10.450
21.765	10.450
21.765	10.460
21.795	10.460
21.795	10.470
POLYLINE BLACK
21.515	10.490
21.485	10.500
21.485	10.510
21.455	10.510
21.455	10.500
21.445	10.500
21.445	10.450
21.505	10.430
21.505	10.420
21.535	10.430
21.535	10.440
21.555	10.460
21.555	10.480
21.585	10.480
21.595	10.450
21.605	10.450
21.605	10.440
21.685	10.440
POLYLINE BLACK
21.205	10.540
21.215	10.540
21.225	10.560
21.275	10.590
21.275	10.600
21.295	10.600
21.295	10.570
21.305	10.540
21.305	10.500
21.265	10.430
21.255	10.430
21.255	10.420
21.225	10.410
21.455	10.410
POLYLINE BLACK
20.555	10.610
20.625	10.610
20.665	10.600
20.685	10.580
20.935	10.510
20.985	10.500
21.055	10.500
21.075	10.490
POLYLINE BLACK
20.205	10.980
20.215	10.980
20.215	10.990
20.335	11.120
20.335	11.130
20.375	11.190
20.385	11.220
20.405	11.230
20.415	11.270
20.435	11.280
20.435	11.300
20.445	11.300
20.465	11.340
20.515	11.410
20.525	11.410
20.525	11.430
20.575	11.490
20.615	11.570
20.655	11.630
20.675	11.640
20.705	11.670
20.725	11.670
20.765	11.710
20.785	11.710
20.785	11.720
20.795	11.720
20.805	11.740
20.815	11.740
20.815	11.760
20.825	11.760
20.835	11.790
20.845	11.790
20.845	11.800
20.855	11.800
20.855	11.810
20.875	11.810
20.885	11.830
20.965	11.870
20.965	11.880
21.025	11.910
21.055	11.940
21.075	11.940
21.075	11.960
21.085	11.960
21.085	11.970
21.095	11.970
21.145	12.040
21.205	12.100
21.245	12.150
21.285	12.220
21.335	12.260
21.335	12.280
21.365	12.310
21.385	12.310
21.385	12.330
21.395	12.330
21.395	12.340
21.435	12.350
21.445	12.370
21.495	12.420
21.515	12.420
21.515	12.430
21.555	12.450
21.585	12.460
21.595	12.480
21.615	12.490
21.645	12.500
21.655	12.520
21.675	12.520
21.695	12.540
21.775	12.580
21.795	12.580
21.875	12.620
21.905	12.620
21.925	12.640
21.945	12.630
21.945	12.620
21.955	12.620
21.955	12.610
POLYLINE BLACK
20.585	10.680
20.605	10.680
20.605	10.690
20.705	10.710
20.705	10.720
20.735	10.720
20.845	10.850
20.845	10.960
20.855	10.990
20.865	11.040
20.885	11.040
20.885	11.060
20.905	11.080
20.945	11.120
20.965	11.140
21.045	11.240
21.045	11.250
21.115	11.310
21.125	11.310
21.125	11.320
21.155	11.350
21.165	11.370
21.175	11.370
21.225	11.420
21.255	11.450
21.255	11.460
21.275	11.470
21.275	11.480
21.305	11.480
21.305	11.500
21.325	11.500
21.375	11.530
21.375	11.540
21.395	11.540
21.395	11.550
21.405	11.550
POLYLINE BLACK
20.355	10.560
20.395	10.560
20.435	10.590
20.485	10.600
20.525	10.600
POLYLINE BLACK
19.805	10.620
19.975	10.620
19.975	10.630
19.995	10.630
20.045	10.660
20.045	10.670
20.115	10.740
20.125	10.780
20.135	10.780
20.135	10.800
20.155	10.840
20.165	10.870
20.175	10.870
20.195	10.910
20.205	10.910
POLYLINE BLACK
20.195	10.340
20.185	10.340
20.185	10.380
20.205	10.400
20.225	10.440
20.265	10.470
20.305	10.470
20.305	10.490
20.365	10.510
20.365	10.520
20.375	10.520
POLYLINE BLACK
20.235	10.360
POLYLINE BLACK
7.765	3.280
7.765	3.250
7.775	3.210
7.775	3.180
7.785	3.160
POLYLINE BLACK
8.065	3.250
8.105	3.170
8.115	3.130
POLYLINE BLACK
7.785	3.260
7.825	3.280
7.915	3.350
7.945	3.350
7.985	3.370
8.005	3.370
8.005	3.380
8.025	3.380
7.985	3.260
7.885	3.100
7.855	3.070
7.845	3.040
7.805	3.020
7.805	3.010
7.775	2.980
7.815	2.980
7.815	2.990
7.855	3.000
7.865	3.020
7.885	3.020
7.925	3.050
8.065	3.110
8.095	3.120
8.105	3.120
POLYLINE BLACK
16.085	7.710
16.085	7.760
15.995	7.770
15.975	7.770
15.905	7.710
15.875	7.660
15.875	7.630
15.865	7.580
15.865	7.560
15.905	7.560
15.995	7.620
16.105	7.730
16.105	7.750
16.115	7.750
16.105	7.770
16.045	7.790
15.985	7.790
POLYLINE BLACK
16.045	8.010
16.035	8.010
16.035	8.020
16.015	8.020
15.995	8.050
15.995	8.120
16.025	8.120
16.025	8.130
16.045	8.140
16.075	8.160
16.185	8.160
16.225	8.110
16.225	8.040
16.175	8.010
16.095	7.970
16.045	7.920
16.045	7.880
16.065	7.880
POLYLINE BLACK
16.325	8.600
16.325	8.590
16.315	8.590
16.305	8.570
16.215	8.480
16.195	8.480
16.185	8.460
16.175	8.460
16.175	8.440
16.125	8.400
16.125	8.380
16.085	8.330
16.085	8.310
16.065	8.280
16.095	8.300
16.135	8.310
16.205	8.340
16.355	8.390
16.365	8.390
POLYLINE BLACK
16.925	8.670
16.905	8.670
16.875	8.650
16.795	8.630
16.685	8.620
16.675	8.600
16.575	8.600
16.525	8.580
16.465	8.570
16.405	8.550
16.325	8.510
16.305	8.500
16.255	8.470
16.255	8.460
16.235	8.460
16.235	8.450
16.225	8.450
POLYLINE BLACK
17.365	9.030
17.305	9.000
17.305	8.990
17.295	8.990
17.285	8.970
17.265	8.970
17.255	8.950
17.155	8.900
17.075	8.900
17.045	8.890
17.025	8.890
17.025	8.880
16.995	8.880
16.925	8.860
16.905	8.860
16.905	8.850
16.845	8.840
16.845	8.830
16.815	8.830
16.785	8.820
16.775	8.820
16.775	8.810
16.735	8.810
16.735	8.800
16.695	8.800
16.695	8.790
16.685	8.790
16.685	8.780
POLYLINE BLACK
17.235	8.480
17.215	8.490
17.095	8.530
16.935	8.530
16.795	8.550
16.665	8.550
16.665	8.540
16.645	8.540
16.635	8.520
16.615	8.520
16.605	8.500
16.595	8.490
POLYLINE BLACK
17.915	8.580
17.875	8.580
17.825	8.530
17.795	8.520
17.775	8.460
17.845	8.460
17.885	8.480
17.905	8.490
17.935	8.540
POLYLINE BLACK
18.375	8.030
18.345	8.030
18.325	8.010
18.325	7.930
18.315	7.890
18.315	7.840
18.325	7.840
18.335	7.790
18.355	7.790
18.355	7.760
18.405	7.750
18.445	7.770
18.475	7.820
18.505	7.910
18.495	7.940
18.475	7.940
18.465	7.950
POLYLINE BLACK
18.715	8.340
18.595	8.340
18.545	8.320
18.475	8.240
18.445	8.130
18.445	8.120
18.525	8.100
18.595	8.080
18.635	8.080
18.705	8.160
18.715	8.190
18.755	8.240
18.775	8.290
18.815	8.330
POLYLINE BLACK
18.905	8.860
18.855	8.830
18.835	8.830
18.815	8.800
18.785	8.800
18.675	8.690
18.665	8.640
18.665	8.560
18.685	8.540
18.815	8.540
18.845	8.560
18.885	8.570
18.935	8.620
18.935	8.630
18.945	8.630
18.945	8.730
18.895	8.790
18.825	8.790
18.805	8.770
POLYLINE BLACK
17.985	7.690
17.985	7.860
17.975	7.860
17.975	7.910
17.965	7.910
17.965	7.950
17.955	7.980
17.935	8.040
17.915	8.080
17.915	8.090
17.905	8.090
17.905	8.100
17.885	8.100
17.885	8.110
POLYLINE BLACK
15.965	6.520
15.985	6.580
15.985	6.610
15.935	6.620
15.935	6.610
15.915	6.610
15.855	6.510
15.855	6.470
15.865	6.460
15.865	6.430
15.895	6.430
15.925	6.420
15.935	6.420
15.985	6.470
16.005	6.510
16.095	6.600
16.105	6.650
16.105	6.660
16.085	6.660
16.045	6.640
POLYLINE BLACK
15.825	6.830
15.785	6.830
15.785	6.840
15.725	6.870
15.715	6.890
15.705	6.890
15.695	6.930
15.745	6.940
15.795	6.950
15.825	6.950
15.855	6.930
15.925	6.920
15.975	6.870
15.975	6.820
15.935	6.740
15.935	6.730
15.925	6.730
15.925	6.720
POLYLINE BLACK
15.605	7.250
15.605	7.240
15.565	7.240
15.545	7.220
15.405	7.220
15.335	7.210
15.225	7.210
15.175	7.200
15.155	7.200
15.155	7.190
15.165	7.190
15.165	7.180
15.245	7.140
15.305	7.090
15.355	7.080
15.375	7.080
15.375	7.070
15.405	7.070
POLYLINE BLACK
16.715	7.280
16.665	7.280
16.625	7.260
16.595	7.260
16.445	7.220
16.335	7.220
16.205	7.210
16.075	7.180
15.765	7.160
15.695	7.150
15.465	7.150
15.475	7.140
POLYLINE BLACK
18.125	7.680
18.095	7.680
18.045	7.650
18.005	7.640
17.985	7.620
17.945	7.610
17.795	7.560
17.765	7.560
17.715	7.530
17.615	7.530
17.565	7.510
17.085	7.510
17.005	7.480
16.985	7.480
16.935	7.460
16.765	7.460
16.745	7.450
16.585	7.450
16.535	7.440
16.475	7.440
16.475	7.430
16.415	7.420
16.415	7.410
16.385	7.410
16.385	7.400
16.365	7.400
POLYLINE BLACK
19.025	8.300
19.015	8.270
19.005	8.270
18.995	8.250
18.895	8.140
18.805	7.990
18.755	7.940
18.635	7.780
18.625	7.730
18.595	7.700
18.585	7.680
18.555	7.670
18.555	7.660
18.545	7.660
18.545	7.650
18.535	7.650
18.535	7.640
18.475	7.640
18.455	7.620
18.445	7.620
18.445	7.610
18.405	7.610
18.405	7.600
18.355	7.600
18.355	7.590
18.345	7.590
18.345	7.570
18.325	7.570
18.325	7.560
18.315	7.560
18.315	7.550
18.225	7.520
18.205	7.520
18.205	7.490
18.145	7.470
18.145	7.460
18.125	7.460
18.095	7.450
18.095	7.440
18.025	7.440
18.025	7.430
17.975	7.420
17.935	7.420
17.875	7.400
17.735	7.400
17.675	7.370
17.545	7.340
17.495	7.340
17.455	7.320
17.395	7.310
17.295	7.290
17.295	7.280
17.225	7.260
17.225	7.250
17.205	7.250
17.095	7.200
17.085	7.200
17.065	7.180
17.045	7.180
17.015	7.170
16.815	7.100
16.785	7.100
16.735	7.080
16.635	7.080
16.575	7.070
16.485	7.070
POLYLINE BLACK
18.025	8.300
18.025	8.230
18.035	8.200
18.045	8.200
18.045	8.190
18.055	8.190
POLYLINE BLACK
17.835	8.160
17.835	8.120
17.845	8.090
17.855	8.040
17.865	8.040
POLYLINE BLACK
18.285	8.390
18.285	8.380
18.265	8.350
18.255	8.330
18.185	8.260
18.165	8.240
18.145	8.230
18.095	8.200
18.075	8.190
18.045	8.180
18.045	8.170
18.025	8.170
17.995	8.150
17.975	8.150
17.965	8.120
17.955	8.120
17.905	8.070
17.885	8.070
17.855	8.060
17.855	8.050
17.835	8.050
17.795	8.030
17.675	7.990
17.645	7.990
POLYLINE BLACK
18.145	8.500
18.185	8.500
18.185	8.480
POLYLINE BLACK
18.165	8.700
18.215	8.700
18.215	8.710
18.295	8.710
18.295	8.700
POLYLINE BLACK
18.035	8.920
18.055	8.920
18.075	8.940
18.105	8.940
18.145	8.960
18.175	8.960
POLYLINE BLACK
17.765	9.000
17.785	9.080
17.805	9.130
17.815	9.130
17.815	9.150
POLYLINE BLACK
17.465	8.950
17.465	9.060
POLYLINE BLACK
17.415	8.590
17.415	8.600
17.395	8.600
17.385	8.620
17.355	8.630
17.355	8.640
17.325	8.670
17.325	8.680
POLYLINE BLACK
17.455	8.440
17.305	8.440
POLYLINE BLACK
17.515	8.270
17.495	8.260
17.475	8.260
17.425	8.240
17.425	8.230
17.395	8.230
17.395	8.200
17.385	8.200
17.385	8.190
POLYLINE BLACK
17.685	8.160
17.665	8.160
17.625	8.120
17.595	8.060
POLYLINE BLACK
17.705	8.040
17.575	8.040
17.575	8.050
17.545	8.050
17.505	8.090
17.475	8.100
17.475	8.110
17.455	8.110
17.455	8.120
17.445	8.120
17.425	8.140
17.415	8.140
17.415	8.150
17.395	8.160
17.375	8.200
17.365	8.200
17.365	8.220
17.345	8.250
17.345	8.270
17.315	8.360
17.315	8.390
17.295	8.450
17.295	8.940
17.315	8.950
17.315	8.980
17.325	9.010
17.335	9.010
17.335	9.020
17.345	9.020
17.345	9.030
17.355	9.030
17.365	9.050
17.375	9.050
17.375	9.060
17.385	9.060
17.385	9.070
POLYLINE BLACK
18.325	8.390
18.325	8.480
18.335	8.550
18.335	8.640
18.325	8.640
18.325	8.740
18.285	8.860
18.275	8.860
18.275	8.900
18.265	8.900
18.235	8.970
18.225	8.970
18.115	9.080
18.105	9.080
18.085	9.100
18.055	9.120
18.025	9.120
17.975	9.150
17.735	9.150
17.705	9.160
17.645	9.160
17.645	9.150
17.625	9.150
17.605	9.130
17.585	9.130
17.585	9.120
17.565	9.120
17.555	9.100
17.545	9.100
17.545	9.090
17.525	9.090
17.525	9.080
17.505	9.080
17.505	9.070
17.465	9.070
17.455	9.040
17.435	9.040
17.435	9.030
17.425	9.030
17.425	9.020
17.405	9.020
17.405	9.010
17.395	9.010
POLYLINE BLACK
19.845	8.770
19.845	8.770
19.855	8.820
19.865	8.820
19.865	8.830
19.875	8.830
19.875	8.780
19.865	8.750
19.865	8.730
19.885	8.730
19.895	8.760
19.895	8.770
19.915	8.780
19.915	8.800
19.925	8.800
19.925	8.820
19.945	8.820
19.925	8.760
19.955	8.790
19.975	8.810
19.995	8.810
20.015	8.820
20.015	8.780
20.005	8.780
20.005	8.770
POLYLINE BLACK
19.575	8.740
19.535	8.760
19.505	8.760
19.505	8.730
19.535	8.720
19.535	8.710
19.555	8.710
19.555	8.720
19.565	8.720
19.565	8.760
19.535	8.760
19.525	8.740
19.535	8.740
19.535	8.720
19.565	8.710
19.565	8.720
19.535	8.730
POLYLINE BLACK
19.725	8.930
19.705	8.930
19.675	8.920
19.575	8.920
19.575	8.900
19.565	8.870
19.565	8.830
19.575	8.800
19.575	8.780
19.605	8.780
19.615	8.810
19.635	8.820
19.665	8.850
19.705	8.850
19.705	8.830
19.715	8.830
19.715	8.810
19.705	8.790
19.685	8.790
19.685	8.780
19.675	8.780
19.675	8.770
19.665	8.770
19.665	8.760
19.635	8.760
POLYLINE BLACK
19.555	8.760
POLYLINE BLACK
19.375	8.830
19.395	8.840
19.425	8.870
19.425	8.880
19.455	8.890
19.455	8.910
19.465	8.910
19.465	8.920
19.495	8.930
19.495	8.910
19.485	8.910
19.485	8.900
19.465	8.890
19.465	8.750
19.455	8.750
19.455	8.740
POLYLINE BLACK
19.045	9.370
19.005	9.370
18.955	9.340
18.955	9.330
18.935	9.320
18.925	9.290
POLYLINE BLACK
19.085	9.280
19.055	9.280
19.015	9.250
19.005	9.250
19.005	9.230
18.995	9.230
18.995	9.220
18.965	9.190
18.965	9.180
POLYLINE BLACK
19.165	9.180
19.165	9.170
19.155	9.170
19.155	9.160
19.135	9.160
19.135	9.150
19.115	9.150
19.115	9.130
19.105	9.130
19.105	9.120
19.085	9.120
19.085	9.110
POLYLINE BLACK
19.225	9.060
19.195	9.060
19.175	9.040
19.175	9.020
19.165	8.990
19.165	8.980
POLYLINE BLACK
19.395	9.050
19.305	9.060
19.305	9.040
19.285	9.040
19.285	9.020
19.255	8.970
19.195	8.870
19.175	8.810
19.155	8.780
19.155	8.740
19.135	8.710
19.135	8.680
19.125	8.650
19.125	8.630
19.115	8.630
19.115	8.610
19.095	8.580
19.095	8.520
19.075	8.440
19.075	8.390
19.065	8.370
19.065	8.330
19.055	8.320
POLYLINE BLACK
19.005	9.520
18.995	9.520
18.975	9.440
18.915	9.400
18.885	9.350
18.835	9.280
18.835	9.270
18.825	9.270
18.825	9.240
18.785	9.160
18.785	9.140
18.765	9.120
18.765	9.100
18.755	9.070
18.735	9.050
18.735	9.020
18.725	8.990
18.715	8.990
18.715	8.940
18.695	8.900
18.685	8.900
18.685	8.880
18.645	8.830
18.625	8.790
18.565	8.710
18.495	8.640
18.495	8.630
18.485	8.630
18.475	8.600
18.465	8.600
18.455	8.560
18.445	8.560
18.445	8.550
18.405	8.490
18.385	8.440
18.375	8.440
18.345	8.370
18.325	8.350
POLYLINE BLACK
19.325	9.010
19.315	9.010
19.315	9.020
19.285	9.030
19.285	9.040
19.265	9.040
19.245	9.060
19.245	9.080
19.155	9.170
19.095	9.280
19.085	9.330
19.085	9.350
19.015	9.420
18.985	9.430
18.985	9.440
18.965	9.440
18.965	9.450
18.945	9.450
POLYLINE BLACK
19.825	9.830
19.815	9.830
19.785	9.770
19.785	9.730
19.705	9.480
19.665	9.400
19.665	9.390
19.655	9.390
19.655	9.360
19.645	9.360
19.645	9.330
19.625	9.310
19.625	9.290
19.605	9.280
19.605	9.260
19.565	9.180
19.535	9.170
19.535	9.150
19.515	9.140
19.505	9.120
19.465	9.080
19.435	9.060
19.385	9.040
19.365	9.010
19.345	9.010
19.345	9.000
19.335	9.000
19.335	8.980
POLYLINE BLACK
19.175	10.130
19.175	9.990
19.165	9.960
19.165	9.870
19.145	9.810
19.145	9.730
19.125	9.710
19.105	9.650
19.095	9.650
19.075	9.610
19.055	9.610
19.055	9.600
19.045	9.600
19.045	9.580
19.035	9.580
19.035	9.570
19.025	9.570
19.025	9.550
19.015	9.550
19.015	9.520
19.005	9.520
19.005	9.500
POLYLINE BLACK
28.195	10.960
28.235	11.010
28.235	11.030
28.065	11.030
28.025	10.980
28.025	10.910
28.055	10.870
28.075	10.870
28.075	10.860
28.125	10.850
28.155	10.850
28.275	10.900
28.335	10.960
28.335	10.980
28.285	10.980
28.255	10.990
POLYLINE BLACK
28.055	11.290
28.055	11.460
28.115	11.530
28.155	11.530
28.155	11.540
28.195	11.550
28.215	11.550
28.245	11.560
28.285	11.560
28.315	11.540
28.335	11.540
28.405	11.470
28.405	11.380
28.375	11.350
28.315	11.310
28.295	11.310
28.225	11.280
28.205	11.280
28.205	11.270
28.185	11.260
28.175	11.230
28.175	11.210
28.185	11.200
POLYLINE BLACK
27.775	11.120
27.775	11.120
27.775	11.110
27.765	11.110
27.765	11.100
27.735	11.100
27.735	11.080
27.705	11.080
27.635	11.050
27.625	11.030
27.585	11.020
27.475	10.960
27.445	10.930
27.425	10.920
27.395	10.900
27.385	10.900
POLYLINE BLACK
27.755	11.110
27.775	11.110
27.775	11.120
POLYLINE BLACK
27.835	11.140
27.835	11.120
27.805	11.100
27.795	11.100
27.795	11.080
27.755	11.020
27.755	11.000
27.745	11.000
27.745	10.960
27.735	10.930
27.725	10.930
27.725	10.910
27.715	10.880
27.715	10.810
27.705	10.810
27.705	10.800
27.685	10.800
27.675	10.760
27.665	10.760
27.645	10.700
27.625	10.700
27.625	10.690
POLYLINE BLACK
27.215	10.320
27.245	10.370
27.285	10.410
27.415	10.570
27.495	10.710
27.505	10.710
27.535	10.780
27.555	10.790
27.555	10.800
27.575	10.810
27.575	10.830
27.595	10.830
27.605	10.870
27.735	10.990
27.745	10.990
POLYLINE BLACK
24.415	7.750
24.415	7.760
24.425	7.760
24.425	7.770
24.485	7.780
24.495	7.800
24.595	7.870
24.705	8.020
24.755	8.070
24.765	8.090
24.795	8.110
24.795	8.130
24.805	8.130
24.805	8.160
24.825	8.160
24.825	8.170
24.845	8.180
24.945	8.250
24.955	8.250
24.955	8.260
24.965	8.260
24.975	8.280
24.995	8.290
25.025	8.300
25.065	8.310
25.075	8.340
25.085	8.340
25.085	8.350
25.135	8.370
25.165	8.400
25.205	8.410
25.255	8.450
25.265	8.450
25.265	8.470
25.275	8.470
25.285	8.490
25.295	8.490
25.295	8.520
25.335	8.560
25.335	8.570
25.345	8.570
25.365	8.630
25.375	8.630
25.375	8.650
25.385	8.650
25.385	8.670
25.395	8.670
25.395	8.690
25.415	8.710
25.425	8.710
25.445	8.750
25.455	8.750
25.455	8.790
25.485	8.820
25.485	8.840
25.505	8.850
25.515	8.890
25.535	8.890
25.535	8.920
25.545	8.920
25.565	8.980
25.585	9.000
25.585	9.020
25.595	9.020
25.615	9.040
25.635	9.040
25.635	9.050
25.665	9.050
25.675	9.080
25.695	9.080
25.705	9.110
25.725	9.120
25.735	9.150
25.775	9.180
25.785	9.180
25.785	9.200
25.795	9.200
25.805	9.230
25.815	9.230
25.815	9.240
25.825	9.240
25.835	9.270
25.855	9.270
25.865	9.300
25.905	9.340
25.905	9.350
25.915	9.350
25.915	9.370
25.925	9.370
25.925	9.380
25.935	9.380
25.935	9.400
25.965	9.410
25.975	9.430
25.985	9.430
25.985	9.440
25.995	9.440
26.025	9.490
26.045	9.490
26.055	9.520
26.155	9.630
26.165	9.660
26.185	9.670
26.205	9.710
26.225	9.730
26.225	9.750
26.235	9.750
26.265	9.840
26.315	9.880
26.315	9.900
26.335	9.900
26.495	10.060
26.495	10.080
26.515	10.080
26.605	10.170
26.625	10.170
26.635	10.190
26.675	10.200
26.675	10.210
26.695	10.220
26.755	10.260
26.755	10.270
26.765	10.270
26.795	10.300
26.815	10.300
26.865	10.350
26.885	10.360
26.915	10.410
26.935	10.410
26.935	10.430
26.945	10.430
26.945	10.440
26.965	10.440
26.975	10.460
26.985	10.460
26.985	10.470
27.005	10.470
27.005	10.480
27.025	10.490
27.065	10.510
27.075	10.530
27.115	10.570
POLYLINE BLACK
23.785	7.430
23.865	7.430
23.885	7.420
23.865	7.410
23.985	7.370
24.025	7.370
24.105	7.350
24.195	7.350
24.215	7.340
24.405	7.340
24.485	7.360
24.495	7.360
24.495	7.370
24.535	7.370
24.705	7.470
24.705	7.480
24.765	7.510
24.765	7.520
24.775	7.520
24.775	7.530
24.785	7.530
24.785	7.540
24.795	7.540
24.815	7.590
24.825	7.590
24.855	7.620
24.865	7.620
24.865	7.630
24.885	7.630
24.935	7.670
24.965	7.680
24.975	7.700
24.995	7.700
25.005	7.720
25.035	7.730
25.035	7.740
25.075	7.760
25.105	7.790
25.165	7.850
25.175	7.870
25.205	7.910
25.235	7.920
25.255	7.940
25.255	7.960
25.275	7.960
25.335	8.040
25.355	8.050
25.385	8.110
25.415	8.130
25.415	8.150
25.435	8.150
25.435	8.160
25.455	8.160
25.455	8.180
25.585	8.280
25.605	8.320
25.615	8.320
25.625	8.350
25.685	8.380
25.685	8.390
25.705	8.390
25.735	8.400
25.765	8.430
25.885	8.510
25.925	8.550
25.945	8.550
26.035	8.650
26.045	8.670
26.065	8.670
26.125	8.730
26.125	8.760
26.145	8.760
26.205	8.840
26.285	8.900
26.345	8.990
26.355	8.990
26.405	9.090
26.415	9.130
26.445	9.160
26.485	9.230
26.505	9.250
26.505	9.270
26.535	9.320
26.555	9.330
26.555	9.350
26.575	9.390
26.575	9.410
26.595	9.410
26.615	9.450
26.655	9.500
26.685	9.550
26.695	9.550
26.695	9.570
26.715	9.580
26.755	9.620
26.755	9.650
26.815	9.710
26.825	9.710
26.825	9.730
26.845	9.750
26.845	9.770
26.865	9.770
26.865	9.790
26.895	9.820
26.905	9.840
26.945	9.890
26.995	9.960
27.035	10.060
27.055	10.060
27.065	10.080
27.105	10.100
27.105	10.110
27.115	10.110
27.115	10.120
27.125	10.120
27.135	10.140
27.155	10.150
27.205	10.190
27.225	10.190
27.245	10.220
27.265	10.220
27.295	10.250
POLYLINE BLACK
21.285	10.200
21.325	10.200
21.325	10.190
21.335	10.190
21.355	10.150
21.445	10.070
21.455	10.070
21.495	10.020
21.505	10.000
21.545	9.940
21.545	9.920
21.585	9.860
21.595	9.860
21.595	9.840
21.615	9.830
21.615	9.790
21.635	9.790
21.685	9.690
21.695	9.690
21.695	9.670
21.705	9.670
21.705	9.650
21.725	9.640
21.725	9.610
21.735	9.610
21.735	9.590
21.795	9.490
21.835	9.430
21.845	9.430
21.845	9.410
21.895	9.360
21.905	9.340
21.955	9.310
22.125	9.130
22.145	9.130
22.175	9.060
22.255	8.930
22.305	8.880
22.365	8.800
22.365	8.780
22.415	8.720
22.415	8.710
22.495	8.630
22.515	8.590
22.535	8.590
22.535	8.570
22.585	8.520
22.605	8.480
22.635	8.430
22.655	8.420
22.665	8.400
22.695	8.370
22.695	8.350
22.705	8.350
22.715	8.330
22.745	8.280
22.755	8.280
22.755	8.270
22.765	8.270
22.765	8.260
22.785	8.250
22.785	8.240
22.815	8.230
22.815	8.220
22.835	8.220
22.835	8.210
22.845	8.210
22.865	8.190
22.915	8.180
22.915	8.160
22.925	8.160
22.925	8.150
22.945	8.150
22.945	8.140
23.005	8.120
23.005	8.110
23.035	8.110
23.135	8.060
23.155	8.060
23.155	8.050
23.195	8.050
23.235	8.030
23.255	8.030
23.335	7.990
23.395	7.990
23.455	7.960
23.485	7.950
23.485	7.940
23.535	7.940
23.535	7.930
23.605	7.930
23.685	7.890
23.705	7.890
23.795	7.850
23.835	7.850
23.905	7.810
23.925	7.810
23.925	7.800
23.945	7.800
23.955	7.780
23.995	7.780
24.025	7.770
24.025	7.760
24.035	7.760
24.035	7.750
24.045	7.750
24.045	7.740
24.065	7.740
24.065	7.730
24.125	7.730
24.175	7.720
24.425	7.720
24.425	7.740
24.455	7.740
24.455	7.760
24.445	7.760
POLYLINE BLACK
19.805	9.830
19.905	9.830
19.955	9.820
20.005	9.810
20.055	9.810
20.095	9.800
20.585	9.800
20.635	9.810
20.675	9.810
20.725	9.820
20.905	9.820
20.905	9.830
21.025	9.830
21.025	9.840
21.115	9.840
21.115	9.830
21.145	9.830
21.145	9.820
21.185	9.800
21.255	9.750
21.255	9.740
21.285	9.730
21.305	9.690
21.325	9.670
21.325	9.650
21.345	9.650
21.375	9.620
21.405	9.570
21.405	9.550
21.425	9.550
21.425	9.520
21.455	9.490
21.455	9.470
21.495	9.410
21.495	9.390
21.505	9.390
21.525	9.320
21.545	9.260
21.555	9.240
21.565	9.220
21.565	9.200
21.575	9.200
21.615	9.100
21.615	9.080
21.635	9.070
21.645	9.030
21.655	9.030
21.655	9.000
21.665	8.970
21.665	8.960
21.695	8.930
21.695	8.910
21.715	8.860
21.775	8.760
21.815	8.700
21.815	8.680
21.915	8.550
21.915	8.530
21.935	8.510
21.975	8.440
22.025	8.370
22.035	8.370
22.035	8.360
22.075	8.330
22.085	8.300
22.105	8.300
22.125	8.280
22.155	8.260
22.155	8.240
22.285	8.140
22.305	8.120
22.345	8.100
22.345	8.090
22.355	8.090
22.355	8.070
22.385	8.060
22.405	8.040
22.405	8.020
22.435	8.020
22.445	8.000
22.465	7.990
22.475	7.970
22.495	7.970
22.495	7.950
22.515	7.930
22.525	7.930
22.525	7.920
22.545	7.920
22.545	7.910
22.565	7.910
22.565	7.900
22.615	7.880
22.615	7.870
22.665	7.860
22.685	7.840
22.725	7.830
22.795	7.800
22.845	7.790
22.875	7.790
22.935	7.760
22.985	7.750
23.005	7.730
23.025	7.730
23.035	7.710
23.105	7.710
23.245	7.660
23.265	7.660
23.335	7.610
23.385	7.600
23.385	7.580
23.405	7.580
23.445	7.560
23.455	7.540
23.475	7.520
23.525	7.520
23.545	7.510
23.565	7.510
23.625	7.470
23.685	7.470
23.725	7.450
23.745	7.430
23.765	7.420
23.765	7.410
23.745	7.410
23.745	7.400
23.725	7.400
POLYLINE BLACK
20.195	10.290
20.225	10.290
20.255	10.280
20.255	10.270
20.295	10.270
20.295	10.260
20.345	10.250
20.345	10.240
21.095	10.240
21.125	10.230
21.125	10.220
21.215	10.220
21.215	10.210
21.235	10.210
21.235	10.200
21.255	10.200
21.285	10.190
21.285	10.180
POLYLINE BLACK
18.145	10.650
18.135	10.650
18.135	10.640
18.115	10.640
18.085	10.630
18.065	10.630
18.025	10.610
17.995	10.600
17.995	10.590
17.985	10.590
17.985	10.580
POLYLINE BLACK
18.115	10.620
18.095	10.610
18.085	10.590
18.055	10.510
18.045	10.510
18.045	10.480
18.025	10.460
18.025	10.370
18.015	10.370
18.015	10.370
POLYLINE BLACK
17.795	10.210
17.755	10.210
17.725	10.200
17.635	10.160
17.635	10.150
17.605	10.150
17.575	10.120
17.525	10.100
POLYLINE BLACK
17.865	10.210
17.825	10.200
17.795	10.180
17.785	10.180
17.785	10.160
17.775	10.160
17.775	10.150
17.745	10.110
17.745	10.060
17.735	10.030
17.735	10.000
17.705	9.960
POLYLINE BLACK
18.505	11.070
18.525	11.070
18.565	11.040
18.585	11.040
18.595	11.020
18.635	11.010
18.695	10.970
18.705	10.950
18.745	10.940
18.755	10.920
18.785	10.910
18.825	10.870
18.875	10.790
18.875	10.760
18.915	10.640
18.935	10.610
18.935	10.570
18.975	10.500
18.995	10.490
19.015	10.440
19.025	10.440
19.095	10.360
19.125	10.290
19.125	10.220
19.145	10.200
19.145	10.190
19.155	10.190
19.165	10.150
19.175	10.150
19.175	10.140
19.185	10.140
19.185	10.120
19.205	10.120
POLYLINE BLACK
17.635	10.180
17.645	10.180
17.645	10.200
17.685	10.250
17.695	10.290
17.715	10.290
17.715	10.310
17.735	10.340
17.735	10.360
17.745	10.360
17.745	10.380
17.755	10.380
17.765	10.400
17.775	10.400
17.775	10.410
17.785	10.410
17.795	10.430
17.805	10.430
17.805	10.440
17.815	10.440
17.815	10.460
17.835	10.470
17.905	10.550
17.905	10.560
17.915	10.560
17.925	10.580
17.945	10.600
17.945	10.610
17.955	10.610
17.955	10.620
17.965	10.620
17.975	10.650
17.985	10.650
17.985	10.660
17.995	10.660
18.005	10.680
18.015	10.710
18.035	10.720
18.065	10.770
18.075	10.770
18.075	10.790
18.085	10.790
18.115	10.850
18.165	10.940
18.185	10.990
18.195	11.010
18.195	11.030
18.205	11.030
18.205	11.050
18.225	11.070
18.225	11.100
18.235	11.100
18.235	11.120
18.245	11.120
18.265	11.180
18.275	11.180
18.275	11.200
18.285	11.200
18.295	11.250
18.315	11.260
18.335	11.300
18.365	11.360
18.375	11.360
18.385	11.400
18.415	11.450
18.425	11.450
18.445	11.490
18.515	11.550
18.525	11.550
18.535	11.570
18.555	11.570
18.565	11.590
18.595	11.590
18.625	11.600
18.635	11.600
18.635	11.610
18.695	11.630
18.695	11.640
18.745	11.640
18.745	11.630
18.765	11.620
18.765	11.610
18.785	11.610
18.785	11.600
18.795	11.600
18.805	11.570
18.815	11.570
18.875	11.480
18.895	11.470
18.895	11.450
18.905	11.450
18.915	11.420
18.925	11.420
18.925	11.400
18.935	11.400
18.945	11.370
18.955	11.370
18.955	11.350
18.965	11.350
18.965	11.340
18.975	11.340
18.985	11.310
18.995	11.310
19.005	11.280
19.025	11.270
19.035	11.240
19.055	11.240
19.055	11.230
19.065	11.230
19.065	11.220
19.075	11.220
19.085	11.190
19.105	11.180
19.265	11.060
19.275	11.040
19.295	11.040
19.325	11.010
19.365	10.990
19.445	10.920
19.455	10.920
19.455	10.900
19.475	10.890
19.485	10.850
19.505	10.840
19.545	10.800
19.545	10.780
19.555	10.780
19.585	10.730
19.645	10.680
19.655	10.680
19.655	10.670
19.675	10.670
19.675	10.660
19.715	10.650
19.715	10.630
19.745	10.630
19.745	10.620
19.765	10.620
19.765	10.610
19.785	10.610
19.785	10.590
POLYLINE BLACK
17.865	10.610
17.875	10.610
17.865	10.580
17.855	10.580
17.855	10.570
17.835	10.570
17.795	10.530
17.795	10.480
POLYLINE BLACK
17.895	10.670
17.895	10.630
17.885	10.630
17.885	10.620
POLYLINE BLACK
15.245	7.770
15.255	7.770
15.295	7.810
15.315	7.860
15.345	7.910
15.365	7.930
15.375	7.960
15.385	7.960
15.385	7.980
15.425	8.020
15.465	8.090
15.625	8.310
15.645	8.350
15.675	8.380
15.675	8.390
15.685	8.390
15.685	8.400
15.695	8.400
15.695	8.410
15.705	8.410
15.715	8.430
15.765	8.470
15.785	8.480
15.865	8.530
15.885	8.530
15.905	8.550
15.925	8.550
15.975	8.590
16.005	8.600
16.035	8.630
16.085	8.660
16.085	8.670
16.105	8.670
16.105	8.690
16.125	8.690
16.125	8.700
16.165	8.730
16.195	8.750
16.205	8.750
16.205	8.760
16.215	8.760
16.215	8.770
16.235	8.780
16.305	8.840
16.315	8.840
16.495	9.010
16.515	9.020
16.595	9.080
16.615	9.080
16.665	9.110
16.675	9.110
16.695	9.130
16.775	9.170
16.835	9.200
16.855	9.220
16.895	9.240
16.895	9.250
16.915	9.250
16.915	9.260
16.935	9.260
16.945	9.280
16.985	9.300
17.015	9.320
17.025	9.320
17.035	9.350
17.055	9.360
17.065	9.380
17.085	9.380
17.095	9.400
17.135	9.410
17.135	9.420
17.145	9.420
17.145	9.430
17.165	9.430
17.185	9.450
17.205	9.460
17.265	9.490
17.305	9.490
17.355	9.510
17.355	9.520
17.385	9.520
17.395	9.550
17.395	9.560
17.415	9.560
17.415	9.580
17.435	9.580
17.435	9.590
17.485	9.590
17.485	9.600
17.525	9.600
17.525	9.630
17.535	9.630
17.535	9.650
17.545	9.650
17.545	9.670
17.615	9.720
17.715	9.830
17.725	9.850
17.735	9.870
17.755	9.910
17.775	9.940
17.795	9.940
17.875	10.040
17.875	10.050
17.925	10.100
17.925	10.110
18.085	10.290
18.115	10.350
18.145	10.380
18.145	10.390
18.165	10.400
18.165	10.420
18.175	10.420
18.175	10.440
18.225	10.510
18.235	10.540
18.255	10.560
18.275	10.600
18.305	10.630
18.325	10.680
18.345	10.700
18.345	10.720
18.385	10.810
18.395	10.850
18.405	10.850
18.405	10.880
18.425	10.910
18.435	10.930
18.445	10.960
18.455	10.960
18.455	10.980
18.485	11.030
18.495	11.030
18.495	11.040
18.515	11.040
18.525	11.060
18.535	11.060
18.535	11.070
18.545	11.070
18.545	11.090
18.555	11.090
18.555	11.100
POLYLINE BLACK
13.755	7.020
13.775	7.060
13.825	7.110
13.835	7.140
13.985	7.260
14.015	7.260
14.055	7.300
14.085	7.300
14.215	7.370
14.375	7.430
14.435	7.440
14.475	7.450
14.525	7.450
14.585	7.460
14.725	7.490
14.815	7.530
14.865	7.530
14.865	7.540
14.945	7.570
14.995	7.600
15.015	7.600
15.035	7.620
15.055	7.620
15.085	7.640
15.105	7.640
15.105	7.650
15.145	7.670
15.205	7.690
15.205	7.700
15.235	7.710
15.235	7.720
15.245	7.720
15.245	7.730
15.265	7.730
15.265	7.740
15.275	7.740
15.275	7.750
15.275	7.750
15.275	7.760
15.255	7.760
POLYLINE BLACK
19.045	13.640
18.995	13.640
18.965	13.650
18.915	13.650
18.905	13.630
18.885	13.620
18.885	13.590
18.875	13.560
18.875	13.530
18.895	13.510
18.945	13.500
18.965	13.500
18.965	13.490
19.025	13.490
19.085	13.530
19.095	13.580
19.095	13.620
19.085	13.620
19.075	13.650
POLYLINE BLACK
18.885	14.080
18.875	14.130
18.875	14.160
18.885	14.190
18.895	14.190
18.895	14.210
18.955	14.270
18.955	14.280
18.975	14.280
18.975	14.290
19.085	14.290
19.115	14.240
19.125	14.240
19.125	14.230
19.135	14.230
19.135	14.220
19.165	14.190
19.165	14.110
19.055	14.000
18.995	13.980
18.965	13.950
18.935	13.950
18.915	13.920
18.885	13.920
18.855	13.890
18.855	13.840
18.865	13.840
18.865	13.810
18.875	13.810
18.875	13.790
18.885	13.790
18.885	13.780
18.915	13.780
POLYLINE BLACK
18.735	13.740
18.685	13.680
18.645	13.660
18.625	13.620
18.595	13.610
18.465	13.510
18.275	13.420
18.235	13.390
18.165	13.370
18.105	13.340
18.105	13.340
POLYLINE BLACK
18.735	13.720
18.735	13.680
18.755	13.590
18.755	13.500
18.775	13.360
18.775	13.180
18.795	13.180
POLYLINE BLACK
18.705	13.510
18.705	13.500
18.695	13.500
18.695	13.460
18.665	13.400
18.665	13.370
18.635	13.310
18.625	13.260
18.605	13.230
18.605	13.200
18.535	12.990
18.505	12.920
18.505	12.880
18.485	12.850
18.485	12.730
18.475	12.700
18.475	12.670
18.465	12.640
18.455	12.640
18.455	12.630
POLYLINE BLACK
17.875	10.610
17.875	10.620
17.885	10.620
17.885	10.640
17.895	10.640
17.895	10.660
17.905	10.690
17.915	10.710
17.925	10.740
17.935	10.780
17.945	10.830
17.955	10.910
17.965	10.910
17.965	10.930
17.985	10.970
17.995	11.000
18.005	11.000
18.005	11.030
18.015	11.030
18.025	11.080
18.045	11.130
18.055	11.170
18.065	11.200
18.085	11.200
18.085	11.250
18.095	11.250
18.095	11.270
18.105	11.270
18.115	11.300
18.125	11.300
18.125	11.320
18.135	11.320
18.145	11.340
18.215	11.410
18.215	11.430
18.225	11.430
18.255	11.510
18.275	11.530
18.285	11.570
18.295	11.600
18.295	11.620
18.305	11.650
18.305	11.660
18.315	11.660
18.315	11.680
18.335	11.700
18.335	11.740
18.345	11.740
18.365	11.800
18.365	11.820
18.385	11.850
18.395	11.930
18.415	11.960
18.415	11.980
18.425	12.010
18.425	12.020
18.435	12.020
18.435	12.060
18.465	12.170
18.465	12.190
18.495	12.260
18.505	12.310
18.515	12.350
18.525	12.350
18.525	12.410
18.535	12.410
18.555	12.480
18.565	12.480
18.565	12.510
18.575	12.510
18.575	12.540
18.585	12.540
18.585	12.550
18.595	12.550
POLYLINE BLACK
18.075	11.890
18.095	11.950
18.115	11.960
18.115	12.000
18.135	12.040
18.145	12.040
18.145	12.050
18.165	12.060
18.175	12.090
18.205	12.140
18.205	12.150
18.215	12.150
18.215	12.180
18.235	12.210
18.255	12.270
18.265	12.270
18.265	12.300
18.285	12.330
18.285	12.350
18.315	12.400
18.315	12.430
18.325	12.460
18.345	12.580
18.355	12.580
18.365	12.620
18.375	12.620
18.375	12.660
18.395	12.680
18.395	12.710
18.405	12.710
18.405	12.740
18.415	12.740
POLYLINE BLACK
16.105	9.220
16.165	9.280
16.185	9.320
16.245	9.400
16.245	9.420
16.265	9.420
16.285	9.480
16.305	9.480
16.305	9.500
16.325	9.500
16.325	9.520
16.345	9.520
16.365	9.560
16.385	9.560
16.385	9.580
16.445	9.600
16.445	9.620
16.485	9.620
16.485	9.640
16.545	9.660
16.545	9.680
16.565	9.680
16.565	9.660
16.625	9.660
16.625	9.680
16.685	9.680
16.685	9.700
16.765	9.700
16.765	9.720
16.945	9.720
17.005	9.760
17.085	9.780
17.145	9.800
17.145	9.820
17.165	9.820
17.165	9.840
17.245	9.860
17.265	9.900
17.285	9.960
17.305	9.960
17.305	10.080
17.325	10.140
17.345	10.220
17.385	10.240
17.385	10.280
17.405	10.280
17.405	10.320
17.445	10.340
17.445	10.380
17.465	10.380
17.465	10.400
17.485	10.400
17.485	10.460
17.505	10.460
17.505	10.480
17.525	10.480
17.525	10.520
17.545	10.520
17.545	10.560
17.565	10.560
17.605	10.680
17.625	10.680
17.645	10.780
17.685	10.820
17.685	10.860
17.725	10.900
17.725	10.920
17.745	10.920
17.745	10.960
17.765	10.960
17.765	11.020
17.785	11.020
17.785	11.040
17.805	11.040
17.805	11.100
17.825	11.100
17.825	11.140
17.865	11.200
17.865	11.240
17.885	11.240
17.885	11.280
17.905	11.340
17.905	11.360
17.925	11.360
17.945	11.460
17.965	11.460
17.965	11.520
17.985	11.580
18.005	11.580
18.005	11.700
18.025	11.700
18.025	11.780
18.045	11.840
18.045	11.900
18.065	11.900
POLYLINE BLACK
13.205	7.840
13.265	7.840
13.265	7.860
13.365	7.860
13.445	7.900
13.545	7.900
13.605	7.920
14.025	7.920
14.165	7.960
14.225	7.960
14.345	8.000
14.405	8.020
14.405	8.040
14.485	8.040
14.485	8.060
14.525	8.060
14.525	8.080
14.605	8.080
14.645	8.100
14.705	8.100
14.765	8.120
14.805	8.120
14.805	8.140
14.845	8.140
14.845	8.160
14.965	8.200
15.005	8.240
15.145	8.380
15.145	8.400
15.165	8.400
15.165	8.440
15.185	8.440
15.185	8.480
15.225	8.520
15.225	8.540
15.265	8.540
15.265	8.560
15.345	8.600
15.585	8.720
15.685	8.780
15.685	8.800
15.725	8.800
15.845	8.920
15.885	8.920
15.885	8.940
16.005	9.020
16.025	9.060
16.125	9.180
16.125	9.200
POLYLINE BLACK
1.905	0.500
1.745	0.500
1.605	0.400
1.565	0.340
1.565	0.240
1.665	0.140
1.965	0.140
2.045	0.220
2.085	0.420
2.085	0.680
2.065	0.800
POLYLINE BLACK
7.085	2.300
7.065	2.300
7.065	2.320
7.005	2.320
6.925	2.280
6.925	2.220
6.885	2.160
6.885	2.100
6.865	2.060
6.865	2.000
6.945	2.000
6.985	2.020
POLYLINE BLACK
6.485	1.700
6.405	1.700
6.325	1.660
6.325	1.560
6.425	1.560
6.485	1.620
6.485	1.640
6.525	1.700
6.545	1.780
POLYLINE BLACK
6.085	1.300
6.045	1.300
5.925	1.140
5.845	1.060
5.825	0.960
5.905	0.980
6.125	1.120
POLYLINE BLACK
5.565	0.620
5.405	0.620
5.345	0.560
5.345	0.420
5.385	0.420
5.445	0.440
5.605	0.640
5.685	0.680
5.725	0.720
POLYLINE BLACK
10.285	3.880
10.105	3.880
10.005	3.820
10.005	3.800
9.945	3.780
9.945	3.760
9.805	3.660
9.805	3.640
9.785	3.640
9.785	3.520
9.925	3.520
10.145	3.620
POLYLINE BLACK
11.125	4.620
11.085	4.620
10.985	4.540
10.905	4.520
10.845	4.460
10.785	4.460
10.665	4.380
10.625	4.360
10.565	4.300
10.545	4.200
10.545	4.080
10.565	4.080
10.665	3.980
10.825	3.980
10.945	4.100
11.005	4.200
11.005	4.400
10.985	4.440
POLYLINE BLACK
11.625	4.860
11.625	4.900
11.525	4.900
11.405	4.820
11.305	4.700
11.285	4.520
11.285	4.400
11.325	4.340
11.465	4.340
11.685	4.420
11.725	4.420
11.805	4.460
11.865	4.580
11.885	4.740
11.825	4.920
11.725	5.060
POLYLINE BLACK
12.385	5.580
12.185	5.580
11.945	5.460
11.865	5.360
11.865	5.240
11.905	5.200
11.925	5.200
11.925	5.160
11.985	5.160
12.045	5.140
12.145	5.140
12.225	5.200
12.405	5.240
12.565	5.320
12.565	5.480
12.545	5.540
POLYLINE BLACK
7.145	3.120
7.045	3.120
7.045	3.100
7.025	3.100
6.985	2.960
6.985	2.940
6.965	2.940
6.965	2.920
6.945	2.920
6.945	2.740
6.905	2.700
6.865	2.700
6.865	2.660
6.845	2.660
6.845	2.640
6.765	2.600
6.765	2.560
6.745	2.560
6.725	2.500
6.705	2.500
6.705	2.460
6.685	2.460
6.665	2.420
6.625	2.340
6.605	2.340
6.605	2.320
6.585	2.320
6.585	2.280
6.525	2.180
6.505	2.180
6.505	2.160
6.485	2.160
6.465	2.120
6.105	1.760
6.065	1.760
6.005	1.700
5.985	1.700
5.985	1.680
5.865	1.640
5.845	1.600
5.705	1.540
5.705	1.520
5.665	1.500
5.665	1.480
5.525	1.400
5.305	1.240
5.285	1.200
5.145	1.080
5.125	1.080
5.105	1.040
5.065	1.020
4.845	0.780
4.825	0.740
4.805	0.700
4.765	0.700
4.765	0.640
4.705	0.520
4.685	0.520
4.685	0.500
4.665	0.500
4.625	0.400
4.585	0.360
4.585	0.340
4.525	0.320
4.525	0.300
4.505	0.300
4.505	0.280
4.325	0.220
4.285	0.220
4.285	0.200
3.605	0.200
3.605	0.180
3.545	0.180
3.545	0.160
3.485	0.160
POLYLINE BLACK
7.725	2.900
7.665	2.900
7.545	2.940
7.485	2.980
7.365	3.000
7.305	3.040
7.265	3.060
7.265	3.080
7.225	3.080
7.165	3.140
7.145	3.140
7.145	3.160
6.985	3.180
6.925	3.180
POLYLINE BLACK
8.605	2.940
8.605	2.920
8.545	2.920
8.485	2.900
8.325	2.900
POLYLINE BLACK
8.485	2.540
8.465	2.540
8.465	2.560
8.405	2.560
8.405	2.580
8.305	2.600
8.265	2.600
POLYLINE BLACK
8.165	2.240
8.205	2.300
8.205	2.400
POLYLINE BLACK
7.765	2.200
7.885	2.260
7.985	2.340
POLYLINE BLACK
7.705	2.540
7.705	2.520
7.725	2.520
7.725	2.500
7.805	2.500
7.805	2.480
7.825	2.480
POLYLINE BLACK
7.845	2.760
7.845	2.700
7.885	2.640
POLYLINE BLACK
8.205	2.880
8.205	2.840
8.165	2.780
8.165	2.720
8.145	2.720
8.145	2.700
POLYLINE BLACK
8.525	2.600
8.505	2.600
8.505	2.640
8.385	2.820
8.345	2.840
8.285	2.860
8.285	2.880
8.005	2.880
7.885	2.840
7.785	2.800
7.705	2.760
7.705	2.740
7.685	2.740
7.685	2.620
7.665	2.560
7.665	2.440
7.685	2.440
7.685	2.400
7.745	2.300
7.805	2.200
7.845	2.200
7.845	2.180
7.865	2.180
7.865	2.160
7.885	2.160
7.885	2.140
7.925	2.140
7.985	2.120
8.325	2.120
8.425	2.180
8.425	2.220
8.485	2.400
8.485	2.580
8.465	2.580
8.445	2.680
8.425	2.740
8.385	2.760
8.385	2.840
POLYLINE BLACK
4.125	0.040
4.085	-0.040
4.125	-0.160
4.245	-0.320
4.345	-0.320
4.465	-0.240
4.465	-0.220
4.525	-0.120
4.525	0.200
4.485	0.220
4.445	0.220
4.385	0.280
4.325	0.300
POLYLINE BLACK
4.425	-0.600
4.405	-0.560
4.225	-0.540
4.145	-0.540
4.145	-0.560
4.105	-0.560
4.105	-0.740
4.165	-0.840
4.305	-0.840
4.405	-0.780
4.445	-0.780
4.545	-0.640
4.565	-0.560
4.545	-0.540
POLYLINE BLACK
3.905	-0.480
3.905	-0.500
3.825	-0.540
3.825	-0.560
3.745	-0.600
3.705	-0.660
3.705	-0.740
3.745	-0.780
3.845	-0.800
3.905	-0.820
3.945	-0.800
4.005	-0.700
4.025	-0.660
4.045	-0.600
4.045	-0.460
4.025	-0.460
4.025	-0.420
3.785	-0.420
POLYLINE BLACK
2.565	-0.520
2.565	-0.500
2.705	-0.500
2.865	-0.540
2.885	-0.540
2.885	-0.560
2.925	-0.560
2.985	-0.600
3.025	-0.600
3.065	-0.640
3.165	-0.640
3.165	-0.660
3.205	-0.660
3.205	-0.680
3.145	-0.680
3.085	-0.700
2.985	-0.720
2.925	-0.720
2.805	-0.760
2.665	-0.760
POLYLINE BLACK
2.645	0.120
2.645	0.080
2.665	0.080
2.665	0.060
2.685	0.060
2.685	0.040
2.745	0.020
2.765	-0.020
2.805	-0.020
2.805	-0.040
2.845	-0.060
2.905	-0.100
2.925	-0.100
2.925	-0.140
2.965	-0.140
3.105	-0.220
3.105	-0.240
2.985	-0.260
2.605	-0.260
2.605	-0.280
2.585	-0.280
POLYLINE BLACK
2.165	-0.300
2.085	-0.320
2.005	-0.400
1.965	-0.400
1.965	-0.440
1.925	-0.460
1.925	-0.540
1.905	-0.540
1.905	-0.680
2.065	-0.680
2.265	-0.640
2.305	-0.620
2.325	-0.520
2.325	-0.340
2.265	-0.260
2.225	-0.260
2.165	-0.200
2.085	-0.180
POLYLINE BLACK
1.725	0.040
1.725	0.060
1.665	0.060
1.385	-0.220
1.325	-0.340
1.305	-0.400
1.285	-0.400
1.285	-0.520
1.305	-0.560
1.345	-0.560
1.365	-0.580
1.425	-0.580
1.505	-0.600
1.605	-0.580
1.825	-0.380
1.825	-0.280
1.865	-0.160
1.865	0.020
POLYLINE BLACK
1.465	0.180
1.425	0.180
1.425	0.160
1.345	0.120
1.185	0.020
1.125	-0.120
1.125	-0.140
1.105	-0.140
1.105	-0.160
1.185	-0.220
1.225	-0.220
1.285	-0.260
1.365	-0.260
1.425	-0.160
1.425	0.280
1.405	0.280
1.405	0.320
1.385	0.320
1.385	0.300
1.345	0.260
POLYLINE BLACK
2.845	-1.020
2.805	-1.000
2.785	-0.960
POLYLINE BLACK
2.485	-1.160
2.485	-1.140
2.465	-1.140
2.465	-1.060
POLYLINE BLACK
2.145	-1.420
2.145	-1.360
2.125	-1.320
2.125	-1.240
2.105	-1.180
2.105	-1.120
POLYLINE BLACK
1.625	-1.420
1.625	-1.440
1.625	-1.400
1.665	-1.280
1.685	-1.200
1.705	-1.120
1.725	-1.120
1.725	-1.080
1.745	-1.060
POLYLINE BLACK
1.005	-1.400
1.005	-1.360
1.125	-1.160
1.125	-1.120
1.145	-1.080
POLYLINE BLACK
0.445	-1.260
0.445	-1.240
0.465	-1.240
0.485	-1.200
0.525	-1.160
0.545	-1.120
0.605	-1.000
0.625	-1.000
0.625	-0.980
POLYLINE BLACK
-0.015	-0.820
0.065	-0.820
0.165	-0.760
0.205	-0.760
0.285	-0.680
0.325	-0.680
0.325	-0.660
POLYLINE BLACK
-0.015	-0.240
0.265	-0.240
0.385	-0.260
0.425	-0.260
POLYLINE BLACK
0.325	0.440
0.325	0.420
0.365	0.400
0.545	0.320
0.545	0.300
0.565	0.300
POLYLINE BLACK
0.525	0.760
0.645	0.680
0.645	0.660
0.685	0.640
0.685	0.620
0.745	0.600
POLYLINE BLACK
0.785	1.120
0.805	1.020
0.865	0.940
0.905	0.780
POLYLINE BLACK
1.585	1.160
1.585	1.140
1.605	1.140
1.605	0.920
POLYLINE BLACK
2.105	1.100
2.105	1.020
2.085	0.980
2.085	0.940
2.045	0.860
2.045	0.780
POLYLINE BLACK
2.525	0.940
2.525	0.900
2.505	0.900
2.505	0.840
2.485	0.840
2.485	0.700
POLYLINE BLACK
3.005	0.660
2.965	0.660
2.945	0.560
2.905	0.540
2.905	0.520
POLYLINE BLACK
4.685	8.380
4.685	8.340
POLYLINE BLACK
3.205	-0.940
3.475	-0.940
3.475	-0.970
3.865	-0.970
3.955	-1.000
4.705	-1.000
4.705	-0.970
4.735	-0.970
4.735	-0.940
4.765	-0.940
4.765	-0.850
4.825	-0.820
4.825	-0.790
4.855	-0.790
4.855	-0.730
4.975	-0.550
5.005	-0.550
5.035	-0.490
5.125	-0.370
5.125	-0.340
5.155	-0.340
5.155	-0.310
5.215	-0.280
5.215	-0.250
5.245	-0.250
5.275	-0.190
5.515	0.020
5.545	0.020
5.545	0.050
5.635	0.080
5.635	0.110
5.725	0.140
5.725	0.170
5.785	0.200
5.845	0.260
5.875	0.320
6.025	0.500
6.055	0.560
6.085	0.650
6.115	0.650
6.205	0.860
6.235	0.860
6.235	0.890
6.265	0.890
6.265	0.980
6.445	1.190
6.445	1.220
6.475	1.220
6.475	1.250
6.505	1.250
6.505	1.280
6.535	1.280
6.535	1.340
6.595	1.370
6.685	1.490
6.685	1.520
6.715	1.520
6.715	1.550
6.775	1.550
6.775	1.580
6.805	1.580
6.805	1.640
6.835	1.640
6.865	1.700
6.895	1.700
6.895	1.760
6.925	1.760
6.925	1.820
7.015	1.820
7.015	1.850
7.075	1.850
7.165	1.910
7.225	1.910
7.225	1.940
7.315	1.940
7.315	1.970
7.375	1.970
7.375	2.000
7.405	2.000
7.405	2.030
7.435	2.030
7.435	2.060
7.525	2.060
7.525	2.090
8.305	2.090
8.305	2.060
8.335	2.060
POLYLINE BLACK
13.405	5.780
13.405	5.690
13.345	5.570
13.255	5.540
13.255	5.510
13.075	5.360
13.015	5.330
13.015	5.300
12.955	5.300
12.955	5.270
12.895	5.240
12.745	5.120
12.685	5.090
12.685	5.030
12.625	5.030
12.595	4.910
12.325	4.670
12.295	4.670
12.265	4.610
12.235	4.610
12.175	4.550
12.145	4.550
12.025	4.460
11.935	4.400
11.875	4.370
11.875	4.340
11.815	4.340
11.815	4.310
11.695	4.250
11.695	4.220
11.635	4.220
11.635	4.190
11.575	4.190
11.425	4.040
11.365	4.040
11.245	3.920
11.185	3.920
11.155	3.860
11.095	3.830
10.735	3.650
10.675	3.650
10.615	3.590
10.555	3.590
10.555	3.560
10.495	3.560
10.405	3.500
10.375	3.500
10.375	3.470
10.315	3.470
10.315	3.440
10.105	3.350
9.925	3.230
9.925	3.200
9.865	3.200
9.865	3.170
9.745	3.140
9.715	3.080
9.655	3.080
9.655	3.050
9.445	2.840
9.445	2.810
9.385	2.780
9.385	2.750
9.355	2.750
9.325	2.690
9.265	2.690
9.265	2.660
9.145	2.540
9.085	2.540
9.085	2.510
8.965	2.450
8.935	2.450
8.935	2.420
8.875	2.420
8.875	2.390
8.785	2.390
8.785	2.360
8.755	2.360
8.755	2.330
8.665	2.330
8.665	2.300
8.575	2.300
8.575	2.270
8.515	2.270
8.515	2.240
8.425	2.240
8.425	2.210
8.335	2.210
8.335	2.180
8.245	2.180
8.245	2.150
8.215	2.150
8.215	2.120
8.065	2.090
8.035	2.030
8.005	2.030
8.005	2.000
7.975	2.000
POLYLINE BLACK
12.355	6.710
12.355	6.380
12.385	6.380
12.385	6.200
12.415	6.200
12.415	5.930
12.355	5.930
12.355	5.900
12.325	5.900
12.325	5.870
12.175	5.840
12.175	5.810
12.055	5.750
12.025	5.750
12.025	5.690
11.965	5.690
11.965	5.660
11.935	5.660
11.935	5.630
11.875	5.630
11.875	5.600
11.845	5.600
11.845	5.570
11.785	5.570
11.785	5.540
11.755	5.540
11.755	5.510
11.725	5.510
11.725	5.480
11.605	5.420
11.605	5.390
11.575	5.390
11.575	5.360
11.515	5.360
11.515	5.300
11.485	5.300
11.485	5.270
11.425	5.240
11.305	5.120
11.245	5.120
11.245	5.090
11.215	5.090
11.035	4.910
11.005	4.910
11.005	4.880
10.765	4.640
10.765	4.610
10.735	4.610
10.735	4.580
10.705	4.580
10.705	4.550
10.615	4.520
10.615	4.490
10.585	4.490
10.585	4.430
10.375	4.310
10.165	4.100
10.135	4.100
10.135	4.070
10.075	4.070
9.985	4.040
9.955	3.980
9.805	3.890
9.805	3.860
9.715	3.830
9.715	3.800
9.685	3.800
9.685	3.770
9.625	3.740
9.625	3.710
9.595	3.710
9.565	3.650
9.535	3.650
9.505	3.560
9.445	3.530
9.445	3.500
9.415	3.500
9.385	3.410
9.355	3.410
9.355	3.380
9.325	3.380
9.295	3.320
9.265	3.320
9.265	3.260
9.205	3.260
9.205	3.230
9.175	3.230
9.145	3.170
9.115	3.170
9.115	3.140
9.085	3.140
9.085	3.110
9.055	3.110
9.055	3.080
9.025	3.080
9.025	3.050
8.875	2.990
8.875	2.960
8.845	2.960
8.845	2.930
8.785	2.930
8.785	2.900
8.755	2.900
8.755	2.870
8.695	2.870
8.575	2.750
8.575	2.720
8.485	2.690
8.485	2.660
POLYLINE BLACK
13.435	5.780
13.435	5.900
13.465	5.990
13.465	6.560
13.495	6.650
13.495	6.680
13.525	6.680
13.525	6.710
13.555	6.710
13.555	6.770
13.615	6.770
13.615	6.800
13.645	6.800
13.645	6.830
13.675	6.830
13.675	6.860
13.705	6.860
13.705	6.920
13.735	6.920
13.735	6.980
POLYLINE BLACK
13.135	7.760
13.075	7.760
12.985	7.700
12.985	7.640
12.925	7.610
12.925	7.550
12.895	7.550
12.895	7.460
12.865	7.370
12.835	7.370
12.835	7.340
12.805	7.340
12.805	7.220
12.775	7.220
12.745	7.160
12.625	7.010
12.595	6.950
12.565	6.950
12.565	6.920
12.505	6.920
12.475	6.860
12.355	6.710
12.355	6.620
POLYLINE BLACK
3.300	-0.925
2.055	-1.495
POLYLINE BLACK
-0.030	0.020
-0.030	-0.025
-0.045	-0.055
-0.045	-0.595
-0.075	-0.685
-0.075	-0.805
-0.045	-0.910
0.045	-1.015
0.060	-1.060
0.210	-1.180
0.510	-1.360
0.555	-1.360
0.645	-1.390
1.005	-1.405
1.095	-1.405
1.125	-1.450
1.185	-1.480
1.500	-1.510
1.500	-1.525
1.515	-1.525
1.530	-1.540
2.070	-1.540
3.060	-1.135
POLYLINE BLACK
0.000	0.035
0.000	0.050
0.015	0.050
0.060	0.110
0.060	0.125
0.090	0.170
0.105	0.170
0.120	0.215
0.165	0.275
0.165	0.320
0.180	0.320
0.195	0.335
0.195	0.365
0.300	0.515
0.360	0.590
0.450	0.725
0.510	0.815
0.615	0.875
0.690	0.935
0.855	1.010
0.870	1.010
0.930	1.055
0.945	1.055
0.960	1.085
1.095	1.175
1.350	1.220
1.470	1.220
1.680	1.160
1.725	1.160
1.755	1.145
2.220	1.145
2.340	1.100
2.460	0.980
2.490	0.980
2.565	0.920
2.610	0.920
2.655	0.890
2.700	0.890
2.715	0.875
2.760	0.875
2.925	0.785
2.970	0.770
3.060	0.695
3.225	0.605
3.255	0.560
3.405	0.455
3.405	0.425
3.360	0.365
3.360	0.305
3.405	0.245
3.525	0.200
3.555	0.155
3.555	0.125

ELEVATION
STATIONS
0.000	0.000	0.0
4.378	-2.843	1.0
8.880	-5.968	2.0
9.710	-5.988	3.0
10.516	-7.818	4.0
16.315	-9.010	5.0
18.202	-10.142	6.0
20.117	-11.638	7.0
22.573	-12.784	8.0
23.250	-13.587	9.0
26.648	-13.462	9.1
25.457	-16.291	10.0
27.434	-17.407	11.0
30.333	-18.763	12.0
32.577	-18.260	12.1
31.824	-22.084	13.0
34.804	-21.307	14.0
28.910	-18.049	15.0
31.297	-17.307	16.0
33.143	-16.649	17.0
37.334	-15.310	18.0
30.484	-17.372	19.0
35.249	-25.660	20.0
36.105	-26.557	21.0
38.277	-29.540	22.0
40.112	-32.660	23.0
41.802	-37.493	24.0
44.469	-38.605	25.0
49.225	-50.575	26.0
53.704	-53.697	27.0
58.209	-60.477	28.0
SHOTS
53.704	-53.697	58.209	-60.477
49.225	-50.575	53.704	-53.697
44.469	-38.605	49.225	-50.575
49.225	-50.575	44.519	-45.603
41.802	-37.493	44.469	-38.605
40.112	-32.660	41.802	-37.493
38.277	-29.540	40.112	-32.660
36.105	-26.557	38.277	-29.540
35.249	-25.660	36.105	-26.557
30.484	-17.372	35.249	-25.660
27.434	-17.407	30.484	-17.372
33.143	-16.649	37.334	-15.310
31.297	-17.307	33.143	-16.649
28.910	-18.049	31.297	-17.307
27.434	-17.407	28.910	-18.049
31.824	-22.084	34.804	-21.307
30.333	-18.763	31.824	-22.084
30.333	-18.763	32.577	-18.260
27.434	-17.407	30.333	-18.763
25.457	-16.291	27.434	-17.407
23.250	-13.587	25.457	-16.291
23.250	-13.587	26.648	-13.462
22.573	-12.784	23.250	-13.587
20.117	-11.638	22.573	-12.784
18.202	-10.142	20.117	-11.638
16.315	-9.010	18.202	-10.142
10.516	-7.818	16.315	-9.010
9.710	-5.988	10.516	-7.818
8.880	-5.968	9.710	-5.988
4.378	-2.843	8.880	-5.968
0.000	0.000	4.378	-2.843
POLYLINE BLACK
8.350	-5.990
8.290	-5.990
POLYLINE BLACK
7.330	-5.210
7.450	-5.210
7.330	-5.390
7.330	-5.630
7.690	-5.870
8.110	-5.990
8.230	-5.990
8.290	-5.690
8.290	-5.630
POLYLINE BLACK
5.950	-4.250
5.950	-4.250
5.650	-4.250
5.470	-4.490
5.470	-4.670
5.410	-4.850
5.590	-4.850
5.650	-4.730
5.770	-4.730
POLYLINE BLACK
6.430	-4.910
6.430	-4.850
6.250	-4.730
6.190	-4.730
6.190	-4.850
6.490	-5.090
6.610	-5.090
6.610	-5.150
6.910	-5.150
6.970	-4.850
6.970	-4.730
6.310	-4.730
POLYLINE BLACK
2.530	-2.810
2.590	-2.810
2.590	-2.690
2.350	-2.450
2.170	-2.450
1.990	-3.170
2.050	-3.290
2.230	-3.290
2.890	-2.870
2.890	-2.690
POLYLINE BLACK
2.890	-2.570
2.770	-2.570
2.710	-2.630
2.530	-2.630
2.050	-2.810
1.870	-2.810
1.510	-2.930
1.690	-2.990
1.690	-3.050
1.930	-3.050
POLYLINE BLUE
-3.530	-16.190
-3.530	-16.250
POLYLINE BLUE
49.210	-43.490
49.270	-43.490
49.270	-44.150
49.210	-44.390
49.030	-44.510
49.030	-44.750
POLYLINE BLUE
48.490	-43.070
48.490	-43.670
48.370	-44.330
48.250	-44.630
48.310	-44.570
POLYLINE BLUE
47.950	-43.130
47.950	-43.430
47.830	-43.910
47.830	-44.090
POLYLINE BLUE
48.970	-46.910
49.030	-48.050
49.090	-48.950
49.210	-48.890
49.210	-48.830
POLYLINE BLUE
48.250	-46.670
48.250	-48.110
48.310	-48.110
48.310	-48.050
48.370	-48.050
POLYLINE BLUE
48.070	-45.170
48.130	-45.350
48.130	-46.190
47.950	-46.850
47.890	-47.330
47.590	-48.290
47.530	-48.290
47.530	-48.350
47.470	-48.350
POLYLINE GRAY
66.970	-68.450
67.510	-68.270
67.750	-67.910
67.750	-67.730
POLYLINE GRAY
65.890	-66.290
65.890	-65.870
66.850	-64.070
67.030	-63.650
67.150	-63.650
67.150	-63.590
67.390	-63.590
67.570	-63.710
67.690	-63.710
67.990	-63.890
68.170	-64.430
68.170	-66.110
67.990	-66.590
67.870	-66.590
67.870	-66.650
67.630	-66.650
POLYLINE GRAY
62.590	-62.270
62.590	-62.450
62.890	-63.290
62.890	-63.470
63.370	-64.070
63.550	-64.370
63.790	-64.610
63.910	-64.670
63.430	-64.670
63.250	-64.550
62.830	-64.490
61.630	-64.070
61.270	-64.070
60.610	-63.950
59.950	-63.950
59.890	-63.770
59.890	-63.590
59.830	-63.590
POLYLINE GRAY
59.950	-60.230
60.070	-60.410
60.070	-60.590
60.250	-60.710
60.790	-61.670
61.570	-62.450
62.110	-62.810
62.350	-63.050
62.350	-63.170
62.410	-63.170
62.470	-63.290
POLYLINE GRAY
54.910	-52.610
54.910	-52.850
55.030	-52.970
55.030	-53.150
55.210	-53.510
55.210	-53.750
55.450	-54.050
55.450	-54.170
55.870	-54.950
56.230	-55.250
56.410	-55.790
56.530	-55.850
56.530	-56.030
56.950	-56.450
56.950	-56.570
57.010	-56.570
57.010	-56.750
57.430	-57.470
57.970	-58.130
58.210	-58.490
58.270	-58.490
58.270	-58.550
POLYLINE GRAY
49.090	-51.110
49.150	-51.110
49.210	-51.230
49.690	-51.710
49.750	-51.890
50.170	-52.070
51.250	-52.970
52.390	-53.690
52.510	-53.870
52.810	-53.990
53.170	-54.230
53.350	-54.470
53.350	-54.590
53.590	-54.830
53.890	-55.430
54.010	-55.550
54.010	-55.670
54.190	-55.970
54.250	-56.210
54.370	-56.330
54.370	-56.510
54.730	-56.990
54.730	-57.050
54.850	-57.110
54.850	-57.230
54.910	-57.230
55.030	-57.590
55.030	-57.650
POLYLINE GRAY
45.250	-37.790
45.490	-37.790
45.730	-37.850
45.970	-38.150
46.450	-38.390
47.950	-39.530
48.850	-40.550
49.150	-40.730
49.390	-41.270
49.690	-41.690
49.750	-41.930
49.870	-42.350
49.870	-43.010
49.990	-43.370
49.990	-45.170
50.110	-45.590
50.230	-45.890
50.230	-46.370
50.290	-46.370
50.290	-46.490
50.350	-46.670
50.410	-46.970
50.410	-47.330
50.470	-47.330
50.470	-47.510
50.530	-47.510
50.530	-48.110
50.590	-48.110
50.590	-49.550
50.770	-49.730
50.890	-49.730
50.890	-49.790
51.130	-49.850
51.430	-50.150
52.090	-50.390
52.210	-50.510
52.330	-50.510
52.390	-50.690
53.230	-51.170
53.350	-51.170
53.830	-51.470
53.950	-51.470
54.130	-51.650
54.310	-51.650
54.310	-51.710
55.690	-52.550
55.690	-52.790
55.630	-52.850
POLYLINE GRAY
44.230	-42.830
44.230	-43.130
44.290	-43.430
44.230	-43.670
43.810	-44.330
43.690	-44.630
43.510	-44.810
43.330	-45.230
42.970	-45.770
42.790	-45.950
42.610	-46.130
42.490	-46.190
42.490	-46.250
42.370	-46.310
42.370	-46.550
42.310	-46.730
42.310	-47.030
42.190	-47.510
42.130	-47.810
42.130	-48.410
42.190	-48.470
42.190	-48.650
42.250	-48.890
42.310	-49.310
42.430	-49.550
42.490	-49.850
42.670	-50.150
42.730	-50.150
43.150	-50.450
43.210	-50.630
43.330	-50.750
43.450	-50.750
43.450	-50.810
43.630	-50.810
43.630	-50.870
43.870	-50.930
44.230	-51.230
44.590	-51.410
44.770	-51.410
44.890	-51.470
44.890	-51.590
45.190	-51.650
45.310	-51.770
45.490	-51.770
45.670	-51.890
45.910	-51.890
46.270	-52.010
46.990	-52.010
46.990	-51.950
47.470	-51.950
47.590	-51.830
47.770	-51.830
48.370	-51.470
48.850	-51.290
48.850	-51.230
48.970	-51.230
48.970	-51.170
49.090	-51.170
49.270	-51.110
49.690	-51.110
POLYLINE GRAY
42.430	-38.870
42.490	-38.870
42.490	-38.930
42.610	-38.930
42.670	-39.050
42.850	-39.050
42.850	-39.110
42.970	-39.110
43.090	-39.230
43.390	-39.290
43.390	-39.350
43.450	-39.350
43.810	-39.710
43.990	-39.710
43.990	-39.830
44.110	-40.010
44.110	-40.550
44.170	-40.790
44.170	-41.150
44.230	-41.330
44.230	-41.690
44.350	-41.810
44.350	-41.930
44.410	-41.930
44.410	-42.110
44.470	-42.110
44.470	-42.290
44.530	-42.290
44.530	-43.010
44.590	-43.010
44.590	-43.250
44.470	-43.310
44.470	-43.370
44.410	-43.370
POLYLINE GRAY
40.870	-32.030
40.990	-32.090
41.290	-32.390
41.290	-32.510
41.590	-32.990
41.950	-33.650
42.190	-34.010
42.190	-34.130
43.210	-35.570
43.570	-36.290
43.630	-36.470
43.690	-36.470
43.690	-36.530
43.810	-36.530
43.870	-36.650
43.990	-36.710
43.990	-36.830
44.530	-37.430
44.650	-37.430
45.010	-37.670
45.070	-37.670
45.070	-37.730
45.190	-37.730
45.250	-37.850
45.370	-37.850
45.370	-37.910
45.490	-37.970
45.670	-38.030
45.730	-38.030
45.730	-38.090
45.910	-38.090
POLYLINE GRAY
33.490	-25.670
33.790	-25.970
33.970	-26.270
34.390	-26.990
34.630	-27.350
34.630	-27.470
34.810	-27.710
34.810	-27.950
34.990	-28.130
34.990	-28.430
35.170	-28.670
35.350	-28.970
35.590	-29.630
36.010	-30.170
36.190	-30.770
36.370	-31.070
36.370	-31.190
36.490	-31.250
36.610	-31.550
36.910	-31.850
37.390	-32.510
37.570	-32.630
37.870	-33.170
38.050	-33.410
38.410	-34.070
38.410	-34.190
38.530	-34.370
38.530	-34.550
38.590	-34.610
38.590	-34.790
38.710	-34.910
38.710	-35.210
38.890	-35.510
38.890	-35.690
39.070	-35.750
39.070	-35.810
39.190	-35.990
39.250	-36.170
39.310	-36.170
39.370	-36.410
39.490	-36.470
39.490	-36.590
39.610	-36.650
39.670	-36.770
39.850	-36.950
39.970	-36.950
40.150	-37.250
40.210	-37.250
40.510	-37.550
40.510	-37.610
40.630	-37.730
40.750	-37.970
40.870	-37.970
40.870	-38.090
40.930	-38.090
41.050	-38.210
41.530	-38.570
41.650	-38.630
42.010	-38.870
42.070	-38.870
42.190	-38.990
42.370	-39.050
42.370	-39.110
42.490	-39.110
42.490	-39.170
42.610	-39.170
42.610	-39.290
42.850	-39.290
42.850	-39.410
42.910	-39.410
POLYLINE GRAY
32.050	-18.290
32.230	-18.650
32.230	-18.770
33.010	-19.730
33.190	-19.910
33.430	-19.970
33.790	-20.510
35.230	-21.890
35.410	-21.950
35.890	-22.430
35.950	-22.610
36.070	-22.670
36.250	-23.090
36.430	-23.210
36.490	-23.450
37.330	-24.470
37.990	-25.550
38.470	-26.210
38.590	-26.570
38.710	-26.630
38.770	-26.990
38.950	-27.230
39.070	-27.890
39.190	-28.010
39.190	-28.190
39.490	-28.790
39.670	-29.090
40.570	-30.590
41.050	-31.310
41.110	-31.490
41.170	-31.490
41.290	-31.670
41.290	-31.790
41.410	-31.790
41.650	-32.210
41.710	-32.270
POLYLINE GRAY
27.550	-17.510
27.730	-17.510
27.910	-17.570
27.970	-17.570
27.970	-17.630
28.510	-17.630
28.510	-17.690
28.810	-17.690
28.990	-17.750
29.410	-17.750
29.530	-17.870
29.770	-17.870
29.950	-17.930
29.950	-17.990
30.130	-17.990
30.730	-18.290
30.730	-18.350
30.790	-18.350
30.790	-18.470
30.970	-18.770
31.030	-19.310
31.030	-19.550
31.090	-19.730
31.090	-20.390
31.210	-20.510
31.210	-21.230
31.390	-21.770
31.450	-21.890
31.690	-22.370
31.810	-22.430
31.810	-22.550
31.990	-22.790
32.110	-23.090
32.410	-23.510
32.470	-23.510
32.470	-23.750
32.650	-24.230
32.710	-24.230
32.710	-24.350
33.130	-25.130
33.190	-25.370
33.370	-25.910
33.370	-25.970
33.430	-25.970
POLYLINE GRAY
27.130	-17.090
29.770	-17.090
29.890	-17.150
30.430	-17.150
30.610	-17.210
30.730	-17.210
30.790	-17.330
31.330	-17.330
31.510	-17.450
31.570	-17.450
31.570	-17.510
31.690	-17.570
31.810	-17.690
31.870	-17.690
31.870	-17.750
31.930	-17.750
31.930	-17.810
32.230	-18.110
32.230	-18.230
32.350	-18.290
32.350	-18.410
32.410	-18.410
32.410	-18.470
32.470	-18.470
32.470	-18.590
POLYLINE BLACK
28.150	-13.910
28.390	-13.910
28.390	-13.850
POLYLINE BLACK
27.790	-12.170
28.030	-12.050
28.030	-11.990
28.150	-11.990
28.150	-11.930
28.570	-11.870
28.570	-11.930
28.630	-11.930
28.690	-12.230
28.690	-12.650
28.630	-12.830
28.570	-12.830
28.570	-12.950
28.510	-12.950
28.510	-13.010
28.450	-13.010
28.390	-13.130
28.330	-13.130
POLYLINE BLACK
24.730	-14.030
26.170	-14.030
26.350	-13.970
26.770	-13.970
26.950	-13.910
27.430	-13.910
POLYLINE BLACK
36.670	-22.070
36.790	-22.070
36.970	-21.950
36.970	-21.830
37.330	-21.530
37.450	-21.530
37.450	-21.830
36.610	-21.830
36.610	-21.890
36.490	-21.890
36.490	-22.010
36.430	-22.010
36.430	-22.070
36.790	-22.070
37.030	-21.950
37.030	-21.890
POLYLINE BLACK
36.790	-20.270
36.790	-20.150
36.850	-20.150
36.850	-20.090
36.910	-20.090
36.970	-19.850
37.090	-19.790
37.090	-19.610
37.150	-19.610
37.450	-19.430
37.570	-19.430
37.630	-19.730
37.630	-20.210
37.270	-20.570
37.030	-20.630
37.030	-20.750
36.850	-21.050
POLYLINE BLACK
43.990	-16.550
44.110	-16.550
44.350	-16.430
44.170	-16.370
43.870	-16.370
43.510	-16.490
43.510	-16.730
43.870	-16.670
44.170	-16.550
44.170	-16.370
POLYLINE BLACK
44.050	-14.450
44.050	-14.390
44.170	-14.390
44.170	-14.330
44.230	-14.330
44.230	-14.270
44.350	-14.270
44.530	-14.090
44.590	-13.790
44.710	-13.790
44.770	-14.090
44.710	-14.450
44.530	-14.750
44.350	-15.110
44.350	-15.230
44.290	-15.290
44.290	-15.470
44.170	-15.650
44.170	-15.890
POLYLINE BLACK
40.570	-14.210
40.690	-14.210
40.810	-14.330
41.170	-14.390
41.770	-14.510
43.270	-14.510
43.390	-14.690
43.390	-14.870
43.030	-15.050
42.670	-15.050
42.430	-15.230
42.250	-15.230
42.070	-15.350
41.830	-15.350
41.530	-15.410
40.930	-15.410
POLYLINE BLACK
39.130	-15.170
39.130	-15.350
39.790	-15.350
40.870	-15.050
41.470	-14.990
41.950	-14.870
42.130	-14.870
42.130	-14.930
POLYLINE BLACK
32.590	-18.050
33.010	-18.110
33.190	-18.110
33.310	-18.170
33.850	-18.230
33.850	-18.290
33.970	-18.290
POLYLINE BLACK
31.270	-19.070
31.630	-19.070
31.870	-18.950
32.950	-18.950
POLYLINE BLACK
34.630	-20.570
34.330	-20.510
34.270	-20.510
34.210	-20.630
34.030	-20.630
33.850	-20.750
33.610	-20.750
33.610	-20.810
33.070	-20.870
32.890	-20.930
32.770	-20.930
32.590	-20.990
32.290	-20.990
32.290	-20.870
31.870	-20.750
31.870	-20.690
31.630	-20.630
31.450	-20.570
31.390	-20.270
31.330	-20.270
31.330	-20.030
31.390	-20.030
31.390	-19.850
31.450	-19.850
31.450	-19.550
31.510	-19.550
31.570	-19.430
31.690	-19.370
31.690	-19.310
POLYLINE BLACK
35.350	-20.570
35.050	-20.570
34.690	-20.450
POLYLINE BLACK
26.770	-17.510
26.890	-17.510
27.190	-17.810
27.250	-17.810
27.310	-17.930
27.430	-17.930
27.730	-18.110
27.730	-18.170
28.150	-18.470
28.270	-18.470
28.270	-18.530
28.450	-18.590
28.450	-18.650
28.510	-18.650
28.510	-18.710
28.630	-18.710
28.810	-18.830
28.930	-18.830
28.930	-18.890
28.990	-18.890
28.990	-19.010
29.050	-19.010
29.050	-19.910
29.110	-20.090
29.170	-20.090
29.170	-20.150
29.230	-20.150
29.230	-20.270
29.290	-20.270
29.290	-20.450
29.350	-20.450
29.350	-20.570
29.410	-20.570
29.410	-20.750
29.650	-20.990
29.650	-21.050
29.710	-21.050
29.710	-21.110
29.830	-21.110
29.890	-21.290
29.950	-21.290
29.950	-21.350
30.010	-21.350
30.010	-21.410
30.070	-21.410
30.070	-21.530
30.130	-21.530
30.130	-21.650
30.250	-21.770
30.250	-21.830
30.310	-21.830
30.310	-22.070
30.430	-22.070
30.430	-22.190
30.610	-22.250
30.610	-22.370
30.970	-22.490
31.510	-22.670
31.930	-22.670
31.930	-22.730
33.250	-22.730
33.490	-22.790
34.630	-22.790
34.630	-22.730
34.810	-22.730
34.810	-22.670
34.930	-22.610
POLYLINE BLACK
30.370	-17.990
30.490	-17.990
30.670	-17.930
30.970	-17.930
31.510	-17.750
31.870	-17.630
32.410	-17.510
32.830	-17.330
33.130	-17.150
33.370	-17.090
33.670	-16.970
34.690	-16.970
34.810	-16.910
35.290	-16.910
35.710	-16.850
36.130	-16.730
36.370	-16.730
36.550	-16.610
36.850	-16.610
37.150	-16.550
37.930	-16.550
38.110	-16.490
38.350	-16.490
38.350	-16.430
38.470	-16.430
POLYLINE BLACK
24.670	-14.330
24.850	-14.330
24.850	-14.390
24.970	-14.450
25.210	-14.570
25.450	-14.810
25.510	-14.810
25.810	-14.990
25.870	-14.990
26.170	-15.170
26.410	-15.230
26.410	-15.290
26.590	-15.290
26.770	-15.350
26.830	-15.350
27.010	-15.530
27.130	-15.590
27.250	-15.710
27.370	-15.710
27.490	-15.830
27.610	-15.830
28.390	-16.610
28.390	-16.670
28.510	-16.670
28.510	-16.730
28.690	-16.730
28.690	-16.790
28.750	-16.790
28.750	-16.850
30.190	-16.850
30.370	-16.790
30.670	-16.790
31.090	-16.670
31.270	-16.550
31.570	-16.550
31.810	-16.310
32.050	-16.250
32.530	-16.070
32.710	-16.070
32.770	-15.950
32.950	-15.950
33.790	-15.710
33.910	-15.710
34.090	-15.590
34.570	-15.470
35.050	-15.350
35.650	-15.350
35.830	-15.290
36.190	-15.290
36.190	-15.230
36.250	-15.230
POLYLINE BLACK
10.930	-8.270
11.350	-8.450
11.470	-8.510
11.590	-8.510
11.770	-8.690
11.950	-8.690
12.130	-8.810
12.250	-8.810
12.250	-8.930
12.490	-8.930
12.610	-9.050
12.730	-9.110
12.970	-9.230
13.150	-9.230
13.330	-9.350
13.450	-9.350
13.690	-9.470
13.810	-9.470
13.990	-9.530
14.110	-9.530
14.170	-9.650
14.470	-9.650
14.590	-9.770
14.890	-9.770
15.070	-9.830
15.610	-9.890
16.870	-9.890
17.050	-9.950
17.050	-10.010
17.170	-10.010
17.470	-10.130
17.470	-10.190
17.530	-10.190
17.650	-10.310
17.770	-10.310
18.070	-10.490
18.310	-10.550
18.310	-10.610
18.430	-10.610
18.670	-10.730
18.730	-10.730
18.970	-10.910
19.090	-10.970
19.090	-11.030
19.210	-11.030
19.210	-11.090
19.330	-11.090
19.330	-11.150
19.390	-11.150
19.390	-11.270
19.450	-11.270
19.450	-11.330
19.510	-11.330
19.510	-11.390
19.690	-11.450
19.690	-11.510
19.810	-11.510
19.870	-11.630
20.470	-12.170
20.530	-12.170
20.530	-12.230
20.590	-12.230
20.590	-12.290
20.710	-12.290
20.710	-12.350
20.770	-12.350
20.770	-12.410
20.830	-12.410
20.830	-12.470
20.950	-12.470
21.130	-12.590
21.190	-12.590
21.190	-12.650
21.310	-12.650
21.310	-12.710
21.430	-12.710
21.550	-12.830
21.730	-12.890
21.730	-13.010
21.850	-13.010
21.850	-13.070
21.970	-13.070
21.970	-13.130
22.090	-13.130
22.150	-13.250
22.330	-13.310
22.330	-13.370
22.510	-13.430
22.510	-13.490
22.630	-13.490
22.630	-13.550
22.690	-13.550
22.690	-13.610
22.870	-13.670
22.870	-13.730
22.990	-13.730
22.990	-13.790
23.170	-13.850
23.170	-13.910
23.230	-13.910
23.230	-13.970
23.350	-13.970
23.350	-14.030
23.410	-14.030
23.410	-14.090
23.470	-14.090
23.470	-14.210
23.530	-14.210
23.530	-14.270
23.590	-14.270
23.590	-14.450
23.650	-14.450
23.650	-14.570
23.830	-14.750
23.830	-14.810
23.890	-14.810
23.890	-14.870
24.010	-14.930
24.190	-15.110
24.250	-15.350
24.310	-15.350
24.310	-15.470
24.370	-15.470
24.370	-15.590
24.490	-15.770
24.490	-15.830
24.550	-15.830
24.550	-15.890
24.610	-15.890
24.610	-16.010
24.790	-16.190
24.850	-16.190
24.850	-16.250
24.970	-16.310
24.970	-16.370
25.030	-16.370
25.090	-16.490
25.270	-16.550
25.270	-16.610
25.390	-16.610
25.390	-16.730
25.630	-16.790
25.630	-16.850
25.750	-16.910
25.930	-17.030
25.990	-17.030
25.990	-17.090
26.110	-17.090
26.470	-17.330
26.590	-17.330
26.590	-17.390
26.770	-17.450
26.770	-17.510
26.890	-17.510
27.010	-17.630
27.250	-17.630
27.250	-17.750
POLYLINE BLACK
10.750	-6.710
10.750	-6.830
10.870	-6.890
11.350	-7.370
11.650	-7.430
11.650	-7.490
12.370	-7.730
13.150	-7.850
13.450	-7.850
13.750	-7.910
14.650	-7.910
14.890	-7.970
15.130	-8.030
15.430	-8.090
15.910	-8.090
16.090	-8.150
16.270	-8.150
16.450	-8.210
16.690	-8.210
16.690	-8.270
16.990	-8.270
17.110	-8.390
17.170	-8.390
17.170	-8.450
17.290	-8.450
17.290	-8.510
17.350	-8.510
17.350	-8.570
17.410	-8.570
17.410	-8.630
17.530	-8.630
17.590	-8.750
17.650	-8.750
17.650	-8.810
17.770	-8.870
18.070	-9.110
18.190	-9.170
18.370	-9.230
18.370	-9.290
18.430	-9.290
18.430	-9.350
18.550	-9.350
18.550	-9.410
18.610	-9.410
18.610	-9.470
18.730	-9.470
18.730	-9.530
18.970	-9.590
18.970	-9.710
19.090	-9.710
19.090	-9.770
19.270	-9.830
19.270	-9.890
19.330	-9.890
19.390	-10.010
19.510	-10.010
19.630	-10.130
19.750	-10.130
19.750	-10.190
19.870	-10.190
19.870	-10.310
19.990	-10.310
19.990	-10.370
20.170	-10.370
20.170	-10.430
20.350	-10.430
20.410	-10.550
20.530	-10.550
20.710	-10.730
20.890	-10.730
20.890	-10.790
21.010	-10.850
21.190	-10.910
21.190	-10.970
21.250	-10.970
21.250	-11.090
21.370	-11.090
21.370	-11.150
21.670	-11.270
21.670	-11.330
21.790	-11.390
21.790	-11.510
21.850	-11.510
21.910	-11.630
21.970	-11.630
22.090	-11.810
22.210	-11.810
22.270	-11.930
22.450	-11.930
22.510	-12.050
22.690	-12.170
22.810	-12.170
22.810	-12.230
22.870	-12.230
22.870	-12.290
22.990	-12.290
22.990	-12.350
23.230	-12.410
23.230	-12.470
23.470	-12.590
23.590	-12.650
23.770	-12.710
23.830	-12.710
23.830	-12.770
24.070	-12.770
24.070	-12.830
24.250	-12.830
24.550	-12.890
26.770	-12.890
POLYLINE BLACK
3.550	-2.750
3.670	-2.750
3.730	-2.870
3.850	-2.870
3.850	-2.990
4.090	-3.170
4.270	-3.170
4.270	-3.290
4.450	-3.290
4.450	-3.350
4.510	-3.350
4.570	-3.470
4.690	-3.470
4.690	-3.530
4.750	-3.530
4.810	-3.650
4.870	-3.650
4.870	-3.710
4.930	-3.710
4.930	-3.830
5.110	-3.890
5.110	-4.010
5.170	-4.010
5.230	-4.190
5.290	-4.190
5.290	-4.250
5.410	-4.250
5.410	-4.310
5.530	-4.310
5.530	-4.430
5.710	-4.490
5.770	-4.610
6.130	-4.790
6.130	-4.850
6.250	-4.850
6.490	-5.030
6.610	-5.030
6.610	-5.090
6.670	-5.090
6.670	-5.150
6.790	-5.150
6.790	-5.210
6.850	-5.210
6.850	-5.270
6.970	-5.270
7.270	-5.510
7.390	-5.510
7.570	-5.630
7.630	-5.630
7.690	-5.750
7.870	-5.870
7.930	-5.870
7.930	-5.930
8.050	-5.930
8.050	-5.990
8.230	-6.050
8.230	-6.110
8.350	-6.110
8.650	-6.290
8.710	-6.290
8.710	-6.350
8.890	-6.350
8.890	-6.470
9.010	-6.470
9.010	-6.530
9.190	-6.530
9.190	-6.590
9.250	-6.590
9.250	-6.650
9.310	-6.650
9.310	-6.710
9.430	-6.710
9.430	-6.770
9.550	-6.830
9.790	-7.190
9.850	-7.190
9.850	-7.310
9.910	-7.310
9.910	-7.370
9.970	-7.370
9.970	-7.490
10.090	-7.670
10.090	-7.730
10.210	-7.790
10.570	-8.150
10.630	-8.150
10.630	-8.210
10.870	-8.270
10.870	-8.390
11.170	-8.450
11.170	-8.510
11.230	-8.510
POLYLINE BLACK
3.910	-0.050
3.970	-0.050
3.970	-0.170
4.030	-0.350
4.030	-1.550
4.210	-1.790
4.210	-1.910
4.330	-1.910
4.330	-1.970
4.390	-1.970
4.390	-2.030
4.450	-2.030
4.450	-2.090
4.570	-2.150
4.570	-2.210
4.630	-2.210
4.630	-2.270
4.810	-2.270
4.810	-2.330
4.870	-2.330
4.870	-2.390
4.990	-2.390
4.990	-2.450
5.050	-2.450
5.050	-2.510
5.170	-2.510
5.170	-2.570
5.230	-2.570
5.230	-2.630
5.290	-2.630
5.290	-2.690
5.350	-2.690
5.350	-2.750
5.410	-2.750
5.410	-2.810
5.470	-2.810
5.470	-2.870
5.530	-2.870
5.530	-2.930
5.650	-2.930
5.710	-3.050
5.890	-3.110
5.950	-3.230
6.130	-3.290
6.130	-3.350
6.250	-3.350
6.250	-3.470
6.370	-3.470
6.370	-3.530
6.910	-3.650
6.910	-3.710
7.090	-3.710
7.330	-3.890
7.450	-3.890
7.510	-4.010
7.690	-4.010
7.690	-4.070
7.870	-4.070
7.870	-4.130
7.930	-4.130
7.930	-4.190
8.050	-4.190
8.230	-4.250
8.230	-4.310
8.410	-4.310
8.410	-4.370
8.470	-4.370
8.470	-4.430
8.650	-4.430
8.650	-4.490
8.770	-4.550
8.950	-4.670
9.070	-4.730
9.430	-4.910
9.430	-4.970
9.610	-4.970
9.850	-5.090
9.850	-5.150
9.970	-5.150
9.970	-5.210
10.090	-5.270
10.090	-5.330
10.150	-5.330
10.150	-5.390
10.210	-5.390
10.210	-6.110
10.270	-6.110
10.270	-6.230
10.330	-6.230
10.330	-6.290
10.450	-6.350
10.450	-6.470
10.510	-6.470
10.510	-6.590
10.630	-6.650
10.630	-6.770
10.690	-6.770
10.690	-6.830
10.750	-6.830
10.750	-6.890
10.810	-6.890
10.810	-7.010
10.870	-7.010
10.870	-7.130
10.930	-7.130
10.930	-7.190
10.990	-7.190
POLYLINE BLACK
-0.110	0.130
-0.110	-0.170
-0.050	-0.350
0.070	-0.410
0.070	-0.650
0.130	-0.830
0.130	-1.490
0.250	-1.670
0.250	-1.790
0.550	-2.210
0.550	-2.270
0.610	-2.270
0.610	-2.390
0.790	-2.450
0.790	-2.510
0.910	-2.510
1.210	-2.690
1.330	-2.690
1.570	-2.870
1.690	-2.870
1.690	-2.930
1.750	-2.930
1.750	-2.990
1.870	-2.990
2.110	-3.110
2.230	-3.170
2.410	-3.230
3.070	-3.230
3.430	-3.110
3.430	-3.050
3.670	-3.050
