TRIP
DATE 2022-08-11
DECLINATION 0.0
DATA
0		13.43	-9.39	4.365	>
0		4.86	0.88	2.388	>
0		323.57	3.21	1.556	>
0		48.86	6.63	1.144	>
0		142.23	11.44	0.829	>
0		358.36	72.04	2.842	>
0		4.36	-10.54	4.093	>
0		4.39	-10.50	4.097	>
0		4.41	-10.54	4.093	>
0	1	4.39	-10.52	4.094	>
1		109.21	11.24	1.206	>
1		273.80	80.98	1.725	>
1		279.28	64.21	2.653	>
1		279.07	64.42	2.675	>
1		279.03	64.36	2.673	>
1	2	279.13	64.33	2.667	>
2		93.82	-1.58	0.769	>
2		29.40	5.96	1.056	>
2		143.73	-49.99	1.196	>
2		160.80	-16.68	2.058	>
2		15.22	70.28	3.540	>
2		15.18	70.41	3.543	>
2		15.55	70.47	3.545	>
2	3	15.31	70.39	3.543	>
3		321.85	-12.69	0.900	>
3		23.02	-10.79	2.648	>
3		273.09	-6.01	1.562	>
3		260.52	-3.38	4.135	>
3		232.37	-4.43	3.453	>
3		242.95	-2.77	3.571	>
3		242.85	-2.81	3.572	>
3		242.76	-2.93	3.568	>
3	4	242.86	-2.84	3.570	>
4		266.18	80.11	6.327	>
4		327.12	67.13	8.321	>
4		328.00	66.97	6.352	>
4		326.29	68.94	8.361	>
4		329.34	70.51	7.403	>
4		329.60	70.64	7.394	>
4		328.84	70.59	7.810	>
4		329.61	70.64	7.396	>
4		329.76	70.57	7.331	>
4		329.57	70.57	7.401	>
4	5	329.65	70.59	7.376	>
5		329.58	70.71	7.401	>
5		329.60	70.75	7.404	>
5		329.54	70.71	7.429	>
5		198.85	1.32	0.747	>
5		312.71	5.60	1.820	>
5		243.35	7.60	1.399	>
5		260.79	83.73	4.535	>
5		298.04	63.70	5.154	>
5		300.04	70.04	5.528	>
5		300.37	69.94	5.529	>
5		300.42	69.80	5.534	>
5	6	300.27	69.93	5.530	>
6		40.75	1.96	0.214	>
6		221.65	25.85	0.529	>
6		314.65	11.46	2.218	>
6		291.10	29.86	1.707	>
6		291.22	29.70	1.715	>
6		290.80	30.19	1.702	>
6		289.93	30.86	1.700	>
6		289.77	30.72	1.690	>
6	7	290.17	30.59	1.697	>
7		290.24	11.72	2.176	>
7		349.68	6.34	1.171	>
7		61.47	0.57	1.131	>
7		261.74	84.16	7.942	>
7		263.38	84.04	6.315	>
7		264.39	83.98	6.322	>
7		262.94	84.05	6.317	>
7	8	263.57	84.02	6.318	>
8		263.44	84.03	6.325	>
8		264.58	84.22	6.290	>
8		263.86	84.33	6.289	>
8		322.95	8.28	1.264	>
8		203.63	16.33	1.389	>
8		249.98	85.58	1.576	>
8		255.12	29.72	3.489	>
8		255.08	29.58	2.990	>
8		255.28	29.66	2.975	>
8		255.30	29.56	2.978	>
8	9	255.22	29.60	2.981	>
9		173.81	11.82	0.785	>
9		31.90	0.58	0.437	>
9		96.56	64.56	0.579	>
9		276.94	77.93	2.103	>
9		274.99	77.85	2.107	>
9		275.31	77.76	2.116	>
9	10	275.75	77.85	2.109	>
10		254.36	-19.88	1.715	>
10		254.87	-18.74	1.720	>
10		255.01	-18.68	1.720	>
10	11	254.74	-19.10	1.718	>
11		302.95	70.28	12.299	>
11		301.21	71.35	13.482	>
11		301.12	71.64	13.448	>
11		301.17	71.44	13.457	>
11	12	301.17	71.48	13.462	>

PLAN
STATIONS
0.000	0.000	0
0.308	4.014	1
-0.833	4.197	2
-0.518	5.344	3
-3.692	3.717	4
-4.930	5.832	5
-6.569	6.789	6
-7.941	7.293	7
-8.595	7.219	8
-11.101	6.558	9
-11.543	6.602	10
-13.109	6.175	11
-16.768	8.389	12
SHOTS
0.000	0.000	1.000	4.189
0.000	0.000	0.202	2.379
0.000	0.000	-0.923	1.250
0.000	0.000	0.856	0.748
0.000	0.000	0.498	-0.642
0.000	0.000	-0.025	0.876
0.000	0.000	0.308	4.014
0.308	4.014	1.425	3.624
0.308	4.014	0.038	4.032
0.308	4.014	-0.833	4.197
-0.833	4.197	-0.066	4.146
-0.833	4.197	-0.317	5.112
-0.833	4.197	-0.378	3.577
-0.833	4.197	-0.184	2.335
-0.833	4.197	-0.518	5.344
-0.518	5.344	-1.061	6.034
-0.518	5.344	0.499	7.738
-0.518	5.344	-2.070	5.428
-0.518	5.344	-4.590	4.664
-0.518	5.344	-3.245	3.242
-0.518	5.344	-3.692	3.717
-3.692	3.717	-4.776	3.645
-3.692	3.717	-5.447	6.433
-3.692	3.717	-5.009	5.825
-3.692	3.717	-5.359	6.216
-3.692	3.717	-4.951	5.842
-3.692	3.717	-4.932	5.832
-3.692	3.717	-5.035	5.938
-3.692	3.717	-4.930	5.832
-4.930	5.832	-5.171	5.125
-4.930	5.832	-6.261	7.061
-4.930	5.832	-6.170	5.210
-4.930	5.832	-5.419	5.753
-4.930	5.832	-6.946	6.906
-4.930	5.832	-6.569	6.789
-6.569	6.789	-6.430	6.951
-6.569	6.789	-6.886	6.433
-6.569	6.789	-8.116	8.316
-6.569	6.789	-7.951	7.322
-6.569	6.789	-7.958	7.328
-6.569	6.789	-7.941	7.293
-7.941	7.293	-9.940	8.030
-7.941	7.293	-8.149	8.438
-7.941	7.293	-6.947	7.833
-7.941	7.293	-8.741	7.177
-7.941	7.293	-8.595	7.219
-8.595	7.219	-9.348	8.217
-8.595	7.219	-9.129	5.998
-8.595	7.219	-8.709	7.177
-8.595	7.219	-11.523	6.441
-8.595	7.219	-11.101	6.558
-11.101	6.558	-11.018	5.794
-11.101	6.558	-10.870	6.929
-11.101	6.558	-10.854	6.529
-11.101	6.558	-11.543	6.602
-11.543	6.602	-13.109	6.175
-13.109	6.175	-16.592	8.432
-13.109	6.175	-16.768	8.389
POLYLINE BLACK
1.046	1.003
1.249	1.375
1.063	1.050
0.846	0.171
0.834	0.122
0.835	0.070
0.829	0.019
POLYLINE BLACK
-0.819	1.732
-0.911	1.116
-0.804	1.734
-1.189	0.519
-1.223	0.411
-1.221	0.257
-1.225	0.149
POLYLINE BLACK
1.342	1.293
1.167	1.132
1.024	0.922
0.953	0.694
0.940	0.655
0.935	0.615
0.926	0.575
POLYLINE BLACK
0.917	0.107
0.952	-0.052
1.008	-0.223
0.968	-0.388
0.932	-0.536
0.802	-0.652
0.679	-0.729
0.525	-0.826
0.304	-0.992
0.095	-1.006
-0.029	-1.015
-0.194	-0.986
-0.299	-0.950
-0.708	-0.809
-1.024	-0.659
-1.251	-0.281
-1.319	-0.166
-1.282	-0.030
-1.282	0.094
-1.282	0.109
-1.306	0.299
-1.307	0.306
POLYLINE RED
1.305	1.249
1.277	1.298
1.243	1.374
1.194	1.415
1.033	1.553
0.836	1.630
0.629	1.674
0.473	1.708
0.312	1.718
0.156	1.754
-0.299	1.857
-0.088	1.878
-0.457	1.886
-0.461	1.887
-0.604	1.881
-0.636	1.863
-0.677	1.839
-0.712	1.807
-0.751	1.779
POLYLINE RED
-0.571	4.046
-0.568	4.047
POLYLINE RED
-0.766	3.560
-0.639	3.461
-0.520	3.351
-0.386	3.262
0.012	2.999
0.492	2.865
0.968	2.888
1.048	2.892
1.127	2.908
1.205	2.924
1.419	2.968
1.436	3.054
1.418	2.974
POLYLINE RED
-1.466	-12.170
-1.483	-12.291
POLYLINE BLACK
1.217	1.203
1.211	1.238
1.202	1.274
1.198	1.310
1.196	1.330
1.197	1.350
1.199	1.370
1.222	1.518
1.257	1.665
1.274	1.815
1.319	2.233
1.338	2.653
1.383	3.071
1.430	3.502
1.499	3.464
1.462	3.903
1.459	3.934
1.428	3.957
1.412	3.984
POLYLINE BLACK
1.484	3.592
1.483	3.709
1.516	4.110
1.451	4.320
1.401	4.479
1.297	4.639
1.207	4.770
1.133	4.876
1.033	4.964
0.968	5.076
0.363	6.128
0.733	5.730
0.341	6.190
POLYLINE RED
-1.110	6.165
-0.995	4.927
-1.168	6.931
-1.065	4.960
-1.058	4.830
-1.038	4.701
-1.010	4.575
-0.989	4.483
-0.952	4.396
-0.919	4.308
-0.911	4.286
-0.901	4.263
-0.888	4.243
-0.867	4.212
-0.840	4.185
-0.817	4.157
POLYLINE RED
-0.863	4.185
-0.766	3.643
-0.837	3.908
-0.647	3.390
POLYLINE BLACK
-0.757	1.631
-0.648	1.856
-0.397	1.953
-0.262	2.153
-0.231	2.198
-0.207	2.268
-0.201	2.319
-0.175	2.542
-0.186	2.736
-0.314	2.926
-0.407	3.064
-0.512	3.195
-0.604	3.334
-0.712	3.498
-0.604	3.429
-0.741	3.492
POLYLINE BLACK
0.521	6.143
0.492	6.193
0.462	6.230
0.450	6.285
0.392	6.549
0.553	6.896
0.626	7.110
0.654	7.191
0.701	7.266
0.722	7.350
0.754	7.477
0.763	7.609
0.784	7.739
POLYLINE BLACK
-1.044	5.987
-1.053	6.061
-1.066	6.095
-1.055	6.160
-1.045	6.219
-1.004	6.277
-0.963	6.318
-0.878	6.404
-0.789	6.486
-0.700	6.568
-0.626	6.636
-0.542	6.692
-0.475	6.766
-0.156	7.125
-0.261	7.076
-0.026	7.484
0.036	7.590
0.109	7.689
0.176	7.791
POLYLINE GRAY
0.231	7.932
0.462	8.252
0.543	8.307
0.652	8.714
0.790	9.231
0.699	9.243
0.834	9.561
POLYLINE GRAY
0.830	7.709
0.839	7.754
0.843	7.799
0.856	7.843
0.867	7.879
0.887	7.912
0.901	7.947
0.999	8.188
1.112	8.423
1.191	8.670
1.251	8.856
1.284	9.049
1.317	9.241
1.335	9.348
1.333	9.556
1.287	9.664
1.270	9.704
1.249	9.742
1.230	9.781
POLYLINE BLACK
0.047	4.756
0.161	4.792
0.198	4.807
0.272	4.708
0.290	4.684
0.307	4.659
0.320	4.632
0.370	4.531
0.404	4.445
0.390	4.333
0.387	4.303
0.383	4.271
0.372	4.243
0.313	4.101
0.239	3.966
0.179	3.826
0.163	3.790
0.148	3.736
0.150	3.693
0.154	3.617
0.201	3.550
0.253	3.498
0.267	3.484
0.283	3.473
0.296	3.459
0.320	3.432
0.340	3.395
0.352	3.361
0.359	3.340
0.366	3.318
0.369	3.295
0.373	3.268
0.372	3.241
0.375	3.213
0.376	3.207
0.377	3.200
0.381	3.196
0.389	3.187
0.401	3.183
0.411	3.176
POLYLINE BLACK
0.233	3.286
0.262	3.251
0.290	3.215
0.321	3.182
0.343	3.159
0.379	3.143
0.410	3.141
0.475	3.136
0.509	3.186
0.527	3.243
0.554	3.331
0.580	3.420
0.606	3.509
POLYLINE BLACK
-2.396	-12.067
-2.485	-12.100
-2.448	-12.081
-2.511	-12.117
POLYLINE RED
-0.225	0.542
-0.269	0.574
-0.295	0.602
-0.344	0.616
-0.451	0.648
-0.613	0.597
-0.684	0.508
-0.739	0.440
-0.751	0.352
-0.743	0.268
-0.739	0.220
-0.723	0.177
-0.690	0.143
-0.620	0.071
-0.517	0.049
-0.421	0.042
-0.320	0.035
-0.222	0.074
-0.176	0.170
-0.107	0.315
-0.139	0.349
-0.194	0.498
POLYLINE BLACK
0.365	1.438
0.309	1.402
0.252	1.370
0.246	1.298
0.241	1.252
0.259	1.184
0.268	1.150
0.281	1.100
0.296	1.091
0.296	1.048
0.296	1.028
0.290	1.006
0.282	0.988
0.228	0.876
0.120	0.891
0.007	0.862
-0.066	0.844
-0.111	0.784
-0.153	0.728
POLYLINE BLACK
-0.208	0.946
-0.208	0.894
-0.204	0.841
-0.208	0.788
-0.211	0.744
-0.224	0.700
-0.228	0.656
-0.229	0.649
-0.227	0.641
-0.223	0.634
-0.193	0.566
-0.046	0.627
0.002	0.636
0.025	0.641
0.048	0.644
0.071	0.648
POLYLINE BLACK
-1.136	5.017
-1.100	4.798
-1.196	4.598
-1.297	4.409
-1.320	4.366
-1.349	4.325
-1.371	4.281
-1.439	4.151
-1.442	4.094
-1.541	3.987
-1.760	3.752
-1.754	3.793
-2.006	3.611
-2.117	3.530
-2.221	3.441
-2.335	3.364
-2.428	3.301
-2.528	3.279
-2.633	3.245
POLYLINE BLACK
-2.308	3.359
-2.509	3.339
-2.677	3.202
-2.881	3.197
-3.115	3.193
-3.350	3.195
-3.583	3.211
-3.669	3.217
-3.755	3.234
-3.837	3.262
-3.974	3.308
-4.325	3.429
-4.502	3.559
-4.635	3.656
-4.546	3.644
-4.642	3.647
POLYLINE BLACK
-0.986	6.231
-1.503	5.995
-0.794	6.332
-1.929	5.589
-2.009	5.536
-2.102	5.506
-2.192	5.474
-2.253	5.452
-2.316	5.433
-2.381	5.426
-2.692	5.390
-3.164	5.437
-3.431	5.452
POLYLINE BLACK
-3.392	5.475
-3.533	5.528
-3.582	5.519
-3.718	5.481
POLYLINE BLACK
-4.472	3.730
-4.485	3.684
POLYLINE BLACK
-4.451	3.477
-4.539	3.575
-4.494	3.531
-4.584	3.610
POLYLINE BLACK
-4.395	3.570
-4.597	3.717
-4.635	3.822
-4.764	4.049
POLYLINE RED
-3.902	5.450
-4.321	5.070
-4.605	4.914
-4.716	4.391
-4.718	4.383
-4.718	4.374
-4.717	4.366
-4.712	4.316
-4.705	4.267
-4.698	4.217
POLYLINE BLACK
-6.482	6.178
-6.290	5.716
-6.475	6.192
-6.269	5.498
-6.260	5.469
-6.245	5.442
-6.228	5.417
-5.968	5.031
-5.033	4.663
-4.828	4.555
POLYLINE BLACK
-3.469	5.583
-3.591	5.596
-3.713	5.599
-3.834	5.620
-3.905	5.633
-3.974	5.659
-4.042	5.685
-4.457	5.846
-4.828	5.966
-5.134	6.291
-5.224	6.386
-5.311	6.484
-5.390	6.588
-5.799	7.127
-5.481	6.813
-5.790	7.098
POLYLINE RED
-5.682	7.145
-5.874	7.211
-6.069	7.269
-6.259	7.342
-6.315	7.364
-6.367	7.396
-6.418	7.428
-6.603	7.541
-6.779	7.668
-6.967	7.777
-6.989	7.790
-7.017	7.787
-7.042	7.792
POLYLINE RED
-7.021	7.722
-7.378	7.010
-7.369	7.293
-7.363	6.944
POLYLINE RED
-7.451	6.917
-7.337	6.805
-7.069	6.492
-6.859	6.376
-6.715	6.296
-6.566	6.227
-6.420	6.153
POLYLINE RED
-6.489	6.120
-6.557	6.665
-6.656	6.681
-6.213	6.977
-5.988	7.128
-6.033	7.114
-5.869	7.121
POLYLINE BLACK
8.008	4.606
7.553	5.009
POLYLINE BLACK
7.423	5.100
7.471	5.108
7.520	5.116
7.568	5.124
7.575	5.130
7.585	5.135
7.588	5.143
7.601	5.177
7.528	5.258
7.517	5.232
7.508	5.212
7.530	5.190
7.540	5.171
7.589	5.070
7.679	5.003
7.761	4.931
POLYLINE BLACK
8.762	4.034
8.762	4.034
POLYLINE BLACK
-7.075	7.800
-7.082	7.852
-7.085	7.904
-7.096	7.955
-7.122	8.078
-7.217	8.242
-7.340	8.292
-7.433	8.329
-7.649	8.356
-7.688	8.362
POLYLINE BLACK
-7.587	8.496
-7.691	8.488
-7.796	8.482
-7.899	8.473
-7.968	8.467
-8.037	8.457
-8.105	8.453
-8.182	8.449
-8.820	8.457
-9.070	8.374
-9.334	8.287
-9.592	8.186
-9.854	8.092
POLYLINE BLACK
-9.703	7.298
-9.798	7.397
-9.916	7.507
-9.926	7.654
-9.941	7.886
-9.609	8.276
-9.543	8.376
POLYLINE BLACK
-7.268	6.962
-7.372	7.097
-7.443	7.139
-7.616	7.135
-7.667	7.133
-7.754	7.118
-7.801	7.093
-7.930	7.022
-8.054	6.941
-8.180	6.865
POLYLINE BLACK
-7.888	6.946
-8.112	6.833
-8.170	6.760
-8.321	6.526
-8.370	6.451
-8.457	6.225
-8.562	6.129
-8.716	5.987
-8.865	5.955
-9.082	5.866
-9.117	5.852
-9.198	5.836
-9.237	5.840
-9.437	5.865
-9.569	5.907
-9.761	5.984
-9.846	6.019
-9.924	6.067
-10.009	6.102
-10.168	6.167
-10.405	6.151
-10.546	6.152
-10.615	6.152
-10.602	6.146
-10.592	6.108
POLYLINE BLACK
-10.307	6.183
-10.522	6.143
-10.724	6.183
-10.934	6.216
POLYLINE RED
-10.918	7.373
-10.969	7.321
-11.024	7.272
-11.071	7.215
-11.207	7.050
-11.296	6.829
-11.183	6.626
-11.004	6.304
-11.122	6.558
-10.932	6.277
-10.896	6.223
-10.870	6.164
-10.839	6.108
POLYLINE BROWN
-8.986	6.672
-9.254	6.656
-9.346	6.625
-9.582	6.497
-9.597	6.489
-9.618	6.466
-9.612	6.445
-9.609	6.436
-9.602	6.427
-9.593	6.421
-9.560	6.401
-9.526	6.384
-9.490	6.370
-9.355	6.320
-9.187	6.273
-9.080	6.400
-9.032	6.458
-8.981	6.596
-8.965	6.631
POLYLINE BROWN
-9.898	7.022
-9.984	7.019
-10.082	7.028
-10.164	6.990
-10.296	6.929
-10.423	6.858
-10.551	6.789
-10.611	6.756
-10.592	6.700
-10.555	6.659
-10.449	6.546
-10.345	6.431
-10.236	6.321
-10.230	6.315
-10.221	6.312
-10.213	6.310
-10.118	6.285
-10.011	6.468
-9.988	6.510
-9.984	6.519
-9.830	6.807
-9.816	6.924
-9.814	6.937
-9.820	6.949
-9.822	6.962
POLYLINE BROWN
-9.361	7.252
-9.700	7.432
-9.745	7.541
-9.879	7.193
-9.907	7.120
-9.921	7.040
-9.907	6.962
-9.894	6.897
-9.852	6.837
-9.777	6.850
-9.689	6.865
-9.584	6.886
-9.516	6.949
-9.446	7.013
-9.444	7.125
-9.484	7.206
-9.490	7.218
-9.494	7.235
-9.507	7.238
-9.534	7.243
-9.563	7.231
-9.591	7.228
POLYLINE BROWN
-8.420	6.707
-8.485	6.717
-8.579	6.753
-8.644	6.710
-8.800	6.606
-8.685	6.289
-8.580	6.214
-8.550	6.193
-8.519	6.217
-8.501	6.242
-8.418	6.357
-8.403	6.505
-8.420	6.644
-8.422	6.666
-8.442	6.683
-8.453	6.703
POLYLINE BLACK
-10.474	6.251
-10.597	6.176
-10.681	6.094
-10.747	5.967
-10.774	5.918
-10.804	5.815
-10.856	5.771
-10.956	5.687
-11.060	5.609
-11.165	5.531
-11.193	5.511
-11.230	5.502
-11.255	5.477
-11.303	5.429
-11.339	5.369
-11.382	5.315
POLYLINE RED
-9.529	7.312
-9.265	7.232
-9.186	6.944
-8.982	6.786
-8.854	6.688
-8.626	6.666
-8.482	6.739
-8.434	6.763
-8.333	6.847
-8.315	6.861
POLYLINE BLACK
-9.426	8.160
-10.495	7.837
POLYLINE BLACK
-10.327	7.940
-10.454	7.896
-10.569	7.842
-10.656	7.736
-10.711	7.669
-10.754	7.594
-10.809	7.528
-11.029	7.262
-10.930	7.438
-11.007	7.292
POLYLINE BROWN
-10.182	7.882
-10.281	7.825
-10.381	7.770
-10.478	7.710
-10.616	7.627
-10.344	7.462
-10.240	7.526
-10.144	7.585
-10.099	7.761
-10.077	7.863
-10.063	7.933
-10.124	7.924
-10.165	7.902
-10.217	7.872
-10.269	7.842
-10.321	7.812
POLYLINE BROWN
-10.462	7.497
-10.692	7.609
-10.726	7.378
-10.573	7.268
-10.505	7.219
-10.381	7.216
-10.335	7.298
-10.328	7.310
-10.319	7.323
-10.317	7.338
-10.317	7.346
-10.325	7.353
-10.330	7.360
-10.362	7.403
-10.395	7.445
-10.427	7.487
POLYLINE BROWN
-10.041	7.642
-10.073	7.570
-10.101	7.497
-10.137	7.427
-10.182	7.340
-10.237	7.259
-10.283	7.173
-10.289	7.163
-10.290	7.152
-10.290	7.141
-10.290	7.039
-9.965	7.055
-9.915	7.114
-9.873	7.163
-9.892	7.248
-9.903	7.301
-9.909	7.331
-9.937	7.416
-9.962	7.440
-9.987	7.464
-10.021	7.478
-10.050	7.497
POLYLINE BROWN
-5.543	6.003
-5.566	6.040
-5.587	6.078
-5.612	6.113
-5.678	6.203
-5.862	6.176
-5.939	6.119
-5.964	6.101
-5.999	6.069
-5.991	6.033
-5.980	5.979
-5.859	5.931
-5.839	5.922
-5.808	5.907
-5.772	5.891
-5.737	5.893
-5.719	5.894
-5.703	5.898
-5.687	5.906
-5.678	5.910
-5.671	5.916
-5.663	5.921
-5.657	5.926
-5.642	5.942
-5.645	5.935
-5.650	5.922
-5.662	5.914
-5.670	5.903
POLYLINE BROWN
-5.587	5.719
-5.706	5.686
-5.826	5.652
-5.945	5.618
-5.952	5.612
-5.961	5.607
-5.966	5.599
-5.985	5.569
-5.956	5.529
-5.937	5.509
-5.857	5.428
-5.770	5.355
-5.659	5.321
-5.491	5.269
-5.390	5.358
-5.384	5.526
-5.380	5.657
-5.442	5.664
-5.554	5.752
POLYLINE BROWN
-4.851	5.426
-4.898	5.430
-4.944	5.437
-4.991	5.438
-5.062	5.439
-5.163	5.419
-5.212	5.363
-5.266	5.301
-5.212	5.203
-5.157	5.163
-5.081	5.109
-4.981	5.100
-4.893	5.091
-4.851	5.086
-4.792	5.084
-4.752	5.109
-4.636	5.185
-4.711	5.413
-4.822	5.457
-4.875	5.478
-4.933	5.459
-4.986	5.453
POLYLINE BROWN
-3.255	4.597
-3.348	4.559
-3.444	4.526
-3.535	4.485
-3.555	4.476
-3.667	4.429
-3.666	4.376
-3.664	4.298
-3.408	4.206
-3.325	4.262
-3.247	4.315
-3.209	4.519
-3.197	4.554
POLYLINE BROWN
-4.165	4.220
-4.259	4.151
-4.355	4.085
-4.446	4.012
-4.472	3.992
-4.457	3.954
-4.440	3.936
-4.431	3.925
-4.421	3.916
-4.409	3.909
-4.335	3.866
-4.260	3.825
-4.184	3.786
-4.168	3.777
-4.143	3.774
-4.125	3.782
-4.109	3.790
-4.093	3.812
-4.091	3.829
-4.055	4.078
-4.042	4.003
-4.095	4.154
POLYLINE BROWN
-2.231	4.361
-2.319	4.399
-2.392	4.445
-2.486	4.455
-2.525	4.459
-2.707	4.465
-2.715	4.402
-2.718	4.383
-2.699	4.360
-2.687	4.349
-2.620	4.289
-2.545	4.206
-2.455	4.168
-2.339	4.119
-2.225	4.201
-2.180	4.306
-2.156	4.363
-2.189	4.456
-2.194	4.494
POLYLINE BROWN
-13.163	5.692
-13.165	5.711
POLYLINE BROWN
-12.843	6.939
-13.295	6.128
-12.695	7.228
-13.289	6.008
-13.343	5.897
-13.479	5.747
-13.554	5.658
POLYLINE BROWN
-12.781	7.078
-12.928	7.005
-13.075	6.930
-13.223	6.858
-13.234	6.853
-13.567	6.733
-13.670	6.634
-13.896	6.416
-13.954	5.940
-14.020	5.713
-14.029	5.682
-14.046	5.639
-13.998	5.633
-13.890	5.617
-13.655	5.754
-13.593	5.772
-13.544	5.787
-13.492	5.782
-13.442	5.787
POLYLINE BROWN
-13.511	6.722
-13.491	6.693
-13.460	6.619
-13.414	6.595
-13.345	6.557
-13.242	6.627
-13.197	6.668
-13.096	6.760
-13.007	6.864
-12.907	6.958
-12.859	7.004
-12.805	7.043
-12.754	7.085
POLYLINE BROWN
-13.304	6.591
-13.971	5.826
-13.262	6.663
-13.897	5.835
-13.938	5.781
-13.989	5.736
-14.035	5.686
POLYLINE BROWN
-11.565	8.517
-11.625	8.458
-11.692	8.405
-11.744	8.339
-11.834	8.222
-11.910	8.096
-11.989	7.971
-11.993	7.963
-11.992	7.953
-11.991	7.945
-11.987	7.914
-11.954	7.891
-11.928	7.882
-11.762	7.827
-11.562	7.782
-11.403	7.885
-11.381	7.900
-11.359	7.916
-11.341	7.934
-11.225	8.051
-11.113	8.171
-11.001	8.292
-10.991	8.303
-10.980	8.330
-10.977	8.345
-10.967	8.403
-11.019	8.451
-11.058	8.484
-11.139	8.553
-11.255	8.620
-11.364	8.628
-11.420	8.632
-11.476	8.625
-11.533	8.624
POLYLINE BROWN
-11.504	8.662
-11.432	8.316
-11.455	8.506
-11.451	8.090
POLYLINE BROWN
-11.529	8.224
-11.234	8.421
-11.231	8.373
-10.800	8.436
POLYLINE BROWN
-12.070	5.453
-12.116	5.312
-12.468	5.177
-12.488	4.964
-12.511	4.728
-12.061	4.817
-11.952	4.836
POLYLINE BROWN
-12.021	5.534
-11.998	5.378
-11.735	5.297
-11.705	5.122
-11.692	5.043
-11.775	4.957
-11.830	4.917
-12.075	4.737
-12.036	4.761
-12.217	4.682
POLYLINE BROWN
-12.817	5.754
-12.965	5.586
-13.115	5.420
-13.259	5.249
-13.412	5.068
-12.918	4.903
-12.846	5.066
-12.758	5.264
-12.797	5.210
-12.721	5.467
-12.710	5.504
-12.691	5.539
-12.680	5.577
-12.657	5.658
-12.691	5.716
-12.732	5.781
POLYLINE BROWN
-12.112	7.391
-12.162	7.361
-12.213	7.334
-12.260	7.302
-12.304	7.271
-12.397	7.189
-12.357	7.124
-12.323	7.068
-12.210	7.036
-12.169	7.022
-12.084	6.993
-11.974	6.971
-11.900	7.037
-11.801	7.126
-11.748	7.265
-11.734	7.395
-11.729	7.439
-11.719	7.534
-11.788	7.539
-11.862	7.544
-11.999	7.447
-12.025	7.433
POLYLINE BROWN
-12.323	8.525
-12.489	8.444
-12.660	8.372
-12.822	8.281
-13.065	8.144
-13.144	8.048
-12.897	7.904
-12.880	7.894
-12.772	7.839
-12.731	7.841
-12.667	7.844
-12.605	7.859
-12.541	7.868
POLYLINE BROWN
-12.263	8.595
-12.368	8.424
-12.282	8.106
-12.429	7.971
-12.466	7.937
-12.513	7.942
-12.558	7.931
-12.608	7.918
-12.656	7.902
-12.705	7.887
POLYLINE GRAY
-10.419	8.125
-10.649	8.560
-10.546	8.397
-11.146	9.037
-11.204	9.099
-11.276	9.147
-11.347	9.192
-11.554	9.324
-11.772	9.438
-11.978	9.569
-12.583	9.955
-12.073	9.809
-13.192	10.188
-13.337	10.237
-13.494	10.247
-13.647	10.250
-13.929	10.255
-14.426	10.223
-14.727	10.126
-14.924	10.062
-15.107	9.962
-15.302	9.893
-15.539	9.808
-15.671	9.821
-15.864	9.697
-16.039	9.585
-16.092	9.523
-16.223	9.378
-16.266	9.330
-16.299	9.271
-16.350	9.230
-16.641	8.995
-16.905	8.938
-17.004	8.579
-17.088	8.277
-16.995	7.551
-16.989	7.514
-16.934	7.137
-16.829	6.770
-16.731	6.402
-16.680	6.209
-16.603	6.073
-16.491	5.913
-16.429	5.824
-16.354	5.744
-16.295	5.653
-16.248	5.579
-16.143	5.293
-16.010	5.204
-15.986	5.188
-15.949	5.171
-15.919	5.166
-15.348	5.080
-14.774	5.015
-14.204	4.915
-13.929	4.867
-13.662	4.775
-13.387	4.724
-13.254	4.699
-12.730	4.583
-12.497	4.689
-12.300	4.779
-12.115	4.897
-11.917	4.984
-10.425	5.640
-11.672	5.026
-11.046	5.338
POLYLINE BROWN
-12.882	9.260
-12.972	9.275
-13.053	9.284
-13.139	9.242
-13.290	9.167
-13.438	9.084
-13.586	9.003
-13.594	8.999
-13.599	8.992
-13.605	8.986
-13.647	8.936
-13.605	8.880
-13.566	8.844
-13.478	8.764
-13.356	8.750
-13.247	8.713
-13.213	8.702
-13.181	8.685
-13.147	8.674
-13.066	8.650
-12.937	8.645
-12.870	8.709
-12.797	8.779
-12.825	8.923
-12.848	9.005
-12.888	9.147
-12.925	9.189
-13.020	9.296
POLYLINE BROWN
-14.408	9.244
-14.473	9.278
-14.532	9.315
-14.606	9.309
-14.620	9.308
-14.634	9.306
-14.647	9.302
-14.739	9.273
-14.832	9.244
-14.922	9.209
-15.127	9.130
-15.105	8.936
-15.028	8.761
-15.006	8.711
-14.959	8.623
-14.914	8.577
-14.866	8.528
-14.815	8.492
-14.754	8.460
-14.699	8.433
-14.613	8.402
-14.566	8.458
-14.505	8.529
-14.279	8.849
-14.306	9.031
-14.317	9.103
-14.364	9.142
-14.424	9.181
-14.513	9.238
-14.635	9.292
-14.741	9.248
-14.791	9.227
-14.823	9.190
-14.866	9.155
POLYLINE BROWN
-13.733	8.543
-13.859	8.460
-13.955	8.374
-14.097	8.334
-14.348	8.264
-14.173	8.329
-14.379	8.293
-14.384	8.292
-14.387	8.285
-14.386	8.281
-14.385	8.273
-14.379	8.267
-14.374	8.262
-14.305	8.198
-14.215	8.158
-14.160	8.078
-14.113	8.012
-13.993	7.778
-13.883	7.675
-13.834	7.629
-13.758	7.684
-13.729	7.724
-13.647	7.835
-13.524	7.979
-13.484	8.128
-13.463	8.205
-13.424	8.341
-13.448	8.432
-13.470	8.511
-13.547	8.650
-13.644	8.657
-13.733	8.663
-13.782	8.645
-13.864	8.612
POLYLINE BROWN
-13.977	7.278
-14.271	7.284
-14.166	7.289
-14.566	7.242
-14.647	7.232
-14.674	7.140
-14.642	7.076
-14.570	6.935
-14.422	6.854
-14.266	6.888
-14.211	6.900
-14.156	6.912
-14.104	6.935
-14.013	6.976
-13.927	7.029
-13.840	7.079
-13.718	7.149
-13.926	7.192
-13.958	7.200
-14.091	7.235
-14.301	7.201
-14.397	7.186
-14.450	7.177
-14.499	7.151
-14.549	7.133
POLYLINE BROWN
-14.738	6.508
-14.967	6.339
-15.198	6.172
-15.425	6.002
-15.430	5.997
-15.433	5.990
-15.435	5.984
-15.462	5.913
-15.333	5.835
-15.301	5.813
-15.240	5.770
-15.024	5.690
-15.019	5.689
-14.858	5.628
-14.729	5.841
-14.667	5.947
-14.632	6.006
-14.589	6.101
-14.633	6.168
-14.711	6.289
-14.724	6.269
-14.863	6.404
-14.883	6.423
-14.899	6.446
-14.918	6.468
POLYLINE BROWN
-14.846	8.153
-14.975	8.005
-15.086	7.841
-15.232	7.710
-15.396	7.562
-15.587	7.447
-15.768	7.321
-15.809	7.292
-15.857	7.272
-15.898	7.243
-15.904	7.239
-15.909	7.229
-15.906	7.222
-15.903	7.214
-15.892	7.211
-15.884	7.207
-15.783	7.161
-15.679	7.122
-15.579	7.074
-15.387	6.983
-15.373	6.943
-15.203	6.902
-15.159	6.892
-15.089	6.879
-15.045	6.908
-15.036	6.913
-15.020	6.927
-15.016	6.937
-14.972	7.023
-14.925	7.108
-14.890	7.199
-14.816	7.391
-14.735	7.699
-14.797	7.911
-14.803	7.930
-14.824	7.985
-14.853	7.983
-14.870	7.982
-14.885	7.974
-14.901	7.969
POLYLINE BROWN
-11.602	6.114
-11.777	6.165
-11.951	6.219
-12.126	6.266
-12.143	6.270
-12.148	6.245
-12.149	6.237
-12.153	6.143
-12.063	6.029
-12.002	5.970
-11.838	5.809
-11.824	5.808
-11.609	5.694
-11.588	5.683
-11.553	5.666
-11.524	5.665
-11.465	5.664
-11.401	5.746
-11.435	5.803
-11.505	5.919
-11.583	6.022
-11.661	6.133

ELEVATION
STATIONS
0.000	0.000	0
0.308	-0.748	1
-0.833	1.656	2
-0.518	4.993	3
-3.692	4.816	4
-4.930	11.773	5
-6.569	16.968	6
-7.941	17.831	7
-8.595	24.115	8
-11.101	25.587	9
-11.543	27.649	10
-13.109	27.087	11
-16.768	39.852	12
SHOTS
0.000	0.000	1.000	-0.712
0.000	0.000	0.202	0.037
0.000	0.000	-0.923	0.087
0.000	0.000	0.856	0.132
0.000	0.000	0.498	0.164
0.000	0.000	-0.025	2.703
0.000	0.000	0.308	-0.748
0.308	-0.748	1.425	-0.513
0.308	-0.748	0.038	0.956
0.308	-0.748	-0.833	1.656
-0.833	1.656	-0.066	1.635
-0.833	1.656	-0.317	1.766
-0.833	1.656	-0.378	0.740
-0.833	1.656	-0.184	1.065
-0.833	1.656	-0.518	4.993
-0.518	4.993	-1.061	4.795
-0.518	4.993	0.499	4.497
-0.518	4.993	-2.070	4.830
-0.518	4.993	-4.590	4.749
-0.518	4.993	-3.245	4.726
-0.518	4.993	-3.692	4.816
-3.692	4.816	-4.776	11.049
-3.692	4.816	-5.447	12.483
-3.692	4.816	-5.009	10.662
-3.692	4.816	-5.359	12.619
-3.692	4.816	-4.951	11.795
-3.692	4.816	-4.932	11.792
-3.692	4.816	-5.035	12.183
-3.692	4.816	-4.930	11.773
-4.930	11.773	-5.171	11.790
-4.930	11.773	-6.261	11.951
-4.930	11.773	-6.170	11.958
-4.930	11.773	-5.419	16.281
-4.930	11.773	-6.946	16.394
-4.930	11.773	-6.569	16.968
-6.569	16.968	-6.430	16.975
-6.569	16.968	-6.886	17.198
-6.569	16.968	-8.116	17.408
-6.569	16.968	-7.951	17.818
-6.569	16.968	-7.958	17.817
-6.569	16.968	-7.941	17.831
-7.941	17.831	-9.940	18.273
-7.941	17.831	-8.149	17.961
-7.941	17.831	-6.947	17.843
-7.941	17.831	-8.741	25.732
-7.941	17.831	-8.595	24.115
-8.595	24.115	-9.348	24.297
-8.595	24.115	-9.129	24.506
-8.595	24.115	-8.709	25.686
-8.595	24.115	-11.523	25.845
-8.595	24.115	-11.101	25.587
-11.101	25.587	-11.018	25.748
-11.101	25.587	-10.870	25.592
-11.101	25.587	-10.854	26.110
-11.101	25.587	-11.543	27.649
-11.543	27.649	-13.109	27.087
-13.109	27.087	-16.592	38.664
-13.109	27.087	-16.768	39.852

