TRIP
DATE 2024-08-25
DECLINATION 0.0
DATA
0		354.95	-21.85	4.536	>
0		354.97	-21.83	4.545	>
0		354.98	-21.71	4.549	>
0		342.09	-20.93	2.654	>
0		358.82	-20.19	2.253	>
0		349.01	-19.28	4.358	>
0		357.20	-21.02	4.677	>
0	1	354.97	-21.80	4.543	>
1		105.41	-60.85	8.283	>
1		105.13	-60.97	8.292	>
1		105.11	-60.80	8.286	>
1		111.04	-47.63	3.427	>
1		106.32	-64.27	8.037	>
1		110.00	-64.11	2.875	>
1		117.01	-48.65	3.358	>
1	2	105.22	-60.87	8.287	>
2		210.54	-9.03	1.536	>
2		251.03	30.49	1.149	>
2		111.29	27.78	0.254	>
2		247.38	85.83	2.396	>
2		169.43	-25.32	2.087	>
2		169.40	-25.16	2.088	>
2		169.77	-25.18	2.093	>
2	3	169.53	-25.22	2.089	>
3		46.63	-68.54	0.807	>
3		198.49	-71.08	0.825	>
3		42.32	-41.33	1.143	>
3		91.96	-55.61	1.031	>
3		104.33	-71.13	6.632	>
3		104.43	-71.11	6.614	>
3		104.38	-71.17	6.619	>
3	4	104.38	-71.14	6.622	>
4		269.92	1.11	0.677	>
4		315.51	-80.98	0.658	>
4		263.36	71.27	4.446	>
4		192.02	-28.86	3.456	>
4		192.12	-28.91	3.452	>
4		192.07	-29.03	3.456	>
4	5	192.07	-28.93	3.455	>
5		344.39	-13.71	2.261	>
5		323.80	-18.09	1.338	>
5		14.19	1.26	1.185	>
5		351.59	-30.92	6.141	>
5		351.60	-30.96	6.137	>
5		351.52	-30.94	6.140	>
5	6	351.57	-30.94	6.139	>
6		95.22	8.43	0.678	>
6		68.07	70.05	0.626	>
6		30.82	-16.54	3.802	>
6		30.86	-16.47	3.806	>
6		30.72	-16.46	3.782	>
6	7	30.80	-16.49	3.797	>
7		287.16	12.17	0.914	>
7		0.98	-2.92	3.143	>
7		1.00	-3.03	3.152	>
7		1.01	-3.08	3.144	>
7	8	1.00	-3.01	3.146	>
8		97.72	8.70	0.551	>
8		18.18	-6.66	6.570	>
8		18.18	-6.70	6.571	>
8		18.23	-6.64	6.563	>
8	9	18.20	-6.67	6.568	>
9		222.49	-21.55	0.684	>
9		182.71	22.79	0.795	>
9		187.19	17.22	2.053	>
9		271.42	-25.38	4.247	>
9		271.47	-25.59	1.532	>
9		271.33	-25.50	5.214	>
9		271.29	-25.59	5.681	>
9		271.39	-25.62	4.280	>
9		271.35	-25.60	4.302	>
9		271.49	-25.81	5.676	>
9		271.57	-25.93	5.696	>
9		271.67	-25.91	5.700	>
9	10	271.58	-25.88	5.691	>
10		343.06	1.06	1.550	>
10		151.68	19.70	1.886	>
10		48.38	-70.41	7.488	>
10		90.88	-67.60	6.110	>
10		76.05	-71.38	10.952	>
10		76.03	-71.15	10.986	>
10		76.01	-70.90	11.024	>
10	11	76.03	-71.14	10.987	>

PLAN
STATIONS
0.000	0.000	0
-0.370	4.202	1
3.523	3.144	2
3.866	1.285	3
5.940	0.753	4
5.308	-2.203	5
4.536	3.005	6
6.400	6.132	7
6.454	9.274	8
8.491	15.471	9
3.373	15.612	10
6.820	16.470	11
SHOTS
0.000	0.000	-0.762	2.359
0.000	0.000	-0.044	2.114
0.000	0.000	-0.784	4.038
0.000	0.000	-0.213	4.361
0.000	0.000	-0.370	4.202
-0.370	4.202	1.786	3.373
-0.370	4.202	2.979	3.222
-0.370	4.202	0.810	3.773
-0.370	4.202	1.607	3.195
-0.370	4.202	3.523	3.144
3.523	3.144	2.752	1.837
3.523	3.144	2.586	2.822
3.523	3.144	3.732	3.062
3.523	3.144	3.362	3.077
3.523	3.144	3.866	1.285
3.866	1.285	4.081	1.488
3.866	1.285	3.781	1.031
3.866	1.285	4.444	1.919
3.866	1.285	4.448	1.265
3.866	1.285	5.940	0.753
5.940	0.753	5.263	0.752
5.940	0.753	5.868	0.827
5.940	0.753	4.522	0.588
5.940	0.753	5.308	-2.203
5.308	-2.203	4.717	-0.088
5.308	-2.203	4.556	-1.177
5.308	-2.203	5.598	-1.055
5.308	-2.203	4.536	3.005
4.536	3.005	5.203	2.944
4.536	3.005	4.734	3.085
4.536	3.005	6.400	6.132
6.400	6.132	5.546	6.396
6.400	6.132	6.454	9.274
6.454	9.274	6.994	9.201
6.454	9.274	8.491	15.471
8.491	15.471	8.062	15.002
8.491	15.471	8.457	14.739
8.491	15.471	8.246	13.526
8.491	15.471	4.656	15.566
8.491	15.471	7.110	15.507
8.491	15.471	3.787	15.581
8.491	15.471	3.369	15.586
8.491	15.471	4.633	15.565
8.491	15.471	4.613	15.563
8.491	15.471	3.373	15.612
3.373	15.612	2.922	17.095
3.373	15.612	4.216	14.049
3.373	15.612	5.250	17.280
3.373	15.612	5.702	15.577
3.373	15.612	6.820	16.470
POLYLINE BLACK
0.333	-0.543
0.405	-0.537
0.520	-0.514
0.580	-0.580
0.638	-0.643
0.578	-0.834
0.540	-0.886
0.462	-0.993
0.378	-1.095
0.290	-1.194
0.257	-1.232
0.217	-1.263
0.179	-1.296
0.155	-1.316
0.125	-1.328
0.105	-1.352
0.100	-1.357
0.118	-1.361
0.125	-1.360
0.220	-1.359
0.315	-1.347
0.411	-1.346
0.467	-1.345
0.524	-1.353
0.581	-1.356
POLYLINE BLACK
0.701	-1.182
0.764	-1.060
0.834	-0.940
0.890	-0.814
0.935	-0.712
0.955	-0.599
1.004	-0.498
1.037	-0.431
0.952	-0.639
0.940	-0.713
0.868	-1.145
0.838	-1.033
0.951	-1.267
POLYLINE BLACK
1.367	-1.262
1.335	-1.322
POLYLINE BLACK
1.869	-0.531
1.870	-0.537
1.808	-0.651
1.859	-0.673
1.940	-0.708
2.070	-0.624
2.149	-0.694
2.191	-0.732
2.208	-0.799
2.212	-0.852
2.223	-0.994
2.160	-1.142
2.035	-1.215
1.996	-1.238
1.950	-1.254
1.904	-1.252
1.885	-1.251
1.824	-1.240
1.813	-1.227
1.774	-1.181
1.750	-1.126
1.719	-1.075
POLYLINE BLACK
1.844	-0.412
1.993	-0.328
2.027	-0.349
2.201	-0.380
POLYLINE BLACK
2.613	-0.384
2.542	-0.413
2.463	-0.441
2.429	-0.516
2.393	-0.595
2.326	-0.740
2.356	-0.834
2.366	-0.865
2.390	-0.887
2.419	-0.901
2.563	-0.969
2.673	-0.799
2.742	-0.700
2.788	-0.633
2.805	-0.565
2.822	-0.485
2.834	-0.430
2.853	-0.335
2.800	-0.291
2.749	-0.249
2.658	-0.259
2.607	-0.293
2.573	-0.316
2.542	-0.343
2.510	-0.368
POLYLINE BLACK
0.003	2.138
0.097	1.939
0.052	1.446
0.252	1.199
0.320	1.115
0.406	0.977
0.521	0.928
0.577	0.905
0.598	0.925
0.651	0.931
0.708	0.937
0.765	0.940
0.822	0.945
POLYLINE BLACK
-0.784	2.351
-1.801	2.672
-1.423	2.520
-1.943	2.740
POLYLINE BLACK
-0.824	2.440
-0.837	2.484
-0.853	2.528
-0.863	2.573
-0.870	2.606
-0.872	2.640
-0.872	2.674
-0.867	2.867
-0.848	3.060
-0.848	3.254
-0.848	3.640
-0.903	3.426
-0.844	3.721
-0.822	3.835
-0.755	3.903
-0.674	3.986
-0.608	4.052
-0.538	4.114
-0.472	4.180
-0.460	4.191
-0.453	4.209
-0.439	4.218
-0.382	4.249
-0.320	4.271
-0.260	4.298
POLYLINE BLACK
9.055	2.226
9.043	2.072
9.054	2.151
9.017	1.990
POLYLINE BLACK
0.000	-0.000
0.000	-0.000
POLYLINE BLACK
-0.056	4.321
0.005	4.325
0.067	4.340
0.128	4.333
0.410	4.303
0.687	4.244
0.968	4.212
1.538	4.148
1.492	4.237
1.989	4.041
2.130	3.985
2.262	3.906
2.396	3.837
2.427	3.821
2.453	3.796
2.485	3.785
2.675	3.719
2.992	3.668
3.168	3.634
POLYLINE BLACK
-0.005	2.189
0.061	2.372
0.070	2.516
0.032	2.708
0.020	2.767
-0.004	2.824
-0.016	2.883
-0.025	2.931
-0.022	3.042
-0.012	3.089
-0.006	3.117
0.009	3.142
0.019	3.169
POLYLINE BLACK
-0.158	4.361
-0.125	4.357
-0.074	4.356
-0.053	4.321
-0.047	4.309
-0.042	4.296
-0.037	4.283
POLYLINE BLACK
-0.082	4.269
-0.152	4.225
-0.208	4.175
-0.248	4.102
-0.287	4.032
-0.296	3.862
-0.298	3.837
-0.303	3.748
-0.298	3.643
-0.270	3.555
-0.258	3.514
-0.243	3.474
-0.226	3.435
-0.191	3.353
-0.215	3.427
-0.195	3.386
-0.182	3.360
-0.171	3.334
-0.159	3.308
POLYLINE BLACK
0.069	3.200
0.090	3.204
0.110	3.208
0.130	3.210
0.142	3.212
0.154	3.212
0.165	3.209
0.309	3.181
0.450	3.132
0.597	3.119
0.747	3.106
0.899	3.123
1.049	3.132
1.290	3.148
1.412	3.203
1.649	3.157
1.870	3.114
2.087	3.053
2.303	2.989
2.365	2.971
2.461	2.925
2.519	2.877
2.577	2.829
2.631	2.747
2.654	2.675
2.701	2.527
2.774	2.362
2.780	2.198
2.781	2.179
2.780	2.160
2.776	2.141
2.737	1.930
2.745	2.014
2.666	1.787
2.658	1.766
2.655	1.744
2.650	1.722
POLYLINE BLACK
3.259	3.656
3.365	3.543
3.472	3.431
3.578	3.318
3.592	3.300
3.605	3.281
3.621	3.264
3.647	3.235
3.675	3.207
3.702	3.179
POLYLINE BLACK
4.444	2.093
4.288	2.046
4.159	1.937
4.059	1.810
3.955	1.676
3.827	1.269
3.816	1.237
3.801	1.194
3.783	1.107
3.789	1.053
3.799	0.975
3.818	0.919
3.839	0.844
POLYLINE BLACK
2.657	1.867
2.710	1.663
2.754	1.518
2.887	1.360
2.923	1.316
2.957	1.294
3.005	1.266
3.158	1.175
3.308	1.079
3.465	0.996
3.606	0.921
3.737	0.895
3.877	0.982
POLYLINE BLACK
3.637	3.312
3.737	3.210
3.852	3.120
3.939	3.006
4.032	2.885
4.097	2.746
4.172	2.613
4.270	2.442
4.253	2.462
4.315	2.320
4.427	2.060
4.383	2.190
4.444	1.981
POLYLINE BLACK
3.926	1.039
3.947	1.042
3.968	1.047
3.990	1.049
4.006	1.051
4.045	1.042
4.055	1.037
4.191	0.959
4.327	0.882
4.457	0.795
4.501	0.766
4.539	0.728
4.577	0.690
4.632	0.635
4.646	0.591
4.696	0.528
4.714	0.504
4.737	0.484
4.757	0.463
POLYLINE BLACK
4.617	1.765
4.964	1.538
4.875	1.561
5.083	1.479
5.160	1.448
5.239	1.422
5.315	1.387
5.344	1.374
5.368	1.352
5.395	1.334
POLYLINE BLACK
4.526	1.958
4.527	1.955
POLYLINE BLACK
4.544	1.905
4.786	1.617
4.625	1.799
5.048	1.379
POLYLINE BLACK
5.263	1.406
5.383	1.421
5.441	1.409
5.556	1.363
5.574	1.356
5.592	1.347
5.607	1.334
5.671	1.283
5.728	1.224
5.790	1.171
5.835	1.133
5.886	1.103
5.929	1.062
6.093	0.903
6.155	0.851
6.216	0.659
6.235	0.597
6.231	0.520
6.212	0.458
6.188	0.378
6.145	0.334
6.092	0.268
POLYLINE BLACK
5.427	-0.714
5.507	-0.601
5.585	-0.461
5.533	-0.318
5.488	-0.196
5.276	-0.103
5.164	-0.185
5.089	-0.240
5.046	-0.347
5.040	-0.437
5.020	-0.715
5.047	-0.813
5.121	-1.111
5.134	-1.166
5.194	-1.339
5.277	-1.347
5.309	-1.350
5.343	-1.320
5.358	-1.295
5.527	-1.019
5.503	-0.921
5.498	-0.599
POLYLINE BLACK
4.794	0.441
4.561	-0.741
5.017	1.499
4.515	-0.565
4.469	-0.755
4.496	-0.963
4.509	-1.155
POLYLINE BLACK
4.894	4.050
4.900	4.050
POLYLINE BLACK
6.227	0.291
6.216	-0.120
6.233	-0.264
6.165	-0.625
6.147	-0.719
6.129	-0.814
6.096	-0.904
5.980	-1.221
5.855	-1.536
5.718	-1.845
5.705	-1.875
5.614	-2.087
5.520	-2.140
5.447	-2.181
5.375	-2.168
5.301	-2.136
5.285	-2.130
5.270	-2.122
5.256	-2.111
5.107	-1.999
4.989	-1.915
4.877	-1.769
4.757	-1.614
4.683	-1.458
4.617	-1.273
4.586	-1.187
4.573	-0.965
4.566	-0.901
4.565	-0.890
4.562	-0.879
4.558	-0.868
4.539	-0.818
4.516	-0.768
4.495	-0.719
POLYLINE BLACK
4.582	-0.120
4.590	-0.119
POLYLINE BLACK
4.603	-0.110
4.664	-0.020
4.730	0.068
4.787	0.161
4.842	0.250
4.906	0.428
4.925	0.520
5.003	0.914
4.926	1.334
4.796	1.708
POLYLINE BLACK
4.841	1.612
4.795	1.917
4.793	2.023
4.636	2.246
4.622	2.266
4.605	2.284
4.586	2.300
4.570	2.314
4.550	2.323
4.532	2.334
POLYLINE BLACK
4.610	2.264
4.588	2.644
4.607	2.404
4.532	2.981
POLYLINE BLACK
6.138	0.874
6.084	0.964
6.034	1.056
5.976	1.144
5.898	1.262
5.802	1.368
5.731	1.491
5.572	1.766
5.459	2.000
5.369	2.290
5.335	2.400
5.299	2.510
5.277	2.623
5.240	2.816
5.217	3.012
5.194	3.208
5.190	3.242
5.192	3.276
5.197	3.310
5.213	3.431
5.249	3.520
5.310	3.630
5.460	3.899
5.617	4.165
5.776	4.429
5.885	4.610
6.015	4.779
6.113	4.966
6.845	6.365
6.251	5.374
6.427	5.667
POLYLINE BLACK
4.404	3.162
4.899	3.808
4.729	3.565
5.326	5.166
5.340	5.202
5.551	5.937
5.545	6.236
5.543	6.312
5.529	6.387
5.522	6.463
POLYLINE BLACK
6.465	5.628
6.527	5.877
6.474	6.048
6.425	6.301
POLYLINE BLACK
6.415	9.301
6.381	9.108
6.370	8.910
6.312	8.723
6.222	8.430
6.067	8.160
5.974	7.868
5.879	7.573
5.832	7.265
5.749	6.966
5.724	6.879
5.682	6.798
5.649	6.714
5.596	6.482
5.543	6.250
5.490	6.019
POLYLINE BLACK
6.568	6.110
6.615	6.587
6.661	7.065
6.708	7.542
6.729	7.691
6.755	7.838
6.772	7.987
6.785	8.105
6.772	8.225
6.798	8.340
6.866	8.648
6.967	8.948
7.052	9.251
7.074	9.327
7.091	9.300
7.018	9.329
POLYLINE BLACK
6.499	9.272
6.550	9.415
6.619	9.553
6.651	9.702
6.991	11.278
6.836	11.480
7.441	12.796
8.033	14.082
7.852	13.278
8.131	14.115
8.205	14.337
8.149	14.691
8.130	14.916
POLYLINE BLACK
7.168	9.204
8.349	12.195
6.813	8.169
8.246	12.630
8.347	12.946
8.533	13.229
8.651	13.539
8.905	14.207
8.858	14.456
8.876	15.248
8.878	15.335
8.860	15.475
8.805	15.552
8.716	15.676
8.537	15.725
8.396	15.762
POLYLINE BLACK
8.210	15.857
6.757	15.868
6.677	15.846
4.823	16.037
4.646	16.056
4.477	16.119
4.304	16.160
POLYLINE BLACK
8.698	14.113
8.734	14.224
8.805	14.374
8.809	14.507
8.813	14.611
8.776	14.772
8.701	14.847
8.620	14.927
8.492	14.884
8.420	14.815
8.186	14.590
8.153	14.278
8.116	13.967
8.102	13.853
8.095	13.593
8.160	13.477
8.187	13.429
8.241	13.413
8.292	13.413
8.506	13.412
8.684	13.711
8.716	13.886
8.762	14.139
8.746	14.111
8.715	14.368
POLYLINE BLACK
10.555	13.751
9.826	13.806
10.120	13.822
9.671	13.776
POLYLINE BLACK
9.991	14.241
9.982	13.742
9.986	13.282
10.115	12.812
POLYLINE BLACK
10.682	12.662
10.418	12.524
10.133	13.067
9.855	12.921
9.823	12.905
9.802	12.875
9.799	12.839
9.792	12.769
9.842	12.693
9.868	12.636
POLYLINE BLACK
10.204	12.473
9.920	12.589
9.613	12.635
9.310	12.586
POLYLINE BLACK
9.724	12.285
9.767	12.259
9.811	12.234
9.854	12.208
9.852	12.200
9.856	12.188
9.850	12.184
9.833	12.173
9.812	12.172
9.792	12.168
9.785	12.166
9.559	12.143
9.510	12.084
9.460	12.023
9.559	11.930
9.599	11.897
9.612	11.888
9.626	11.879
9.640	11.870
9.654	11.863
9.669	11.857
9.681	11.847
9.737	11.803
9.644	11.748
9.630	11.709
9.614	11.664
9.637	11.632
9.651	11.591
9.669	11.537
9.622	11.495
9.583	11.466
9.507	11.409
9.430	11.353
9.354	11.296
POLYLINE BLACK
9.771	10.319
9.795	10.377
9.854	10.462
9.817	10.531
9.799	10.563
9.768	10.583
9.737	10.599
9.661	10.638
9.590	10.583
9.559	10.513
9.536	10.461
9.540	10.401
9.561	10.348
9.618	10.210
9.733	10.120
9.885	10.166
9.922	10.178
9.956	10.202
9.979	10.232
10.011	10.271
10.053	10.370
10.063	10.392
POLYLINE BLACK
10.612	10.016
10.351	10.106
10.185	10.190
9.923	10.210
9.801	10.220
9.678	10.214
9.555	10.215
POLYLINE BLACK
9.815	9.864
9.781	9.708
9.782	9.666
9.933	9.745
9.951	9.754
10.004	9.785
9.987	9.817
9.983	9.825
9.974	9.831
9.966	9.836
9.938	9.854
9.907	9.868
9.878	9.883
POLYLINE BLACK
9.881	8.453
9.991	8.523
10.036	8.555
9.997	8.688
9.982	8.736
9.957	8.790
9.910	8.815
9.862	8.840
9.793	8.833
9.797	8.766
9.800	8.706
9.828	8.644
9.863	8.597
9.879	8.574
9.901	8.553
9.925	8.538
9.936	8.531
9.948	8.526
9.960	8.521
9.967	8.518
9.988	8.510
9.981	8.512
9.824	8.571
9.750	8.618
9.603	8.634
9.591	8.636
9.247	8.611
9.194	8.726
9.173	8.771
9.185	8.861
9.191	8.894
9.212	9.000
9.239	9.106
9.268	9.211
9.277	9.241
9.311	9.239
9.332	9.228
9.343	9.222
9.355	9.216
9.363	9.206
9.450	9.101
9.540	8.997
9.616	8.883
9.696	8.762
9.760	8.630
9.832	8.504
POLYLINE BLACK
10.179	7.889
10.182	7.982
10.171	8.124
10.083	7.989
10.072	7.973
10.064	7.951
10.082	7.935
10.091	7.927
10.104	7.922
10.115	7.920
10.157	7.911
10.200	7.907
10.242	7.901
POLYLINE BLACK
10.703	7.808
10.456	7.870
POLYLINE BLACK
9.887	7.779
9.785	7.735
9.700	7.699
9.821	7.619
9.865	7.590
9.900	7.571
9.951	7.559
10.020	7.542
10.124	7.574
10.173	7.508
10.223	7.440
10.204	7.276
10.202	7.187
POLYLINE BLACK
10.295	6.903
10.243	6.957
10.218	7.000
10.158	7.028
10.084	7.063
10.013	6.989
9.924	7.004
9.832	7.019
9.796	7.055
9.693	7.088
9.653	7.101
9.610	7.109
9.567	7.113
9.452	7.125
9.336	7.126
9.220	7.135
9.211	7.135
9.202	7.139
9.194	7.143
9.102	7.182
9.117	7.322
9.124	7.397
9.124	7.400
9.137	7.500
9.159	7.523
9.196	7.562
9.238	7.597
9.278	7.633
POLYLINE BLACK
10.585	7.066
10.403	7.010
10.244	7.352
10.044	7.291
9.976	7.270
9.912	7.206
9.862	7.170
POLYLINE BLACK
10.809	5.533
10.830	5.614
10.856	5.672
10.852	5.752
10.844	5.901
10.779	6.053
10.620	6.084
10.593	6.089
10.544	6.091
10.517	6.084
10.441	6.063
10.302	5.986
10.192	5.997
10.075	6.008
10.020	6.157
10.056	6.257
10.081	6.326
10.113	6.393
10.141	6.461
POLYLINE BLACK
11.670	5.770
11.031	5.728
11.439	5.726
10.456	5.911
POLYLINE BLACK
10.655	5.602
10.464	5.605
10.308	5.595
10.263	5.385
10.232	5.245
10.327	5.130
10.421	5.038
10.444	5.015
10.510	4.961
10.550	4.947
10.590	4.934
10.630	4.923
10.670	4.916
10.704	4.910
10.789	4.891
10.824	4.929
10.870	4.977
10.832	5.075
10.802	5.120
10.665	5.326
10.356	5.529
10.131	5.595
10.050	5.619
9.876	5.628
9.837	5.526
9.792	5.404
9.843	5.231
9.892	5.116
9.915	5.062
9.944	5.011
9.970	4.959
POLYLINE BLACK
10.676	4.697
10.233	4.836
9.791	4.976
9.348	5.113
9.343	5.115
9.356	5.108
9.360	5.105
9.476	5.058
9.587	4.995
9.707	4.963
10.000	4.884
10.303	4.844
10.598	4.773
10.647	4.761
11.003	4.635
10.898	4.531
10.871	4.504
10.822	4.482
10.790	4.470
10.495	4.355
10.341	4.724
10.198	4.903
10.157	4.954
10.116	4.878
10.107	4.846
10.081	4.757
10.051	4.667
10.037	4.575
9.998	4.325
10.022	4.065
10.109	3.828
10.137	3.752
10.193	3.647
10.271	3.608
10.317	3.585
10.376	3.595
10.422	3.615
10.588	3.688
10.672	3.787
10.578	3.964
10.488	4.132
10.354	4.243
10.191	4.342
10.045	4.431
9.820	4.553
9.679	4.392
9.641	4.348
9.612	4.305
9.591	4.251
9.497	4.016
9.644	3.744
9.718	3.534
POLYLINE BLACK
8.942	13.850
8.407	14.051
8.708	13.965
8.030	14.072
POLYLINE BLACK
8.495	14.396
8.485	13.592
8.441	13.873
8.498	13.542
POLYLINE BLACK
12.757	20.143
12.825	20.143
12.936	20.163
12.972	20.082
12.978	20.068
12.990	20.010
12.996	20.005
13.022	19.982
13.033	20.054
13.031	20.050
12.996	19.981
12.954	19.914
12.933	19.840
12.928	19.823
12.963	19.856
12.978	19.864
13.139	20.022
13.294	20.185
13.460	20.337
13.524	20.395
13.683	20.463
13.751	20.495
POLYLINE BLACK
14.519	20.180
14.519	20.205
POLYLINE BLACK
7.825	14.983
6.383	15.171
7.761	15.018
6.222	15.105
5.844	15.127
5.382	15.273
5.027	15.044
4.741	14.859
4.491	14.489
4.320	14.263
4.131	14.014
4.135	14.074
4.174	13.904
POLYLINE BLACK
4.318	14.192
4.242	14.143
4.203	14.107
4.122	14.083
3.971	14.040
3.798	14.077
3.679	14.179
3.592	14.253
3.464	14.361
3.459	14.493
3.454	14.649
3.481	14.807
3.454	14.961
3.397	15.290
3.306	15.613
3.210	15.933
3.059	16.443
3.044	16.145
3.001	16.604
2.978	16.857
3.011	17.121
3.242	17.266
3.416	17.375
3.886	17.357
3.941	17.358
4.049	17.359
4.157	17.348
4.264	17.329
4.373	17.310
4.477	17.270
4.585	17.244
4.639	17.231
4.792	17.245
4.808	17.246
POLYLINE BLACK
4.550	15.406
4.567	15.475
4.588	15.543
4.599	15.613
4.644	15.912
4.468	16.374
4.369	16.623
4.326	16.733
4.168	17.030
4.017	17.059
3.923	17.077
3.817	17.025
3.742	16.974
3.452	16.776
3.447	16.380
3.437	16.068
3.433	15.959
3.440	15.848
3.464	15.742
3.526	15.467
3.611	15.199
3.693	14.930
3.697	14.919
3.741	14.721
3.815	14.683
3.904	14.638
4.034	14.725
4.075	14.801
4.239	15.109
4.405	15.416
4.558	15.729
4.618	15.851
4.654	15.987
4.607	16.118
4.599	16.139
4.592	16.162
4.577	16.179
4.514	16.249
4.441	16.311
4.373	16.376
POLYLINE BLACK
4.090	14.738
4.119	14.777
4.144	14.820
4.176	14.856
4.300	14.997
4.639	15.152
4.715	15.188
5.086	15.363
5.464	15.521
5.843	15.677
5.881	15.693
5.924	15.700
5.966	15.703
6.125	15.716
6.285	15.708
6.444	15.725
6.589	15.741
6.784	15.784
6.906	15.879
6.974	15.932
7.001	15.978
7.056	16.049
POLYLINE BLACK
5.037	17.102
5.552	17.212
5.603	17.276
6.081	17.123
6.350	17.037
6.610	16.926
6.875	16.829
6.887	16.824
6.901	16.825
6.910	16.817
6.962	16.778
7.009	16.733
7.058	16.690
POLYLINE BLACK
5.459	17.132
5.255	17.197
5.042	17.232
4.829	17.191
4.781	17.181
4.736	17.164
4.689	17.150
POLYLINE BLACK
8.653	17.874
8.704	17.881
8.755	17.892
8.806	17.896
8.938	17.907
9.048	17.768
9.107	17.671
9.176	17.558
9.210	17.426
9.214	17.295
9.219	17.132
9.089	16.978
8.919	17.005
8.890	17.010
8.849	17.024
8.825	17.042
8.681	17.147
8.551	17.269
8.400	17.362
8.300	17.424
8.184	17.457
8.075	17.504
POLYLINE BLACK
7.707	17.466
7.605	17.597
7.671	17.537
7.496	17.633
POLYLINE BLACK
4.405	18.646
3.071	19.275
4.275	18.747
0.931	19.354
0.848	19.369
0.770	19.403
0.689	19.428
POLYLINE BLACK
4.812	18.773
4.550	18.914
4.287	19.055
4.025	19.196
4.020	19.198
4.016	19.200
4.011	19.201
4.009	19.201
4.013	19.199
4.014	19.197
4.454	18.931
4.898	18.670
5.336	18.399
5.364	18.382
5.489	18.306
5.400	18.274
5.379	18.266
5.358	18.257
5.336	18.256
4.891	18.244
4.445	18.242
3.999	18.235
POLYLINE BLACK
0.249	19.557
-1.408	19.654
POLYLINE BLACK
-0.734	19.108
-1.540	19.833
-1.266	19.530
-1.628	19.950
POLYLINE BLACK
-0.589	19.136
-0.720	19.069
-0.990	18.958
-1.135	18.832
-1.233	18.748
-1.318	18.642
-1.308	18.507
-1.304	18.457
-1.290	18.409
-1.258	18.370
-1.137	18.223
-0.803	18.126
-0.629	18.112
-0.174	18.077
-0.006	18.078
0.393	18.164
0.405	18.167
0.693	18.222
0.655	18.323
0.637	18.371
0.517	18.454
0.511	18.459
POLYLINE BLACK
-0.624	17.339
-0.606	17.369
-0.506	17.436
-0.497	17.501
-0.488	17.570
-0.531	17.646
-0.575	17.694
-0.695	17.826
-0.763	17.898
-0.897	17.984
-1.037	18.074
-1.323	18.008
-1.305	17.804
-1.283	17.563
-1.160	17.439
-0.937	17.353
-0.779	17.293
-0.652	17.279
-0.478	17.278
-0.404	17.277
-0.329	17.287
-0.256	17.297
-0.242	17.298
-0.227	17.301
-0.218	17.311
-0.213	17.316
-0.217	17.326
-0.223	17.330
-0.236	17.341
-0.254	17.348
-0.270	17.353
-0.353	17.380
-0.418	17.398
-0.504	17.397
-0.626	17.396
-0.727	17.353
-0.840	17.297
-0.898	17.268
-1.143	17.131
-1.208	17.043
-1.258	16.976
-1.289	16.898
-1.329	16.825
POLYLINE BLACK
-0.633	16.806
-0.689	16.796
-0.745	16.791
-0.799	16.776
-0.927	16.741
-1.047	16.659
-1.138	16.564
-1.211	16.488
-1.244	16.279
-1.118	16.238
-0.989	16.196
-0.782	16.320
-0.695	16.369
-0.625	16.408
-0.564	16.460
-0.496	16.503
-0.473	16.517
-0.440	16.517
-0.419	16.500
-0.388	16.478
-0.370	16.427
-0.366	16.392
-0.354	16.281
-0.349	16.170
-0.340	16.058
POLYLINE BLACK
1.222	15.557
0.735	15.539
0.249	15.521
-0.237	15.503
-0.328	15.489
-0.422	15.487
-0.510	15.462
-0.598	15.436
-0.677	15.388
-0.761	15.351
POLYLINE BLACK
0.027	16.341
0.020	15.504
0.058	15.946
-0.115	15.019
POLYLINE BLACK
-0.005	14.804
-0.241	14.958
-0.355	15.028
-0.632	14.999
-0.690	14.993
-0.768	14.976
-0.816	14.937
-0.952	14.824
-0.955	14.562
-0.852	14.428
-0.768	14.318
-0.605	14.279
-0.474	14.282
-0.296	14.285
-0.067	14.451
0.032	14.588
0.124	14.716
0.097	14.924
-0.070	14.974
-0.243	15.026
-0.459	14.971
-0.626	14.949
POLYLINE BLACK
-2.833	17.779
-2.697	17.694
-2.557	17.617
-2.426	17.526
-2.363	17.472
-2.299	17.419
-2.236	17.366
-2.234	17.359
-2.226	17.350
-2.231	17.345
-2.239	17.338
-2.252	17.339
-2.262	17.342
-2.505	17.403
-2.942	17.569
-3.271	17.581
-3.328	17.584
-3.294	17.495
-3.283	17.476
-3.260	17.435
-3.236	17.394
-3.209	17.356
-3.116	17.226
-3.033	17.258
-3.105	17.093
-3.121	17.056
-3.143	17.021
-3.154	16.982
-3.198	16.827
-3.252	16.588
-3.206	16.422
-3.180	16.328
-3.084	16.006
-2.976	15.941
-2.831	15.852
-2.698	16.076
-2.646	16.163
-2.585	16.271
-2.524	16.379
-2.464	16.487
-2.457	16.485
-2.449	16.486
-2.445	16.482
-2.436	16.472
-2.428	16.461
-2.425	16.448
-2.376	16.206
-2.334	15.961
-2.288	15.718
POLYLINE BLACK
-2.279	15.305
-2.624	15.345
-2.833	15.437
-3.127	15.298
-3.232	15.249
-3.272	15.167
-3.284	15.054
-3.295	14.958
-3.254	14.882
-3.163	14.848
-2.901	14.751
-2.296	15.190
-2.295	15.108
-2.295	15.097
-2.302	15.086
-2.309	15.077
-2.359	15.011
-2.418	14.951
-2.465	14.883
-2.525	14.797
-2.562	14.686
-2.601	14.590
POLYLINE BLACK
-2.193	13.702
-2.194	13.753
-2.191	13.803
-2.195	13.853
-2.205	13.976
-2.293	14.106
-2.386	14.182
-2.464	14.247
-2.639	14.342
-2.747	14.312
-2.833	14.287
-2.892	14.170
-2.924	14.103
-3.037	13.864
-3.063	13.723
-2.896	13.511
-2.879	13.489
-2.859	13.468
-2.833	13.456
-2.707	13.400
-2.485	13.510
-2.412	13.614
-2.378	13.662
-2.347	13.750
-2.337	13.796
-2.311	13.906
-2.294	14.047
-2.327	14.159
-2.341	14.204
-2.358	14.247
-2.373	14.291
POLYLINE BLACK
-1.084	13.756
-1.256	13.842
-1.165	13.802
-1.359	13.874
POLYLINE BLACK
-1.967	12.457
-1.890	12.536
-1.780	12.642
-1.836	12.765
-1.874	12.848
-1.936	12.912
-2.004	12.975
-2.080	13.044
-2.161	13.108
-2.243	13.169
-2.390	13.278
-2.528	13.284
-2.661	13.155
-2.836	12.986
-2.716	12.645
-2.544	12.519
-2.523	12.505
-2.501	12.493
-2.479	12.481
-2.444	12.463
-2.360	12.469
-2.371	12.431
-2.383	12.392
-2.452	12.436
-2.492	12.434
-2.690	12.425
-2.756	12.275
-2.857	12.126
POLYLINE BLACK
-2.118	12.043
-2.225	12.206
POLYLINE BLACK
-2.030	11.241
-2.018	11.321
-1.985	11.412
-2.063	11.465
-2.108	11.495
-2.162	11.513
-2.215	11.522
-2.290	11.535
-2.468	11.576
-2.557	11.523
-2.651	11.468
-2.670	11.334
-2.698	11.245
POLYLINE BLACK
-0.935	11.312
-0.958	11.350
-0.979	11.389
-1.005	11.425
-1.040	11.475
-1.128	11.520
-1.183	11.531
-1.382	11.573
-1.583	11.601
-1.784	11.636
POLYLINE BLACK
-1.213	9.872
-1.357	9.842
POLYLINE BLACK
-2.169	10.368
-2.244	10.282
POLYLINE BLACK
0.057	10.155
-0.274	9.856
-0.595	9.546
-0.936	9.258
-1.039	9.171
-1.152	9.096
-1.271	9.034
-1.390	8.973
-1.518	8.928
-1.646	8.890
-1.693	8.877
-2.199	8.730
-2.334	8.791
-2.572	8.901
-2.607	9.301
-2.645	9.493
-2.839	10.459
-2.580	10.203
-2.887	10.475
POLYLINE BLACK
0.585	5.420
0.552	4.758
POLYLINE BLACK
0.524	5.316
0.528	5.354
0.523	5.409
0.555	5.440
0.574	5.459
0.603	5.467
0.630	5.469
0.719	5.477
0.824	5.435
0.863	5.349
0.912	5.241
0.845	5.169
0.752	5.121
0.641	5.064
0.577	5.061
0.442	5.030
POLYLINE BLACK
3.856	0.310
3.749	0.068
3.693	-0.191
3.670	-0.454
POLYLINE BLACK
3.797	0.330
3.837	0.331
3.900	0.347
3.940	0.319
3.958	0.307
3.970	0.287
3.976	0.267
3.995	0.192
3.950	0.142
3.885	0.111
3.814	0.077
3.758	0.093
3.682	0.104
POLYLINE BLACK
4.290	0.146
4.250	0.144
4.211	0.143
4.171	0.138
4.080	0.127
4.014	0.020
3.976	-0.047
3.928	-0.131
3.815	-0.352
3.956	-0.418
3.981	-0.429
4.011	-0.438
4.039	-0.433
4.078	-0.427
4.129	-0.359
4.105	-0.321
4.098	-0.309
4.067	-0.304
4.059	-0.314
4.027	-0.351
4.006	-0.396
3.979	-0.437
POLYLINE BLACK
1.418	5.416
1.286	5.416
1.132	5.393
1.049	5.276
0.993	5.197
0.974	5.131
0.944	5.031
0.915	4.936
0.924	4.823
0.972	4.736
1.033	4.623
1.172	4.489
1.308	4.569
1.349	4.593
1.454	4.648
1.489	4.704
1.557	4.815
1.382	4.950
1.277	4.928
1.086	4.889
1.142	4.923
1.042	4.797

ELEVATION
STATIONS
0.000	0.000	0
-0.370	-1.687	1
3.523	-8.926	2
3.866	-9.816	3
5.940	-16.082	4
5.308	-17.753	5
4.536	-20.910	6
6.400	-21.987	7
6.454	-22.152	8
8.491	-22.915	9
3.373	-25.399	10
6.820	-35.796	11
SHOTS
0.000	0.000	-0.762	-0.948
0.000	0.000	-0.044	-0.778
0.000	0.000	-0.784	-1.439
0.000	0.000	-0.213	-1.677
0.000	0.000	-0.370	-1.687
-0.370	-1.687	1.786	-4.219
-0.370	-1.687	2.979	-8.927
-0.370	-1.687	0.810	-4.273
-0.370	-1.687	1.607	-4.208
-0.370	-1.687	3.523	-8.926
3.523	-8.926	2.752	-9.167
3.523	-8.926	2.586	-8.343
3.523	-8.926	3.732	-8.808
3.523	-8.926	3.362	-6.536
3.523	-8.926	3.866	-9.816
3.866	-9.816	4.081	-10.567
3.866	-9.816	3.781	-10.597
3.866	-9.816	4.444	-10.571
3.866	-9.816	4.448	-10.667
3.866	-9.816	5.940	-16.082
5.940	-16.082	5.263	-16.069
5.940	-16.082	5.868	-16.732
5.940	-16.082	4.522	-11.872
5.940	-16.082	5.308	-17.753
5.308	-17.753	4.717	-18.289
5.308	-17.753	4.556	-18.169
5.308	-17.753	5.598	-17.727
5.308	-17.753	4.536	-20.910
4.536	-20.910	5.203	-20.810
4.536	-20.910	4.734	-20.321
4.536	-20.910	6.400	-21.987
6.400	-21.987	5.546	-21.795
6.400	-21.987	6.454	-22.152
6.454	-22.152	6.994	-22.069
6.454	-22.152	8.491	-22.915
8.491	-22.915	8.062	-23.166
8.491	-22.915	8.457	-22.607
8.491	-22.915	8.246	-22.307
8.491	-22.915	4.656	-24.735
8.491	-22.915	7.110	-23.576
8.491	-22.915	3.787	-25.160
8.491	-22.915	3.369	-25.368
8.491	-22.915	4.633	-24.765
8.491	-22.915	4.613	-24.773
8.491	-22.915	3.373	-25.399
3.373	-25.399	2.922	-25.370
3.373	-25.399	4.216	-24.763
3.373	-25.399	5.250	-32.453
3.373	-25.399	5.702	-31.048
3.373	-25.399	6.820	-35.796

