TRIP
DATE 2023-08-11
DECLINATION 0.0
DATA
0		141.61	0.55	4.037	>
0		40.44	-80.24	6.030	>
0		318.94	1.91	0.667	>
0		216.27	-1.40	1.044	>
0		160.25	42.48	5.372	>
0		159.82	42.41	5.400	>
0		160.75	42.68	5.385	>
0	1	160.27	42.52	5.386	>
1		196.84	18.92	1.415	>
1		210.47	81.04	8.586	>
1		154.56	66.77	6.565	>
1		157.13	66.58	6.486	>
1		157.38	66.44	6.487	>
1	2	156.36	66.60	6.513	>
2		154.71	1.99	2.615	>
2		135.47	3.20	2.452	>
2		129.20	3.88	2.580	>
2		186.61	39.10	4.456	>
2		185.91	39.41	4.435	>
2		185.20	39.20	4.458	>
2	3	185.91	39.24	4.450	>
3		182.18	62.13	2.471	>
3		117.74	75.26	4.056	>
3		116.14	75.30	4.051	>
3		116.55	75.25	4.060	>
3	4	116.81	75.27	4.056	>
4		161.15	0.66	2.010	>
4		232.12	-3.96	1.279	>
4		191.38	-2.87	1.803	>
4		189.01	69.88	5.891	>
4		189.45	69.80	5.899	>
4		189.83	69.74	5.896	>
4	5	189.43	69.81	5.895	>
5		121.10	71.20	4.119	>
5		122.60	71.08	4.128	>
5		122.97	71.19	4.113	>
5	6	122.22	71.15	4.120	>
6		151.05	5.16	3.451	>
6		177.39	5.47	2.218	>
6		118.31	6.06	2.097	>
6		93.85	6.48	1.229	>
6		144.66	5.63	3.178	>
6		144.72	6.00	3.178	>
6		144.77	5.99	3.184	>
6	7	144.72	5.87	3.180	>
7		346.46	86.06	10.770	>
7		346.42	85.99	10.787	>
7		345.27	86.09	10.781	>
7	8	346.05	86.05	10.779	>
8		341.61	59.04	1.846	>
8		340.53	58.38	1.903	>
8		340.49	58.32	1.905	>
8		339.17	58.34	1.905	>
8	9	340.07	58.35	1.904	>
9		331.40	-28.95	0.731	>
9		151.00	9.49	0.799	>
9		151.81	9.37	0.809	>
9		151.92	9.46	0.802	>
10	9	151.58	9.44	0.803	>
11	10	60.89	-19.87	2.736	>
11		118.76	0.57	0.483	>
11		120.29	-2.30	0.483	>
11		154.41	-0.55	3.886	>
11		155.97	19.04	4.951	>
11		155.89	18.96	4.928	>
11		155.80	18.83	4.920	>
11	12	155.89	18.94	4.933	>
12		357.86	-13.23	2.739	>
12		310.87	-7.85	2.668	>
12		269.54	0.32	2.327	>
12		217.25	4.61	2.197	>
12		189.64	6.39	1.189	>
12		209.70	51.38	2.212	>
12		249.49	78.57	10.910	>
12		249.38	78.67	10.896	>
12		248.72	79.78	12.869	>
12		249.42	78.84	10.903	>
12		249.09	78.73	10.923	>
12		248.48	79.27	10.910	>
12		212.87	68.13	5.579	>
12		178.23	11.91	3.593	>
12		201.36	18.03	3.484	>
12	13	248.99	78.95	10.912	>
13		211.46	12.58	2.088	>
13		229.00	9.51	2.716	>
13		243.61	7.34	1.038	>
13		307.58	4.27	1.593	>
13		343.40	2.91	2.859	>
13		79.40	5.52	0.530	>
13		291.82	51.51	1.384	>
13		292.08	51.44	1.384	>
13		292.08	51.49	1.384	>
13	14	291.99	51.48	1.384	>
14		22.38	65.81	3.409	>
14		22.03	65.92	3.410	>
14		21.64	65.79	3.400	>
14	15	22.02	65.84	3.406	>
15		1.97	58.77	5.186	>
15		1.53	58.85	5.742	>
15		0.54	58.90	5.762	>
15		0.23	58.93	5.764	>
15	16	0.77	58.89	5.756	>
16		31.79	38.51	5.593	>

PLAN
STATIONS
0.000	0.000	0
1.340	-3.736	1
2.377	-6.106	2
2.022	-9.534	3
2.943	-9.999	4
2.609	-12.007	5
3.735	-12.716	6
5.562	-15.299	7
5.383	-14.578	8
5.043	-13.638	9
4.666	-12.941	10
2.418	-14.193	11
4.324	-18.452	12
2.371	-19.201	13
1.572	-18.879	14
2.095	-17.586	15
2.135	-14.612	16
SHOTS
0.000	0.000	2.507	-3.164
0.000	0.000	0.663	0.778
0.000	0.000	-0.438	0.503
0.000	0.000	-0.617	-0.841
0.000	0.000	1.340	-3.736
1.340	-3.736	0.952	-5.018
1.340	-3.736	0.661	-4.890
1.340	-3.736	2.377	-6.106
2.377	-6.106	3.493	-8.469
2.377	-6.106	4.094	-7.851
2.377	-6.106	4.372	-7.733
2.377	-6.106	2.022	-9.534
2.022	-9.534	1.979	-10.688
2.022	-9.534	2.943	-9.999
2.943	-9.999	3.592	-11.901
2.943	-9.999	1.936	-10.783
2.943	-9.999	2.587	-11.765
2.943	-9.999	2.609	-12.007
2.609	-12.007	3.735	-12.716
3.735	-12.716	5.399	-15.724
3.735	-12.716	3.836	-14.922
3.735	-12.716	5.571	-13.705
3.735	-12.716	4.954	-12.798
3.735	-12.716	5.562	-15.299
5.562	-15.299	5.383	-14.578
5.383	-14.578	5.084	-13.677
5.383	-14.578	5.043	-13.638
5.043	-13.638	4.737	-13.077
5.043	-13.638	4.666	-12.941
4.666	-12.941	2.418	-14.193
2.418	-14.193	2.841	-14.425
2.418	-14.193	2.834	-14.436
2.418	-14.193	4.096	-17.698
2.418	-14.193	4.324	-18.452
4.324	-18.452	4.224	-15.787
4.324	-18.452	2.325	-16.722
4.324	-18.452	1.997	-18.470
4.324	-18.452	2.998	-20.195
4.324	-18.452	4.126	-19.617
4.324	-18.452	3.640	-19.651
4.324	-18.452	2.299	-19.209
4.324	-18.452	2.321	-19.205
4.324	-18.452	2.196	-19.280
4.324	-18.452	3.196	-20.197
4.324	-18.452	4.433	-21.966
4.324	-18.452	3.117	-21.537
4.324	-18.452	2.371	-19.201
2.371	-19.201	1.308	-20.940
2.371	-19.201	0.350	-20.959
2.371	-19.201	1.449	-19.659
2.371	-19.201	1.112	-18.233
2.371	-19.201	1.556	-16.465
2.371	-19.201	2.890	-19.104
2.371	-19.201	1.572	-18.879
1.572	-18.879	2.095	-17.586
2.095	-17.586	2.187	-14.899
2.095	-17.586	2.135	-14.612
2.135	-14.612	4.440	-10.892
POLYLINE BLACK
-0.809	0.428
-0.736	0.456
POLYLINE BLACK
-0.813	0.491
-0.840	0.501
POLYLINE BLACK
-0.751	0.556
-0.729	0.510
-0.711	0.463
-0.686	0.418
-0.672	0.392
-0.652	0.370
-0.635	0.346
-0.507	0.171
-0.374	-0.000
-0.250	-0.178
-0.206	-0.241
-0.170	-0.432
-0.161	-0.462
-0.155	-0.483
-0.146	-0.504
-0.132	-0.521
-0.033	-0.645
0.069	-0.768
0.176	-0.885
0.205	-0.916
0.239	-0.943
0.276	-0.965
0.661	-1.192
0.353	-0.931
0.944	-1.234
1.114	-1.321
1.276	-1.425
1.422	-1.548
2.253	-2.246
1.759	-2.084
2.155	-2.201
POLYLINE BLACK
-0.836	0.585
-0.940	0.384
-0.927	0.411
-0.982	0.204
POLYLINE BLACK
-0.855	0.445
-0.878	0.423
-0.964	0.350
-0.984	0.302
-1.019	0.215
-1.055	0.127
-1.078	0.035
-1.182	-0.380
-1.041	-1.386
-1.032	-1.465
-1.018	-1.600
-0.935	-2.225
-0.806	-2.481
-0.649	-2.792
-0.468	-3.091
-0.307	-3.400
-0.260	-3.490
-0.055	-3.967
0.040	-4.084
0.334	-4.444
0.639	-4.797
0.964	-5.130
1.187	-5.358
1.424	-5.577
1.681	-5.766
1.848	-5.888
2.044	-5.963
2.227	-6.058
2.245	-6.067
2.263	-6.076
2.282	-6.079
2.314	-6.083
2.347	-6.080
2.380	-6.080
POLYLINE BLACK
2.291	-6.064
2.381	-6.094
2.478	-6.129
2.575	-6.111
2.993	-6.032
2.886	-5.163
2.878	-5.022
2.856	-4.610
2.789	-4.202
2.721	-3.796
2.651	-3.378
2.645	-3.703
2.551	-3.389
2.536	-3.337
2.541	-3.282
2.536	-3.228
POLYLINE BLACK
-0.480	0.538
-0.397	0.466
-0.309	0.398
-0.230	0.321
-0.175	0.268
-0.130	0.207
-0.080	0.149
0.123	-0.019
0.331	-0.181
0.529	-0.355
0.569	-0.390
0.596	-0.438
0.632	-0.478
0.793	-0.662
0.948	-0.853
1.119	-1.029
1.476	-1.398
1.750	-1.562
2.012	-1.967
2.127	-2.144
2.224	-2.333
2.319	-2.522
2.366	-2.614
2.394	-2.715
2.438	-2.808
2.532	-3.011
2.557	-2.991
2.594	-3.154
2.615	-3.244
2.594	-3.377
2.487	-3.399
2.392	-3.419
2.302	-3.387
2.214	-3.348
1.943	-3.227
1.660	-3.128
1.411	-2.967
0.650	-2.476
0.583	-2.392
0.158	-1.899
-0.089	-1.612
-0.338	-1.327
-0.582	-1.037
-0.606	-1.009
-0.631	-0.945
-0.638	-0.910
-0.734	-0.431
-0.742	-0.144
-0.781	0.424
-0.787	0.509
-0.754	0.596
-0.668	0.621
-0.577	0.647
-0.487	0.502
-0.447	0.463
-0.400	0.417
-0.320	0.432
-0.265	0.437
POLYLINE BLACK
1.683	-5.921
1.896	-7.840
1.560	-4.631
1.801	-9.265
1.815	-9.525
1.884	-9.778
1.934	-10.033
1.962	-10.177
1.987	-10.253
2.059	-10.369
2.077	-10.398
2.116	-10.462
2.156	-10.487
2.208	-10.521
2.282	-10.505
2.334	-10.484
2.425	-10.448
2.536	-10.406
2.615	-10.338
2.814	-10.164
2.938	-9.683
2.968	-9.560
3.090	-9.071
3.185	-8.575
3.244	-8.075
3.307	-7.534
3.215	-7.024
3.164	-6.490
3.148	-6.330
3.152	-6.168
3.125	-6.009
3.055	-5.606
3.022	-5.532
2.918	-5.246
POLYLINE BLACK
1.829	-8.072
1.848	-8.107
1.864	-8.142
1.885	-8.176
1.945	-8.272
2.124	-8.337
2.198	-8.365
2.273	-8.394
2.382	-8.410
2.466	-8.409
2.508	-8.409
2.585	-8.391
2.625	-8.390
2.696	-8.387
2.789	-8.411
2.858	-8.369
2.992	-8.286
3.088	-8.149
3.119	-7.994
3.121	-7.984
3.121	-7.973
3.122	-7.963
3.123	-7.936
3.123	-7.908
3.123	-7.880
POLYLINE BLACK
3.841	-11.901
3.856	-11.860
3.874	-11.820
3.887	-11.779
3.893	-11.756
3.899	-11.733
3.898	-11.710
3.889	-11.480
3.913	-11.244
3.858	-11.020
3.728	-10.498
3.538	-9.992
3.346	-9.489
3.255	-9.251
3.123	-9.031
3.010	-8.803
2.929	-8.643
2.912	-8.717
2.960	-8.615
POLYLINE BLACK
1.968	-10.410
1.992	-10.449
2.018	-10.487
2.038	-10.528
2.053	-10.558
2.064	-10.591
2.072	-10.624
2.115	-10.787
2.146	-10.953
2.193	-11.115
2.219	-11.204
2.267	-11.286
2.290	-11.376
2.374	-11.692
2.338	-11.862
2.526	-12.108
2.633	-12.250
2.810	-12.334
2.987	-12.335
3.269	-12.337
3.560	-12.356
3.762	-12.126
3.852	-12.025
3.873	-11.879
3.903	-11.754
POLYLINE BLACK
2.753	-12.388
2.738	-12.425
2.719	-12.461
2.707	-12.499
2.644	-12.691
2.758	-12.987
2.800	-13.127
2.864	-13.337
2.924	-13.551
3.021	-13.748
3.198	-14.106
3.422	-14.438
3.620	-14.785
3.656	-14.849
3.670	-14.906
3.720	-14.958
3.740	-14.979
3.764	-14.995
3.786	-15.013
POLYLINE BLACK
3.789	-15.162
4.013	-15.309
4.237	-15.456
4.461	-15.602
4.490	-15.614
4.518	-15.633
4.549	-15.638
4.738	-15.663
4.927	-15.678
5.117	-15.690
5.198	-15.696
5.297	-15.654
5.361	-15.606
5.422	-15.560
5.491	-15.494
5.532	-15.427
5.558	-15.376
5.583	-15.325
5.609	-15.274
5.624	-15.237
5.634	-15.198
5.654	-15.164
5.682	-15.114
5.718	-15.069
5.752	-15.023
5.790	-14.974
5.835	-14.929
5.870	-14.878
5.961	-14.747
5.998	-14.605
6.034	-14.447
6.059	-14.340
6.072	-14.221
6.056	-14.110
6.034	-13.963
5.944	-13.840
5.806	-13.781
5.752	-13.757
5.694	-13.741
5.637	-13.722
5.556	-13.695
5.466	-13.675
5.417	-13.597
5.358	-13.505
5.341	-13.291
5.333	-13.253
5.313	-13.162
5.283	-12.922
5.203	-12.816
5.100	-12.679
4.678	-12.529
4.622	-12.511
4.324	-12.412
4.017	-12.343
3.716	-12.257
3.699	-12.252
3.650	-12.232
3.667	-12.238
3.695	-12.249
3.723	-12.260
3.752	-12.271
POLYLINE GREEN
4.551	-12.748
4.553	-12.752
POLYLINE GREEN
4.655	-12.852
3.970	-13.101
4.028	-13.058
3.350	-13.399
3.275	-13.437
3.210	-13.490
3.136	-13.529
2.593	-13.810
3.165	-13.459
2.599	-13.811
2.590	-13.817
2.583	-13.824
2.575	-13.832
2.568	-13.839
2.560	-13.847
2.555	-13.856
2.379	-14.160
2.419	-14.054
2.357	-14.248
POLYLINE GREEN
2.687	-14.414
2.696	-14.389
POLYLINE GREEN
2.402	-14.148
2.401	-14.180
2.398	-14.206
2.406	-14.235
2.415	-14.263
2.427	-14.288
2.434	-14.316
2.438	-14.328
2.438	-14.341
2.438	-14.353
2.440	-14.389
2.439	-14.425
2.441	-14.461
2.442	-14.469
2.443	-14.477
2.445	-14.484
2.451	-14.501
2.460	-14.517
2.467	-14.534
POLYLINE GREEN
2.927	-14.164
3.225	-14.008
2.563	-14.359
3.260	-13.955
3.319	-13.921
3.385	-13.900
3.446	-13.868
3.576	-13.799
3.701	-13.722
3.831	-13.654
3.869	-13.634
3.910	-13.621
3.949	-13.604
4.067	-13.543
4.186	-13.486
4.301	-13.422
4.345	-13.397
4.448	-13.304
4.518	-13.313
4.583	-13.321
4.637	-13.360
4.677	-13.411
4.713	-13.457
4.743	-13.507
4.777	-13.554
4.779	-13.557
4.782	-13.561
4.785	-13.562
4.804	-13.572
4.823	-13.579
4.841	-13.587
POLYLINE GREEN
4.621	-12.834
4.638	-12.825
4.650	-12.814
4.668	-12.813
4.691	-12.811
4.720	-12.825
4.735	-12.842
4.784	-12.896
4.833	-12.950
4.878	-13.007
4.899	-13.034
4.914	-13.065
4.934	-13.093
4.958	-13.127
4.986	-13.157
5.009	-13.191
5.170	-13.442
5.064	-13.368
5.180	-13.440
POLYLINE GREEN
5.180	-13.466
5.166	-13.463
5.152	-13.458
5.138	-13.455
5.128	-13.454
5.111	-13.456
5.102	-13.458
5.046	-13.475
5.013	-13.521
4.984	-13.569
4.962	-13.608
4.948	-13.654
4.957	-13.698
4.966	-13.744
5.006	-13.785
5.037	-13.818
POLYLINE GREEN
4.782	-13.550
4.846	-13.632
4.911	-13.715
4.975	-13.797
4.981	-13.803
4.987	-13.808
4.991	-13.814
5.006	-13.832
5.019	-13.851
5.033	-13.870
POLYLINE GREEN
2.345	-14.172
2.329	-14.222
2.309	-14.272
2.296	-14.323
2.257	-14.479
2.423	-14.765
2.444	-14.834
2.812	-16.051
2.040	-13.902
2.779	-15.821
2.798	-15.871
2.807	-15.926
2.826	-15.976
2.846	-16.013
2.865	-16.050
2.885	-16.087
2.892	-16.089
2.900	-16.094
2.906	-16.091
2.941	-16.070
2.971	-16.042
3.003	-16.017
POLYLINE GREEN
3.062	-14.160
3.049	-14.228
3.032	-14.295
3.023	-14.364
3.016	-14.425
3.028	-14.494
3.044	-14.553
3.218	-15.189
3.113	-14.920
3.272	-15.241
3.382	-15.463
3.488	-15.687
3.601	-15.909
3.605	-15.916
3.612	-15.926
3.620	-15.926
3.646	-15.926
3.671	-15.915
3.696	-15.909
POLYLINE GREEN
3.002	-15.891
2.930	-15.939
2.854	-15.983
2.785	-16.035
2.753	-16.060
2.724	-16.089
2.698	-16.121
2.569	-16.280
2.429	-16.432
2.323	-16.607
2.148	-16.895
2.041	-17.341
1.991	-17.659
1.873	-18.398
1.835	-18.675
2.038	-19.344
2.058	-19.410
2.089	-19.472
2.122	-19.531
2.205	-19.679
2.344	-19.817
2.471	-19.918
2.646	-20.057
2.830	-20.185
3.016	-20.309
3.049	-20.331
3.086	-20.348
3.125	-20.354
3.153	-20.358
3.181	-20.345
3.208	-20.340
POLYLINE GREEN
2.898	-20.222
3.035	-20.281
3.165	-20.316
3.314	-20.298
3.409	-20.286
3.544	-20.241
3.616	-20.188
3.794	-20.059
3.961	-19.917
4.125	-19.771
4.187	-19.716
4.282	-19.585
4.316	-19.500
4.411	-19.259
4.681	-18.687
4.718	-18.303
4.842	-17.020
4.888	-17.316
4.634	-16.207
4.624	-16.166
4.605	-16.127
4.583	-16.091
4.483	-15.919
4.276	-15.709
4.081	-15.646
3.947	-15.602
3.771	-15.605
3.642	-15.665
3.618	-15.676
3.595	-15.689
3.575	-15.706
3.565	-15.714
3.550	-15.727
3.554	-15.739
3.572	-15.791
3.607	-15.834
3.634	-15.882
POLYLINE GREEN
9.316	-21.750
9.143	-21.640
POLYLINE RED
2.899	-19.530
2.962	-18.589
2.957	-19.212
2.659	-17.594
2.649	-17.542
2.632	-17.492
2.625	-17.440
2.594	-17.196
2.633	-17.223
2.559	-17.015
2.485	-16.808
2.305	-16.575
2.131	-16.440
1.920	-16.276
1.770	-16.167
1.525	-16.292
1.215	-16.450
1.118	-16.938
1.024	-17.214
1.010	-17.254
0.989	-17.291
0.984	-17.333
0.953	-17.563
0.935	-17.772
0.995	-17.997
1.240	-18.919
1.268	-18.614
1.300	-19.360
1.303	-19.430
1.280	-19.540
1.254	-19.608
1.170	-19.819
0.708	-20.108
0.672	-20.141
0.475	-20.321
0.377	-20.577
0.307	-20.826
0.275	-20.941
0.272	-21.069
0.351	-21.166
0.443	-21.280
0.641	-21.306
0.773	-21.263
0.851	-21.233
0.930	-21.202
1.008	-21.172
1.071	-21.144
1.133	-21.111
1.198	-21.089
1.438	-21.007
1.658	-21.078
1.884	-20.937
1.943	-20.900
2.002	-20.860
2.052	-20.812
2.275	-20.598
2.815	-20.133
2.779	-19.723
2.776	-19.693
2.758	-19.525
2.719	-19.481
2.700	-19.459
2.667	-19.454
2.641	-19.441
POLYLINE GREEN
4.719	-16.667
4.722	-16.662
POLYLINE GREEN
2.979	-17.806
3.069	-17.873
3.029	-17.848
3.229	-17.914
3.298	-17.937
3.362	-17.951
3.434	-17.949
3.528	-17.946
3.623	-17.949
3.716	-17.935
3.777	-17.925
3.834	-17.900
3.892	-17.879
4.029	-17.830
4.305	-17.623
4.327	-17.607
4.352	-17.589
4.374	-17.567
4.392	-17.543
4.486	-17.415
4.575	-17.283
4.661	-17.149
4.698	-17.090
4.737	-16.980
4.750	-16.915
4.767	-16.831
4.767	-16.828
4.762	-16.781
POLYLINE GREEN
2.112	-17.121
2.176	-17.249
2.145	-17.201
2.294	-17.365
2.307	-17.380
2.324	-17.393
2.340	-17.405
2.348	-17.411
2.687	-17.690
2.850	-17.763
2.961	-17.805
2.913	-17.784
2.997	-17.822
POLYLINE GREEN
2.854	-15.929
2.864	-15.918
2.873	-15.906
2.883	-15.896
2.892	-15.888
2.901	-15.880
2.911	-15.875
2.984	-15.841
3.056	-15.803
3.133	-15.778
3.207	-15.755
3.284	-15.742
3.361	-15.730
3.402	-15.724
3.443	-15.726
3.484	-15.723
3.497	-15.722
3.511	-15.719
3.524	-15.717

ELEVATION
STATIONS
0.000	0.000	0
1.340	3.640	1
2.377	9.617	2
2.022	12.432	3
2.943	16.354	4
2.609	21.887	5
3.735	25.786	6
5.562	26.111	7
5.383	36.865	8
5.043	38.486	9
4.666	38.354	10
2.418	39.284	11
4.324	40.886	12
2.371	51.595	13
1.572	52.678	14
2.095	55.786	15
2.135	60.714	16
SHOTS
0.000	0.000	2.507	0.039
0.000	0.000	0.663	-5.943
0.000	0.000	-0.438	0.022
0.000	0.000	-0.617	-0.026
0.000	0.000	1.340	3.640
1.340	3.640	0.952	4.099
1.340	3.640	0.661	12.121
1.340	3.640	2.377	9.617
2.377	9.617	3.493	9.708
2.377	9.617	4.094	9.754
2.377	9.617	4.372	9.791
2.377	9.617	2.022	12.432
2.022	12.432	1.979	14.616
2.022	12.432	2.943	16.354
2.943	16.354	3.592	16.377
2.943	16.354	1.936	16.266
2.943	16.354	2.587	16.264
2.943	16.354	2.609	21.887
2.609	21.887	3.735	25.786
3.735	25.786	5.399	26.097
3.735	25.786	3.836	25.998
3.735	25.786	5.571	26.007
3.735	25.786	4.954	25.925
3.735	25.786	5.562	26.111
5.562	26.111	5.383	36.865
5.383	36.865	5.084	38.448
5.383	36.865	5.043	38.486
5.043	38.486	4.737	38.132
5.043	38.486	4.666	38.354
4.666	38.354	2.418	39.284
2.418	39.284	2.841	39.289
2.418	39.284	2.834	39.265
2.418	39.284	4.096	39.247
2.418	39.284	4.324	40.886
4.324	40.886	4.224	40.259
4.324	40.886	2.325	40.521
4.324	40.886	1.997	40.899
4.324	40.886	2.998	41.063
4.324	40.886	4.126	41.018
4.324	40.886	3.640	42.614
4.324	40.886	2.299	51.579
4.324	40.886	2.321	51.570
4.324	40.886	2.196	53.551
4.324	40.886	3.196	46.063
4.324	40.886	4.433	41.628
4.324	40.886	3.117	41.964
4.324	40.886	2.371	51.595
2.371	51.595	1.308	52.050
2.371	51.595	0.350	52.044
2.371	51.595	1.449	51.728
2.371	51.595	1.112	51.714
2.371	51.595	1.556	51.740
2.371	51.595	2.890	51.646
2.371	51.595	1.572	52.678
1.572	52.678	2.095	55.786
2.095	55.786	2.187	60.221
2.095	55.786	2.135	60.714
2.135	60.714	4.440	64.197

