TRIP
DATE 2022-08-13
DECLINATION 0.0
DATA
0		308.45	-41.91	1.598	>
0		31.06	-32.08	1.978	>
0		57.99	-29.72	2.459	>
0		249.36	-17.46	2.187	>
0		213.64	-14.88	2.436	>
0		185.73	9.55	4.406	>
0		177.32	7.51	3.092	>
0		163.34	-41.00	1.975	>
0		148.27	-22.65	3.554	>
0		109.29	-35.94	2.932	>
0		81.45	-33.98	2.636	>
0		339.99	-83.56	0.161	>
0		51.47	-29.27	2.574	>
0		51.43	-29.28	2.572	>
0		51.34	-29.26	2.575	>
0	1	51.41	-29.27	2.574	>
1		246.57	-81.63	0.290	>
1		292.52	-4.81	0.889	>
1		18.20	-3.15	0.493	>
1		316.53	-4.84	1.237	>
1		356.08	-12.73	2.004	>
1		359.19	-52.51	0.633	>
1		8.46	-31.04	2.632	>
1		357.29	-14.88	1.995	>
1		357.51	-14.69	2.006	>
1		357.35	-14.53	1.995	>
1	2	357.38	-14.70	1.999	>
2		228.87	87.43	2.985	>
2		231.88	14.95	1.388	>
2		288.87	27.58	0.851	>
2		326.32	20.35	1.648	>
2		20.07	19.59	4.205	>
2		38.54	14.23	2.441	>
2		74.32	-0.40	1.687	>
2		102.22	-10.10	0.807	>
2		172.51	-85.14	3.539	>
2		357.93	20.06	1.888	>
2		357.93	20.13	1.868	>
2		357.58	20.23	1.890	>
2		104.94	-85.83	3.206	>
2		102.54	-85.82	3.198	>
2		103.51	-85.87	3.456	>
2		108.12	-85.30	3.214	>
2		103.83	-85.50	3.188	>
2		103.66	-85.53	3.186	>
2		100.47	-85.34	3.180	>
2	3	357.81	20.14	1.882	>
3		182.92	85.06	0.888	>
3		305.12	-82.42	0.572	>
3		53.66	19.28	3.275	>
3		40.64	21.24	3.200	>
3		32.05	20.91	2.707	>
3		10.57	31.76	3.333	>
3		359.34	32.42	3.873	>
3		305.04	32.14	1.337	>
3		342.55	34.42	2.421	>
3		321.74	31.83	4.008	>
3		334.08	33.15	3.512	>
3		325.34	36.25	4.461	>
3		325.38	36.22	4.481	>
3		325.42	36.33	4.481	>
3	4	325.38	36.26	4.474	>
2	2.1	102.65	-85.46	3.185	>
2.1		96.03	-0.96	0.220	>
2.1		277.92	-85.77	0.306	>
2.1		278.24	12.75	0.632	>
2.1		43.09	84.96	5.438	>
2.1		192.86	1.17	1.390	>
2.1		226.78	-2.86	0.910	>
2.1		212.78	-10.66	1.487	>
2.1		206.79	-3.15	2.752	>
2.1		193.62	-26.00	1.656	>
2.1		19.44	-12.90	5.205	>
2.1		19.76	-12.82	5.228	>
2.1		19.51	-12.82	5.200	>
2.2	2.1	19.57	-12.85	5.211	>
2.2		164.24	89.59	1.807	>
2.2		176.64	-11.13	1.277	>
2.2		161.01	11.65	2.624	>
2.2		160.65	19.10	3.286	>
2.2		152.13	14.05	2.404	>
2.2		139.44	4.56	1.041	>
2.2		89.71	-10.09	0.638	>
2.2		44.44	-25.16	1.918	>
2.2		159.05	20.35	3.226	>
2.2		159.12	20.16	3.226	>
2.2		159.08	20.55	3.239	>
2.2		218.41	-79.51	3.758	>
2.2		219.56	-78.70	3.744	>
2.2		216.45	-78.46	3.772	>
2.2		91.77	54.77	3.597	>
2.2		90.56	55.77	3.601	>
2.2		90.63	55.77	3.599	>
2.2	2.3	159.08	20.35	3.230	>
2.2	2.2.1	218.14	-78.89	3.758	>
2.2	2.2.0.1	90.99	55.44	3.599	>
2.2.0.1		261.99	84.47	1.032	>
2.2.0.1		291.04	-80.63	1.228	>
2.2.0.1		13.01	-11.33	0.952	>
2.2.0.1		356.91	-9.18	2.668	>
2.2.0.1		185.34	10.27	3.568	>
2.2.0.1		193.69	8.18	3.739	>
2.2.0.1		205.66	5.50	2.318	>
2.2.0.1		237.26	4.04	1.091	>
2.2.0.1		266.63	-1.38	1.180	>
2.2.0.1		194.34	12.23	3.824	>
2.2.0.1		194.62	12.25	3.825	>
2.2.0.1		194.51	12.28	3.805	>
2.2.0.1	2.2.0.2	194.49	12.26	3.818	>

PLAN
STATIONS
0.000	0.000	0
1.755	1.400	1
1.667	3.331	2
1.599	5.097	3
-0.450	8.066	4
1.913	3.276	2.1
0.211	-1.511	2.2
1.292	-4.340	2.3
-0.236	-2.080	2.2.1
2.252	-1.546	2.2.0.1
1.319	-5.158	2.2.0.2
SHOTS
0.000	0.000	-0.931	0.740
0.000	0.000	0.865	1.436
0.000	0.000	1.811	1.132
0.000	0.000	-1.952	-0.735
0.000	0.000	-1.304	-1.960
0.000	0.000	-0.434	-4.323
0.000	0.000	0.143	-3.062
0.000	0.000	0.427	-1.428
0.000	0.000	1.725	-2.790
0.000	0.000	2.241	-0.784
0.000	0.000	2.162	0.325
0.000	0.000	-0.006	0.017
0.000	0.000	1.755	1.400
1.755	1.400	1.716	1.383
1.755	1.400	0.937	1.740
1.755	1.400	1.909	1.868
1.755	1.400	0.907	2.295
1.755	1.400	1.621	3.350
1.755	1.400	1.749	1.785
1.755	1.400	2.087	3.631
1.755	1.400	1.667	3.331
1.667	3.331	1.566	3.244
1.667	3.331	0.612	2.504
1.667	3.331	0.953	3.575
1.667	3.331	0.810	4.617
1.667	3.331	3.026	7.052
1.667	3.331	3.141	5.182
1.667	3.331	3.291	3.787
1.667	3.331	2.443	3.163
1.667	3.331	1.706	3.034
1.667	3.331	1.892	3.271
1.667	3.331	1.894	3.281
1.667	3.331	1.908	3.273
1.667	3.331	1.917	3.249
1.667	3.331	1.599	5.097
1.599	5.097	1.595	5.021
1.599	5.097	1.538	5.140
1.599	5.097	4.089	6.929
1.599	5.097	3.542	7.360
1.599	5.097	2.941	7.240
1.599	5.097	2.119	7.883
1.599	5.097	1.562	8.366
1.599	5.097	0.672	5.747
1.599	5.097	1.001	7.002
1.599	5.097	-0.509	7.771
1.599	5.097	0.314	7.742
1.599	5.097	-0.450	8.066
1.667	3.331	1.913	3.276
1.913	3.276	2.132	3.253
1.913	3.276	1.891	3.279
1.913	3.276	1.303	3.364
1.913	3.276	2.239	3.625
1.913	3.276	1.604	1.921
1.913	3.276	1.251	2.654
1.913	3.276	1.122	2.047
1.913	3.276	0.674	0.823
1.913	3.276	1.562	1.830
1.913	3.276	0.211	-1.511
0.211	-1.511	0.214	-1.523
0.211	-1.511	0.284	-2.762
0.211	-1.511	1.047	-3.941
0.211	-1.511	1.240	-4.441
0.211	-1.511	1.301	-3.572
0.211	-1.511	0.886	-2.299
0.211	-1.511	0.839	-1.508
0.211	-1.511	1.426	-0.271
0.211	-1.511	1.292	-4.340
0.211	-1.511	-0.236	-2.080
0.211	-1.511	2.252	-1.546
2.252	-1.546	2.154	-1.560
2.252	-1.546	2.066	-1.474
2.252	-1.546	2.462	-0.637
2.252	-1.546	2.110	1.084
2.252	-1.546	1.925	-5.042
2.252	-1.546	1.376	-5.142
2.252	-1.546	1.253	-3.626
2.252	-1.546	1.337	-2.135
2.252	-1.546	1.075	-1.615
2.252	-1.546	1.319	-5.158
POLYLINE BLACK
-0.486	-4.745
-0.693	-4.156
-0.548	-4.511
-0.795	-4.011
-0.812	-3.977
-0.822	-3.940
-0.841	-3.908
-1.041	-3.577
-1.008	-3.707
-1.157	-3.363
-1.215	-3.229
-1.266	-3.092
-1.316	-2.954
-1.324	-2.932
-1.325	-2.908
-1.328	-2.885
-1.335	-2.819
-1.335	-2.752
-1.345	-2.686
-1.365	-2.554
-1.452	-2.425
-1.539	-2.328
-1.563	-2.301
-1.627	-2.221
-1.685	-2.206
-1.710	-2.200
-1.733	-2.205
-1.758	-2.213
-1.907	-2.261
-2.054	-2.315
-2.204	-2.361
-2.265	-2.380
-2.328	-2.388
-2.388	-2.408
-2.456	-2.431
-2.543	-2.474
-2.599	-2.523
-2.621	-2.542
-2.637	-2.565
-2.656	-2.586
POLYLINE BLACK
-3.294	-0.773
-3.127	-0.722
-2.968	-0.765
-2.794	-0.758
-2.687	-0.753
-2.582	-0.725
-2.476	-0.722
-1.841	-0.702
-2.311	-0.769
-1.976	-0.715
POLYLINE BLACK
-2.124	-0.800
-1.884	-0.354
-2.217	-0.951
-1.793	-0.301
-1.747	-0.231
-1.725	-0.148
-1.676	-0.081
-1.606	0.015
-1.176	0.541
-1.022	0.675
-0.959	0.730
-0.881	0.764
-0.810	0.808
-0.624	0.923
-0.445	1.050
-0.251	1.152
-0.109	1.227
0.041	1.289
0.196	1.336
0.385	1.393
0.638	1.372
0.809	1.504
0.861	1.543
0.886	1.590
0.924	1.640
0.939	1.660
0.956	1.679
0.972	1.699
POLYLINE BLACK
0.292	-3.376
0.183	-3.271
0.157	-3.192
0.174	-3.041
0.290	-1.968
0.149	-2.311
0.327	-1.907
POLYLINE BLACK
0.282	-1.990
0.311	-1.810
0.297	-1.822
0.392	-1.629
0.417	-1.579
0.448	-1.532
0.480	-1.486
0.485	-1.480
0.493	-1.477
0.500	-1.476
0.515	-1.473
0.533	-1.484
0.541	-1.495
0.568	-1.535
0.598	-1.574
0.618	-1.619
0.670	-1.736
0.723	-1.855
0.756	-1.979
0.827	-2.241
0.849	-2.583
0.825	-2.849
0.810	-3.010
0.763	-3.166
0.737	-3.326
0.729	-3.373
0.730	-3.422
0.722	-3.469
0.718	-3.495
0.709	-3.520
0.699	-3.545
0.674	-3.604
0.647	-3.663
0.618	-3.720
0.613	-3.730
0.596	-3.739
0.586	-3.742
0.550	-3.752
0.507	-3.731
0.478	-3.717
0.347	-3.650
0.259	-3.525
0.175	-3.408
POLYLINE BLACK
-0.595	-0.404
-0.512	-0.481
-0.411	-0.565
-0.290	-0.560
-0.177	-0.555
-0.064	-0.539
0.049	-0.535
0.103	-0.534
0.157	-0.544
0.211	-0.546
0.329	-0.548
0.407	-0.426
0.393	-0.318
0.387	-0.266
0.341	-0.229
0.354	-0.174
0.363	-0.139
0.392	-0.111
0.407	-0.079
0.445	0.002
0.435	0.096
0.392	0.173
0.337	0.269
0.238	0.287
0.137	0.319
0.031	0.353
-0.131	0.428
-0.253	0.380
-0.398	0.324
-0.473	0.128
-0.543	0.017
-0.576	-0.036
-0.585	-0.024
-0.602	-0.079
-0.619	-0.131
-0.642	-0.304
-0.644	-0.315
POLYLINE BLACK
-0.965	0.300
-1.003	0.271
-1.044	0.246
-1.080	0.214
-1.139	0.161
-1.187	0.105
-1.225	0.036
-1.242	0.005
-1.250	-0.017
-1.250	-0.050
-1.252	-0.099
-1.207	-0.164
-1.153	-0.155
-1.139	-0.153
-1.121	-0.144
-1.110	-0.135
-0.884	0.054
-1.042	-0.083
-0.859	0.123
-0.793	0.196
-0.682	0.205
-0.627	0.297
-0.608	0.328
-0.598	0.368
-0.602	0.405
-0.611	0.477
-0.688	0.533
-0.759	0.511
-0.860	0.481
-0.906	0.364
-0.960	0.290
POLYLINE BLACK
2.100	1.446
2.098	1.562
2.085	1.674
2.026	1.775
1.968	1.876
1.904	1.973
1.846	2.073
1.841	2.082
1.840	2.092
1.838	2.101
1.827	2.173
1.880	2.252
1.908	2.311
POLYLINE BLACK
1.900	1.923
1.742	1.984
1.591	1.865
1.434	1.887
1.372	1.896
1.309	1.910
1.248	1.927
1.058	1.981
0.952	1.992
0.815	2.079
0.809	2.083
0.805	2.088
0.800	2.092
0.777	2.115
0.754	2.138
0.731	2.161
POLYLINE BLACK
1.363	3.898
1.567	3.899
1.553	3.911
1.779	3.844
1.833	3.828
1.886	3.806
1.935	3.779
2.587	3.410
1.756	3.850
2.255	3.543
2.290	3.521
2.332	3.512
2.371	3.497
POLYLINE BLACK
1.421	3.845
1.372	3.728
1.396	3.790
1.353	3.657
POLYLINE BLACK
1.635	3.851
1.593	3.739
1.604	3.797
1.601	3.677
POLYLINE BLACK
1.853	3.686
1.817	3.563
1.827	3.636
1.851	3.466
POLYLINE BLACK
2.121	3.562
2.044	3.369
POLYLINE BLACK
0.947	2.281
0.916	2.131
0.923	2.210
0.930	2.045
POLYLINE BLACK
1.200	2.352
1.171	2.196
1.182	2.287
1.177	2.076
POLYLINE BLACK
1.379	2.312
1.342	2.193
1.353	2.147
1.373	2.025
POLYLINE BLACK
1.583	2.339
1.576	2.259
1.564	2.168
1.604	2.093
1.620	2.064
1.641	2.040
1.659	2.013
POLYLINE BLACK
0.748	4.731
0.745	4.366
0.743	4.831
0.768	4.339
0.771	4.275
0.762	4.211
0.768	4.147
0.774	4.069
0.820	3.884
0.807	3.774
0.797	3.695
0.776	3.617
0.766	3.537
0.760	3.492
0.767	3.446
0.760	3.401
0.753	3.358
0.737	3.317
0.723	3.275
0.690	3.173
0.648	3.073
0.618	2.969
0.608	2.935
0.602	2.899
0.603	2.863
0.609	2.689
0.623	2.515
0.639	2.341
0.642	2.313
0.653	2.286
0.661	2.260
0.688	2.179
0.727	2.160
0.803	2.132
POLYLINE BLACK
0.813	1.683
0.798	1.857
0.764	1.821
0.655	1.973
0.631	2.007
0.615	2.045
0.596	2.082
POLYLINE BLACK
0.569	2.072
0.565	2.182
0.562	2.114
0.600	2.275
POLYLINE BLACK
1.904	2.335
2.158	2.681
2.305	2.943
2.604	3.209
2.789	3.375
2.988	3.526
3.174	3.691
3.199	3.712
3.218	3.740
3.237	3.767
3.289	3.841
3.324	3.989
3.342	4.049
3.347	4.066
3.347	4.084
3.352	4.100
3.367	4.147
3.385	4.193
3.401	4.239
POLYLINE BLACK
0.670	2.311
0.663	2.352
0.650	2.393
0.650	2.435
0.654	2.851
0.731	2.996
0.997	3.391
1.134	3.595
1.251	3.704
1.404	3.850
POLYLINE BLACK
2.303	3.548
2.398	3.535
2.449	3.450
2.532	3.414
2.573	3.396
2.621	3.390
2.664	3.381
POLYLINE BLACK
3.412	4.392
3.410	4.431
3.410	4.471
3.405	4.510
3.404	4.527
3.401	4.546
3.393	4.561
3.299	4.743
3.193	4.918
3.099	5.100
3.062	5.172
3.037	5.234
3.030	5.311
3.022	5.385
3.070	5.442
3.112	5.497
3.177	5.581
3.238	5.668
3.308	5.748
3.378	5.828
3.457	5.900
3.532	5.977
3.601	6.062
3.670	6.149
3.741	6.233
3.777	6.276
3.819	6.315
3.852	6.360
3.919	6.452
4.002	6.625
4.007	6.736
4.010	6.813
4.015	6.947
3.993	7.027
3.972	7.102
3.926	7.164
3.878	7.225
3.747	7.390
3.657	7.421
3.448	7.448
3.413	7.452
3.377	7.452
3.342	7.450
3.234	7.444
3.094	7.379
3.015	7.341
2.925	7.298
2.831	7.229
2.762	7.154
2.733	7.122
2.710	7.084
2.683	7.050
2.635	6.986
2.590	6.921
2.538	6.860
2.520	6.839
2.395	6.738
2.385	6.722
2.369	6.697
2.373	6.665
2.367	6.636
POLYLINE BLACK
2.306	6.773
2.276	6.792
2.245	6.805
2.223	6.831
2.216	6.840
2.203	6.860
2.201	6.872
2.187	6.953
2.172	7.034
2.164	7.116
2.159	7.169
2.186	7.396
2.186	7.406
2.186	7.533
2.177	7.659
2.166	7.785
2.163	7.812
2.156	7.840
2.144	7.865
2.130	7.898
2.075	8.022
2.026	8.072
1.985	8.114
1.930	8.141
1.883	8.176
1.861	8.192
1.840	8.210
1.819	8.227
POLYLINE BLACK
1.774	8.181
1.708	8.247
1.641	8.421
1.523	8.445
1.445	8.461
1.385	8.414
1.334	8.360
1.256	8.277
1.215	8.176
1.172	8.069
1.157	8.030
1.146	7.988
1.142	7.947
1.131	7.834
1.130	7.721
1.129	7.608
1.127	7.415
1.153	7.472
1.123	7.309
1.110	7.238
1.057	7.188
1.019	7.130
1.004	7.107
0.990	7.082
0.975	7.057
POLYLINE BLACK
2.145	6.610
2.092	6.622
2.073	6.736
2.011	6.761
1.963	6.780
1.889	6.728
1.874	6.683
1.860	6.639
1.848	6.595
1.838	6.550
1.823	6.486
1.869	6.433
1.874	6.372
1.882	6.279
1.860	6.136
1.968	6.087
2.007	6.070
2.051	6.101
2.086	6.109
2.112	6.115
2.139	6.118
2.165	6.120
2.191	6.121
2.216	6.118
2.242	6.117
2.264	6.115
2.286	6.107
2.305	6.122
2.383	6.186
2.261	6.527
2.259	6.534
2.251	6.572
2.252	6.612
2.245	6.651
2.217	6.795
2.142	6.754
2.030	6.717
POLYLINE BLACK
0.961	7.033
0.670	7.426
0.734	7.384
0.435	7.662
0.388	7.706
0.337	7.743
0.289	7.785
0.252	7.818
0.213	7.887
0.191	7.919
POLYLINE BLACK
0.680	4.692
0.663	4.769
0.647	4.804
0.652	4.875
0.656	4.936
0.669	4.997
0.670	5.058
0.671	5.120
0.668	5.183
0.657	5.244
0.640	5.339
0.567	5.885
0.448	6.122
0.394	6.230
0.320	6.285
0.246	6.373
0.173	6.460
0.095	6.543
0.030	6.637
-0.024	6.714
-0.065	6.800
-0.108	6.884
-0.193	7.048
-0.145	7.004
-0.221	7.101
-0.380	7.301
-0.355	7.244
-0.483	7.470
-0.496	7.494
-0.551	7.581
-0.557	7.636
-0.565	7.702
-0.525	7.782
-0.507	7.836
POLYLINE BLACK
2.662	6.826
2.619	6.765
2.574	6.705
2.533	6.643
2.513	6.611
2.494	6.556
2.507	6.518
2.527	6.461
2.619	6.429
2.669	6.465
2.762	6.532
2.833	6.661
2.838	6.776
2.839	6.798
2.808	6.844
2.785	6.844
2.744	6.844
2.703	6.834
2.663	6.830
POLYLINE BLACK
1.077	4.293
1.050	4.272
1.022	4.253
0.996	4.231
0.909	4.158
0.884	3.939
0.870	3.887
0.861	3.850
0.876	3.795
0.907	3.772
0.928	3.755
0.955	3.756
0.979	3.763
1.175	3.821
1.337	3.853
1.429	4.049
1.447	4.086
1.461	4.132
1.464	4.173
1.470	4.243
1.436	4.350
1.352	4.349
1.266	4.349
1.209	4.285
1.150	4.232
POLYLINE BLACK
1.899	4.203
1.870	4.215
1.842	4.229
1.812	4.239
1.748	4.262
1.673	4.228
1.624	4.189
1.565	4.143
1.512	4.035
1.587	3.979
1.685	3.907
1.782	3.835
1.881	3.766
1.887	3.761
1.895	3.760
1.902	3.758
1.926	3.753
1.951	3.759
1.973	3.769
2.040	3.802
2.072	3.870
2.070	3.943
2.069	4.001
2.040	4.044
2.007	4.092
1.982	4.127
1.945	4.169
1.907	4.193
1.837	4.237
1.763	4.254
1.682	4.269
POLYLINE BLACK
2.403	4.004
2.364	4.005
2.318	4.013
2.281	3.993
2.242	3.972
2.222	3.944
2.191	3.906
2.143	3.846
2.124	3.772
2.183	3.710
2.210	3.681
2.249	3.680
2.284	3.662
2.350	3.627
2.409	3.579
2.477	3.548
2.544	3.518
2.616	3.499
2.686	3.478
2.695	3.475
2.711	3.479
2.719	3.483
2.761	3.508
2.750	3.609
2.741	3.643
2.709	3.756
2.687	3.873
2.581	3.936
2.558	3.950
2.516	3.968
2.487	3.968
2.458	3.967
2.430	3.960
2.401	3.956
POLYLINE BLACK
2.077	4.439
2.085	4.494
2.091	4.551
2.027	4.566
2.012	4.570
1.995	4.569
1.981	4.562
1.947	4.545
1.928	4.503
1.919	4.469
1.886	4.347
1.996	4.270
2.103	4.242
2.144	4.231
2.184	4.228
2.226	4.233
2.282	4.238
2.341	4.258
2.377	4.302
2.448	4.388
2.413	4.531
2.332	4.599
2.288	4.636
2.242	4.639
2.185	4.649
POLYLINE BLACK
1.175	5.635
1.123	5.491
1.146	5.488
1.200	5.347
1.207	5.329
1.211	5.311
1.219	5.294
1.240	5.247
1.282	5.202
1.327	5.176
1.361	5.157
1.463	5.084
1.533	5.089
1.558	5.091
1.582	5.102
1.604	5.115
1.706	5.176
1.758	5.254
1.752	5.376
1.747	5.471
1.749	5.564
1.701	5.648
1.662	5.715
1.596	5.745
1.523	5.758
1.486	5.764
1.418	5.766
1.375	5.788
1.306	5.825
1.280	5.902
1.247	5.966
1.220	6.019
1.128	5.999
1.130	5.938
1.132	5.859
1.133	5.779
1.141	5.700
1.148	5.625
1.212	5.519
1.237	5.467
POLYLINE BLACK
1.555	4.853
1.522	4.878
1.502	4.900
1.466	4.914
1.395	4.942
1.320	4.915
1.279	4.852
1.227	4.774
1.286	4.632
1.373	4.604
1.440	4.582
1.504	4.588
1.573	4.604
1.608	4.612
1.650	4.624
1.673	4.654
1.696	4.682
1.700	4.721
1.702	4.757
1.702	4.764
1.700	4.832
1.691	4.846
1.664	4.884
1.631	4.918
1.601	4.953
POLYLINE BLACK
0.913	5.013
0.851	4.960
0.805	4.910
0.797	4.827
0.789	4.743
0.798	4.645
0.877	4.597
0.907	4.578
0.941	4.568
0.976	4.578
1.011	4.587
1.048	4.615
1.052	4.654
1.059	4.729
1.067	4.804
1.072	4.879
1.072	4.888
1.074	4.900
1.068	4.907
1.041	4.936
1.006	4.958
0.975	4.983
POLYLINE BLACK
2.383	5.162
2.317	5.190
2.256	5.205
2.186	5.183
2.098	5.155
2.041	5.025
2.053	4.939
2.055	4.922
2.064	4.902
2.073	4.888
2.124	4.809
2.207	4.822
2.272	4.883
2.314	4.924
2.373	5.086
2.293	5.120
2.232	5.146
2.191	5.118
2.137	5.088
POLYLINE BLACK
2.619	4.310
2.586	4.271
2.550	4.233
2.519	4.193
2.503	4.172
2.481	4.138
2.473	4.109
2.456	4.044
2.500	3.976
2.566	3.962
2.623	3.950
2.683	3.943
2.739	3.960
2.761	3.966
2.854	3.986
2.895	4.016
2.975	4.076
2.949	4.190
2.862	4.226
2.798	4.253
2.727	4.240
2.660	4.234
POLYLINE BLACK
2.886	4.939
2.872	4.977
2.858	5.037
2.804	5.022
2.641	4.978
2.495	4.707
2.660	4.584
2.717	4.542
2.789	4.530
2.859	4.539
2.902	4.545
2.951	4.569
2.996	4.552
3.054	4.530
3.090	4.455
3.157	4.451
3.185	4.450
3.200	4.476
3.205	4.500
3.231	4.609
3.189	4.734
3.104	4.806
3.036	4.865
2.933	4.871
2.852	4.889
POLYLINE BLACK
3.024	4.383
3.034	4.358
3.035	4.283
3.069	4.257
3.106	4.228
3.158	4.268
3.166	4.306
3.173	4.347
3.165	4.388
3.142	4.422
3.138	4.429
3.134	4.437
3.127	4.441
3.102	4.454
3.075	4.462
3.049	4.472
POLYLINE BLACK
2.365	5.517
2.315	5.474
2.270	5.434
2.267	5.365
2.266	5.344
2.268	5.323
2.279	5.304
2.322	5.236
2.485	5.237
2.551	5.261
2.607	5.282
2.580	5.363
2.535	5.378
2.509	5.387
2.465	5.382
2.447	5.382
POLYLINE BLACK
2.094	5.750
2.024	5.771
1.966	5.780
1.911	5.725
1.874	5.688
1.857	5.668
1.834	5.624
1.826	5.608
1.814	5.580
1.826	5.562
1.855	5.518
2.007	5.557
2.027	5.591
2.043	5.618
2.055	5.646
2.069	5.674
POLYLINE BLACK
2.540	5.689
2.542	5.662
2.542	5.636
2.544	5.609
2.551	5.530
2.708	5.549
2.739	5.548
POLYLINE BLACK
2.888	5.832
2.885	5.830
2.873	5.949
2.830	5.920
2.824	5.916
2.816	5.911
2.816	5.904
2.813	5.883
2.818	5.862
2.819	5.841
POLYLINE BLACK
3.042	6.043
2.969	6.034
2.995	6.051
2.958	6.001
POLYLINE BLACK
3.330	6.424
3.305	6.345
POLYLINE BLACK
3.360	6.913
3.367	6.862
POLYLINE BLACK
-0.601	7.810
-0.613	7.859
-0.621	7.910
-0.637	7.959
-0.653	8.007
-0.677	8.051
-0.695	8.098
-0.697	8.103
-0.697	8.109
-0.696	8.115
-0.690	8.168
-0.556	8.208
-0.506	8.204
-0.421	8.198
-0.345	8.141
-0.270	8.107
-0.242	8.094
-0.212	8.087
-0.185	8.073
0.089	7.932
-0.248	8.073
0.080	7.947
0.112	7.935
0.117	7.929
0.152	7.926
0.205	7.922
0.247	7.933
0.303	7.941
POLYLINE BLACK
-0.326	7.677
-0.336	7.649
-0.346	7.620
-0.356	7.592
-0.353	7.587
-0.353	7.580
-0.348	7.578
-0.307	7.563
-0.226	7.652
-0.233	7.689
-0.241	7.723
-0.258	7.754
-0.271	7.787
POLYLINE BLACK
-0.021	7.737
-0.006	7.713
0.005	7.687
0.024	7.667
0.028	7.663
0.036	7.673
0.038	7.678
0.040	7.684
0.041	7.694
0.035	7.697
0.010	7.707
-0.017	7.707
-0.044	7.711
POLYLINE BLACK
-0.185	7.392
-0.195	7.368
-0.207	7.344
-0.215	7.318
-0.246	7.227
-0.107	7.195
-0.058	7.171
POLYLINE BLACK
0.191	7.142
0.178	7.110
0.164	7.079
0.153	7.047
0.133	6.984
0.274	7.007
0.281	7.007
POLYLINE BLACK
0.458	7.323
0.420	7.287
POLYLINE BLACK
0.656	6.328
0.635	6.317
0.613	6.307
0.592	6.294
0.543	6.265
0.608	6.151
0.613	6.137
0.618	6.126
0.618	6.111
0.628	6.104
0.658	6.084
0.695	6.076
0.728	6.063
POLYLINE BLACK
0.634	6.890
0.684	6.867
POLYLINE BLACK
0.334	6.783
0.299	6.770
0.264	6.760
0.230	6.745
0.214	6.738
0.199	6.728
0.184	6.718
0.113	6.669
0.159	6.654
0.200	6.616
0.214	6.603
0.229	6.584
0.236	6.566
0.248	6.538
0.255	6.507
0.268	6.479
0.286	6.442
0.320	6.397
0.344	6.363
POLYLINE BLACK
0.641	6.410
0.615	6.384
POLYLINE BLACK
1.342	7.656
1.331	7.628
1.319	7.600
1.310	7.570
1.291	7.507
1.311	7.414
1.384	7.398
1.389	7.396
1.395	7.396
1.400	7.397
1.433	7.403
1.466	7.411
1.499	7.418
POLYLINE BLACK
1.430	8.234
1.415	8.214
1.398	8.196
1.385	8.175
1.368	8.149
1.406	8.125
1.428	8.127
1.483	8.131
1.537	8.142
1.591	8.149
POLYLINE BLACK
1.801	8.026
1.776	8.043
1.751	8.060
1.726	8.078
1.719	8.078
1.712	8.083
1.707	8.079
1.691	8.068
1.706	8.028
1.717	8.019
1.733	8.005
1.751	8.020
1.768	8.021
1.778	8.022
1.787	8.021
1.796	8.020
POLYLINE BLACK
1.444	7.830
1.416	7.815
1.387	7.802
1.360	7.785
1.343	7.774
1.348	7.753
1.358	7.740
1.375	7.716
1.407	7.702
1.435	7.700
1.462	7.697
1.491	7.708
1.514	7.688
1.532	7.672
1.529	7.651
1.543	7.633
1.563	7.604
1.588	7.578
1.611	7.551
POLYLINE BLACK
1.906	7.682
1.945	7.695
1.984	7.708
2.023	7.722
2.038	7.727
2.056	7.748
2.069	7.738
2.081	7.729
2.064	7.707
2.061	7.692
POLYLINE BLACK
1.682	7.244
1.744	7.165
1.706	7.203
1.802	7.136
POLYLINE BLACK
1.320	6.992
1.250	6.951
POLYLINE BLACK
3.623	7.062
3.576	7.008
POLYLINE BLACK
3.565	6.629
3.616	6.578
POLYLINE BLACK
1.036	1.916
0.984	1.929
0.927	1.947
0.887	1.901
0.782	1.779
0.865	1.676
0.980	1.603
1.018	1.579
1.077	1.571
1.118	1.590
1.184	1.621
1.164	1.738
1.134	1.786
1.116	1.817
1.096	1.841
1.069	1.862
1.065	1.865
1.060	1.867
1.055	1.867
1.039	1.870
1.024	1.871
1.008	1.873
POLYLINE BLACK
1.569	1.777
1.506	1.814
1.451	1.839
1.379	1.837
1.337	1.836
1.245	1.820
1.246	1.762
1.247	1.660
1.411	1.629
1.481	1.668
1.528	1.694
1.554	1.753
1.580	1.794
POLYLINE BLACK
1.633	1.913
1.664	1.896
1.713	1.879
1.716	1.836
1.717	1.830
1.716	1.824
1.715	1.819
1.713	1.806
1.706	1.793
1.708	1.780
1.709	1.775
1.716	1.771
1.721	1.772
1.731	1.773
1.740	1.780
1.748	1.785
1.820	1.834
1.683	1.874
1.668	1.880
POLYLINE BLACK
1.661	1.343
1.583	1.347
1.541	1.353
1.536	1.267
1.534	1.242
1.539	1.215
1.559	1.197
1.596	1.163
1.675	1.165
1.653	1.235
1.643	1.267
1.630	1.299
1.619	1.331
POLYLINE BLACK
1.655	3.337
1.512	3.192
1.405	3.012
1.305	2.836
1.291	2.812
1.255	2.685
1.253	2.680
POLYLINE BLACK
1.269	2.731
1.262	2.712
1.252	2.695
1.248	2.676
1.176	2.379
1.325	2.904
1.226	2.473
1.164	2.202
1.105	1.930
1.023	1.665
0.939	1.394
0.823	1.135
0.727	0.868
0.716	0.836
0.718	0.820
0.719	0.791
POLYLINE BLACK
1.634	3.338
1.740	3.473
1.763	3.533
1.872	3.615
1.899	3.635
1.961	3.650
1.982	3.654
1.997	3.658
2.012	3.658
2.027	3.659
2.029	3.659
2.032	3.659
2.034	3.659
2.050	3.653
2.065	3.646
2.080	3.640
POLYLINE BLACK
2.417	3.176
2.107	2.762
2.504	3.279
2.146	2.856
2.135	2.843
2.130	2.824
2.122	2.809
POLYLINE BLACK
2.128	2.828
2.014	2.688
1.907	2.568
1.814	2.412
1.736	2.281
1.754	2.255
1.695	2.117
1.573	1.828
1.648	2.054
1.605	1.921
POLYLINE BLACK
2.420	3.181
2.421	3.213
2.423	3.246
2.422	3.279
2.422	3.288
2.419	3.297
2.417	3.306
2.406	3.351
2.395	3.395
2.381	3.438
2.370	3.474
2.348	3.510
2.319	3.534
2.313	3.539
2.306	3.544
2.298	3.548
2.237	3.578
2.174	3.606
2.112	3.635
POLYLINE BLACK
1.986	3.468
1.964	3.492
1.937	3.517
1.902	3.501
1.884	3.493
1.880	3.475
1.869	3.460
1.865	3.454
1.860	3.449
1.856	3.444
1.853	3.441
1.849	3.438
1.847	3.434
1.839	3.418
1.833	3.402
1.827	3.386
POLYLINE BLACK
1.812	3.422
1.806	3.380
1.806	3.335
1.839	3.303
1.848	3.295
1.857	3.287
1.867	3.281
1.942	3.239
1.973	3.233
2.061	3.211
2.068	3.210
2.082	3.212
2.089	3.214
2.126	3.225
2.132	3.255
2.148	3.289
2.155	3.305
2.161	3.318
2.148	3.334
2.125	3.363
2.109	3.380
2.078	3.402
2.071	3.408
2.063	3.412
2.055	3.416
2.035	3.425
2.013	3.427
1.995	3.440
1.983	3.449
1.979	3.466
1.970	3.478
POLYLINE BLACK
2.214	3.317
2.207	3.325
2.201	3.334
2.193	3.342
2.179	3.357
2.156	3.334
2.149	3.323
2.147	3.318
2.144	3.308
2.144	3.302
2.148	3.265
2.144	3.218
2.182	3.200
2.194	3.194
2.207	3.197
2.217	3.205
2.232	3.217
2.247	3.229
2.261	3.241
2.266	3.244
2.271	3.247
2.275	3.251
2.284	3.259
2.293	3.272
2.298	3.283
2.325	3.349
2.322	3.324
2.286	3.386
POLYLINE BLACK
2.054	3.080
2.044	3.068
2.034	3.055
2.025	3.042
2.009	3.019
2.020	2.979
2.051	2.977
2.082	2.975
2.106	2.999
2.119	3.025
2.122	3.030
2.130	3.051
2.128	3.057
2.124	3.071
2.115	3.082
2.108	3.094
POLYLINE BLACK
1.604	1.944
1.521	1.734
1.569	1.870
1.507	1.393
1.500	1.342
1.505	1.338
1.518	1.298
POLYLINE BLACK
1.116	2.029
1.166	2.070
1.220	2.098
1.284	2.110
1.307	2.114
1.330	2.119
1.353	2.119
1.392	2.118
1.430	2.109
1.468	2.108
1.470	2.108
1.537	2.119
1.563	2.113
1.616	2.100
1.614	2.063
1.614	2.013
1.613	1.994
1.611	1.976
1.609	1.957
POLYLINE BLACK
1.128	1.494
1.127	1.371
POLYLINE BLACK
1.071	1.425
1.141	1.423
POLYLINE BLACK
1.349	1.455
1.341	1.397
1.343	1.431
1.350	1.351
POLYLINE BLACK
1.314	1.400
1.358	1.402
1.333	1.404
1.389	1.388
POLYLINE BLACK
1.109	1.236
1.111	1.158
POLYLINE BLACK
1.072	1.215
1.126	1.203
1.097	1.207
1.161	1.204
POLYLINE BLACK
1.300	1.252
1.288	1.211
1.292	1.232
1.289	1.187
POLYLINE BLACK
1.236	1.241
1.280	1.226
1.256	1.233
1.309	1.222
POLYLINE BLACK
1.419	2.032
1.410	1.980
1.413	2.009
1.414	1.944
POLYLINE BLACK
1.380	1.992
1.460	2.000
POLYLINE BLACK
1.680	3.157
1.650	3.180
1.637	3.188
1.619	3.152
1.614	3.142
1.611	3.130
1.615	3.120
1.620	3.106
1.638	3.090
1.651	3.104
1.654	3.107
1.656	3.110
1.657	3.113
1.662	3.131
1.665	3.150
1.669	3.168
POLYLINE BLACK
1.830	2.970
1.812	2.949
1.804	2.944
1.794	2.920
1.788	2.905
1.773	2.872
1.784	2.854
1.788	2.848
1.794	2.845
1.801	2.843
1.831	2.837
1.862	2.860
1.871	2.888
1.882	2.920
1.866	2.943
1.854	2.975
POLYLINE BLACK
1.848	3.207
1.835	3.208
1.823	3.210
1.810	3.211
1.784	3.212
1.760	3.185
1.752	3.163
1.747	3.150
1.743	3.133
1.750	3.120
1.761	3.099
1.799	3.087
1.818	3.104
1.819	3.106
1.821	3.107
1.822	3.109
1.827	3.123
1.830	3.137
1.834	3.151
POLYLINE BLACK
1.536	2.770
1.525	2.730
1.500	2.683
1.515	2.641
1.526	2.612
1.557	2.595
1.586	2.611
1.596	2.617
1.606	2.625
1.616	2.633
POLYLINE BLACK
1.770	2.542
1.759	2.537
1.748	2.534
1.737	2.529
1.721	2.521
1.702	2.476
1.724	2.469
1.742	2.463
1.766	2.482
1.769	2.499
1.771	2.520
1.773	2.541
1.775	2.562
POLYLINE BLACK
1.908	2.716
1.900	2.723
1.893	2.731
1.885	2.738
1.871	2.750
1.852	2.725
1.846	2.717
1.844	2.713
1.837	2.703
1.840	2.697
1.849	2.681
1.900	2.707
1.895	2.727
1.891	2.744
1.883	2.760
1.878	2.777
POLYLINE BLACK
1.644	2.867
1.641	2.858
1.597	2.752
1.618	2.729
1.631	2.715
1.656	2.743
1.661	2.754
1.667	2.771
1.666	2.797
1.667	2.811
POLYLINE BLACK
1.491	2.968
1.478	2.960
1.464	2.953
1.451	2.943
1.443	2.937
1.436	2.930
1.429	2.922
1.421	2.913
1.414	2.902
1.407	2.892
1.398	2.877
1.393	2.856
1.413	2.848
1.420	2.845
1.428	2.843
1.437	2.845
1.453	2.849
1.469	2.864
1.476	2.879
1.479	2.885
1.476	2.889
1.469	2.889
1.458	2.889
1.448	2.888
1.437	2.887
POLYLINE BLACK
1.311	2.516
1.325	2.511
1.293	2.455
1.316	2.441
1.336	2.429
1.361	2.459
1.370	2.471
1.372	2.474
1.376	2.477
1.374	2.479
1.367	2.488
1.357	2.493
1.348	2.501
POLYLINE BLACK
1.585	2.378
1.575	2.365
1.564	2.357
1.559	2.342
1.554	2.326
1.554	2.278
1.582	2.279
1.584	2.279
1.587	2.280
1.590	2.281
1.611	2.291
1.633	2.302
1.654	2.312
POLYLINE BLACK
1.529	2.526
1.521	2.533
1.513	2.541
1.504	2.547
1.492	2.555
1.474	2.541
1.475	2.529
1.475	2.511
1.477	2.492
1.478	2.474
POLYLINE BLACK
1.360	2.242
1.406	2.241
1.391	2.252
1.409	2.216
POLYLINE BLACK
0.090	-1.721
0.092	-1.680
0.089	-1.681
0.100	-1.645
0.131	-1.543
0.166	-1.442
0.197	-1.339
0.204	-1.314
0.209	-1.288
0.215	-1.263
0.249	-1.117
0.261	-1.085
0.277	-0.901
0.292	-0.720
0.293	-0.537
0.306	-0.356
0.309	-0.317
0.314	-0.279
0.325	-0.242
0.577	0.590
0.495	0.384
0.707	0.858
POLYLINE BLACK
1.477	1.347
1.475	1.254
1.482	1.161
1.472	1.069
1.443	0.805
1.390	0.544
1.358	0.280
1.345	0.166
1.346	0.050
1.336	-0.065
1.333	-0.099
1.320	-0.132
1.317	-0.167
1.309	-0.284
1.315	-0.402
1.304	-0.518
1.291	-0.649
1.153	-1.009
1.134	-1.045
0.794	-1.551
0.908	-1.337
0.749	-1.664
POLYLINE BLACK
0.752	-1.601
0.748	-1.613
0.742	-1.624
0.738	-1.636
0.734	-1.649
0.733	-1.671
0.735	-1.683
0.772	-1.882
0.806	-2.082
0.848	-2.280
0.866	-2.364
0.877	-2.365
0.924	-2.424
POLYLINE BLACK
0.899	-2.393
0.903	-2.418
0.904	-2.444
0.909	-2.469
0.912	-2.487
0.918	-2.503
0.925	-2.520
0.947	-2.577
0.966	-2.636
0.994	-2.690
1.056	-2.810
1.130	-2.923
1.193	-3.042
1.204	-3.061
1.210	-3.083
1.215	-3.104
1.253	-3.258
1.294	-3.412
1.322	-3.568
1.353	-3.739
1.356	-4.051
1.342	-4.210
1.334	-4.294
1.309	-4.377
1.291	-4.460
1.290	-4.466
1.285	-4.470
1.279	-4.468
1.276	-4.467
1.272	-4.465
1.270	-4.463
1.256	-4.448
1.244	-4.431
1.230	-4.416
1.222	-4.407
1.213	-4.400
1.204	-4.391
POLYLINE BLACK
0.097	-1.683
0.093	-1.725
0.085	-1.766
0.094	-1.809
0.233	-2.431
0.116	-1.922
0.195	-2.168
0.505	-3.135
0.437	-3.091
0.830	-3.881
0.869	-3.959
0.922	-4.028
0.967	-4.102
1.044	-4.227
1.086	-4.316
1.180	-4.417
1.200	-4.439
1.242	-4.475
1.274	-4.490
1.289	-4.497
1.306	-4.501
1.322	-4.507
POLYLINE BLACK
1.148	-3.002
1.143	-3.204
1.147	-2.964
1.163	-3.367
1.164	-3.378
1.162	-3.388
1.159	-3.398
1.139	-3.481
1.118	-3.563
1.095	-3.645
1.092	-3.657
1.084	-3.668
1.079	-3.679
1.074	-3.692
1.068	-3.704
1.063	-3.717
1.040	-3.776
1.020	-3.836
0.995	-3.895
0.984	-3.920
0.971	-3.945
0.957	-3.970
0.952	-3.979
0.944	-3.986
0.938	-3.994
0.930	-4.004
0.931	-4.004
0.923	-4.020
POLYLINE BLACK
0.967	-2.992
0.955	-3.062
0.952	-3.057
0.957	-3.131
0.958	-3.146
0.961	-3.160
0.964	-3.175
POLYLINE BLACK
0.888	-3.131
0.976	-3.125
0.936	-3.125
1.008	-3.128
POLYLINE BLACK
0.870	-3.334
0.865	-3.436
POLYLINE BLACK
0.791	-3.381
0.888	-3.413
POLYLINE BLACK
0.583	-2.918
0.578	-3.057
POLYLINE BLACK
0.537	-2.957
0.593	-2.973
0.562	-2.965
0.631	-2.978
POLYLINE BLACK
0.709	-2.365
0.690	-2.446
0.681	-2.455
0.684	-2.527
0.685	-2.542
0.689	-2.557
0.691	-2.572
POLYLINE BLACK
0.589	-2.369
0.689	-2.399
POLYLINE BLACK
0.397	-2.001
0.362	-2.085
0.384	-2.023
0.364	-2.194
POLYLINE BLACK
0.288	-2.072
0.363	-2.101
0.320	-2.087
0.418	-2.109
POLYLINE BLACK
0.630	-1.850
0.620	-1.909
0.615	-1.912
0.618	-1.963
0.619	-1.978
0.624	-1.994
0.624	-2.009
0.623	-2.015
0.619	-2.019
0.616	-2.024
POLYLINE BLACK
0.549	-1.953
0.615	-1.979
POLYLINE BLACK
0.860	-1.017
0.825	-1.067
0.816	-1.104
0.803	-1.161
POLYLINE BLACK
0.757	-1.009
0.823	-1.051
0.786	-1.031
0.867	-1.067
POLYLINE BLACK
1.015	-0.268
1.015	-0.289
1.015	-0.310
1.016	-0.331
1.018	-0.344
1.022	-0.356
1.021	-0.369
1.020	-0.391
1.014	-0.412
1.010	-0.434
POLYLINE BLACK
0.919	-0.335
1.053	-0.376
POLYLINE BLACK
1.097	0.438
1.085	0.351
1.096	0.407
1.050	0.273
POLYLINE BLACK
1.031	0.408
1.122	0.330
POLYLINE BLACK
1.254	0.899
1.179	0.726
POLYLINE BLACK
1.203	0.907
1.283	0.786
POLYLINE BLACK
0.909	0.900
0.845	0.771
0.878	0.821
0.821	0.744
POLYLINE BLACK
0.816	0.846
0.840	0.804
0.878	0.777
0.915	0.749
POLYLINE BLACK
0.793	0.054
0.761	0.010
0.734	-0.037
0.703	-0.082
POLYLINE BLACK
0.661	0.005
0.763	-0.046
0.716	-0.026
0.802	-0.058
POLYLINE BLACK
0.640	-0.565
0.590	-0.652
0.612	-0.619
0.578	-0.667
POLYLINE BLACK
0.554	-0.610
0.621	-0.643
0.591	-0.625
0.645	-0.662
POLYLINE BLACK
0.312	-0.322
0.313	-0.346
0.312	-0.371
0.316	-0.395
0.319	-0.421
0.326	-0.446
0.334	-0.470
0.382	-0.624
0.450	-0.762
0.457	-0.925
0.467	-1.180
0.365	-1.921
0.357	-1.973
0.291	-2.434
0.252	-2.258
0.278	-2.476
POLYLINE BLACK
0.325	-0.672
0.365	-0.646
0.343	-0.657
0.391	-0.639
POLYLINE BLACK
0.333	-0.796
0.381	-0.788
0.354	-0.789
0.416	-0.800
POLYLINE BLACK
0.381	-0.993
0.418	-1.004
0.400	-0.997
0.437	-1.015
POLYLINE BLACK
0.373	-1.150
0.425	-1.175
POLYLINE BLACK
0.355	-1.308
0.392	-1.382
POLYLINE BLACK
0.322	-1.568
0.345	-1.610
0.331	-1.587
0.364	-1.637
POLYLINE BLACK
0.301	-1.762
0.292	-1.809
0.293	-1.781
0.317	-1.847
POLYLINE BLACK
0.254	-2.005
0.278	-2.051
0.265	-2.023
0.286	-2.091
POLYLINE BLACK
0.221	-2.242
0.257	-2.314
POLYLINE BLACK
0.188	-2.170
0.241	-2.189
0.211	-2.176
0.275	-2.213
POLYLINE BLACK
0.243	-0.293
0.206	-0.342
0.185	-0.362
0.166	-0.422
0.147	-0.482
0.138	-0.545
0.118	-0.604
0.098	-0.662
0.067	-0.715
0.048	-0.773
0.018	-0.869
-0.002	-0.968
-0.030	-1.064
-0.037	-1.089
-0.049	-1.112
-0.055	-1.137
-0.083	-1.255
-0.104	-1.375
-0.131	-1.493
-0.180	-1.708
-0.209	-1.726
-0.200	-1.941
-0.197	-2.007
-0.169	-2.130
-0.123	-2.187
-0.034	-2.300
-0.076	-2.238
0.018	-2.327
0.033	-2.341
0.045	-2.358
0.059	-2.372
0.067	-2.379
0.075	-2.385
0.084	-2.390
0.181	-2.445
0.162	-2.436
0.238	-2.463
POLYLINE BLACK
0.138	-0.773
0.102	-0.874
POLYLINE BLACK
0.119	-0.774
0.190	-0.831
POLYLINE BLACK
0.123	-1.046
0.066	-1.130
0.090	-1.087
0.050	-1.175
POLYLINE BLACK
0.048	-1.079
0.112	-1.172
POLYLINE BLACK
0.067	-1.385
0.017	-1.489
POLYLINE BLACK
-0.028	-1.406
0.035	-1.494
POLYLINE BLACK
-0.001	-1.843
-0.042	-1.911
POLYLINE BLACK
-0.079	-1.789
-0.047	-1.839
-0.069	-1.812
-0.004	-1.861
POLYLINE BLACK
0.000	-0.000
0.000	-0.000
POLYLINE BLACK
2.129	1.473
2.132	1.336
2.134	1.199
2.137	1.062
2.142	1.028
2.143	0.994
2.152	0.961
2.164	0.917
2.179	0.875
2.199	0.835
2.228	0.780
2.266	0.730
2.299	0.678
2.306	0.666
2.317	0.655
2.322	0.642
2.349	0.568
2.515	0.165
2.530	-0.015
2.541	-0.156
2.536	-0.298
2.542	-0.439
2.543	-0.468
2.550	-0.496
2.552	-0.525
2.554	-0.564
2.554	-0.603
2.555	-0.642
2.567	-1.184
2.595	-1.726
2.592	-2.268
2.591	-2.363
2.567	-2.456
2.543	-2.548
2.280	-3.548
2.425	-2.834
2.349	-3.217
POLYLINE BLACK
2.388	-3.265
2.383	-3.287
2.375	-3.309
2.373	-3.333
2.370	-3.365
2.374	-3.398
2.375	-3.430
2.376	-3.523
2.383	-3.615
2.377	-3.708
2.369	-3.831
2.327	-4.007
2.288	-4.125
2.203	-4.384
2.126	-4.646
2.021	-4.898
1.978	-5.002
1.906	-5.092
1.846	-5.188
1.839	-5.200
1.829	-5.211
1.820	-5.221
1.805	-5.237
1.785	-5.250
1.766	-5.258
1.738	-5.270
1.704	-5.277
1.673	-5.277
1.451	-5.280
1.484	-5.282
1.347	-5.268
POLYLINE BLACK
1.337	-5.373
1.337	-5.363
POLYLINE BLACK
1.418	-5.250
1.401	-5.246
1.384	-5.242
1.368	-5.236
1.332	-5.223
1.276	-5.188
1.273	-5.144
1.269	-5.086
1.285	-5.055
1.304	-4.988
1.336	-4.878
1.370	-4.825
1.380	-4.698
1.393	-4.527
1.391	-4.355
1.393	-4.184
1.393	-4.169
1.388	-4.154
1.385	-4.139
1.327	-3.854
1.372	-4.061
1.265	-3.730
1.251	-3.684
1.252	-3.624
1.250	-3.579
POLYLINE BLACK
1.170	-1.468
1.163	-1.477
1.155	-1.486
1.149	-1.495
1.145	-1.501
1.140	-1.515
1.140	-1.522
1.139	-1.563
1.137	-1.605
1.142	-1.645
1.153	-1.721
1.167	-1.796
1.188	-1.870
1.231	-2.025
1.257	-1.956
1.325	-2.132
1.365	-2.233
1.394	-2.339
1.416	-2.445
1.445	-2.579
1.457	-2.891
1.442	-3.013
1.427	-3.141
1.378	-3.262
1.362	-3.389
1.342	-3.543
1.344	-3.699
1.335	-3.854
POLYLINE BLACK
1.184	-1.570
1.192	-1.557
1.202	-1.546
1.209	-1.533
1.266	-1.424
1.217	-1.172
1.213	-1.129
1.205	-1.013
1.192	-0.898
1.179	-0.782
1.173	-0.736
1.144	-0.670
1.113	-0.635
1.091	-0.611
1.040	-0.556
1.000	-0.553
0.978	-0.552
0.957	-0.574
0.946	-0.591
0.898	-0.664
0.848	-0.737
0.803	-0.812
0.793	-0.828
0.787	-0.846
0.782	-0.864
0.765	-0.933
0.745	-1.002
0.738	-1.073
0.733	-1.124
0.727	-1.283
0.749	-1.367
0.760	-1.412
0.778	-1.455
0.788	-1.500
0.839	-1.727
0.831	-1.688
0.834	-1.864
POLYLINE BLACK
1.219	-0.785
1.438	-1.022
1.414	-0.973
1.594	-1.285
1.622	-1.334
1.646	-1.387
1.665	-1.441
1.692	-1.514
1.713	-1.590
1.730	-1.666
1.737	-1.695
1.738	-1.726
1.738	-1.757
1.738	-1.944
1.726	-1.990
1.675	-2.188
1.641	-2.317
1.609	-2.446
1.564	-2.571
1.536	-2.650
1.490	-2.722
1.455	-2.798
1.451	-2.807
1.449	-2.816
1.447	-2.826
1.444	-2.840
1.442	-2.854
1.440	-2.868
POLYLINE BLACK
1.325	-1.020
1.357	-0.977
1.339	-0.998
1.381	-0.957
POLYLINE BLACK
1.335	-1.307
1.426	-1.212
POLYLINE BLACK
1.570	-1.465
1.566	-1.433
POLYLINE BLACK
1.584	-1.486
1.600	-1.431
1.609	-1.428
1.654	-1.395
POLYLINE BLACK
1.615	-1.713
1.650	-1.681
1.659	-1.678
1.703	-1.664
POLYLINE BLACK
1.587	-1.941
1.633	-1.917
1.662	-1.924
1.713	-1.931
POLYLINE BLACK
1.563	-2.201
1.591	-2.218
POLYLINE BLACK
1.500	-2.327
1.557	-2.341
1.570	-2.368
1.608	-2.414
POLYLINE BLACK
1.724	-2.870
1.675	-2.807
POLYLINE BLACK
1.465	-2.561
1.464	-2.529
1.459	-2.542
1.472	-2.523
POLYLINE BLACK
1.479	-2.572
1.535	-2.586
POLYLINE BLACK
1.976	-4.527
1.921	-4.505
1.883	-4.508
1.820	-4.515
1.784	-4.520
1.742	-4.533
1.719	-4.564
1.698	-4.593
1.692	-4.651
1.698	-4.684
1.703	-4.714
1.712	-4.743
1.720	-4.772
1.728	-4.799
1.749	-4.827
1.774	-4.840
1.797	-4.852
1.829	-4.855
1.854	-4.846
1.939	-4.817
1.972	-4.759
1.982	-4.674
1.984	-4.649
1.985	-4.627
1.979	-4.604
1.972	-4.579
1.956	-4.570
1.938	-4.548
POLYLINE BLACK
1.636	-4.776
1.630	-4.778
1.609	-4.791
1.596	-4.790
1.569	-4.787
1.562	-4.733
1.560	-4.719
1.555	-4.688
1.554	-4.656
1.549	-4.625
1.549	-4.622
1.547	-4.618
1.544	-4.618
1.540	-4.618
1.538	-4.622
1.536	-4.625
1.527	-4.644
1.519	-4.663
1.513	-4.683
1.494	-4.758
1.481	-4.847
1.516	-4.920
1.527	-4.946
1.558	-4.983
1.590	-4.982
1.621	-4.981
1.652	-4.933
1.659	-4.908
1.671	-4.871
1.681	-4.833
1.689	-4.795
1.699	-4.746
1.697	-4.701
1.661	-4.663
1.649	-4.651
1.635	-4.640
1.622	-4.629
POLYLINE BLACK
2.050	-3.932
2.036	-3.939
2.022	-3.948
2.007	-3.955
1.969	-3.970
1.896	-3.982
1.869	-4.024
1.861	-4.037
1.856	-4.050
1.853	-4.066
1.835	-4.154
1.908	-4.226
1.957	-4.289
1.973	-4.309
2.011	-4.322
2.036	-4.317
2.077	-4.308
2.136	-4.269
2.165	-4.236
2.177	-4.221
2.223	-4.175
2.226	-4.140
2.232	-4.078
2.153	-4.011
2.101	-3.996
2.079	-3.989
2.055	-3.986
2.032	-3.981
POLYLINE BLACK
1.563	-3.921
1.544	-4.056
1.547	-4.088
1.584	-4.221
1.590	-4.240
1.612	-4.285
1.634	-4.294
1.661	-4.305
1.686	-4.238
1.688	-4.222
1.721	-3.989
1.727	-4.063
1.696	-3.914
POLYLINE BLACK
1.742	-3.476
1.712	-3.473
1.683	-3.467
1.654	-3.466
1.612	-3.463
1.558	-3.474
1.532	-3.510
1.496	-3.560
1.505	-3.609
1.521	-3.664
1.530	-3.696
1.552	-3.724
1.581	-3.739
1.614	-3.758
1.652	-3.750
1.676	-3.719
1.686	-3.705
1.694	-3.685
1.699	-3.670
1.703	-3.658
1.705	-3.645
1.704	-3.633
1.701	-3.606
1.683	-3.586
1.668	-3.564

ELEVATION
STATIONS
0.000	0.000	0
1.755	-1.258	1
1.667	-1.766	2
1.599	-1.118	3
-0.450	1.529	4
1.913	-4.940	2.1
0.211	-3.781	2.2
1.292	-2.658	2.3
-0.236	-7.469	2.2.1
2.252	-0.818	2.2.0.1
1.319	-0.007	2.2.0.2
SHOTS
0.000	0.000	-0.931	-1.067
0.000	0.000	0.865	-1.051
0.000	0.000	1.811	-1.219
0.000	0.000	-1.952	-0.656
0.000	0.000	-1.304	-0.625
0.000	0.000	-0.434	0.731
0.000	0.000	0.143	0.404
0.000	0.000	0.427	-1.296
0.000	0.000	1.725	-1.369
0.000	0.000	2.241	-1.721
0.000	0.000	2.162	-1.473
0.000	0.000	-0.006	-0.160
0.000	0.000	1.755	-1.258
1.755	-1.258	1.716	-1.545
1.755	-1.258	0.937	-1.333
1.755	-1.258	1.909	-1.285
1.755	-1.258	0.907	-1.363
1.755	-1.258	1.621	-1.700
1.755	-1.258	1.749	-1.761
1.755	-1.258	2.087	-2.615
1.755	-1.258	1.667	-1.766
1.667	-1.766	1.566	1.216
1.667	-1.766	0.612	-1.408
1.667	-1.766	0.953	-1.372
1.667	-1.766	0.810	-1.192
1.667	-1.766	3.026	-0.355
1.667	-1.766	3.141	-1.166
1.667	-1.766	3.291	-1.777
1.667	-1.766	2.443	-1.907
1.667	-1.766	1.706	-5.292
1.667	-1.766	1.892	-4.963
1.667	-1.766	1.894	-4.955
1.667	-1.766	1.908	-5.213
1.667	-1.766	1.917	-4.969
1.667	-1.766	1.599	-1.118
1.599	-1.118	1.595	-0.233
1.599	-1.118	1.538	-1.685
1.599	-1.118	4.089	-0.036
1.599	-1.118	3.542	0.042
1.599	-1.118	2.941	-0.151
1.599	-1.118	2.119	0.637
1.599	-1.118	1.562	0.959
1.599	-1.118	0.672	-0.406
1.599	-1.118	1.001	0.251
1.599	-1.118	-0.509	0.996
1.599	-1.118	0.314	0.803
1.599	-1.118	-0.450	1.529
1.667	-1.766	1.913	-4.940
1.913	-4.940	2.132	-4.944
1.913	-4.940	1.891	-5.245
1.913	-4.940	1.303	-4.801
1.913	-4.940	2.239	0.477
1.913	-4.940	1.604	-4.912
1.913	-4.940	1.251	-4.986
1.913	-4.940	1.122	-5.215
1.913	-4.940	0.674	-5.092
1.913	-4.940	1.562	-5.666
1.913	-4.940	0.211	-3.781
0.211	-3.781	0.214	-1.975
0.211	-3.781	0.284	-4.028
0.211	-3.781	1.047	-3.252
0.211	-3.781	1.240	-2.706
0.211	-3.781	1.301	-3.198
0.211	-3.781	0.886	-3.699
0.211	-3.781	0.839	-3.893
0.211	-3.781	1.426	-4.597
0.211	-3.781	1.292	-2.658
0.211	-3.781	-0.236	-7.469
0.211	-3.781	2.252	-0.818
2.252	-0.818	2.154	0.210
2.252	-0.818	2.066	-2.029
2.252	-0.818	2.462	-1.005
2.252	-0.818	2.110	-1.243
2.252	-0.818	1.925	-0.181
2.252	-0.818	1.376	-0.286
2.252	-0.818	1.253	-0.595
2.252	-0.818	1.337	-0.741
2.252	-0.818	1.075	-0.846
2.252	-0.818	1.319	-0.007

