TRIP
DATE 2024-08-15
DECLINATION 0.0
DATA
0		329.38	67.65	2.623	>
0		328.58	68.08	11.611	>
0		22.57	-1.47	2.900	>
0		22.52	-1.14	2.898	>
0		22.48	-1.28	2.907	>
0	1	22.52	-1.30	2.902	>
1		155.20	17.52	6.298	>
1		155.08	17.78	6.277	>
1		155.09	17.77	6.273	>
1	2	155.12	17.69	6.283	>
2		255.88	17.75	2.616	>
2		255.84	18.16	2.579	>
2		255.92	18.10	2.558	>
2		255.84	18.10	2.619	>
2		255.96	18.17	2.610	>
2		255.97	18.20	2.614	>
2	3	255.92	18.16	2.614	>
3		229.17	12.89	3.997	>
3		229.44	13.13	4.008	>
3		229.48	13.13	3.997	>
3	4	229.37	13.05	4.001	>
4		199.46	20.94	3.514	>
4		199.07	20.76	3.498	>
4		199.33	20.89	3.514	>
4	5	199.29	20.86	3.509	>
5		284.51	-36.18	2.398	>
5		284.22	-36.24	2.418	>
5		284.43	-36.30	2.364	>
5		283.44	-35.89	2.405	>
5		284.58	-36.42	2.416	>
5		284.24	-36.40	2.410	>
5	6	284.09	-36.24	2.410	>
6		215.72	25.50	8.674	>
6		215.55	25.30	8.678	>
6		215.62	25.10	8.679	>
6		214.37	27.91	10.210	>
6		214.39	27.76	10.209	>
6		214.49	27.77	10.221	>
6	7	214.42	27.81	10.213	>
7		199.45	31.08	2.550	>
7		199.72	31.38	5.248	>
7		199.61	31.24	5.232	>
7		199.38	31.38	5.238	>
7	8	199.57	31.33	5.239	>
8		174.87	0.33	2.710	>
8		174.33	0.42	2.727	>
8		174.33	0.30	2.727	>
8	9	174.51	0.35	2.721	>
9		81.40	14.55	5.898	>
9		81.35	14.70	5.857	>
9		81.62	14.14	5.916	>
9	10	81.46	14.47	5.890	>
10		119.59	13.36	7.665	>
10		119.61	13.61	7.670	>
10		119.62	13.46	7.668	>
10	11	119.61	13.48	7.668	>
11		69.80	21.43	2.990	>
11		69.98	21.17	2.998	>
11		69.94	21.24	2.987	>
11	12	69.91	21.28	2.992	>
12		94.35	14.23	9.912	>
12		86.62	16.45	4.024	>
12		85.75	17.81	4.020	>
12		85.64	17.41	4.010	>
12	13	86.00	17.22	4.018	>
13		140.82	3.10	2.578	>
13		140.71	3.30	2.575	>
13		140.48	3.60	2.576	>
13	14	140.67	3.33	2.576	>
14		52.39	26.11	2.974	>
14		52.04	26.65	2.962	>
14		52.14	26.28	2.952	>
14	15	52.19	26.35	2.963	>
15		33.30	24.53	8.586	>
15		33.36	24.58	8.598	>
15		33.15	24.41	8.600	>
15	16	33.27	24.51	8.595	>
16		21.73	28.09	5.211	>
16		21.43	28.09	5.217	>
16		21.52	27.93	5.222	>
16	17	21.56	28.03	5.217	>
17		358.27	27.37	4.686	>
17		358.32	27.54	4.678	>
17		358.48	27.67	4.672	>
17	18	358.36	27.53	4.679	>

PLAN
STATIONS
0.000	0.000	0
1.111	2.680	1
3.629	-2.751	2
1.220	-3.355	3
-1.738	-5.893	4
-2.821	-8.987	5
-4.707	-8.514	6
-9.813	-15.966	7
-11.311	-20.183	8
-11.051	-22.891	9
-5.411	-22.044	10
1.072	-25.728	11
3.690	-24.770	12
7.519	-24.503	13
9.149	-26.492	14
11.246	-24.865	15
15.536	-18.326	16
17.229	-14.043	17
17.109	-9.896	18
SHOTS
0.000	0.000	-0.508	0.858
0.000	0.000	-2.259	3.699
0.000	0.000	1.111	2.680
1.111	2.680	3.629	-2.751
3.629	-2.751	1.213	-3.358
3.629	-2.751	1.253	-3.350
3.629	-2.751	1.271	-3.342
3.629	-2.751	1.220	-3.355
1.220	-3.355	-1.738	-5.893
-1.738	-5.893	-2.821	-8.987
-2.821	-8.987	-4.695	-8.502
-2.821	-8.987	-4.712	-8.508
-2.821	-8.987	-4.666	-8.512
-2.821	-8.987	-4.707	-8.514
-4.707	-8.514	-9.813	-15.966
-9.813	-15.966	-10.540	-18.025
-9.813	-15.966	-11.311	-20.183
-11.311	-20.183	-11.051	-22.891
-11.051	-22.891	-5.411	-22.044
-5.411	-22.044	1.072	-25.728
1.072	-25.728	3.690	-24.770
3.690	-24.770	13.271	-25.499
3.690	-24.770	7.519	-24.503
7.519	-24.503	9.149	-26.492
9.149	-26.492	11.246	-24.865
11.246	-24.865	15.536	-18.326
15.536	-18.326	17.229	-14.043
17.229	-14.043	17.109	-9.896
POLYLINE RED
0.113	0.288
0.009	0.306
-0.116	0.314
-0.183	0.213
-0.214	0.166
-0.222	0.103
-0.223	0.049
-0.227	-0.111
-0.123	-0.243
0.038	-0.265
0.077	-0.271
0.123	-0.268
0.157	-0.247
0.260	-0.186
0.312	0.020
0.253	0.126
0.237	0.156
0.215	0.186
0.183	0.200
0.134	0.221
0.077	0.197
0.031	0.185
POLYLINE RED
1.119	2.836
1.050	2.819
0.958	2.804
0.938	2.722
0.898	2.554
1.018	2.424
1.189	2.456
1.273	2.471
1.343	2.533
1.392	2.599
1.463	2.694
1.466	2.837
1.388	2.930
1.376	2.945
1.315	2.993
1.293	2.982
1.246	2.957
1.203	2.925
1.158	2.896
POLYLINE RED
-2.100	4.105
-2.098	4.150
-2.103	4.195
-2.085	4.237
-2.044	4.333
-1.941	4.440
-1.865	4.316
-1.848	4.290
-1.841	4.259
-1.847	4.228
-1.851	4.205
-1.870	4.175
-1.857	4.149
-1.836	4.108
-1.769	4.121
-1.733	4.101
-1.683	4.072
-1.622	3.982
-1.677	3.930
-1.710	3.900
-1.789	3.901
-1.812	3.897
POLYLINE RED
-1.381	4.564
-1.370	4.419
-1.360	4.274
-1.350	4.129
-1.354	4.131
-1.360	4.130
-1.362	4.134
-1.370	4.147
-1.379	4.174
-1.378	4.192
-1.375	4.242
-1.312	4.248
-1.279	4.266
-1.255	4.279
-1.232	4.293
-1.212	4.311
-1.129	4.382
-0.978	4.523
-1.037	4.655
-1.039	4.658
-1.043	4.650
-1.046	4.648
-1.050	4.553
-1.059	4.459
-1.058	4.364
-1.056	4.224
-1.018	4.118
-0.967	3.992
POLYLINE RED
3.695	-2.414
3.615	-2.400
3.510	-2.371
3.432	-2.416
3.386	-2.442
3.358	-2.482
3.335	-2.529
3.284	-2.636
3.287	-2.766
3.389	-2.841
3.505	-2.927
3.731	-2.959
3.860	-2.910
3.989	-2.859
4.102	-2.715
4.083	-2.572
4.071	-2.481
4.020	-2.403
3.965	-2.332
3.939	-2.299
3.901	-2.262
3.863	-2.239
3.798	-2.200
3.729	-2.201
3.655	-2.194
POLYLINE RED
1.219	-2.991
1.183	-2.992
1.146	-2.990
1.110	-2.992
1.014	-3.000
0.922	-3.122
0.883	-3.198
0.864	-3.236
0.863	-3.284
0.871	-3.325
0.903	-3.479
1.033	-3.588
1.192	-3.592
1.267	-3.593
1.331	-3.550
1.386	-3.502
1.505	-3.398
1.577	-3.096
1.368	-3.043
1.225	-3.007
1.168	-3.068
1.058	-3.150
POLYLINE RED
-1.809	-5.563
-1.931	-5.633
-2.035	-5.709
-2.080	-5.846
-2.133	-6.006
-1.957	-6.123
-1.811	-6.104
-1.701	-6.090
-1.591	-6.029
-1.537	-5.929
-1.497	-5.857
-1.493	-5.770
-1.488	-5.690
-1.482	-5.610
-1.476	-5.475
-1.535	-5.403
-1.621	-5.295
-1.830	-5.317
-1.932	-5.386
-1.973	-5.413
-2.027	-5.467
-2.060	-5.499
POLYLINE RED
-2.938	-8.763
-2.970	-8.803
-3.004	-8.841
-3.034	-8.882
-3.059	-8.918
-3.086	-8.972
-3.084	-9.019
-3.079	-9.137
-2.950	-9.204
-2.847	-9.213
-2.794	-9.218
-2.724	-9.216
-2.680	-9.179
-2.582	-9.097
-2.639	-8.820
-2.762	-8.784
-2.846	-8.759
-2.958	-8.820
-3.021	-8.840
POLYLINE RED
-4.760	-8.400
-4.825	-8.437
-4.972	-8.513
-4.937	-8.616
-4.915	-8.679
-4.861	-8.727
-4.811	-8.766
-4.726	-8.832
-4.594	-8.854
-4.510	-8.771
-4.463	-8.725
-4.430	-8.676
-4.402	-8.615
-4.356	-8.519
-4.318	-8.390
-4.421	-8.316
-4.445	-8.299
-4.480	-8.284
-4.507	-8.280
-4.597	-8.264
-4.662	-8.261
-4.752	-8.275
-4.870	-8.293
-4.949	-8.356
-5.040	-8.427
POLYLINE RED
-9.930	-15.625
-10.008	-15.671
-10.126	-15.706
-10.167	-15.799
-10.194	-15.862
-10.189	-15.957
-10.191	-16.011
-10.197	-16.140
-10.075	-16.195
-9.978	-16.257
-9.868	-16.328
-9.644	-16.339
-9.570	-16.205
-9.487	-16.055
-9.548	-15.731
-9.556	-15.640
-9.560	-15.580
-9.588	-15.513
-9.626	-15.466
-9.708	-15.366
-9.876	-15.352
-9.988	-15.402
-10.038	-15.425
-10.060	-15.454
-10.104	-15.495
POLYLINE RED
-11.291	-19.898
-11.367	-19.920
-11.405	-19.923
-11.470	-19.967
-11.535	-20.011
-11.687	-20.091
-11.731	-20.193
-11.788	-20.327
-11.699	-20.480
-11.637	-20.592
-11.590	-20.675
-11.495	-20.770
-11.394	-20.780
-11.272	-20.792
-11.187	-20.657
-11.127	-20.577
-11.074	-20.507
-11.025	-20.435
-10.978	-20.361
-10.942	-20.304
-10.915	-20.197
-10.987	-20.154
-11.094	-20.090
-11.202	-20.026
-11.310	-19.962
POLYLINE RED
-10.916	-22.553
-11.038	-22.530
-11.205	-22.465
-11.332	-22.527
-11.428	-22.574
-11.552	-22.716
-11.547	-22.832
-11.538	-23.044
-11.343	-23.181
-11.140	-23.143
-11.024	-23.121
-10.840	-23.035
-10.765	-22.937
-10.712	-22.868
-10.691	-22.799
-10.659	-22.713
-10.646	-22.682
-10.644	-22.647
-10.662	-22.617
-10.671	-22.602
-10.687	-22.587
-10.702	-22.578
-10.827	-22.502
-10.861	-22.506
-11.014	-22.488
POLYLINE RED
-5.303	-21.668
-5.489	-21.685
-5.646	-21.755
-5.747	-21.918
-5.798	-22.000
-5.911	-22.201
-5.876	-22.314
-5.859	-22.370
-5.809	-22.412
-5.757	-22.434
-5.700	-22.459
-5.633	-22.483
-5.569	-22.486
-5.517	-22.490
-5.445	-22.476
-5.398	-22.459
-5.252	-22.405
-5.140	-22.335
-5.043	-22.211
-4.978	-22.129
-4.877	-21.971
-4.883	-21.856
-4.887	-21.798
-4.927	-21.739
-4.961	-21.697
-5.053	-21.581
-5.129	-21.533
-5.279	-21.536
-5.414	-21.538
-5.521	-21.652
-5.614	-21.734
POLYLINE RED
1.248	-25.271
1.117	-25.269
0.989	-25.281
0.874	-25.349
0.729	-25.434
0.630	-25.576
0.640	-25.748
0.644	-25.819
0.665	-25.889
0.707	-25.947
0.796	-26.074
1.011	-26.092
1.128	-25.994
1.213	-25.923
1.290	-25.849
1.352	-25.758
1.433	-25.638
1.406	-25.459
1.334	-25.344
1.313	-25.310
1.274	-25.281
1.233	-25.285
1.124	-25.295
1.068	-25.402
1.012	-25.480
POLYLINE RED
8.120	-21.310
8.132	-21.349
8.147	-21.387
8.157	-21.427
8.187	-21.550
8.094	-21.756
8.055	-21.837
7.933	-22.094
7.793	-22.341
7.660	-22.592
7.655	-22.601
7.650	-22.612
7.642	-22.618
7.590	-22.655
7.534	-22.686
7.480	-22.720
POLYLINE RED
7.590	-21.580
8.270	-21.230
POLYLINE RED
8.500	-21.220
8.653	-21.049
8.562	-21.135
8.780	-20.970
POLYLINE RED
3.631	-24.337
3.602	-24.358
3.571	-24.376
3.543	-24.398
3.475	-24.452
3.443	-24.570
3.422	-24.642
3.392	-24.748
3.397	-24.856
3.446	-24.955
3.502	-25.070
3.610	-25.122
3.733	-25.071
3.764	-25.058
3.810	-25.031
3.833	-25.006
3.871	-24.964
4.044	-24.798
4.073	-24.687
4.086	-24.638
4.079	-24.585
4.063	-24.538
4.019	-24.407
3.917	-24.308
3.778	-24.288
3.708	-24.278
3.652	-24.306
3.585	-24.328
POLYLINE RED
7.704	-24.067
7.532	-24.078
7.397	-24.106
7.271	-24.227
7.179	-24.315
7.092	-24.457
7.134	-24.589
7.156	-24.660
7.229	-24.706
7.291	-24.739
7.417	-24.805
7.584	-24.805
7.701	-24.715
7.792	-24.646
7.862	-24.534
7.920	-24.443
7.963	-24.375
8.015	-24.255
7.999	-24.167
7.974	-24.022
7.813	-23.937
7.676	-23.985
7.596	-24.013
7.583	-24.054
7.511	-24.126
POLYLINE RED
9.072	-26.295
9.008	-26.311
8.943	-26.317
8.886	-26.351
8.808	-26.398
8.756	-26.494
8.798	-26.584
8.835	-26.663
8.883	-26.767
8.961	-26.818
9.164	-26.953
9.433	-26.965
9.625	-26.806
9.671	-26.769
9.757	-26.694
9.776	-26.627
9.788	-26.585
9.779	-26.539
9.766	-26.499
9.726	-26.372
9.615	-26.334
9.496	-26.300
9.471	-26.293
9.420	-26.285
9.390	-26.289
9.238	-26.312
9.183	-26.371
9.055	-26.465
POLYLINE RED
11.361	-24.638
11.208	-24.649
11.075	-24.687
10.986	-24.816
10.900	-24.941
11.066	-25.085
11.161	-25.137
11.230	-25.174
11.344	-25.215
11.411	-25.146
11.518	-25.035
11.600	-24.898
11.542	-24.742
11.491	-24.602
11.299	-24.561
11.172	-24.604
11.120	-24.622
11.080	-24.665
11.040	-24.700
POLYLINE RED
15.598	-18.083
15.546	-18.098
15.493	-18.111
15.442	-18.130
15.382	-18.152
15.320	-18.192
15.284	-18.246
15.252	-18.294
15.238	-18.356
15.240	-18.413
15.246	-18.572
15.321	-18.719
15.470	-18.787
15.538	-18.818
15.622	-18.833
15.693	-18.805
15.748	-18.783
15.793	-18.746
15.836	-18.705
15.970	-18.575
15.995	-18.499
16.015	-18.314
16.027	-18.206
15.992	-18.095
15.908	-18.024
15.801	-17.933
15.655	-17.944
15.524	-17.930
POLYLINE RED
17.231	-13.739
17.197	-13.741
17.163	-13.740
17.129	-13.743
17.027	-13.753
16.974	-13.855
16.956	-13.944
16.948	-13.982
16.945	-14.038
16.954	-14.077
16.985	-14.206
17.084	-14.397
17.247	-14.346
17.376	-14.307
17.467	-14.203
17.557	-14.110
17.580	-14.085
17.585	-14.029
17.583	-14.000
17.577	-13.881
17.550	-13.756
17.448	-13.683
17.440	-13.677
17.362	-13.625
17.339	-13.632
17.280	-13.650
17.228	-13.685
17.173	-13.711
POLYLINE RED
16.969	-9.687
16.934	-9.694
16.898	-9.698
16.863	-9.707
16.789	-9.725
16.726	-9.804
16.702	-9.872
16.627	-10.086
16.881	-10.469
17.126	-10.428
17.205	-10.415
17.269	-10.354
17.321	-10.298
17.404	-10.209
17.462	-10.127
17.512	-10.018
17.576	-9.876
17.581	-9.647
17.479	-9.520
17.384	-9.402
17.144	-9.392
17.027	-9.479
16.983	-9.512
16.967	-9.558
16.942	-9.606
POLYLINE RED
18.536	-8.084
18.435	-8.046
18.343	-8.028
18.238	-8.047
18.130	-8.066
18.057	-8.121
18.065	-8.235
18.067	-8.276
18.083	-8.314
18.108	-8.346
18.191	-8.448
18.429	-8.493
18.461	-8.627
18.490	-8.748
18.369	-8.851
18.255	-8.846
18.248	-8.846
18.197	-8.839
18.189	-8.829
18.154	-8.786
18.128	-8.738
18.097	-8.693
POLYLINE RED
19.016	-8.061
18.904	-8.763
18.921	-8.502
18.904	-8.837
POLYLINE RED
18.717	-8.446
19.150	-8.488
POLYLINE RED
19.535	-8.299
19.506	-8.351
19.475	-8.401
19.449	-8.453
19.426	-8.502
19.411	-8.561
19.419	-8.616
19.428	-8.671
19.485	-8.756
19.541	-8.689
19.568	-8.658
19.593	-8.627
19.616	-8.593
19.687	-8.484
19.718	-8.292
19.744	-8.197
POLYLINE RED
19.998	-8.372
19.964	-8.444
19.934	-8.487
19.923	-8.559
19.918	-8.595
19.910	-8.663
19.947	-8.689
20.007	-8.731
20.124	-8.655
20.150	-8.599
20.192	-8.510
20.225	-8.317
20.118	-8.258
20.100	-8.249
20.078	-8.245
20.058	-8.249
19.992	-8.263
19.939	-8.367
19.911	-8.405
POLYLINE RED
20.260	-7.687
20.200	-8.649
20.134	-8.299
20.241	-8.754
POLYLINE RED
20.588	-8.374
20.581	-8.427
20.573	-8.479
20.565	-8.532
20.568	-8.540
20.566	-8.552
20.574	-8.555
20.581	-8.559
20.590	-8.552
20.596	-8.547
20.635	-8.516
20.670	-8.481
20.708	-8.450
20.772	-8.399
20.819	-8.430
20.853	-8.495
20.882	-8.551
20.875	-8.557
20.891	-8.621
20.904	-8.678
20.919	-8.734
20.933	-8.790
POLYLINE RED
21.134	-8.434
21.119	-8.752
21.058	-8.655
21.156	-8.778
POLYLINE RED
21.272	-8.115
21.298	-8.120
POLYLINE RED
21.782	-8.316
21.695	-8.333
21.624	-8.353
21.576	-8.430
21.533	-8.497
21.503	-8.584
21.520	-8.664
21.539	-8.756
21.628	-8.807
21.685	-8.710
21.783	-8.541
21.765	-8.557
21.822	-8.346
21.828	-8.327
21.817	-8.292
21.837	-8.289
21.855	-8.286
21.848	-8.323
21.853	-8.340
21.887	-8.458
21.903	-8.604
21.991	-8.701
21.991	-8.701
22.031	-8.743
22.048	-8.748
22.108	-8.762
22.169	-8.774
22.229	-8.787
POLYLINE RED
18.496	-10.099
18.565	-10.096
18.633	-10.090
18.702	-10.091
18.732	-10.095
18.763	-10.099
18.793	-10.104
18.793	-10.110
18.797	-10.118
18.793	-10.123
18.786	-10.134
18.773	-10.139
18.762	-10.145
18.645	-10.206
18.525	-10.260
18.410	-10.322
18.367	-10.345
18.434	-10.389
18.450	-10.397
18.505	-10.426
18.561	-10.454
18.616	-10.483
POLYLINE RED
20.085	-10.303
20.036	-10.284
19.967	-10.239
19.909	-10.265
19.827	-10.302
19.735	-10.476
19.799	-10.555
19.813	-10.572
19.834	-10.582
19.854	-10.586
19.909	-10.598
19.944	-10.556
19.956	-10.507
19.969	-10.452
19.976	-10.405
19.970	-10.350
19.970	-10.346
19.953	-10.238
19.933	-10.230
19.922	-10.226
19.920	-10.252
19.919	-10.264
19.915	-10.315
19.911	-10.366
19.918	-10.416
19.945	-10.607
19.990	-10.796
20.020	-10.987
20.024	-11.009
20.021	-11.033
20.018	-11.055
19.999	-11.228
19.843	-11.249
19.700	-11.209
19.669	-11.201
19.632	-11.185
19.605	-11.165
19.556	-11.128
19.545	-11.074
19.526	-11.018
POLYLINE RED
20.351	-10.132
20.396	-10.147
20.456	-10.155
20.489	-10.195
20.559	-10.279
20.501	-10.432
20.441	-10.503
20.431	-10.516
20.419	-10.527
20.406	-10.537
20.402	-10.540
20.333	-10.581
20.329	-10.590
20.326	-10.597
20.337	-10.604
20.344	-10.608
20.355	-10.613
20.369	-10.614
20.382	-10.615
20.451	-10.621
20.521	-10.624
20.590	-10.628
POLYLINE RED
20.758	-10.226
20.730	-10.331
20.707	-10.377
20.709	-10.474
20.710	-10.503
20.714	-10.537
20.729	-10.565
20.741	-10.589
20.762	-10.607
20.787	-10.618
20.855	-10.644
20.899	-10.608
20.925	-10.546
20.940	-10.511
20.950	-10.475
20.963	-10.440
20.970	-10.418
20.963	-10.381
20.985	-10.374
21.003	-10.368
20.991	-10.411
20.994	-10.430
21.016	-10.609
21.042	-10.788
21.059	-10.968
21.062	-11.007
21.061	-11.047
21.055	-11.086
21.037	-11.200
21.004	-11.396
20.887	-11.466
20.781	-11.529
20.693	-11.460
20.647	-11.362
20.625	-11.316
20.588	-11.233
20.582	-11.172
20.579	-11.136
20.580	-11.100
20.579	-11.064
POLYLINE RED
21.278	-10.322
21.278	-10.436
21.212	-10.571
21.277	-10.664
21.291	-10.684
21.324	-10.303
21.409	-10.438
21.435	-10.478
21.443	-10.503
21.454	-10.549
21.460	-10.578
21.451	-10.615
21.471	-10.638
21.482	-10.650
21.488	-10.610
21.495	-10.595
21.527	-10.520
21.553	-10.442
21.587	-10.368
21.591	-10.359
21.599	-10.351
21.608	-10.347
21.626	-10.338
21.642	-10.362
21.647	-10.374
21.662	-10.408
21.674	-10.443
21.684	-10.479
21.706	-10.558
21.701	-10.613
21.703	-10.698
POLYLINE RED
22.405	-10.206
22.365	-10.201
22.325	-10.194
22.285	-10.192
22.169	-10.185
22.019	-10.303
22.055	-10.429
22.069	-10.481
22.135	-10.565
22.146	-10.586
22.163	-10.618
22.196	-10.686
22.141	-10.704
22.121	-10.710
22.109	-10.711
22.090	-10.702
22.038	-10.676
21.988	-10.649
21.936	-10.622
POLYLINE RED
22.635	-10.364
22.663	-10.351
22.692	-10.341
22.718	-10.326
22.729	-10.319
22.694	-10.331
22.683	-10.335
22.677	-10.338
22.671	-10.341
22.666	-10.345
22.647	-10.359
22.634	-10.382
22.628	-10.405
22.603	-10.502
22.624	-10.654
22.725	-10.705
22.770	-10.727
22.820	-10.721
22.870	-10.721
POLYLINE RED
23.154	-10.337
23.158	-10.435
23.151	-10.533
23.165	-10.629
23.167	-10.643
23.183	-10.608
23.192	-10.598
23.236	-10.505
23.278	-10.411
23.324	-10.320
23.334	-10.300
23.347	-10.282
23.362	-10.265
23.388	-10.238
23.412	-10.282
23.417	-10.300
23.436	-10.376
23.449	-10.453
23.466	-10.529
23.470	-10.544
23.469	-10.561
23.478	-10.573
23.482	-10.578
23.493	-10.575
23.498	-10.570
23.510	-10.559
23.516	-10.543
23.523	-10.528
23.575	-10.413
23.619	-10.294
23.675	-10.180
23.698	-10.135
23.729	-10.095
23.758	-10.054
23.796	-10.000
23.834	-10.058
23.849	-10.098
23.868	-10.148
23.885	-10.198
23.898	-10.249
23.905	-10.275
23.909	-10.301
23.909	-10.327
23.908	-10.427
23.899	-10.527
23.894	-10.627

ELEVATION
STATIONS
0.000	0.000	0
1.111	-0.066	1
3.629	1.843	2
1.220	2.658	3
-1.738	3.562	4
-2.821	4.811	5
-4.707	3.387	6
-9.813	8.152	7
-11.311	10.877	8
-11.051	10.893	9
-5.411	12.365	10
1.072	14.152	11
3.690	15.238	12
7.519	16.428	13
9.149	16.577	14
11.246	17.892	15
15.536	21.457	16
17.229	23.909	17
17.109	26.071	18
SHOTS
0.000	0.000	-0.508	2.426
0.000	0.000	-2.259	10.772
0.000	0.000	1.111	-0.066
1.111	-0.066	3.629	1.843
3.629	1.843	1.213	2.641
3.629	1.843	1.253	2.647
3.629	1.843	1.271	2.638
3.629	1.843	1.220	2.658
1.220	2.658	-1.738	3.562
-1.738	3.562	-2.821	4.811
-2.821	4.811	-4.695	3.396
-2.821	4.811	-4.712	3.382
-2.821	4.811	-4.666	3.412
-2.821	4.811	-4.707	3.387
-4.707	3.387	-9.813	8.152
-9.813	8.152	-10.540	9.469
-9.813	8.152	-11.311	10.877
-11.311	10.877	-11.051	10.893
-11.051	10.893	-5.411	12.365
-5.411	12.365	1.072	14.152
1.072	14.152	3.690	15.238
3.690	15.238	13.271	17.674
3.690	15.238	7.519	16.428
7.519	16.428	9.149	16.577
9.149	16.577	11.246	17.892
11.246	17.892	15.536	21.457
15.536	21.457	17.229	23.909
17.229	23.909	17.109	26.071

