FIX
1.0	0.000	0.000	0.000
TRIP
DATE 2005-07-03 
DECLINATION     0.00
DATA
1.0		182.32	-5.90	5.900	>
1.0		145.71	-5.11	5.479	>
1.0		146.15	-5.46	5.489	>
1.0		158.70	-10.51	4.390	>
1.0		157.66	-10.38	4.390	>
1.0		132.01	-6.82	3.881	>
1.0		62.14	3.76	4.570	>
1.0		118.69	59.21	6.080	>
1.0		113.74	58.06	5.860	>
1.0		41.21	12.62	2.041	>
1.0		121.89	-80.82	1.720	>
1.0		93.92	20.88	5.241	>
1.0		88.13	49.59	8.360	>
1.0		133.52	59.37	6.280	>
1.0		145.87	-28.21	6.280	>
1.0		143.81	-47.35	2.670	>
1.0		123.86	-41.82	3.220	>
1.0		126.69	-46.78	2.750	>
1.0		122.62	81.18	7.940	>
1.0	1.1	340.55	22.12	5.200	>
1.1		91.60	-26.33	0.800	>
1.1		85.82	55.13	0.360	>
1.1	1.2	9.82	13.02	3.623	>
1.2		121.58	7.90	0.640	>
1.2		141.03	-67.04	1.260	>
1.2	1.3	54.56	2.84	3.129	>
1.3		184.31	7.93	0.899	>
1.3		203.20	86.99	0.290	>
1.3		188.78	-54.55	1.040	>
1.3	1.4	139.18	-2.39	2.807	>
1.4		167.38	56.14	0.370	>
1.4		6.20	6.99	0.970	>
1.4		272.20	11.63	0.719	>
1.4		124.16	2.67	1.890	>
1.4		125.84	86.14	0.330	>
1.4		266.19	-87.61	0.360	>
1.4	1.5	45.66	13.23	3.960	>
1.5		208.01	-2.51	1.029	>
1.5		292.34	13.08	1.321	>
1.5		45.85	25.60	1.000	>
1.5		148.72	-0.67	2.040	>
1.5		105.17	35.00	0.760	>
1.5		205.61	-80.35	0.800	>
1.5	1.6	185.44	14.70	5.323	>
1.6		317.06	-15.21	1.491	>
1.6		308.18	23.09	2.550	>
1.6		118.77	-83.03	0.480	>
1.6	1.7	221.84	17.80	3.303	>
1.6		279.13	20.50	4.220	>
1.6	1.8	276.86	22.66	9.386	>
1.8		121.62	81.87	2.010	>
1.8		180.05	10.86	1.130	>
1.8		200.24	-73.29	1.820	>
1.8		161.39	47.38	10.230	>
1.8	1.9	288.78	50.59	2.926	>
1.9		174.85	7.10	0.639	>
1.9		141.84	-85.56	1.610	>
1.9		179.79	73.49	0.950	>
1.9	1.10	230.69	11.44	6.120	>
1.10		106.72	7.44	1.630	>
1.10		216.22	19.36	1.080	>
1.10		88.30	39.65	2.540	>
1.10		246.11	-80.49	1.510	>
1.10	1.11	24.56	34.22	2.593	>
1.11		271.61	-31.19	0.830	>
1.11		276.61	16.08	1.600	>
1.11		263.98	51.24	0.700	>
1.11		20.28	-86.15	1.460	>
1.11	1.12	326.34	4.24	3.533	>
1.12		110.45	1.51	0.911	>
1.12		104.65	65.91	0.610	>
1.12		72.13	-78.11	1.250	>
1.12	1.13	70.03	3.97	4.047	>
1.13		160.24	1.18	0.630	>
1.13		350.57	10.14	0.341	>
1.13		153.67	79.22	1.170	>
1.13		234.22	-80.99	1.550	>
1.13	1.14	93.88	5.32	3.840	>
1.14		291.22	74.58	4.500	>
1.14		44.17	50.01	2.720	>
1.14		349.29	0.83	3.880	>
1.14		300.83	3.37	2.930	>
1.14		244.45	7.34	1.370	>
1.14		301.06	-48.73	2.380	>
1.14		319.37	-5.81	3.890	>
1.14	1.15	330.33	52.23	9.309	>
1.15		182.98	-9.40	1.169	>
1.15		266.81	0.57	1.920	>
1.15		201.39	-15.77	1.200	>
1.15		305.02	6.00	2.460	>
1.15		183.78	76.19	2.860	>
1.15		41.03	76.21	1.630	>
1.15		143.61	76.20	2.020	>
1.15		336.43	-58.34	1.729	>
1.15	1.16	37.72	62.60	5.289	>
1.16		180.93	81.35	1.230	>
1.16		170.73	7.90	0.589	>
1.16		234.09	2.08	2.181	>
1.16	1.17	58.28	5.46	3.103	>
1.17		150.87	1.59	1.120	>
1.17		280.52	19.20	0.690	>
1.17		105.26	87.69	0.850	>
1.17		247.00	-60.91	0.990	>
1.17	1.18	339.10	24.88	4.353	>
1.18		100.30	1.14	1.610	>
1.18		337.81	84.26	0.820	>
1.18		75.47	-54.54	0.680	>
1.18	1.19	41.86	17.03	3.565	>
1.19		321.83	13.34	0.880	>
1.19		98.90	0.00	1.480	>
1.19		164.55	-73.64	0.840	>
1.19	1.20	359.55	14.68	4.700	>
1.20	1.21	309.01	3.34	3.019	>
1.21	1.22	248.41	35.29	3.619	>
1.22	1.23	85.30	45.75	7.120	>

PLAN
STATIONS
0.000	0.000	1.0
-1.604	4.542	1.1
-1.002	8.020	1.2
1.544	9.832	1.3
3.377	7.710	1.4
6.134	10.404	1.5
5.646	5.278	1.6
3.548	2.935	1.7
-2.954	6.312	1.8
-4.713	6.910	1.9
-9.354	3.110	1.10
-8.463	5.060	1.11
-10.416	7.993	1.12
-6.622	9.372	1.13
-2.807	9.113	1.14
-5.629	14.067	1.15
-4.140	15.992	1.16
-1.513	17.616	1.17
-2.922	21.305	1.18
-0.647	23.844	1.19
-0.683	28.390	1.20
-3.025	30.287	1.21
-5.772	29.200	1.22
-0.821	29.607	1.23
SHOTS
-5.772	29.200	-0.821	29.607
-3.025	30.287	-5.772	29.200
-0.683	28.390	-3.025	30.287
-0.647	23.844	-0.683	28.390
-2.922	21.305	-0.647	23.844
-0.647	23.844	-1.176	24.517
-0.647	23.844	0.815	23.615
-0.647	23.844	-0.584	23.616
-1.513	17.616	-2.922	21.305
-2.922	21.305	-1.338	21.017
-2.922	21.305	-2.953	21.381
-2.922	21.305	-2.540	21.404
-4.140	15.992	-1.513	17.616
-1.513	17.616	-0.968	16.638
-1.513	17.616	-2.154	17.735
-1.513	17.616	-1.480	17.607
-1.513	17.616	-1.956	17.428
-5.629	14.067	-4.140	15.992
-4.140	15.992	-4.143	15.807
-4.140	15.992	-4.046	15.416
-4.140	15.992	-5.905	14.714
-2.807	9.113	-5.629	14.067
-5.629	14.067	-5.689	12.915
-5.629	14.067	-7.546	13.960
-5.629	14.067	-6.050	12.992
-5.629	14.067	-7.633	15.471
-5.629	14.067	-5.674	13.386
-5.629	14.067	-5.374	14.360
-5.629	14.067	-5.343	13.679
-5.629	14.067	-5.992	14.899
-6.622	9.372	-2.807	9.113
-2.807	9.113	-3.922	9.546
-2.807	9.113	-1.589	10.367
-2.807	9.113	-3.528	12.925
-2.807	9.113	-5.319	10.612
-2.807	9.113	-4.033	8.527
-2.807	9.113	-4.152	9.923
-2.807	9.113	-5.327	12.050
-10.416	7.993	-6.622	9.372
-6.622	9.372	-6.409	8.779
-6.622	9.372	-6.677	9.703
-6.622	9.372	-6.525	9.176
-6.622	9.372	-6.819	9.230
-8.463	5.060	-10.416	7.993
-10.416	7.993	-9.563	7.675
-10.416	7.993	-10.175	7.930
-10.416	7.993	-10.171	8.072
-9.354	3.110	-8.463	5.060
-8.463	5.060	-9.173	5.080
-8.463	5.060	-9.990	5.237
-8.463	5.060	-8.899	5.014
-8.463	5.060	-8.429	5.152
-4.713	6.910	-9.354	3.110
-9.354	3.110	-7.806	2.645
-9.354	3.110	-9.956	2.288
-9.354	3.110	-7.399	3.168
-9.354	3.110	-9.582	3.009
-2.954	6.312	-4.713	6.910
-4.713	6.910	-4.656	6.278
-4.713	6.910	-4.636	6.812
-4.713	6.910	-4.712	6.640
5.646	5.278	-2.954	6.312
-2.954	6.312	-2.712	6.163
-2.954	6.312	-2.955	5.202
-2.954	6.312	-3.135	5.821
-2.954	6.312	-0.743	-0.253
5.646	5.278	3.548	2.935
6.134	10.404	5.646	5.278
5.646	5.278	4.666	6.331
5.646	5.278	3.802	6.728
5.646	5.278	5.697	5.250
5.646	5.278	1.743	5.905
3.377	7.710	6.134	10.404
6.134	10.404	5.651	9.496
6.134	10.404	4.944	10.893
6.134	10.404	6.781	11.032
6.134	10.404	7.193	8.661
6.134	10.404	6.735	10.241
6.134	10.404	6.076	10.283
1.544	9.832	3.377	7.710
3.377	7.710	3.422	7.509
3.377	7.710	3.481	8.667
3.377	7.710	2.673	7.737
3.377	7.710	4.939	6.650
3.377	7.710	3.395	7.697
3.377	7.710	3.362	7.709
-1.002	8.020	1.544	9.832
1.544	9.832	1.477	8.944
1.544	9.832	1.538	9.818
1.544	9.832	1.452	9.236
-1.604	4.542	-1.002	8.020
-1.002	8.020	-0.462	7.688
-1.002	8.020	-0.693	7.638
0.000	0.000	-1.604	4.542
-1.604	4.542	-0.887	4.522
-1.604	4.542	-1.399	4.557
0.000	0.000	-0.238	-5.864
0.000	0.000	3.075	-4.509
0.000	0.000	3.044	-4.538
0.000	0.000	1.568	-4.021
0.000	0.000	1.641	-3.994
0.000	0.000	2.863	-2.579
0.000	0.000	4.032	2.131
0.000	0.000	2.730	-1.494
0.000	0.000	2.838	-1.248
0.000	0.000	1.312	1.498
0.000	0.000	0.233	-0.145
0.000	0.000	4.885	-0.335
0.000	0.000	5.417	0.177
0.000	0.000	2.320	-2.203
0.000	0.000	3.105	-4.581
0.000	0.000	1.068	-1.460
0.000	0.000	1.993	-1.337
0.000	0.000	1.510	-1.125
0.000	0.000	1.025	-0.656
POLYLINE GREEN
-14.350	48.440
POLYLINE GREEN
-7.160	33.680
POLYLINE GREEN
-2.800	28.760
-2.880	28.680
-3.520	28.520
-3.600	28.560
-3.760	28.440
-4.000	28.400
-4.080	28.440
-4.160	28.360
-4.880	28.360
-5.120	28.440
-5.200	28.400
-5.280	28.440
-5.400	28.400
-5.480	28.480
-5.640	28.520
POLYLINE GREEN
-2.880	28.880
POLYLINE GREEN
-5.840	28.960
-5.840	28.800
-5.560	28.480
POLYLINE GREEN
-3.520	30.560
-3.640	30.480
-3.720	30.520
-3.880	30.480
-4.040	30.480
-4.120	30.400
-4.280	30.400
-4.440	30.360
-4.520	30.400
-4.760	30.320
-4.840	30.360
-4.920	30.280
-5.080	30.280
-5.320	30.120
-5.400	30.120
-5.840	29.680
-5.960	29.440
-5.960	29.240
-5.840	29.000
POLYLINE GREEN
-2.240	30.000
-2.160	30.040
POLYLINE GREEN
-1.960	29.600
-1.840	29.720
-1.760	29.760
POLYLINE GREEN
-2.520	29.240
-2.360	29.080
POLYLINE GREEN
-2.960	29.280
-2.960	29.160
-2.920	29.080
POLYLINE GREEN
-3.440	29.840
-3.440	29.720
POLYLINE GREEN
-3.480	30.200
-3.560	30.200
POLYLINE GREEN
-3.640	29.440
-3.560	29.360
-3.480	29.360
-3.160	29.160
-2.880	29.040
-2.800	28.960
-2.960	29.000
-3.160	29.120
-3.600	29.520
-3.800	29.720
-3.880	30.000
-3.840	30.160
-3.640	30.360
-3.480	30.440
POLYLINE GREEN
-1.640	29.920
-1.920	30.240
-2.000	30.240
-2.160	30.400
-2.320	30.520
-2.560	30.440
-2.720	30.520
-3.000	30.520
-3.240	30.440
-3.320	30.480
-3.400	30.440
POLYLINE GREEN
-1.720	30.000
-1.720	30.120
POLYLINE GREEN
-2.720	28.800
-2.640	28.760
-2.600	28.880
-2.440	28.920
-2.280	28.960
-1.960	29.160
-1.720	29.520
-1.640	29.960
-1.680	30.120
POLYLINE GREEN
-2.040	28.240
-2.440	28.600
-2.680	28.760
POLYLINE GREEN
-0.520	29.200
-0.360	28.920
-0.400	29.080
-0.480	29.200
-0.560	29.200
-0.960	29.520
-1.120	29.560
-1.560	29.960
POLYLINE GREEN
-1.040	30.040
-1.000	29.960
POLYLINE GREEN
-0.360	28.960
POLYLINE GREEN
-1.680	22.400
-1.640	22.560
-1.560	22.760
-1.280	22.920
-1.080	22.600
-0.880	22.640
-0.800	22.640
-0.480	22.800
-0.440	22.880
POLYLINE GREEN
-0.840	25.280
-0.840	25.480
-0.760	25.640
-0.480	25.280
-0.280	25.280
0.000	25.640
POLYLINE GREEN
-0.680	27.000
-0.720	26.840
-0.760	26.760
-0.760	26.440
-0.720	26.360
POLYLINE GREEN
-0.600	27.040
-0.680	26.720
-0.640	26.640
-0.600	26.720
-0.640	26.560
POLYLINE GREEN
-0.560	26.920
-0.560	26.680
-0.520	26.480
-0.520	26.600
POLYLINE GREEN
-0.680	27.040
-0.680	26.680
POLYLINE GREEN
-0.680	27.080
POLYLINE GREEN
-0.800	26.920
-0.920	27.080
-0.760	26.680
POLYLINE GREEN
-0.760	27.000
-0.720	26.840
-0.760	26.720
-0.760	26.720
-0.720	26.800
-0.760	26.920
-0.760	26.800
-0.720	26.720
POLYLINE GREEN
-0.880	26.800
-0.760	26.440
POLYLINE GREEN
-0.840	26.720
POLYLINE GREEN
-0.720	26.720
-0.760	26.480
POLYLINE GREEN
-0.720	26.840
-0.680	26.440
POLYLINE GREEN
-0.840	27.040
-0.760	27.120
-0.680	27.080
-0.600	27.120
-0.480	27.000
-0.520	26.640
-0.600	26.280
POLYLINE GREEN
-0.880	27.080
-0.840	26.800
-0.680	26.320
POLYLINE GREEN
-2.040	28.360
-1.960	28.280
-1.760	27.840
-1.760	27.760
-1.680	27.680
-1.640	27.480
-1.600	27.320
-1.560	26.960
-1.560	26.800
-1.520	26.520
-1.520	26.360
-1.480	26.200
-1.320	25.480
-1.240	25.120
-1.200	24.760
-1.160	24.680
-1.440	24.080
POLYLINE GREEN
-1.280	24.680
-1.280	24.680
-1.240	24.840
POLYLINE GREEN
-0.240	28.960
-0.240	28.680
-0.200	28.480
-0.160	28.320
-0.040	28.120
-0.040	27.960
0.120	27.600
0.120	27.440
0.240	27.120
0.240	27.000
0.440	26.320
0.680	25.480
0.760	25.240
0.760	25.120
0.800	24.960
0.800	24.600
0.840	24.320
0.800	24.160
0.800	23.920
0.760	23.760
0.680	23.680
0.640	23.480
0.560	23.400
POLYLINE GREEN
-3.240	21.640
-3.240	21.520
-3.120	21.400
-2.960	21.480
-2.720	22.000
-2.280	22.480
-2.080	22.920
-1.880	23.240
-1.600	23.840
-1.400	24.240
POLYLINE GREEN
-1.720	19.280
-1.800	19.400
-1.760	19.640
-1.760	20.080
-1.640	20.560
-1.480	20.640
-1.320	20.880
-1.240	20.880
-1.120	21.080
-0.360	22.000
-0.160	22.200
-0.040	22.400
0.120	22.480
0.400	22.880
0.680	23.440
POLYLINE GREEN
-1.480	18.840
-1.600	19.000
-1.520	19.320
POLYLINE GREEN
-4.240	18.120
-4.080	18.080
-3.880	18.080
-3.800	18.040
-3.560	18.120
-3.480	18.080
-3.400	18.160
-3.240	18.160
-3.160	18.200
-3.080	18.160
-3.000	18.240
-2.840	18.240
-2.680	18.200
-2.520	18.240
POLYLINE GREEN
0.160	23.760
POLYLINE GREEN
-3.760	17.800
POLYLINE GREEN
-3.760	17.800
POLYLINE GREEN
-4.400	18.920
POLYLINE GREEN
-4.680	19.760
POLYLINE GREEN
0.160	23.520
POLYLINE GREEN
-3.280	20.400
-3.120	19.840
-3.080	19.520
-3.080	19.200
POLYLINE GREEN
-3.400	20.440
-3.600	20.120
-3.640	19.760
-3.600	19.560
-3.600	19.360
-3.520	19.120
-3.360	18.960
-3.200	19.000
-3.040	19.160
-3.000	19.440
POLYLINE GREEN
-3.400	20.520
POLYLINE GREEN
-3.200	21.280
-3.280	21.320
-3.520	21.240
-3.680	21.280
-3.920	21.120
-4.040	21.120
-4.520	20.760
-4.520	20.680
-4.720	20.440
-4.760	20.360
-4.720	20.280
-4.760	20.200
-4.560	19.560
-4.560	19.280
-4.400	18.960
-4.280	18.440
-4.080	18.160
POLYLINE GREEN
-2.440	17.800
-2.560	18.120
-2.560	18.280
-2.640	18.360
-2.640	18.480
-2.720	18.720
-2.760	18.880
-3.000	19.640
POLYLINE GREEN
-1.520	17.720
-1.360	17.880
-1.360	17.960
-1.320	17.880
-1.240	18.280
-1.360	18.680
-1.400	18.920
POLYLINE GREEN
-1.400	17.680
-1.000	17.760
-0.840	17.680
-0.760	17.440
-0.760	17.240
-0.920	16.920
-0.960	16.760
-1.080	16.520
-1.360	16.480
-1.440	16.520
-1.520	16.480
-1.760	16.560
POLYLINE GREEN
-4.480	16.080
-4.200	16.280
-4.040	16.320
-3.800	16.400
-3.320	16.800
-3.160	16.840
-2.520	17.320
-2.400	17.440
-2.320	17.640
-2.320	17.920
POLYLINE GREEN
-4.240	15.200
-4.200	15.280
-3.920	15.400
-3.600	15.680
-2.960	16.000
-2.560	16.280
-2.320	16.480
-2.040	16.600
-1.960	16.680
-1.800	16.600
POLYLINE GREEN
-8.680	16.960
POLYLINE GREEN
-5.160	14.520
-5.320	14.320
POLYLINE GREEN
-5.360	14.680
-5.560	14.560
-5.640	14.400
POLYLINE GREEN
-5.480	14.960
-5.600	14.840
-5.720	14.800
-5.880	14.520
POLYLINE GREEN
-5.880	15.120
-5.920	14.920
-6.120	14.680
POLYLINE GREEN
-3.880	15.280
-4.200	15.080
-4.280	15.080
-4.560	14.880
-4.760	14.640
-4.880	14.600
-5.000	14.480
POLYLINE GREEN
-4.360	16.040
-4.560	15.880
-4.680	15.880
-5.480	15.400
-5.720	15.200
-5.840	15.160
POLYLINE GREEN
-5.720	12.800
POLYLINE GREEN
-7.400	15.480
-7.000	15.480
-6.920	15.520
-6.760	15.440
-6.680	15.480
-6.400	15.360
-6.240	15.400
-5.840	15.240
-5.640	15.040
-5.560	14.840
-5.480	14.880
-4.920	14.480
-4.760	14.280
-4.600	13.840
-4.600	13.440
-4.680	13.080
POLYLINE GREEN
-4.760	13.120
-4.560	13.320
POLYLINE GREEN
-4.720	13.120
POLYLINE GREEN
-4.680	13.080
POLYLINE GREEN
-6.200	12.840
-6.000	12.800
-5.600	12.800
POLYLINE GREEN
-5.720	12.840
-5.800	12.880
-5.880	12.840
-6.120	12.920
-6.280	13.040
-6.440	13.080
-7.000	13.520
-7.120	13.680
-7.200	13.680
-7.400	13.920
-7.480	13.920
-7.840	14.320
-7.880	14.480
-7.920	14.640
-7.920	14.840
-7.840	15.080
-7.840	15.200
-7.680	15.560
POLYLINE GREEN
-2.560	9.080
-2.720	9.080
-2.920	8.960
-3.160	8.760
-3.360	8.680
-3.600	8.520
-3.640	8.440
-4.040	8.440
-4.200	8.480
-4.360	8.480
-4.520	8.520
-4.600	8.480
-4.760	8.520
-4.840	8.600
-5.240	8.680
-5.400	8.720
-5.800	8.800
-6.040	8.800
-6.120	8.840
-6.200	8.800
-6.400	8.840
-6.680	8.520
POLYLINE GREEN
-5.400	10.960
-5.320	10.920
-5.120	10.920
POLYLINE GREEN
-5.440	11.440
-4.920	11.320
POLYLINE GREEN
-3.960	12.080
-4.040	11.880
-4.040	11.680
POLYLINE GREEN
-4.400	12.480
-4.480	12.120
POLYLINE GREEN
-4.720	13.240
-4.840	12.760
-4.880	12.680
POLYLINE GREEN
-5.360	12.840
-5.280	12.840
-5.000	12.520
POLYLINE GREEN
-5.560	12.320
-5.240	12.240
-5.000	12.160
POLYLINE GREEN
-2.440	9.200
POLYLINE GREEN
-2.480	9.160
POLYLINE GREEN
-2.400	9.280
POLYLINE GREEN
-2.320	11.400
-2.280	11.320
-2.200	11.320
-1.680	10.800
-1.520	10.480
-1.520	10.080
-1.600	9.880
-1.880	9.600
-2.120	9.440
-2.240	9.320
-2.320	9.320
-2.560	9.160
POLYLINE GREEN
-3.800	12.960
-3.720	13.000
-3.320	12.760
-3.000	12.440
-2.880	12.240
-2.560	11.920
-2.560	11.840
-2.160	11.280
-2.120	11.200
POLYLINE GREEN
-3.720	13.080
-3.720	12.960
-3.800	12.880
-3.800	12.600
-3.720	12.440
-3.720	12.320
-3.680	12.240
POLYLINE GREEN
-5.440	13.000
-5.040	13.280
-4.880	13.240
-4.720	13.200
-4.600	13.080
-4.360	12.680
-4.320	12.400
-4.320	12.320
-4.160	12.200
-3.760	12.120
-3.680	12.120
-3.600	12.360
-3.600	12.440
POLYLINE GREEN
-5.240	13.240
-5.240	13.160
-5.400	12.920
-5.560	12.360
-5.520	12.200
-5.480	12.000
-5.360	11.680
-5.440	11.280
-5.480	10.880
-5.480	10.640
-5.360	10.360
POLYLINE GREEN
-5.320	13.400
POLYLINE GREEN
-5.240	10.280
-5.200	10.200
-5.240	10.000
POLYLINE GREEN
-6.800	9.600
-6.480	9.480
-6.400	9.560
-6.320	9.520
-6.160	9.600
-6.000	9.560
-5.840	9.560
-5.760	9.600
-5.680	9.560
-5.320	9.640
-5.200	9.880
-5.200	10.000
POLYLINE GREEN
-6.680	8.440
POLYLINE GREEN
-7.920	8.400
-8.160	8.200
-8.520	8.520
-8.800	8.600
POLYLINE GREEN
-10.520	7.840
-10.240	8.240
-10.120	8.440
-9.520	9.000
-9.400	9.000
-9.240	9.120
-9.080	9.120
-8.920	9.240
-8.840	9.240
-8.680	9.360
-8.520	9.400
-8.360	9.520
-8.280	9.480
-8.120	9.520
-8.040	9.600
-7.880	9.560
-7.400	9.720
-7.160	9.640
-6.960	9.640
-6.880	9.560
POLYLINE GREEN
-9.560	7.440
-9.320	7.600
-9.240	7.600
-9.200	7.680
-9.000	7.680
-8.920	7.720
-8.840	7.680
-8.680	7.720
-8.320	7.760
-8.160	7.720
-7.960	7.800
-7.880	7.720
-7.720	7.760
-7.640	7.840
-7.480	7.880
-7.120	8.040
-6.640	8.440
-6.640	8.520
-6.560	8.600
POLYLINE GREEN
-7.960	3.440
-8.080	3.160
-8.160	3.120
-8.360	3.200
-8.400	3.280
-8.600	3.240
-8.760	3.160
POLYLINE GREEN
-8.160	2.880
-8.280	2.680
-8.440	2.560
-8.600	2.520
-8.840	2.720
-9.040	2.640
POLYLINE GREEN
-6.560	5.000
-6.400	5.280
-6.400	5.360
POLYLINE GREEN
-6.520	5.000
-6.600	5.000
-6.680	5.080
-6.840	5.120
-6.920	5.160
-7.240	4.880
POLYLINE GREEN
-9.200	6.120
-9.240	5.920
-9.320	5.840
-9.760	6.200
-9.920	6.080
POLYLINE GREEN
-8.520	5.080
-8.640	5.440
-8.840	6.120
-9.120	6.520
-9.280	6.880
-9.400	7.080
-9.520	7.240
-9.520	7.320
-9.720	7.680
-9.720	8.040
POLYLINE GREEN
-10.160	5.320
-10.160	5.440
-10.320	5.920
-10.400	6.320
-10.400	6.480
-10.480	6.760
-10.440	6.920
-10.440	7.080
-10.480	7.240
-10.480	8.160
POLYLINE GREEN
-9.560	3.600
-9.440	3.720
-9.440	3.960
-9.400	4.120
-9.360	4.480
-9.560	4.800
-9.720	4.960
-9.960	5.280
-10.040	5.320
POLYLINE GREEN
-8.840	3.800
-8.720	3.560
POLYLINE GREEN
-9.000	3.760
-8.880	3.520
-8.880	3.440
POLYLINE GREEN
-9.200	3.600
-9.120	3.440
POLYLINE GREEN
-9.400	3.520
-9.320	3.280
POLYLINE GREEN
-8.440	5.080
-8.520	4.720
-8.640	4.480
-8.680	4.160
-8.800	3.800
POLYLINE GREEN
-8.440	5.000
POLYLINE GREEN
-4.760	5.760
-5.080	5.680
-5.160	5.680
-5.240	5.560
-5.320	5.560
-5.800	5.160
-6.040	5.000
-6.240	4.880
-6.520	4.600
-6.640	4.400
-6.920	4.000
-7.320	3.560
-7.600	3.120
-7.600	3.040
POLYLINE GREEN
-9.480	3.360
-9.840	3.360
-10.000	3.240
-10.080	3.280
-10.160	3.120
-10.160	2.840
-9.960	2.320
-9.440	1.800
-9.280	1.760
-9.120	1.720
-9.040	1.760
-8.840	1.720
-8.520	1.800
-8.360	1.760
-8.360	1.840
-7.920	2.160
-7.760	2.360
-7.720	2.520
-7.640	2.640
-7.600	2.800
-7.560	2.960
-7.520	3.120
-7.480	3.200
POLYLINE GREEN
-5.200	7.080
-5.520	6.880
-5.600	6.800
-5.680	6.800
-5.680	6.720
-6.040	6.400
-6.240	6.320
-6.480	6.160
-7.040	5.600
-7.120	5.560
-7.160	5.440
-7.320	5.400
-7.640	5.080
-7.840	4.880
-8.160	4.440
-8.880	3.760
-9.040	3.720
-9.440	3.400
-9.520	3.400
-9.560	3.320
POLYLINE GREEN
-5.080	7.160
POLYLINE GREEN
-4.160	6.680
-4.000	6.640
-3.840	6.600
POLYLINE GREEN
-4.200	6.400
-3.960	6.280
POLYLINE GREEN
-4.280	6.160
-4.160	6.080
-4.000	6.080
POLYLINE GREEN
-4.080	6.840
-4.200	6.400
-4.200	5.880
POLYLINE GREEN
-4.120	6.800
POLYLINE GREEN
-3.040	5.280
-3.120	5.240
-3.160	5.360
-3.240	5.320
-3.320	5.400
-3.480	5.440
-3.600	5.560
-3.880	5.680
-4.040	5.800
-4.280	5.840
-4.360	5.920
-4.600	5.960
-4.640	6.040
POLYLINE GREEN
-2.960	6.600
-3.200	6.520
-3.280	6.600
-3.360	6.560
-3.520	6.680
-3.600	6.640
-3.680	6.720
-3.760	6.720
-3.840	6.800
-4.000	6.840
-4.320	7.080
-4.480	7.080
-4.560	7.160
-4.880	7.240
POLYLINE ORANGE
-1.560	0.520
-1.360	0.160
-1.240	0.000
-1.040	-0.440
POLYLINE ORANGE
-2.160	1.960
-1.600	0.920
POLYLINE ORANGE
-2.680	3.280
-2.520	2.600
-2.400	2.200
POLYLINE ORANGE
-3.320	4.640
-3.240	4.520
-3.080	4.000
-2.960	3.800
-2.960	3.680
-2.840	3.400
POLYLINE ORANGE
-2.760	3.800
POLYLINE ORANGE
-0.800	0.800
-0.800	0.680
-0.560	-0.360
POLYLINE ORANGE
-1.200	2.160
-0.720	1.240
POLYLINE ORANGE
-1.720	3.400
-1.280	2.480
POLYLINE ORANGE
-2.080	4.520
-2.040	4.320
-1.840	4.000
-1.720	3.640
POLYLINE ORANGE
-2.320	5.080
-2.280	4.600
-2.240	4.320
-2.120	4.320
POLYLINE GREEN
-2.600	6.640
-2.600	6.560
-2.720	6.560
-2.800	6.520
-3.040	6.600
-3.200	6.600
-3.520	6.480
-3.600	6.480
POLYLINE GREEN
-2.800	6.640
POLYLINE GREEN
-1.600	7.280
-1.640	7.120
-1.560	7.200
-1.560	7.280
-1.600	7.200
POLYLINE GREEN
-1.400	7.360
-1.480	7.280
-1.480	7.200
POLYLINE GREEN
-1.600	7.360
-1.640	7.040
-1.680	6.960
POLYLINE GREEN
-1.640	7.480
-1.400	7.320
-1.320	7.360
-1.480	7.040
-1.560	6.960
-1.560	6.880
POLYLINE GREEN
-1.560	7.400
-1.520	7.040
-1.520	6.960
POLYLINE GREEN
-0.960	5.440
-1.160	5.440
-1.240	5.480
-1.320	5.440
-1.400	5.480
-1.760	5.360
-1.840	5.440
-1.920	5.360
-2.080	5.400
-2.240	5.440
-2.320	5.480
-2.640	5.400
-3.000	5.320
POLYLINE GREEN
-0.800	6.240
-0.960	6.240
-1.200	6.320
-1.760	6.400
-2.080	6.520
-2.240	6.560
-2.600	6.680
-2.880	6.680
POLYLINE GREEN
-0.920	5.520
-0.760	5.520
-0.680	5.560
POLYLINE GREEN
-0.880	5.760
-0.680	5.760
-0.600	5.720
POLYLINE GREEN
-0.760	5.960
-0.600	5.960
-0.440	5.840
-0.360	5.880
POLYLINE GREEN
-0.760	6.160
-0.840	5.680
-0.760	5.360
POLYLINE GREEN
1.120	5.320
0.920	5.280
0.760	5.280
0.600	5.240
0.280	5.320
0.160	5.280
-0.080	5.360
-0.360	5.440
-0.440	5.400
-0.800	5.480
-1.040	5.520
POLYLINE GREEN
0.720	6.400
0.480	6.400
0.160	6.320
0.000	6.280
-0.080	6.320
-0.240	6.240
-0.600	6.240
-0.760	6.200
-0.840	6.200
POLYLINE GREEN
-2.200	5.160
-2.280	5.080
-2.360	5.080
POLYLINE GREEN
1.840	5.360
1.680	5.400
1.520	5.360
1.440	5.400
1.280	5.360
1.200	5.280
1.040	5.240
0.640	5.120
0.560	5.040
0.400	5.000
0.240	4.960
0.080	4.920
-0.160	4.840
-0.240	4.880
-0.320	4.840
-0.400	4.920
-0.560	4.960
-0.880	5.120
-0.960	5.080
-1.000	5.160
-1.320	5.240
-1.520	5.280
-1.680	5.320
-1.840	5.280
-1.920	5.280
POLYLINE GREEN
-1.360	7.880
-1.480	8.040
-1.640	8.080
-1.840	8.000
-2.120	7.560
-2.280	7.200
-2.280	7.040
-2.440	6.800
-2.440	6.680
-2.600	6.560
POLYLINE GREEN
-1.480	8.000
-1.440	7.920
POLYLINE GREEN
0.120	6.960
-0.040	7.000
-0.280	7.080
-0.400	7.200
-0.560	7.280
-0.880	7.640
-1.040	7.680
-1.400	7.920
POLYLINE GREEN
0.160	6.840
POLYLINE GREEN
1.840	6.520
1.760	6.440
1.600	6.440
1.320	6.400
0.840	6.560
0.760	6.640
0.680	6.640
0.600	6.720
0.520	6.720
0.440	6.800
0.360	6.760
0.280	6.840
0.200	6.840
-0.200	7.080
POLYLINE BLACK
3.320	11.200
3.400	11.280
POLYLINE BLACK
1.680	5.560
1.880	5.520
1.960	5.560
POLYLINE BLACK
1.600	5.840
1.960	5.840
2.040	5.880
POLYLINE BLACK
1.560	6.080
1.720	6.160
1.880	6.080
POLYLINE BLACK
1.520	6.400
1.840	6.400
POLYLINE BLACK
4.320	5.120
4.080	5.200
3.640	5.280
3.040	5.280
2.960	5.240
2.800	5.280
2.720	5.240
2.480	5.320
2.360	5.320
2.200	5.400
2.120	5.360
2.040	5.440
1.720	5.520
POLYLINE BLACK
1.760	6.520
1.720	6.360
1.680	6.200
1.680	6.040
1.840	5.560
1.880	5.480
POLYLINE BLACK
4.400	6.280
4.160	6.280
3.760	6.480
3.720	6.560
3.640	6.560
3.480	6.680
3.160	6.720
2.960	6.720
2.800	6.680
2.640	6.680
2.560	6.720
2.320	6.640
2.240	6.560
2.160	6.600
2.000	6.560
1.920	6.600
1.920	6.520
POLYLINE BLACK
4.040	1.980
3.980	1.800
POLYLINE BLACK
4.200	2.440
4.140	2.360
4.140	2.280
POLYLINE BLACK
2.640	2.560
2.520	2.460
POLYLINE BLACK
2.920	2.720
2.780	2.660
POLYLINE BLACK
3.200	2.920
3.040	2.860
POLYLINE BLACK
4.040	2.460
3.960	2.380
POLYLINE BLACK
3.880	2.640
3.800	2.560
POLYLINE BLACK
3.600	2.820
3.520	2.620
POLYLINE BLACK
3.380	2.820
3.320	2.740
3.300	2.680
POLYLINE BLACK
3.300	2.880
3.460	2.900
3.540	2.880
3.820	2.720
3.900	2.660
3.940	2.660
4.080	2.520
4.100	2.480
POLYLINE BLACK
3.260	3.060
3.280	3.000
POLYLINE BLACK
3.320	2.860
POLYLINE BLACK
4.660	5.240
4.600	5.240
4.380	5.360
4.140	5.420
4.060	5.480
4.020	5.480
3.980	5.520
POLYLINE BLACK
3.320	2.860
3.540	3.120
3.640	3.320
3.840	3.600
3.880	3.640
3.880	3.680
4.000	3.820
4.100	4.120
4.180	4.360
4.360	4.580
4.420	4.680
4.640	4.900
4.740	5.080
4.840	5.280
4.880	5.320
POLYLINE BLACK
4.580	3.300
4.440	3.040
4.400	2.880
4.360	2.740
4.280	2.620
4.240	2.520
4.200	2.480
POLYLINE BLACK
5.580	4.960
5.500	4.820
5.380	4.620
5.320	4.480
5.280	4.440
5.280	4.400
5.100	4.140
4.960	3.840
4.720	3.480
4.480	3.160
POLYLINE BLACK
5.880	6.020
5.900	5.940
5.880	5.860
5.880	5.680
5.860	5.600
5.860	5.540
5.800	5.380
5.780	5.300
5.740	5.260
5.740	5.200
5.640	5.000
5.600	4.960
POLYLINE BLACK
6.400	8.060
6.360	8.080
POLYLINE BLACK
6.260	8.040
6.200	8.100
6.140	8.240
6.240	8.180
POLYLINE BLACK
6.320	8.060
POLYLINE BLACK
6.340	8.060
POLYLINE BLACK
6.320	8.060
6.240	8.200
POLYLINE GREEN
9.180	1.780
9.060	1.960
POLYLINE BLACK
4.800	5.280
POLYLINE BLACK
5.520	9.500
5.660	9.280
5.680	9.140
5.680	9.020
5.660	8.940
5.660	8.580
5.640	8.440
5.640	8.360
5.620	8.280
5.600	8.100
5.580	8.020
5.580	7.940
5.560	7.860
5.520	7.680
5.460	7.480
5.460	7.420
5.440	7.340
5.440	6.960
5.420	6.880
5.420	6.760
5.300	6.440
5.200	6.340
5.160	6.360
5.120	6.340
5.080	6.360
4.860	6.300
4.780	6.320
4.700	6.320
POLYLINE BLACK
6.340	8.300
6.200	8.080
6.200	8.000
6.180	7.920
6.200	7.760
6.200	7.580
6.180	7.500
6.180	7.400
6.120	7.100
6.120	7.020
6.080	6.980
6.060	6.900
6.020	6.680
6.020	6.400
6.000	6.320
6.000	6.180
5.980	6.100
5.980	6.060
POLYLINE BLACK
5.840	10.640
5.940	10.780
6.040	10.800
6.080	10.800
6.120	10.760
6.200	10.760
6.240	10.720
6.360	10.700
POLYLINE BLACK
4.620	9.480
4.700	9.680
4.820	9.760
4.860	9.720
5.000	9.700
5.140	9.700
5.240	9.800
POLYLINE BLACK
5.620	9.520
5.280	9.260
5.160	9.180
4.920	8.980
4.740	8.720
4.680	8.660
4.580	8.480
4.540	8.360
4.540	8.260
4.460	7.980
4.340	7.800
POLYLINE BLACK
7.040	8.700
7.000	8.600
6.840	8.480
6.780	8.480
6.660	8.400
6.380	8.300
POLYLINE BLACK
6.720	10.220
6.840	10.080
6.920	9.920
6.980	9.580
7.000	9.500
7.020	9.420
7.100	9.060
7.100	8.960
7.120	8.880
7.120	8.700
POLYLINE BLACK
6.420	11.020
6.520	11.080
6.600	11.080
6.740	10.980
6.820	10.860
6.840	10.780
6.860	10.640
6.860	10.440
6.800	10.260
6.800	10.220
POLYLINE BLACK
5.200	11.120
5.380	11.120
5.420	11.140
5.500	11.120
5.560	11.120
5.600	11.100
5.720	11.140
5.920	11.140
5.960	11.160
6.040	11.140
6.140	11.140
6.340	11.080
6.360	11.040
6.440	11.020
6.520	10.960
6.560	10.960
6.600	10.920
POLYLINE BLACK
5.180	11.060
POLYLINE BLACK
4.480	10.260
4.640	10.560
4.640	10.600
4.700	10.680
4.720	10.760
4.840	10.920
5.020	11.040
5.100	11.060
5.180	11.100
POLYLINE BLACK
3.920	8.980
3.960	9.120
4.000	9.160
4.060	9.340
4.120	9.420
4.140	9.500
4.300	9.860
4.480	10.160
4.540	10.280
POLYLINE BLACK
3.180	8.780
3.280	8.780
3.360	8.760
3.360	8.720
3.440	8.660
3.660	8.660
3.700	8.640
3.860	8.680
3.900	8.680
3.960	8.760
POLYLINE BLACK
2.860	7.500
2.900	7.460
2.940	7.460
3.100	7.300
3.220	7.220
3.320	7.100
3.360	7.100
3.480	7.000
3.580	6.980
3.620	6.940
3.700	6.920
3.860	6.820
3.920	6.820
4.080	6.720
4.160	6.700
4.280	6.640
4.340	6.660
4.380	6.620
4.520	6.620
4.640	6.580
4.740	6.580
4.820	6.600
4.900	6.620
4.980	6.660
5.000	6.740
4.980	6.820
4.880	6.960
4.820	7.060
4.780	7.080
4.720	7.180
4.560	7.380
4.500	7.500
4.460	7.720
4.440	7.800
4.400	7.840
4.400	7.880
POLYLINE BLACK
2.660	7.620
2.760	7.500
POLYLINE BLACK
1.760	8.920
2.320	8.340
2.420	8.180
2.420	8.120
2.520	7.940
2.640	7.680
2.680	7.640
POLYLINE BLACK
1.800	9.900
1.880	9.880
2.140	9.620
2.180	9.620
2.300	9.500
2.360	9.440
2.460	9.380
2.720	9.120
2.960	8.940
3.040	8.840
3.080	8.840
3.280	8.680
3.320	8.660
POLYLINE BLACK
1.440	8.840
1.500	8.920
1.580	8.920
1.620	8.900
1.680	8.920
1.760	8.860
1.800	8.860
POLYLINE BLACK
0.260	9.220
0.340	9.280
0.480	9.300
0.520	9.340
0.600	9.360
0.780	9.500
0.820	9.500
1.000	9.640
1.080	9.660
1.160	9.720
1.320	9.800
1.400	9.820
1.680	9.900
1.760	9.900
1.800	9.880
1.900	9.900
1.940	9.900
POLYLINE BLACK
0.240	9.240
POLYLINE BLACK
-0.420	7.580
-0.340	7.700
-0.240	7.800
-0.140	7.860
0.060	7.980
0.140	8.020
0.180	8.080
0.280	8.120
0.400	8.240
0.700	8.440
0.780	8.460
0.900	8.520
1.020	8.540
1.060	8.580
1.100	8.580
1.280	8.760
1.420	8.840
1.480	8.840
1.520	8.880
POLYLINE BLACK
-1.260	8.260
-1.060	8.400
-0.940	8.520
-0.660	8.660
-0.580	8.680
-0.480	8.740
-0.300	8.880
-0.280	8.920
-0.140	8.980
0.020	9.120
0.060	9.120
0.140	9.220
0.180	9.220
0.260	9.300
POLYLINE BLACK
-0.920	4.580
-1.000	4.940
-1.000	5.380
-0.920	5.620
-0.920	5.820
-0.760	6.340
-0.600	6.660
-0.560	6.860
-0.440	7.380
-0.440	7.580
-0.320	8.020
POLYLINE BLACK
-0.920	4.500
POLYLINE BLACK
-1.360	8.260
-1.440	7.980
-1.480	7.820
-1.560	7.460
-1.600	7.100
-1.680	6.740
-1.680	6.500
-1.720	6.420
-1.680	6.340
-1.760	6.140
-1.760	5.940
-1.800	5.780
-1.800	5.500
-1.840	5.340
-1.840	5.180
-1.920	4.860
POLYLINE BLACK
-0.480	1.780
-0.560	2.060
POLYLINE BLACK
-0.320	1.700
-0.480	2.140
POLYLINE BLACK
-0.440	2.300
-0.480	2.220
-0.560	2.220
-0.720	2.100
POLYLINE BLACK
-0.200	1.540
-0.320	1.740
-0.480	1.860
-0.600	2.060
-0.720	2.220
POLYLINE BLACK
-0.160	1.540
-0.360	1.940
-0.360	2.100
-0.440	2.300
POLYLINE BLACK
-1.560	2.180
-1.520	2.340
-1.480	2.500
-1.680	3.340
-1.760	3.700
-1.800	3.900
-1.840	4.260
-1.840	4.420
-2.000	4.820
POLYLINE BLACK
0.320	2.260
0.160	2.740
0.080	2.780
0.080	2.900
-0.320	3.140
-0.520	3.340
-0.560	3.540
-0.760	3.980
-0.840	4.300
-0.960	4.540
POLYLINE BLUE
0.660	-2.340
0.680	-2.280
POLYLINE BLUE
0.620	-2.300
0.720	-2.200
0.780	-2.360
0.640	-2.140
POLYLINE BLUE
0.600	-2.360
0.700	-2.200
POLYLINE BLUE
0.600	-2.360
0.680	-2.280
POLYLINE BLUE
0.580	-2.340
0.660	-2.220
POLYLINE BLUE
0.620	-2.380
0.660	-2.280
POLYLINE BLUE
0.580	-2.380
0.700	-2.300
0.580	-2.380
0.740	-2.320
0.620	-2.400
0.760	-2.320
0.680	-2.260
POLYLINE BLUE
0.580	-2.340
0.780	-2.260
0.600	-2.380
POLYLINE BLUE
0.580	-2.420
0.640	-2.320
POLYLINE BLUE
0.600	-2.340
POLYLINE BLUE
0.600	-2.360
0.680	-2.300
0.620	-2.380
0.660	-2.340
POLYLINE BLUE
0.600	-2.420
0.780	-2.300
0.600	-2.420
0.640	-2.240
0.760	-2.240
0.800	-2.280
0.720	-2.260
POLYLINE BLUE
0.880	-2.040
0.860	-2.140
0.720	-2.340
POLYLINE BLUE
0.980	-1.620
1.000	-1.660
0.940	-1.720
0.920	-1.760
0.840	-1.780
0.820	-1.820
0.900	-1.920
0.900	-2.000
0.880	-2.040
POLYLINE BLUE
-0.800	1.660
-0.840	1.860
-0.840	1.940
-0.800	2.020
-0.760	2.040
POLYLINE BLUE
-0.780	1.100
-0.760	1.160
POLYLINE BLUE
-0.820	1.100
-0.700	1.080
-0.760	1.180
POLYLINE BLUE
-0.720	1.080
-0.760	1.220
POLYLINE BLUE
-0.740	1.140
-0.760	1.280
POLYLINE BLUE
-0.700	1.060
-0.660	1.220
-0.660	1.120
-0.680	1.080
-0.820	1.260
-0.780	1.280
-0.700	1.260
-0.620	1.260
POLYLINE BLUE
-0.580	1.080
-0.720	1.260
-0.720	1.500
-0.700	1.540
-0.740	1.680
-0.820	1.760
POLYLINE BLACK
-0.100	0.380
-0.100	0.340
-0.140	0.300
POLYLINE BLACK
0.200	0.120
0.140	0.040
POLYLINE BLACK
-0.460	0.780
-0.500	0.740
POLYLINE BLACK
-0.680	1.220
-0.720	1.220
POLYLINE BLACK
-0.880	1.960
-0.960	1.940
POLYLINE BLACK
-0.780	2.220
-0.820	2.200
POLYLINE BLACK
-0.680	1.780
-0.760	1.760
POLYLINE BLACK
-0.660	1.460
-0.700	1.460
POLYLINE BLACK
0.100	0.260
-0.020	0.440
-0.080	0.500
-0.240	0.740
-0.320	0.820
-0.500	1.220
-0.520	1.300
-0.560	1.420
-0.560	1.480
-0.600	1.600
-0.620	1.680
-0.640	1.760
-0.640	1.860
-0.700	1.940
-0.700	2.080
-0.720	2.220
-0.720	2.340
-0.740	2.420
-0.740	2.520
-0.780	2.660
POLYLINE BLACK
0.200	-0.180
0.020	0.020
-0.180	0.300
-0.280	0.480
POLYLINE BLACK
1.000	-1.180
1.000	-1.140
0.940	-1.040
0.780	-0.880
0.720	-0.700
0.640	-0.660
0.580	-0.540
0.500	-0.180
0.480	-0.100
0.320	0.100
0.260	0.200
0.160	0.300
0.140	0.380
POLYLINE BLACK
1.060	-1.460
1.120	-1.180
1.100	-1.220
POLYLINE BLACK
2.420	-2.220
2.460	-2.280
2.600	-2.280
2.680	-2.300
POLYLINE BLACK
0.880	-1.460
0.920	-1.480
1.040	-1.440
1.300	-1.520
1.360	-1.580
1.580	-1.680
1.720	-1.820
1.880	-1.940
2.220	-2.120
2.240	-2.180
2.280	-2.180
2.360	-2.260
POLYLINE BLACK
-0.240	-0.040
-0.280	0.120
-0.360	0.320
-0.440	0.320
-0.440	0.400
-0.680	0.600
-0.720	0.720
-1.000	1.000
-1.200	1.440
-1.240	1.600
-1.400	2.040
-1.440	2.240
-1.480	2.400
POLYLINE BLACK
-1.320	-2.280
-1.120	-2.000
-1.040	-2.000
-0.880	-1.760
-0.800	-1.560
-0.640	-1.400
-0.520	-1.200
-0.520	-1.120
-0.440	-1.040
-0.400	-0.880
-0.320	-0.680
-0.200	-0.480
-0.160	-0.040
-0.160	0.120
-0.320	0.360
POLYLINE BLACK
-1.400	-2.440
POLYLINE BLACK
-0.480	-5.640
-0.680	-5.320
-0.680	-5.240
-0.760	-5.160
-0.760	-5.080
-0.960	-4.760
-1.080	-4.240
-1.280	-3.400
-1.320	-3.240
-1.360	-3.040
-1.320	-2.880
-1.360	-2.640
POLYLINE BLACK
-0.400	0.440
-0.040	0.080
0.160	-0.080
0.280	-0.120
0.400	-0.440
0.680	-0.800
0.800	-1.040
0.800	-1.320
POLYLINE BLACK
1.120	-1.360
POLYLINE BLACK
0.320	0.160
POLYLINE BLACK
-0.360	1.440
POLYLINE BLACK
-0.160	0.800
POLYLINE BLACK
-0.160	0.800
POLYLINE BLACK
-0.160	0.760
POLYLINE BLACK
-1.000	2.160
-0.960	2.240
-0.960	2.640
-0.920	2.720
-0.960	2.920
POLYLINE BLACK
-0.960	2.800
-0.960	2.880
POLYLINE BLACK
-0.280	0.440
-0.320	0.640
-0.520	0.840
-0.600	1.040
-0.840	1.440
-0.880	1.600
-0.840	1.680
-0.880	1.840
-0.880	2.000
-0.960	2.040
POLYLINE BLACK
1.840	-4.000
1.720	-3.840
POLYLINE BLACK
2.080	-3.560
1.880	-3.360
POLYLINE BLACK
2.400	-3.040
2.200	-2.920
2.160	-2.840
2.160	-2.920
POLYLINE BLACK
1.920	-4.040
2.080	-3.880
2.240	-3.560
2.360	-3.360
2.480	-3.160
2.520	-2.800
2.480	-2.520
2.400	-2.440
POLYLINE BLACK
1.760	-4.080
POLYLINE BLACK
-1.040	-2.800
-1.080	-3.000
POLYLINE BLACK
-0.480	-2.680
-0.320	-2.760
-0.280	-2.840
POLYLINE BLACK
0.120	-2.200
0.360	-2.440
POLYLINE BLACK
0.640	-1.360
0.640	-1.640
0.720	-1.840
POLYLINE BLACK
-0.200	-2.520
0.000	-2.440
0.120	-2.280
0.160	-2.160
0.440	-1.880
0.680	-1.560
0.720	-1.440
0.840	-1.440
0.880	-1.360
POLYLINE BLACK
-0.280	-2.600
POLYLINE BLACK
-0.320	-2.640
POLYLINE BLACK
-0.360	-2.640
POLYLINE BLACK
-0.440	-2.680
POLYLINE BLACK
-1.160	-2.680
-0.920	-2.760
-0.840	-2.720
-0.680	-2.760
-0.400	-2.640
POLYLINE BLACK
-1.320	-2.560
-1.240	-2.640
POLYLINE BLACK
2.760	-0.440
2.680	-0.520
POLYLINE BLACK
2.400	-0.080
2.240	-0.200
POLYLINE BLACK
1.720	0.400
1.600	0.240
POLYLINE BLACK
1.320	1.040
1.320	0.960
1.160	0.840
POLYLINE BLACK
1.320	0.960
POLYLINE BLACK
1.200	0.960
POLYLINE BLACK
2.760	1.200
2.480	1.040
POLYLINE BLACK
2.720	1.240
2.800	1.200
2.840	1.080
2.640	0.960
2.560	0.960
2.480	0.880
2.400	0.880
POLYLINE BLACK
2.720	1.000
2.640	1.000
2.400	0.840
POLYLINE BLACK
2.680	1.360
2.920	1.120
POLYLINE BLACK
2.920	1.320
2.840	1.320
2.480	0.960
2.440	0.840
POLYLINE BLACK
1.480	1.000
1.560	0.920
1.560	0.840
1.960	0.480
2.400	0.200
2.440	0.120
2.520	0.120
2.920	-0.200
3.040	-0.440
3.040	-0.760
3.080	-0.840
POLYLINE BLACK
1.560	0.880
POLYLINE BLACK
1.360	1.400
1.560	1.080
POLYLINE BLACK
1.320	1.400
POLYLINE BLACK
1.480	1.480
POLYLINE BLACK
0.640	1.720
0.840	1.480
1.000	1.440
1.080	1.480
1.240	1.440
1.400	1.480
1.480	1.480
1.560	1.560
1.640	1.560
1.760	1.720
1.840	1.720
1.920	1.840
2.000	1.840
2.120	2.120
2.280	2.200
2.400	2.320
2.880	2.480
2.960	2.560
3.120	2.560
3.200	2.480
3.360	2.520
3.520	2.440
3.560	2.360
3.640	2.400
3.760	2.200
POLYLINE BLACK
0.720	1.680
0.600	1.800
0.640	1.880
0.520	2.080
0.520	2.200
0.440	2.440
0.440	2.640
0.560	2.800
POLYLINE BLACK
2.640	-2.760
2.460	-2.040
2.400	-1.800
2.820	-1.140
3.360	-0.600
3.960	0.360
4.020	0.600
4.080	0.780
4.020	0.900
4.080	1.320
3.780	2.280
POLYLINE BLACK
2.160	-4.620
1.920	-4.140
1.620	-4.140
1.380	-4.080
1.260	-4.200
1.140	-4.200
0.780	-4.740
0.780	-5.400
0.960	-5.700
POLYLINE BLACK
-0.360	-5.820
-0.120	-6.240
0.180	-6.600

ELEVATION
STATIONS
0.000	0.000	1.0
4.817	1.958	1.1
8.347	2.774	1.2
11.473	2.929	1.3
14.277	2.812	1.4
18.132	3.718	1.5
23.281	5.069	1.6
26.426	6.079	1.7
31.943	8.685	1.8
33.801	10.946	1.9
39.799	12.160	1.10
41.943	13.618	1.11
45.467	13.879	1.12
49.504	14.159	1.13
53.327	14.515	1.14
59.029	21.874	1.15
61.463	26.570	1.16
64.552	26.865	1.17
68.501	28.696	1.18
71.911	29.740	1.19
76.457	30.931	1.20
79.471	31.107	1.21
82.425	33.198	1.22
87.393	38.298	1.23
SHOTS
82.425	33.198	87.393	38.298
79.471	31.107	82.425	33.198
76.457	30.931	79.471	31.107
71.911	29.740	76.457	30.931
68.501	28.696	71.911	29.740
71.911	29.740	72.552	29.943
71.911	29.740	72.170	29.740
71.911	29.740	71.749	28.934
64.552	26.865	68.501	28.696
68.501	28.696	68.503	28.728
68.501	28.696	68.559	29.512
68.501	28.696	68.796	28.142
61.463	26.570	64.552	26.865
64.552	26.865	63.973	26.896
64.552	26.865	64.355	27.092
64.552	26.865	64.553	27.714
64.552	26.865	64.076	26.000
59.029	21.874	61.463	26.570
61.463	26.570	61.314	27.786
61.463	26.570	61.084	26.651
61.463	26.570	59.372	26.649
53.327	14.515	59.029	21.874
59.029	21.874	58.056	21.683
59.029	21.874	58.828	21.893
59.029	21.874	58.111	21.548
59.029	21.874	60.076	22.131
59.029	21.874	58.459	24.651
59.029	21.874	59.417	23.457
59.029	21.874	58.550	23.836
59.029	21.874	59.698	20.402
49.504	14.159	53.327	14.515
53.327	14.515	52.185	18.853
53.327	14.515	54.135	16.599
53.327	14.515	56.997	14.571
53.327	14.515	52.732	14.687
53.327	14.515	52.142	14.690
53.327	14.515	53.071	12.726
53.327	14.515	57.125	14.121
45.467	13.879	49.504	14.159
49.504	14.159	49.660	14.172
49.504	14.159	49.497	14.219
49.504	14.159	49.588	15.308
49.504	14.159	49.270	12.628
41.943	13.618	45.467	13.879
45.467	13.879	45.341	13.903
45.467	13.879	45.517	14.436
45.467	13.879	45.723	12.656
39.799	12.160	41.943	13.618
41.943	13.618	42.074	13.188
41.943	13.618	42.452	14.061
41.943	13.618	41.924	14.164
41.943	13.618	42.019	12.161
33.801	10.946	39.799	12.160
39.799	12.160	38.898	12.371
39.799	12.160	39.793	12.518
39.799	12.160	38.252	13.781
39.799	12.160	39.825	10.671
31.943	8.685	33.801	10.946
33.801	10.946	33.899	11.025
33.801	10.946	33.702	9.341
33.801	10.946	33.882	11.857
23.281	5.069	31.943	8.685
31.943	8.685	31.684	10.675
31.943	8.685	31.716	8.898
31.943	8.685	32.005	6.942
31.943	8.685	28.614	16.213
23.281	5.069	26.426	6.079
18.132	3.718	23.281	5.069
23.281	5.069	22.490	4.678
23.281	5.069	22.463	6.069
23.281	5.069	23.285	4.593
23.281	5.069	23.024	6.547
14.277	2.812	18.132	3.718
18.132	3.718	17.151	3.673
18.132	3.718	17.621	4.017
18.132	3.718	18.239	4.150
18.132	3.718	19.767	3.694
18.132	3.718	18.342	4.154
18.132	3.718	18.006	2.929
11.473	2.929	14.277	2.812
14.277	2.812	14.314	3.119
14.277	2.812	14.439	2.930
14.277	2.812	13.794	2.957
14.277	2.812	15.378	2.900
14.277	2.812	14.289	3.141
14.277	2.812	14.267	2.452
8.347	2.774	11.473	2.929
11.473	2.929	11.563	3.053
11.473	2.929	11.463	3.219
11.473	2.929	11.428	2.082
4.817	1.958	8.347	2.774
8.347	2.774	8.356	2.862
8.347	2.774	8.110	1.614
0.000	0.000	4.817	1.958
4.817	1.958	4.711	1.603
4.817	1.958	4.813	2.253
0.000	0.000	-5.448	-0.606
0.000	0.000	-5.278	-0.488
0.000	0.000	-5.296	-0.522
0.000	0.000	-4.314	-0.801
0.000	0.000	-4.313	-0.791
0.000	0.000	-3.388	-0.461
0.000	0.000	0.660	0.300
0.000	0.000	-2.321	5.223
0.000	0.000	-2.126	4.973
0.000	0.000	0.973	0.446
0.000	0.000	-0.215	-1.698
0.000	0.000	-1.949	1.868
0.000	0.000	-1.644	6.365
0.000	0.000	-2.852	5.404
0.000	0.000	-5.356	-2.968
0.000	0.000	-1.734	-1.964
0.000	0.000	-1.927	-2.147
0.000	0.000	-1.566	-2.004
0.000	0.000	-0.961	7.846
POLYLINE GREEN
84.900	33.940
84.900	34.620
85.100	35.860
85.100	35.940
POLYLINE GREEN
80.460	33.180
80.580	33.540
81.020	34.220
81.420	34.540
81.580	34.620
81.740	34.780
82.180	35.100
82.780	35.700
82.980	36.100
83.380	36.660
POLYLINE GREEN
80.140	31.260
80.140	31.180
80.460	31.260
80.540	31.260
80.660	31.340
80.820	31.340
80.900	31.420
81.260	31.420
81.700	31.540
82.100	31.660
82.180	31.660
82.260	31.740
82.420	31.700
82.940	31.820
83.020	31.740
83.180	31.740
83.380	31.780
83.540	31.740
83.620	31.820
83.700	31.820
83.900	32.020
84.020	32.260
84.020	32.340
84.220	32.620
84.740	33.500
84.900	33.700
85.020	33.900
85.220	34.180
POLYLINE GREEN
84.020	38.100
POLYLINE GREEN
84.180	37.940
POLYLINE GREEN
78.420	31.660
78.540	31.620
78.620	31.660
78.700	31.620
79.180	31.820
79.260	31.820
79.460	31.940
79.580	32.100
79.940	32.300
80.260	32.620
80.460	33.020
POLYLINE GREEN
78.300	31.500
78.460	31.500
POLYLINE GREEN
79.180	30.380
79.540	30.500
79.660	30.500
79.820	30.540
79.900	30.980
POLYLINE GREEN
75.660	31.100
76.060	31.220
76.180	31.220
76.340	31.340
76.540	31.340
76.620	31.300
76.900	31.380
77.060	31.340
77.220	31.380
77.420	31.380
77.500	31.420
77.580	31.380
77.740	31.420
78.140	31.460
78.460	31.580
78.540	31.540
POLYLINE GREEN
74.340	29.820
74.540	29.860
74.780	29.980
74.860	29.980
75.020	30.100
75.420	30.300
75.620	30.300
75.860	30.380
75.940	30.340
76.180	30.420
76.260	30.380
76.460	30.460
76.620	30.420
76.700	30.460
76.780	30.420
77.020	30.500
77.580	30.500
77.660	30.540
77.820	30.500
78.180	30.500
78.380	30.540
78.580	30.500
79.100	30.500
79.460	30.540
79.660	30.580
79.740	30.580
POLYLINE GREEN
72.820	29.340
72.460	29.060
72.260	29.060
POLYLINE GREEN
72.900	29.380
72.980	29.340
73.260	29.460
73.380	29.460
73.620	29.580
73.780	29.620
74.140	29.740
74.220	29.780
74.300	29.740
POLYLINE GREEN
73.260	30.660
POLYLINE GREEN
73.300	30.660
73.460	30.780
74.060	30.900
74.380	30.940
74.980	30.940
75.140	30.980
75.260	30.980
75.420	31.060
75.500	31.020
75.620	31.100
75.780	31.060
76.220	31.180
76.300	31.140
76.380	31.220
POLYLINE GREEN
68.300	29.660
68.500	29.700
68.660	29.660
68.820	29.700
69.020	29.740
69.380	29.820
69.540	29.820
69.780	29.900
69.900	29.860
70.140	29.940
70.260	29.940
70.420	29.980
70.740	30.020
70.900	30.060
70.980	30.020
71.060	30.100
71.620	30.220
71.780	30.220
72.420	30.420
72.500	30.420
72.580	30.540
72.660	30.500
POLYLINE GREEN
68.460	27.980
68.700	28.140
69.060	28.180
69.140	28.260
69.300	28.260
69.460	28.300
69.860	28.380
69.980	28.420
70.060	28.380
70.580	28.500
70.900	28.580
70.980	28.540
71.340	28.700
71.580	28.700
71.660	28.780
71.740	28.740
71.860	28.780
POLYLINE GREEN
67.100	27.580
67.180	27.700
67.300	27.700
67.340	27.820
67.500	27.820
67.660	27.900
POLYLINE GREEN
67.060	27.420
66.860	27.300
66.660	27.020
66.660	26.940
66.460	26.940
66.340	26.900
66.100	26.980
65.780	26.860
65.700	26.780
65.700	26.660
65.660	26.500
65.660	26.420
65.300	26.220
65.140	26.260
64.900	26.180
64.540	26.100
64.060	25.900
63.900	25.940
POLYLINE GREEN
67.220	27.980
67.060	28.180
67.460	27.740
67.220	27.500
POLYLINE GREEN
68.620	27.940
68.540	28.020
68.460	27.980
68.380	28.020
68.100	27.980
67.860	27.940
67.780	27.860
67.700	27.900
POLYLINE GREEN
68.660	27.940
POLYLINE GREEN
64.220	27.700
64.660	27.820
65.180	28.020
65.500	28.220
65.580	28.220
65.940	28.420
65.980	28.500
66.180	28.540
66.420	28.740
66.500	28.740
66.580	28.820
66.660	28.820
67.220	29.220
67.460	29.340
67.620	29.380
67.940	29.580
68.020	29.540
68.260	29.660
68.460	29.660
68.620	29.700
POLYLINE GREEN
64.000	27.660
64.000	27.780
64.120	27.720
64.240	27.780
POLYLINE GREEN
61.600	28.020
62.080	27.900
62.320	27.900
62.560	27.840
62.920	27.840
63.040	27.780
63.160	27.840
63.400	27.780
63.520	27.840
63.760	27.780
63.880	27.840
64.240	27.720
POLYLINE GREEN
61.720	25.740
61.840	25.680
61.960	25.800
62.380	25.800
62.620	25.860
62.980	25.860
63.220	25.920
63.580	25.920
63.940	26.040
POLYLINE GREEN
61.540	25.740
POLYLINE GREEN
61.600	25.860
POLYLINE GREEN
58.780	26.640
59.560	27.600
59.680	27.720
59.800	27.720
59.920	27.840
60.640	28.020
61.060	28.140
POLYLINE GREEN
60.700	28.080
60.820	28.140
61.360	27.960
61.720	27.960
61.780	27.840
61.780	27.120
61.840	26.940
POLYLINE GREEN
58.600	24.840
59.020	25.500
59.020	25.800
59.140	26.280
59.140	26.580
59.200	26.820
POLYLINE GREEN
61.780	26.820
61.780	26.460
61.840	26.220
61.840	25.380
61.780	24.960
61.780	24.540
61.720	24.300
POLYLINE GREEN
54.700	26.460
POLYLINE GREEN
61.600	20.400
61.540	20.940
61.300	21.300
61.360	21.720
61.480	22.800
61.840	24.180
61.900	24.600
POLYLINE GREEN
57.340	21.660
57.820	22.440
57.820	22.560
58.120	23.100
58.120	23.520
58.180	23.760
58.180	24.000
58.360	24.600
POLYLINE GREEN
59.620	19.920
59.620	20.040
59.800	20.160
59.920	20.160
60.160	20.340
60.280	20.280
60.400	20.340
60.640	20.220
60.880	20.280
61.420	20.340
61.900	20.280
POLYLINE GREEN
58.360	19.980
58.240	19.860
58.000	19.860
57.580	19.620
57.520	19.380
57.520	19.020
57.400	18.600
57.220	17.700
57.220	17.160
57.100	16.800
57.040	15.900
57.040	15.360
57.100	15.120
57.160	14.580
57.160	14.340
56.980	13.800
56.920	13.380
POLYLINE GREEN
59.860	20.460
59.980	20.220
59.920	20.520
59.920	20.520
59.980	20.280
59.380	20.040
59.260	20.100
59.020	19.980
58.900	20.040
58.780	19.920
58.600	19.920
58.360	19.980
58.120	19.800
POLYLINE GREEN
60.040	19.980
POLYLINE GREEN
58.600	18.900
POLYLINE GREEN
55.840	20.940
55.540	20.760
55.300	20.700
54.820	20.340
54.580	19.980
54.340	18.960
54.340	18.480
54.280	18.240
54.280	18.060
54.220	17.820
54.220	17.460
54.160	17.160
54.160	16.860
54.100	16.620
POLYLINE GREEN
56.080	21.120
POLYLINE GREEN
57.940	21.660
57.040	21.540
56.320	21.300
56.140	21.060
56.260	20.940
POLYLINE GREEN
58.060	21.660
POLYLINE GREEN
56.800	14.580
POLYLINE GREEN
52.720	12.780
53.020	12.720
53.380	12.720
53.620	12.900
54.100	12.900
54.220	12.960
54.640	12.900
54.880	12.840
55.120	12.900
55.300	12.840
55.420	12.900
55.660	12.840
55.900	12.900
56.140	12.840
56.380	12.960
56.500	12.900
56.740	13.080
56.860	13.080
57.040	13.320
57.040	13.620
56.980	13.860
56.980	14.100
56.860	14.520
56.860	14.640
POLYLINE GREEN
48.880	12.540
49.000	12.660
49.120	12.660
49.480	12.780
49.900	12.660
49.960	12.780
50.080	12.660
POLYLINE GREEN
49.900	12.720
50.020	12.600
50.380	12.540
50.800	12.660
50.920	12.600
51.460	12.720
52.000	12.840
52.180	12.840
52.300	12.780
52.720	12.900
52.840	12.840
53.080	12.900
53.200	12.900
POLYLINE GREEN
49.660	15.360
49.960	15.360
50.080	15.420
50.200	15.360
50.320	15.480
50.560	15.540
50.920	15.780
51.340	16.200
51.400	16.560
51.460	16.800
51.520	17.340
51.580	17.580
51.640	17.880
51.820	18.360
51.880	18.600
52.000	19.020
52.120	19.140
52.540	19.140
52.840	18.840
53.140	18.180
53.200	17.940
53.260	17.700
53.620	17.340
53.620	17.220
53.980	16.800
54.040	16.620
54.280	16.560
54.340	16.440
POLYLINE GREEN
45.400	14.700
45.940	14.700
46.360	14.820
47.140	15.000
47.380	15.060
47.620	15.120
48.160	15.240
48.400	15.240
48.700	15.300
48.820	15.240
48.940	15.360
49.180	15.420
49.300	15.480
POLYLINE GREEN
44.860	12.480
45.220	12.600
45.580	12.600
46.120	12.780
46.360	12.780
46.480	12.720
46.660	12.780
46.780	12.720
46.900	12.780
47.320	12.660
47.440	12.720
47.680	12.660
47.920	12.720
48.340	12.720
48.580	12.660
48.700	12.720
49.120	12.660
49.360	12.600
49.480	12.660
POLYLINE GREEN
50.380	20.640
POLYLINE GREEN
41.620	14.160
42.040	14.280
42.160	14.220
42.400	14.280
42.520	14.220
42.640	14.340
42.880	14.220
43.180	14.280
43.420	14.220
43.780	14.340
44.020	14.280
44.200	14.340
44.320	14.280
45.160	14.520
POLYLINE GREEN
40.480	11.760
40.780	11.940
40.900	12.060
41.740	12.180
41.860	12.120
42.100	12.240
42.400	12.240
42.880	12.360
43.120	12.420
43.240	12.360
43.480	12.420
43.720	12.360
43.840	12.420
44.140	12.360
44.260	12.420
44.500	12.300
44.740	12.360
45.040	12.360
POLYLINE GREEN
38.560	13.920
38.920	14.220
39.520	14.340
39.640	14.280
39.880	14.400
40.120	14.340
40.240	14.340
40.420	14.220
40.660	14.340
40.780	14.220
41.440	14.220
41.560	14.280
41.680	14.220
41.980	14.220
42.280	14.160
POLYLINE GREEN
40.840	12.600
40.900	12.480
40.840	12.060
40.900	11.820
40.900	10.980
40.840	10.860
40.900	10.740
40.840	10.500
40.840	10.200
40.660	10.260
40.600	10.140
40.240	10.140
40.120	10.260
POLYLINE GREEN
39.700	10.380
40.060	10.380
40.300	10.320
40.660	10.380
POLYLINE GREEN
39.160	10.440
39.400	10.260
39.640	10.320
40.480	10.320
40.600	10.380
POLYLINE GREEN
39.640	10.320
POLYLINE GREEN
39.340	10.440
POLYLINE GREEN
38.260	10.320
38.140	10.200
37.900	10.260
37.660	10.200
37.540	10.260
37.300	10.200
37.180	10.260
36.700	10.020
36.220	9.900
36.100	9.840
35.980	9.900
35.560	9.720
35.440	9.780
35.320	9.660
34.660	9.780
34.060	9.600
33.820	9.660
33.580	9.600
33.460	9.540
33.340	9.600
33.220	9.540
33.100	9.600
POLYLINE GREEN
40.180	10.260
39.940	10.440
39.460	10.500
39.220	10.440
38.860	10.320
38.560	10.320
38.320	10.260
38.200	10.260
POLYLINE GREEN
33.820	12.000
34.420	12.000
34.900	12.240
35.020	12.240
35.140	12.360
35.380	12.360
35.500	12.480
35.740	12.480
35.920	12.600
36.280	12.600
36.640	12.720
36.880	12.600
37.000	12.720
37.120	12.720
37.900	13.860
38.380	14.040
38.620	14.040
38.740	14.100
POLYLINE GREEN
33.340	11.700
33.580	11.760
33.700	11.880
33.820	11.880
33.940	12.000
POLYLINE GREEN
39.100	18.720
POLYLINE GREEN
34.360	10.020
34.480	9.840
POLYLINE GREEN
33.940	9.780
POLYLINE ORANGE
28.240	15.840
28.180	16.020
28.420	16.140
POLYLINE ORANGE
28.360	16.020
28.420	16.140
28.480	15.900
28.360	15.780
POLYLINE ORANGE
27.940	17.520
28.120	17.820
28.360	18.000
28.840	17.880
28.660	17.280
28.240	16.800
28.180	16.680
28.420	16.440
28.540	16.440
POLYLINE GREEN
31.840	6.720
32.020	6.660
32.260	6.780
32.380	6.720
32.620	6.840
32.980	6.720
33.220	7.200
33.280	7.740
33.100	8.220
33.100	9.060
33.520	9.540
33.760	9.540
34.000	9.660
34.120	9.600
POLYLINE GREEN
33.700	11.640
33.340	11.520
33.220	11.580
32.860	11.460
32.140	11.340
31.900	11.280
31.600	10.980
31.060	10.440
30.940	10.440
31.000	10.320
POLYLINE ORANGE
31.840	11.820
31.960	11.460
31.960	11.280
32.140	10.860
32.260	10.800
POLYLINE ORANGE
30.940	14.100
31.300	13.260
31.300	13.020
31.420	12.900
POLYLINE ORANGE
29.680	16.800
29.800	16.140
30.040	15.840
30.280	15.300
30.400	15.180
POLYLINE ORANGE
30.040	11.880
30.040	11.700
30.580	10.440
POLYLINE ORANGE
28.720	14.400
29.140	13.260
29.800	12.240
POLYLINE ORANGE
27.760	16.200
27.880	15.660
28.120	15.120
28.480	14.520
POLYLINE GREEN
31.420	10.560
30.700	10.380
30.340	10.260
30.220	10.140
30.040	10.140
29.680	9.960
29.560	9.960
29.500	9.840
29.380	9.840
28.180	8.880
28.000	8.700
27.400	8.340
27.280	8.340
27.100	8.100
26.800	7.920
26.140	7.260
25.600	6.960
25.240	6.780
25.000	6.720
24.880	6.660
POLYLINE GREEN
31.360	10.560
POLYLINE GREEN
29.200	6.540
29.620	6.540
29.740	6.600
29.860	6.540
30.220	6.660
30.460	6.600
30.700	6.660
30.880	6.600
31.120	6.660
31.780	6.660
31.900	6.720
32.020	6.660
32.140	6.720
POLYLINE GREEN
31.720	15.180
POLYLINE GREEN
26.860	5.700
27.100	5.640
27.220	5.700
27.340	5.580
27.460	5.640
27.700	5.580
27.940	5.580
28.060	5.640
28.180	5.580
28.300	5.700
28.660	5.700
29.020	6.060
29.380	6.540
29.500	6.540
POLYLINE BLACK
30.580	14.700
POLYLINE BLACK
26.200	4.680
26.320	5.100
26.320	5.460
26.380	5.640
27.160	5.640
POLYLINE GREEN
31.300	6.600
POLYLINE BLACK
23.320	4.560
23.440	4.500
23.620	4.620
23.860	4.620
24.100	4.680
24.220	4.620
24.460	4.680
24.700	4.620
24.940	4.620
25.360	4.680
25.600	4.620
25.840	4.620
26.080	4.680
26.380	4.740
POLYLINE BLACK
23.140	4.560
23.260	4.560
23.320	4.500
23.500	4.500
23.560	4.440
23.680	4.470
23.740	4.440
POLYLINE BLACK
24.070	6.600
24.280	6.630
24.340	6.600
24.730	6.720
24.880	6.720
24.940	6.690
25.000	6.720
25.150	6.690
25.330	6.750
25.450	6.750
25.570	6.720
25.660	6.750
25.780	6.720
25.870	6.720
25.990	6.690
26.140	6.660
26.260	6.690
26.320	6.630
26.590	6.630
26.680	6.600
POLYLINE BLACK
22.900	6.180
23.470	6.300
23.530	6.270
23.860	6.390
23.920	6.390
23.980	6.450
24.100	6.480
24.820	6.690
25.000	6.690
POLYLINE BLACK
22.990	4.590
23.140	4.590
23.260	4.620
POLYLINE BLACK
21.850	6.150
21.910	6.090
22.090	6.090
22.150	6.060
22.270	6.090
22.510	6.120
22.570	6.090
22.720	6.150
22.780	6.120
22.900	6.150
23.020	6.150
POLYLINE BLACK
20.590	4.920
20.650	4.920
20.830	5.040
21.100	5.160
21.220	5.190
21.460	5.250
21.730	5.520
21.790	5.640
21.790	5.730
21.760	5.850
21.790	5.970
21.880	6.090
POLYLINE BLACK
19.210	4.410
19.450	4.410
19.570	4.500
19.630	4.500
19.690	4.560
19.810	4.560
19.870	4.620
19.990	4.650
20.080	4.710
20.200	4.740
20.410	4.860
20.530	4.890
20.770	4.950
POLYLINE BLACK
18.580	3.090
18.640	3.030
18.760	3.000
18.880	3.030
18.940	3.030
19.000	3.090
19.300	3.150
19.360	3.150
19.540	3.510
19.750	3.690
19.870	3.720
20.050	3.780
20.110	3.840
20.290	3.840
20.410	3.870
20.650	3.930
21.040	4.080
21.100	4.050
21.670	4.230
21.850	4.260
21.910	4.320
22.180	4.380
22.240	4.350
22.300	4.410
22.690	4.500
22.930	4.590
22.990	4.560
23.050	4.620
23.110	4.620
POLYLINE BLACK
17.730	2.960
17.770	3.000
17.970	3.040
18.050	3.020
18.130	3.000
18.170	3.020
18.270	3.000
18.350	3.000
18.490	3.040
18.610	3.000
18.690	3.000
18.730	2.980
18.810	3.000
18.850	3.000
18.910	2.960
POLYLINE BLACK
17.290	3.920
17.390	3.960
17.430	4.000
17.470	4.000
17.570	4.060
17.650	4.080
17.770	4.140
17.870	4.160
17.950	4.200
17.990	4.180
18.130	4.200
18.290	4.200
18.330	4.240
18.390	4.240
18.510	4.200
18.610	4.220
18.690	4.200
18.770	4.220
18.930	4.240
19.030	4.240
19.170	4.260
19.190	4.220
POLYLINE BLACK
14.030	2.280
14.210	2.380
14.370	2.480
14.430	2.480
14.550	2.520
14.590	2.500
14.750	2.540
14.790	2.520
14.870	2.560
15.050	2.560
15.450	2.600
15.550	2.600
15.890	2.680
16.050	2.680
16.110	2.720
16.410	2.760
16.670	2.780
17.110	2.880
17.330	2.940
17.390	2.940
17.430	2.960
17.470	2.940
17.630	3.000
17.710	2.980
17.810	3.000
17.890	2.980
POLYLINE BLACK
14.770	5.780
POLYLINE BLACK
14.510	2.420
14.590	2.400
14.670	2.420
14.750	2.440
POLYLINE BLACK
14.710	3.320
14.630	3.300
14.530	3.260
14.490	3.220
14.330	3.240
POLYLINE BLACK
14.690	3.260
14.930	3.340
14.990	3.380
15.030	3.380
15.190	3.500
15.270	3.480
15.410	3.560
15.490	3.580
15.830	3.680
15.970	3.680
16.110	3.700
16.290	3.720
16.410	3.760
16.450	3.720
16.530	3.760
16.590	3.720
16.730	3.760
16.810	3.740
16.890	3.760
17.030	3.740
17.070	3.760
17.110	3.740
17.190	3.760
POLYLINE BLACK
11.670	2.180
11.750	2.160
11.850	2.180
12.110	2.180
12.210	2.200
12.330	2.200
12.610	2.240
12.810	2.240
12.910	2.260
12.990	2.260
13.090	2.280
13.170	2.260
13.310	2.260
13.410	2.280
13.490	2.260
13.630	2.280
13.710	2.260
13.770	2.280
13.870	2.260
13.990	2.260
14.070	2.280
14.150	2.300
POLYLINE BLACK
11.570	3.400
11.630	3.440
11.690	3.440
11.730	3.460
11.830	3.440
11.970	3.420
12.010	3.440
12.210	3.400
12.290	3.400
12.370	3.420
12.590	3.420
12.650	3.440
12.690	3.420
12.790	3.440
12.950	3.400
13.010	3.420
13.050	3.380
13.110	3.400
13.190	3.380
13.510	3.320
13.570	3.320
13.650	3.280
13.690	3.300
13.910	3.240
14.090	3.220
14.270	3.200
14.310	3.180
POLYLINE BLACK
10.070	1.820
10.130	1.860
10.370	1.920
10.450	1.940
10.550	2.000
10.610	2.000
10.750	2.040
10.930	2.080
11.170	2.160
11.270	2.140
11.330	2.140
11.370	2.120
11.450	2.140
11.590	2.140
11.690	2.160
POLYLINE BLACK
8.470	3.000
8.630	3.020
8.710	3.040
8.790	3.020
8.890	3.040
8.950	3.080
8.990	3.060
9.130	3.080
9.290	3.120
9.530	3.160
9.650	3.160
9.750	3.180
9.830	3.180
10.010	3.220
10.110	3.220
10.190	3.260
10.270	3.240
10.590	3.240
10.750	3.300
10.830	3.260
10.910	3.280
10.970	3.280
11.130	3.340
11.290	3.340
11.410	3.380
11.510	3.380
11.550	3.400
11.630	3.380
11.690	3.400
POLYLINE BLACK
7.830	1.600
7.910	1.640
7.950	1.620
8.090	1.660
8.150	1.640
8.210	1.660
8.250	1.620
8.290	1.660
8.450	1.680
8.670	1.720
8.710	1.700
8.810	1.720
9.110	1.720
9.190	1.740
9.430	1.740
9.510	1.760
9.610	1.760
9.710	1.780
10.050	1.780
10.130	1.800
POLYLINE BLACK
7.810	1.600
POLYLINE BLACK
7.930	1.480
8.010	1.460
8.050	1.460
POLYLINE BLACK
1.590	-0.400
1.530	-0.460
1.490	-0.440
1.350	-0.500
1.250	-0.660
1.170	-0.840
1.110	-1.160
1.010	-1.460
0.950	-1.580
0.830	-1.720
0.630	-1.840
0.410	-1.900
0.370	-1.860
0.270	-1.860
0.130	-1.920
0.070	-1.920
-0.010	-1.940
-0.090	-1.940
POLYLINE BLACK
1.990	-0.100
1.870	-0.220
1.810	-0.280
1.710	-0.360
POLYLINE BLACK
2.030	-0.060
POLYLINE BLACK
2.050	-0.060
POLYLINE BLACK
2.090	-0.040
POLYLINE BLACK
2.110	-0.020
POLYLINE BLACK
2.390	0.280
2.330	0.280
2.310	0.160
2.210	0.100
2.150	0.000
POLYLINE BLACK
4.830	1.160
4.790	1.140
4.750	1.160
4.590	1.100
4.530	1.100
4.430	1.040
4.290	0.960
4.090	0.860
4.010	0.840
3.750	0.760
3.690	0.780
3.610	0.760
3.530	0.740
3.470	0.720
3.430	0.740
3.390	0.700
3.270	0.680
3.230	0.700
3.130	0.640
3.090	0.660
2.990	0.580
2.710	0.440
2.630	0.420
2.510	0.320
2.370	0.240
POLYLINE BLACK
5.050	1.280
POLYLINE BLACK
7.830	1.580
7.750	1.560
7.670	1.540
7.570	1.540
7.470	1.520
7.410	1.520
7.370	1.480
7.290	1.480
7.190	1.500
7.110	1.500
6.890	1.560
6.730	1.580
6.650	1.580
6.590	1.600
6.510	1.580
6.350	1.540
6.310	1.560
6.210	1.500
6.070	1.500
5.890	1.460
5.850	1.480
5.810	1.420
5.770	1.440
5.590	1.400
5.510	1.400
5.410	1.420
5.290	1.340
5.150	1.320
POLYLINE BLACK
7.930	1.640
POLYLINE BLACK
8.110	5.540
POLYLINE BLACK
7.310	2.780
7.250	2.800
7.150	2.800
7.050	2.780
6.990	2.780
6.890	2.760
6.750	2.760
6.590	2.720
6.530	2.720
6.430	2.700
6.350	2.700
5.970	2.600
5.670	2.540
5.350	2.480
5.190	2.460
5.150	2.460
5.110	2.420
5.010	2.420
4.870	2.380
4.830	2.540
POLYLINE BLACK
4.890	2.420
5.070	2.480
5.130	2.480
POLYLINE BLACK
4.950	2.400
POLYLINE BLACK
7.230	2.820
7.170	2.840
7.150	2.900
POLYLINE BLACK
7.350	2.820
7.310	2.860
POLYLINE BLACK
8.190	2.980
8.050	2.940
7.990	2.940
7.870	2.900
7.830	2.920
7.750	2.880
7.710	2.900
7.630	2.880
7.470	2.840
7.410	2.860
POLYLINE BLACK
7.030	4.300
POLYLINE BLACK
4.480	1.360
POLYLINE BLACK
1.000	1.360
0.880	1.120
0.880	1.040
0.960	0.960
1.200	0.960
1.400	1.040
1.480	1.120
1.560	1.120
1.880	1.320
1.960	1.320
2.120	1.440
2.280	1.480
2.440	1.560
2.560	1.560
2.800	1.680
2.960	1.680
3.040	1.760
3.200	1.760
3.280	1.840
3.400	1.840
3.480	1.920
3.640	1.880
4.120	2.040
4.280	2.000
4.560	2.240
4.680	2.280
POLYLINE BLACK
0.080	7.560
0.120	7.440
0.200	7.400
0.280	7.040
0.360	6.800
0.360	6.600
0.400	6.440
0.400	6.320
0.440	6.160
0.440	6.040
0.480	5.840
0.600	5.160
0.600	5.040
0.720	4.520
0.720	4.320
0.760	4.160
0.760	4.000
0.840	3.640
0.880	3.320
0.880	3.000
0.840	2.800
0.880	2.640
0.840	2.400
1.040	1.840
1.000	1.680
1.000	1.400
0.960	1.240
POLYLINE BLACK
-1.360	7.840
-1.200	7.720
-1.120	7.800
-0.800	7.760
-0.440	7.760
-0.360	7.720
-0.280	7.760
-0.040	7.680
0.200	7.440
POLYLINE BLACK
-0.880	7.760
-1.120	7.800
-1.280	7.840
-1.400	7.680
-1.480	7.480
-1.600	7.320
-1.600	7.240
-1.760	7.000
-1.840	6.800
-2.000	6.720
-2.160	6.760
-2.560	6.440
-2.840	6.040
-2.880	5.880
-3.240	5.320
-3.360	5.080
-3.360	4.960
POLYLINE BLACK
-5.160	-3.880
-5.200	-4.160
POLYLINE BLACK
-2.280	-3.160
-2.200	-3.440
-2.240	-3.600
-2.240	-4.040
POLYLINE BLACK
-5.480	-2.960
-5.320	-3.000
POLYLINE BLACK
-5.480	-3.000
-5.480	-2.920
-5.440	-3.000
-5.520	-3.080
-5.560	-3.400
-5.560	-3.760
-5.720	-4.200
POLYLINE BLACK
-5.320	-2.880
-5.320	-3.040
-5.200	-3.440
-5.160	-3.600
-5.120	-3.800
-5.120	-3.960
-5.080	-4.040
POLYLINE BLACK
-3.240	5.280
POLYLINE BLACK
-1.980	-2.100
-2.010	-2.340
-1.920	-2.610
-2.010	-2.760
-2.040	-2.880
-2.040	-3.060
-2.100	-3.360
-2.100	-3.450
POLYLINE BLACK
-1.680	-2.100
-1.560	-2.100
-1.500	-2.130
-1.380	-2.100
-1.320	-2.100
-1.140	-1.980
-1.020	-2.010
-0.870	-1.980
-0.810	-1.920
-0.120	-1.920
