TRIP
DATE 2023-07-28
DECLINATION 0.0
DATA
0		303.12	40.25	5.896	>
0		303.07	40.30	5.911	>
0		303.11	40.25	5.898	>
0		295.42	39.64	9.975	>
0		295.32	39.54	9.961	>
0		295.26	39.60	9.965	>
0	1	303.10	40.27	5.902	>
1		201.59	-5.57	4.265	>
1		266.63	5.58	2.895	>
1		231.61	4.60	4.608	>
1		150.77	-11.05	3.741	>
1		129.23	-9.41	1.923	>
1		95.45	-1.98	1.505	>
1		281.40	12.94	2.422	>
1		240.52	68.09	7.177	>
1		201.74	-64.89	9.313	>
1		236.90	-53.77	5.936	>
1		217.46	-52.76	6.447	>
1		251.27	-48.19	5.052	>
1		165.37	-50.49	0.436	>
1		160.27	-49.48	6.138	>
1		118.72	-33.76	11.130	>
1		100.94	-29.31	9.678	>
1		228.50	-61.68	2.997	>
1		286.57	53.26	1.216	>
1		309.41	45.92	12.194	>
1		309.39	45.96	12.250	>
1		309.34	45.91	12.138	>
1	2	309.38	45.93	12.194	>
2		194.60	3.47	3.020	>
2		170.66	-10.84	1.934	>
2		220.75	12.54	3.501	>
2		110.31	-13.80	1.590	>
2		264.95	65.73	3.407	>
2		114.25	-52.69	6.745	>
2		272.37	39.21	3.182	>
2		272.26	39.09	7.351	>
2		272.15	39.08	7.349	>
2		272.08	39.24	4.272	>
2		272.23	39.22	7.338	>
2		272.16	39.02	7.311	>
2		272.63	39.73	7.322	>
2		265.07	38.53	6.912	>
2		259.77	36.82	7.102	>
2		255.16	34.51	6.169	>
2		249.88	31.12	5.687	>
2		243.19	27.54	5.559	>
2		235.79	23.44	4.525	>
2		228.12	18.96	3.086	>
2		265.55	34.33	5.631	>
2		261.88	31.35	5.308	>
2		251.02	25.61	4.558	>
2		244.23	20.07	3.973	>
2		241.58	15.46	3.788	>
2		231.22	10.15	2.445	>
2		212.15	-5.49	2.823	>
2		11.15	-13.86	1.345	>
2		339.82	-7.87	0.987	>
2		302.29	1.25	1.087	>
2		62.05	-40.16	1.516	>
2		89.17	-43.52	1.899	>
2		16.32	15.53	3.914	>
2	3	272.34	39.32	7.324	>
3		353.52	-3.74	0.404	>
3		44.54	-0.94	0.537	>
3		273.24	39.88	8.171	>
3		273.09	39.88	8.171	>
3		273.33	39.92	8.172	>
3	4	14.89	15.22	3.937	>
0.1	0	273.22	39.89	8.171	>
0.1		280.97	47.28	7.885	>
0.2	0.1	295.33	39.59	9.967	>

PLAN
STATIONS
0.000	0.000	0
-3.772	2.459	1
-10.328	7.840	2
-15.989	8.072	3
-15.013	11.743	4
6.260	-0.352	0.1
13.202	-3.638	0.2
SHOTS
0.000	0.000	-3.772	2.459
-3.772	2.459	-5.334	-1.488
-3.772	2.459	-6.649	2.290
-3.772	2.459	-7.372	-0.394
-3.772	2.459	-1.979	-0.745
-3.772	2.459	-2.303	1.259
-3.772	2.459	-2.275	2.316
-3.772	2.459	-6.086	2.926
-3.772	2.459	-6.104	1.141
-3.772	2.459	-5.236	-1.213
-3.772	2.459	-6.712	0.543
-3.772	2.459	-6.145	-0.638
-3.772	2.459	-6.962	1.377
-3.772	2.459	-3.702	2.191
-3.772	2.459	-2.426	-1.295
-3.772	2.459	4.343	-1.988
-3.772	2.459	4.514	0.858
-3.772	2.459	-4.837	1.517
-3.772	2.459	-4.470	2.666
-3.772	2.459	-10.328	7.840
-10.328	7.840	-11.088	4.923
-10.328	7.840	-10.020	5.966
-10.328	7.840	-12.559	5.251
-10.328	7.840	-8.880	7.304
-10.328	7.840	-11.723	7.717
-10.328	7.840	-6.601	6.161
-10.328	7.840	-12.792	7.942
-10.328	7.840	-16.029	8.065
-10.328	7.840	-16.029	8.054
-10.328	7.840	-13.635	7.960
-10.328	7.840	-15.715	7.376
-10.328	7.840	-15.923	6.831
-10.328	7.840	-15.242	6.538
-10.328	7.840	-14.900	6.166
-10.328	7.840	-14.727	5.617
-10.328	7.840	-13.761	5.506
-10.328	7.840	-12.501	5.892
-10.328	7.840	-14.964	7.479
-10.328	7.840	-14.816	7.200
-10.328	7.840	-14.215	6.503
-10.328	7.840	-13.689	6.218
-10.328	7.840	-13.539	6.103
-10.328	7.840	-12.204	6.333
-10.328	7.840	-11.823	5.461
-10.328	7.840	-10.076	9.121
-10.328	7.840	-10.665	8.758
-10.328	7.840	-11.247	8.421
-10.328	7.840	-9.305	8.383
-10.328	7.840	-8.951	7.860
-10.328	7.840	-9.268	11.459
-10.328	7.840	-15.989	8.072
-15.989	8.072	-16.035	8.472
-15.989	8.072	-15.612	8.455
-15.989	8.072	-15.013	11.743
0.000	0.000	6.260	-0.352
6.260	-0.352	1.008	0.666
6.260	-0.352	13.202	-3.638
POLYLINE BLACK
-6.001	2.865
-5.943	2.860
POLYLINE BLACK
-0.145	0.084
-0.203	0.076
-0.252	0.061
-0.308	0.069
-0.444	0.089
-0.551	0.224
-0.643	0.313
POLYLINE BLACK
-0.317	0.230
-0.446	0.276
-0.377	0.234
-0.488	0.400
POLYLINE BLACK
-0.505	0.415
-0.504	0.417
POLYLINE BLACK
-0.509	0.453
-0.506	0.467
POLYLINE BLACK
0.025	0.084
-0.109	0.314
-0.348	0.447
-0.554	0.604
-0.588	0.629
-0.613	0.665
-0.650	0.684
-1.589	1.172
-1.599	1.143
-2.782	1.440
-2.854	1.457
-3.947	1.761
-4.342	1.721
-4.682	1.686
-5.017	1.619
-5.353	1.558
-5.403	1.549
-5.453	1.535
-5.497	1.510
-5.556	1.477
-6.044	1.224
-6.220	1.040
-6.311	0.946
-6.368	0.780
-6.409	0.678
-6.447	0.583
-6.478	0.454
-6.453	0.350
-6.400	0.134
-6.343	-0.080
-6.279	-0.293
-6.267	-0.334
-6.249	-0.373
-6.227	-0.410
-6.202	-0.452
-6.173	-0.492
-6.141	-0.528
-6.072	-0.608
-5.999	-0.683
-5.925	-0.757
-5.913	-0.769
-5.899	-0.779
-5.883	-0.785
-5.724	-0.857
-5.560	-0.918
-5.403	-0.992
-5.271	-1.054
-5.153	-1.145
-5.015	-1.193
-4.787	-1.273
-4.548	-1.324
-4.311	-1.374
-4.233	-1.391
-4.153	-1.395
-4.074	-1.393
-3.726	-1.385
-3.376	-1.388
-3.030	-1.344
-2.808	-1.315
-2.601	-1.218
-2.381	-1.177
-2.234	-1.150
-2.082	-1.160
-1.934	-1.141
-1.881	-1.134
-1.829	-1.118
-1.779	-1.100
-1.570	-1.023
-1.361	-0.944
-1.156	-0.857
-0.762	-0.691
-0.622	-0.579
-0.233	-0.297
-0.187	-0.263
-0.144	-0.223
-0.106	-0.180
-0.047	-0.115
0.003	-0.043
0.057	0.026
POLYLINE BLACK
-5.216	-1.373
-7.254	-0.606
-4.667	-1.609
-6.118	-0.973
-6.632	-0.747
-6.597	-0.855
-6.918	-0.619
-6.965	-0.584
-7.079	-0.487
-7.113	-0.421
-7.250	-0.157
-7.275	-0.011
-7.328	0.305
-7.338	0.361
-7.341	0.419
-7.335	0.475
-7.306	0.737
-7.271	0.939
-7.176	1.175
-7.141	1.262
-7.094	1.343
-7.054	1.427
-6.969	1.609
-6.889	1.794
-6.799	1.973
-6.783	2.005
-6.758	2.032
-6.737	2.061
-6.707	2.105
-6.675	2.147
-6.646	2.192
-6.483	2.441
-6.509	2.438
-6.325	2.655
-6.309	2.675
-6.286	2.688
-6.267	2.706
-6.134	2.833
-6.001	2.961
-5.869	3.089
POLYLINE BLACK
-2.120	2.452
-2.111	2.399
-2.113	2.365
-2.088	2.322
-1.986	2.148
-1.694	2.126
-1.521	2.120
POLYLINE BLACK
-1.961	2.452
-1.912	2.449
-1.862	2.454
-1.815	2.443
-1.544	2.382
-0.986	2.104
-0.857	2.051
-0.812	2.033
-0.763	2.019
-0.714	2.016
0.286	1.954
0.637	2.026
1.635	1.803
3.845	1.309
2.006	1.647
2.697	1.440
2.801	1.409
2.865	1.423
2.976	1.410
3.042	1.403
3.107	1.387
3.173	1.379
3.254	1.368
3.313	1.379
3.387	1.349
3.543	1.285
3.698	1.219
3.850	1.147
3.913	1.117
3.969	1.075
4.032	1.046
4.294	0.925
4.288	0.932
4.491	0.876
POLYLINE BLACK
-0.002	-0.227
-0.141	-0.320
-0.140	-0.311
-0.249	-0.196
POLYLINE BLACK
-0.237	-0.164
-0.218	-0.160
POLYLINE BLACK
-0.194	-0.152
-0.176	-0.206
POLYLINE BLACK
-0.182	-0.256
-0.185	-0.254
POLYLINE BLACK
-0.001	-0.099
0.086	-0.070
0.177	-0.042
0.269	-0.063
0.393	-0.090
0.598	-0.197
0.669	-0.233
1.021	-0.415
1.368	-0.608
1.720	-0.793
1.772	-0.820
1.827	-0.844
1.881	-0.869
2.191	-1.010
2.501	-1.148
2.811	-1.288
2.852	-1.307
2.895	-1.322
2.934	-1.344
3.170	-1.478
3.398	-1.627
3.637	-1.757
3.680	-1.780
3.729	-1.791
3.776	-1.803
3.992	-1.855
4.209	-1.900
4.425	-1.948
POLYLINE BLACK
-6.361	3.876
-7.436	4.625
-6.339	3.883
-7.093	4.347
-7.158	4.387
-7.214	4.440
-7.280	4.478
-7.354	4.521
-7.439	4.543
-7.511	4.589
-9.538	5.966
-7.585	4.686
-8.631	5.295
-8.690	5.330
-8.741	5.377
-8.798	5.415
-8.854	5.453
-8.913	5.486
-8.969	5.523
-9.022	5.558
-9.071	5.598
-9.125	5.630
-9.151	5.646
-9.179	5.658
-9.207	5.666
-9.346	5.704
-9.489	5.726
-9.626	5.769
-9.709	5.794
-9.787	5.837
-9.868	5.871
POLYLINE BLACK
-5.994	3.562
-5.872	3.282
-5.950	3.440
-5.742	3.096
POLYLINE BLACK
-6.281	3.837
-6.242	3.506
-6.125	3.365
-6.013	3.067
-5.965	2.940
-5.968	2.763
-5.959	2.641
POLYLINE BLACK
-9.964	5.892
-10.022	5.857
-10.079	5.823
-10.137	5.788
-10.161	5.776
-10.186	5.768
-10.208	5.753
-10.301	5.693
-10.379	5.605
-10.447	5.520
-10.473	5.488
-10.491	5.451
-10.513	5.416
POLYLINE BLACK
-10.363	5.499
-10.499	5.322
-10.635	5.145
-10.771	4.968
-10.782	4.960
-10.792	4.950
-10.804	4.943
-10.854	4.911
-10.915	4.921
-10.970	4.910
-11.000	4.904
-11.029	4.893
-11.058	4.884
-11.092	4.873
-11.123	4.856
-11.158	4.851
-11.335	4.821
-11.570	4.770
-11.756	4.831
-11.818	4.851
-11.908	4.920
-11.945	4.945
POLYLINE BLACK
-11.804	4.933
-11.952	4.956
-12.101	4.975
-12.249	5.001
-12.320	5.013
-12.497	5.028
-12.572	5.103
-12.717	5.249
-12.677	5.210
-12.767	5.409
POLYLINE BLACK
-7.970	7.388
-8.070	7.399
-8.170	7.408
-8.270	7.420
-8.320	7.426
-8.316	7.494
-8.306	7.527
-8.286	7.589
-8.264	7.651
-8.239	7.711
-8.216	7.765
-8.126	7.915
-8.161	7.868
-8.661	7.202
-7.975	7.995
-8.453	7.458
POLYLINE BLACK
-8.548	7.458
-8.658	7.482
POLYLINE BLACK
-8.711	7.504
-8.828	7.513
POLYLINE BLACK
-8.930	7.561
-8.964	7.561
POLYLINE BLACK
-9.031	7.708
-8.581	7.217
-8.825	7.455
-8.399	7.081
-8.001	6.732
-8.180	6.862
-7.926	6.688
POLYLINE BLACK
-7.677	6.547
-7.306	6.274
-7.924	6.738
-7.029	5.917
-6.052	5.022
-7.010	5.930
-6.342	5.438
-6.097	5.257
-5.861	5.063
-5.630	4.864
-5.492	4.745
-5.426	4.630
-5.306	4.499
-5.231	4.418
-5.150	4.342
-5.072	4.263
-5.038	4.227
-5.004	4.191
-4.970	4.156
-4.932	4.118
-4.891	4.084
-4.856	4.043
-4.662	3.816
-4.350	3.367
-4.056	3.138
-3.953	3.058
-3.838	2.994
-3.732	2.917
-3.683	2.881
-3.663	2.820
-3.613	2.784
-3.475	2.683
-3.395	2.785
-3.273	2.870
POLYLINE BLACK
-3.178	2.827
-2.956	2.864
-2.837	2.896
-2.637	2.811
-2.563	2.780
-2.491	2.742
-2.423	2.698
-2.304	2.620
-2.200	2.520
-2.079	2.445
-1.976	2.382
-1.863	2.339
-1.755	2.286
POLYLINE BLACK
-12.615	5.304
-12.746	5.423
-12.841	5.514
-13.009	5.549
-13.162	5.581
-13.298	5.541
-13.459	5.534
-13.485	5.532
-13.512	5.536
-13.538	5.542
-13.654	5.571
-13.767	5.614
-13.884	5.639
-13.989	5.661
-14.095	5.672
-14.201	5.683
-14.260	5.689
-14.471	5.683
-14.566	5.723
-14.795	5.818
-15.037	5.905
-15.233	6.064
-15.284	6.106
-15.331	6.154
-15.373	6.204
-15.578	6.449
-15.767	6.640
-15.834	6.946
-15.856	7.049
-15.864	7.170
-15.827	7.271
-15.786	7.383
-15.739	7.411
-15.646	7.497
POLYLINE BLACK
-8.635	7.452
-8.672	7.492
-8.706	7.534
-8.746	7.570
-8.895	7.705
-9.176	7.761
-9.338	7.794
-10.667	8.067
-9.926	7.849
-10.329	7.970
POLYLINE BLACK
-9.968	8.130
-9.602	8.016
POLYLINE BLACK
-9.613	7.999
-9.613	7.999
POLYLINE BLACK
-9.613	7.968
-9.613	7.974
POLYLINE BLACK
-14.217	7.952
-14.271	7.994
-14.334	8.038
-14.356	8.107
-14.358	8.113
-14.355	8.120
-14.354	8.127
-14.351	8.149
-14.347	8.172
-14.344	8.194
POLYLINE BLACK
-14.338	8.234
-14.329	8.237
POLYLINE BLACK
-9.518	7.765
-9.438	7.730
-9.361	7.688
-9.278	7.660
-9.122	7.607
-8.882	7.592
-8.731	7.674
-8.726	7.677
-8.726	7.689
-8.731	7.694
-8.741	7.701
-8.755	7.701
-8.767	7.703
-8.794	7.708
-8.821	7.711
-8.847	7.715
POLYLINE BLACK
-8.873	7.814
-8.898	7.839
-8.925	7.862
-8.948	7.889
-9.016	7.967
-9.014	8.113
-9.024	8.202
POLYLINE BLACK
-8.886	7.851
-8.918	7.906
-8.950	7.962
-8.982	8.017
-9.005	8.070
-9.022	8.127
-9.053	8.177
-9.109	8.271
-9.178	8.357
-9.241	8.447
POLYLINE BLACK
-9.108	8.383
-9.145	8.412
-9.185	8.437
-9.219	8.469
-9.404	8.646
-9.565	8.846
-9.757	9.016
POLYLINE BLACK
-9.567	8.867
-9.599	8.905
-9.627	8.948
-9.664	8.981
-9.778	9.083
-9.955	9.202
-10.119	9.166
-10.233	9.141
-10.263	9.108
-10.380	9.040
POLYLINE BLACK
-10.218	9.016
-10.525	8.890
-10.271	9.004
-10.684	8.769
-10.708	8.756
-10.734	8.748
-10.758	8.736
-10.798	8.715
-10.837	8.692
-10.876	8.670
POLYLINE BLACK
-10.690	8.710
-11.151	8.571
-10.398	8.807
-11.350	8.423
-11.446	8.384
-11.547	8.362
-11.647	8.340
-11.714	8.325
-11.790	8.324
-11.859	8.336
-11.907	8.344
-11.960	8.375
-12.000	8.393
POLYLINE BLACK
-11.780	8.427
-12.042	8.356
-12.198	8.294
-12.463	8.286
-13.108	8.296
-12.858	8.303
-13.213	8.289
POLYLINE BLACK
-13.030	8.355
-13.139	8.365
-13.248	8.395
-13.357	8.384
-13.767	8.343
-14.170	8.257
-14.578	8.198
-14.705	8.180
-14.788	8.310
-14.905	8.335
-14.918	8.337
-14.932	8.341
-14.945	8.339
-15.236	8.296
-15.527	8.247
-15.818	8.202
POLYLINE BLACK
-15.636	8.210
-15.653	8.229
-15.669	8.240
-15.679	8.262
-15.715	8.341
-15.686	8.441
-15.665	8.519
POLYLINE BLACK
-15.664	8.353
-15.638	8.418
-15.613	8.483
-15.587	8.548
-15.569	8.589
-15.543	8.628
-15.533	8.671
-15.503	8.794
-15.490	8.921
-15.468	9.046
POLYLINE BLACK
-15.500	9.065
-15.429	9.318
-15.464	9.166
-15.427	9.624
-15.422	9.689
-15.424	9.755
-15.416	9.819
-15.410	9.870
-15.399	9.920
-15.383	9.968
-15.289	10.248
-15.173	10.521
-15.084	10.803
-15.032	10.967
-15.002	11.138
-14.961	11.306
-14.944	11.372
-14.923	11.438
-14.910	11.505
-14.906	11.525
-14.880	11.664
-14.885	11.729
-14.890	11.788
-14.976	11.796
-15.013	11.764
-15.055	11.726
-15.063	11.715
-15.092	11.668
-15.144	11.588
-15.204	11.512
-15.246	11.427
-15.365	11.187
-15.480	10.946
-15.575	10.696
-15.670	10.444
-15.722	10.127
-15.783	9.859
-15.818	9.708
-15.977	9.199
-15.979	8.911
-15.979	8.834
-15.967	8.758
-15.966	8.681
-15.965	8.579
-16.019	8.502
-16.055	8.411
-16.068	8.378
-16.073	8.322
-16.072	8.289
-16.068	8.203
-16.063	8.116
-16.054	8.030
-16.052	8.012
-16.046	7.994
-16.039	7.977
-15.987	7.851
-15.933	7.726
-15.876	7.601
-15.867	7.583
-15.856	7.567
-15.843	7.551
-15.832	7.537
-15.819	7.523
-15.805	7.512
-15.734	7.451
-15.662	7.393
-15.590	7.333
POLYLINE BLACK
-14.790	8.093
-14.940	7.672
-14.944	7.727
-15.008	7.255
-15.029	7.104
-15.013	6.941
-14.950	6.802
-14.862	6.606
-14.715	6.478
-14.541	6.355
-14.485	6.316
-14.329	6.247
-14.258	6.240
-13.937	6.207
-13.613	6.204
-13.292	6.171
-13.216	6.163
-13.141	6.146
-13.070	6.118
-12.891	6.046
-12.717	5.960
-12.545	5.871
-12.333	5.761
-12.131	5.634
-11.921	5.521
-11.894	5.506
-11.863	5.496
-11.833	5.488
-11.701	5.453
-11.624	5.479
-11.492	5.488
-11.425	5.493
-11.357	5.493
-11.290	5.495
POLYLINE BLACK
-3.050	3.230
-3.050	3.230
POLYLINE BLACK
-14.210	-4.340
-14.290	-4.370
POLYLINE BLACK
-3.960	0.157
-3.927	0.145
-3.895	0.131
-3.861	0.122
-3.835	0.116
-3.809	0.111
-3.783	0.112
-3.610	0.119
-3.505	0.116
-3.360	0.166
-3.324	0.178
-3.290	0.195
-3.256	0.209
POLYLINE BLACK
-3.914	0.548
-4.031	0.522
-4.164	0.484
-4.215	0.363
-4.288	0.190
-4.275	-0.042
-4.168	-0.200
-4.038	-0.393
-3.800	-0.469
-3.580	-0.396
-3.532	-0.380
-3.465	-0.351
-3.423	-0.316
-3.322	-0.231
-3.232	-0.067
-3.185	0.026
-3.097	0.198
-3.040	0.386
-3.132	0.563
-3.165	0.626
-3.221	0.662
-3.287	0.683
-3.493	0.748
-3.744	0.638
-3.936	0.570

ELEVATION
STATIONS
0.000	0.000	0
-3.772	3.815	1
-10.328	12.576	2
-15.989	17.217	3
-15.013	18.250	4
6.260	-5.240	0.1
13.202	-11.592	0.2
SHOTS
0.000	0.000	-3.772	3.815
-3.772	3.815	-5.334	3.401
-3.772	3.815	-6.649	4.096
-3.772	3.815	-7.372	4.184
-3.772	3.815	-1.979	3.098
-3.772	3.815	-2.303	3.500
-3.772	3.815	-2.275	3.763
-3.772	3.815	-6.086	4.357
-3.772	3.815	-6.104	10.473
-3.772	3.815	-5.236	-4.618
-3.772	3.815	-6.712	-0.973
-3.772	3.815	-6.145	-1.318
-3.772	3.815	-6.962	0.049
-3.772	3.815	-3.702	3.478
-3.772	3.815	-2.426	-0.851
-3.772	3.815	4.343	-2.370
-3.772	3.815	4.514	-0.922
-3.772	3.815	-4.837	1.176
-3.772	3.815	-4.470	4.789
-3.772	3.815	-10.328	12.576
-10.328	12.576	-11.088	12.759
-10.328	12.576	-10.020	12.212
-10.328	12.576	-12.559	13.336
-10.328	12.576	-8.880	12.197
-10.328	12.576	-11.723	15.682
-10.328	12.576	-6.601	7.211
-10.328	12.576	-12.792	14.587
-10.328	12.576	-16.029	17.211
-10.328	12.576	-16.029	17.209
-10.328	12.576	-13.635	15.278
-10.328	12.576	-15.715	16.882
-10.328	12.576	-15.923	16.832
-10.328	12.576	-15.242	16.071
-10.328	12.576	-14.900	15.515
-10.328	12.576	-14.727	15.146
-10.328	12.576	-13.761	14.376
-10.328	12.576	-12.501	13.578
-10.328	12.576	-14.964	15.752
-10.328	12.576	-14.816	15.337
-10.328	12.576	-14.215	14.546
-10.328	12.576	-13.689	13.939
-10.328	12.576	-13.539	13.586
-10.328	12.576	-12.204	13.007
-10.328	12.576	-11.823	12.306
-10.328	12.576	-10.076	12.254
-10.328	12.576	-10.665	12.441
-10.328	12.576	-11.247	12.600
-10.328	12.576	-9.305	11.598
-10.328	12.576	-8.951	11.268
-10.328	12.576	-9.268	13.624
-10.328	12.576	-15.989	17.217
-15.989	17.217	-16.035	17.190
-15.989	17.217	-15.612	17.208
-15.989	17.217	-15.013	18.250
0.000	0.000	6.260	-5.240
6.260	-5.240	1.008	0.553
6.260	-5.240	13.202	-11.592

