TRIP
DATE 2005-07-01 
DECLINATION     0.00
DATA
1.0	1.1	204.76	68.86	6.615	>
1.1		101.20	-6.61	1.208	>
1.1		56.64	-6.97	1.706	>
1.1		291.53	-4.06	1.440	>
1.1		265.40	19.97	1.473	>
1.1		6.73	80.55	1.767	>
1.1		83.95	-82.75	8.267	>
1.1		12.95	75.05	3.357	>
1.1		13.51	75.34	3.348	>
1.1	1.2	349.19	75.86	3.384	>
1.2		106.97	-6.36	0.262	>
1.2		172.68	6.42	0.537	>
1.2	1.3	224.29	35.87	3.296	>
1.3		155.19	-82.99	1.074	>
1.3		39.52	-43.85	1.582	>
1.3		80.94	-10.43	0.801	>
1.3		214.90	-17.89	0.729	>
1.3		279.07	-3.44	0.483	>
1.3		168.39	-27.50	1.098	>
1.3		123.44	-12.28	3.376	>
1.3		137.99	-12.60	4.805	>
1.3		161.23	-7.02	3.124	>
1.3		146.95	-32.73	5.434	>
1.3		142.34	44.55	6.302	>
1.3		142.42	44.61	6.264	>
1.3	1.4	142.40	44.53	6.307	>
1.4		330.91	-14.89	1.198	>
1.4		34.38	-0.79	0.948	>
1.4		65.52	-1.82	1.982	>
1.4		71.60	-0.81	1.489	>
1.4		306.54	-7.76	1.178	>
1.4		288.61	-55.48	0.924	>
1.4		286.06	84.87	6.667	>
1.4		293.82	75.23	3.846	>
1.4		272.67	80.64	5.670	>
1.4		263.63	81.10	3.666	>
1.4		282.80	83.99	6.340	>
1.4	1.5	252.17	-8.00	2.494	>
1.5		120.42	-7.66	1.066	>
1.5		143.85	-8.49	2.221	>
1.5		163.90	-7.53	3.044	>
1.5		169.34	-10.49	5.613	>
1.5		169.82	-9.32	4.219	>
1.5		169.32	-6.03	1.400	>
1.5		123.01	-83.18	10.868	>
1.5		237.75	86.57	7.176	>
1.5		164.25	-62.78	11.404	>
1.5		135.72	-66.02	11.152	>
1.5		175.74	-72.62	10.913	>
1.5	1.6	288.65	78.13	6.961	>
1.6		66.21	1.19	0.674	>
1.6		105.81	-1.92	1.642	>
1.6		157.42	-2.29	1.475	>
1.6		294.81	-7.13	0.500	>
1.6		328.78	-4.64	1.459	>
1.6		329.44	-6.73	1.545	>
1.6		57.50	-6.28	0.549	>
1.6	1.7	1.59	35.79	1.376	>
1.7		150.66	20.30	0.994	>
1.7		191.04	10.25	1.046	>
1.7		196.98	76.18	0.574	>
1.7		191.38	74.24	2.948	>
1.7		90.67	-74.11	2.824	>
1.7		127.31	-79.12	4.816	>
1.7	1.8	115.38	18.37	1.364	>
1.8		356.19	-10.67	0.367	>
1.8		55.71	-80.47	0.804	>
1.8		45.00	-89.76	0.689	>
1.8		25.58	85.56	3.353	>
1.8	1.9	31.90	6.89	1.201	>
1.9		172.41	-68.50	0.785	>
1.9		182.86	-1.82	0.662	>
1.9		166.83	84.31	3.718	>
1.9	1.10	130.58	12.10	1.550	>
1.10		6.45	-0.25	0.231	>
1.10		60.95	-85.54	0.397	>
1.10		126.30	88.30	4.100	>
1.10	1.11	84.31	27.88	2.532	>
1.11		167.72	-3.70	0.372	>
1.11		41.07	84.05	3.686	>
1.11		32.94	-81.32	1.121	>
1.11		295.47	-82.94	2.289	>
1.11	1.12	93.15	40.27	2.149	>
1.12		351.00	-3.77	0.365	>
1.12		142.24	-81.99	1.208	>
1.12		57.41	83.45	3.547	>
1.12		341.66	-0.30	0.388	>
1.12		174.60	-83.75	1.366	>
1.12		40.19	86.16	3.398	>
1.12		165.00	-4.44	0.233	>
1.12		110.70	-80.47	1.401	>
1.12		125.24	86.93	2.106	>
1.12		133.59	-82.08	4.390	>
1.12		57.61	11.91	3.257	>
1.12		56.83	11.93	3.260	>
1.12		74.63	12.02	3.274	>
1.12	1.13	72.60	11.98	3.258	>
1.13		3.04	-11.29	0.327	>
1.13		111.95	-79.60	1.571	>
1.13		54.46	87.05	0.668	>
1.13		71.19	17.78	2.495	>
1.13		71.54	18.07	2.598	>
1.13		71.79	17.37	2.522	>
1.13		71.67	17.37	2.506	>
1.13		71.93	16.78	2.623	>
1.13	1.14	72.03	17.32	2.570	>
1.14		163.65	5.50	0.271	>
1.14		76.01	80.49	1.677	>
1.14		93.64	-76.48	2.833	>
1.14	1.15	85.34	5.57	2.101	>
1.15		195.46	8.39	0.425	>
1.15		140.42	-77.13	2.016	>
1.15		72.58	81.26	2.000	>
1.15	1.16	135.58	18.43	5.459	>
1.16		26.93	17.16	0.363	>
1.16		306.78	12.86	0.629	>
1.16		300.38	5.70	2.711	>
1.16		293.10	9.22	1.929	>
1.16		268.07	9.16	0.691	>
1.16		268.24	22.08	0.596	>
1.16		311.58	-53.79	2.204	>
1.16		0.00	-85.82	1.947	>
1.16		85.13	83.11	1.473	>
1.16	1.17	109.20	17.84	4.073	>
TRIP
DATE 2005-07-02 
DECLINATION     0.00
DATA
1.17		270.00	-7.38	0.475	>
1.17		201.61	-78.63	1.157	>
1.17		170.87	86.19	0.854	>
1.17		358.88	-37.32	0.901	>
1.17		309.52	12.16	0.712	>
1.17		210.33	12.55	0.635	>
1.17	1.18	212.38	13.03	0.634	>
1.18		119.28	9.38	3.392	>
1.18	1.19	119.82	9.51	3.365	>
1.19	1.20	131.67	-49.58	0.357	>
1.20	1.21	233.49	9.08	2.788	>
1.21		71.28	-76.59	1.102	>
1.21		87.52	-19.69	0.614	>
1.21		87.49	79.38	0.744	>
1.21	1.22	153.36	10.67	1.448	>
1.22	1.23	82.20	24.41	1.812	>
1.23		191.77	-3.79	0.363	>
1.23		179.41	76.59	0.418	>
1.23		195.51	-78.00	1.548	>
1.23		160.44	5.83	1.931	>
1.23	1.24	160.46	5.61	1.863	>
1.24	1.25	222.82	-10.02	1.058	>
1.25		75.58	1.37	0.542	>
1.25		110.12	-67.83	0.686	>
1.25		80.03	65.27	1.022	>
1.25	1.26	96.85	16.13	1.929	>
1.26		167.72	-3.17	0.452	>
1.26	1.27	173.62	17.39	4.490	>
TRIP
DATE 2005-07-01 
DECLINATION     0.00
DATA
1.0		69.51	-23.65	1.167	>
1.0	1.28	66.22	-24.32	1.151	>
1.28		295.69	-5.71	0.503	>
1.28		293.11	-86.96	1.536	>
1.28		320.33	82.89	0.861	>
1.28		345.77	4.87	0.918	>
1.28	1.29	18.08	-28.32	0.930	>
1.29		162.62	-1.67	0.378	>
1.29		127.48	-4.91	0.607	>
1.29		98.33	82.94	1.012	>
1.29		90.00	-89.17	1.248	>
1.29	1.30	58.81	21.95	0.760	>
1.30		268.19	4.15	0.318	>
1.30		319.60	-34.11	0.373	>
1.30		315.13	64.34	0.733	>
1.30		311.68	-76.46	1.407	>
1.30	1.31	20.14	7.03	0.866	>
1.31		258.99	5.83	0.226	>
1.31		292.62	85.34	0.320	>
1.31		219.29	-85.23	1.538	>
1.31	1.32	313.34	-21.15	0.576	>
1.32		265.64	-5.15	0.501	>
1.32		185.22	8.92	0.245	>
1.32		118.75	1.56	0.516	>
1.32		180.00	87.60	0.358	>
1.32		234.04	-87.15	1.266	>
1.32	1.33	319.56	-12.22	0.846	>
1.33		91.64	2.05	0.279	>
1.33		46.88	-5.71	0.432	>
1.33		34.78	82.00	0.315	>
1.33		54.34	-86.84	1.027	>
1.33	1.34	340.26	-8.30	2.197	>
1.34		143.82	8.89	0.518	>
1.34		125.54	81.48	0.290	>
1.34		116.42	-63.63	1.154	>
1.34		130.80	5.24	0.504	>
1.34	1.35	34.74	7.66	0.705	>
1.35		254.05	-4.28	0.402	>
1.35		311.01	-16.05	0.412	>
1.35		341.78	-9.96	0.422	>
1.35		0.00	84.19	0.178	>
1.35		134.30	-82.39	1.320	>
1.35	1.36	42.17	-10.48	2.154	>
1.36		151.44	22.72	0.528	>
1.36		182.46	-1.85	0.466	>
1.36		228.13	-14.34	0.509	>
1.36		72.78	81.64	0.511	>
1.36		175.49	-80.44	0.918	>
1.36		59.75	6.95	1.396	>
1.36	1.37	71.12	7.13	3.239	>
1.37		3.58	-1.36	0.465	>
1.37		70.25	80.73	0.257	>
1.37		349.97	-85.01	1.519	>
1.37	1.38	81.89	-9.80	1.087	>
1.38		196.62	9.68	0.202	>
1.38		244.60	-76.74	1.057	>
1.38		108.61	-77.74	0.487	>
1.38		112.48	-75.68	1.702	>
1.38		96.62	80.19	0.662	>
1.38	1.39	96.52	-15.64	1.161	>
1.39		345.55	-0.99	0.232	>
1.39		265.83	83.77	0.887	>
1.39		180.00	-86.74	1.743	>
1.39		311.71	-73.65	2.055	>
1.39	1.40	42.43	-44.82	2.200	>
1.40		109.58	72.90	2.365	>
1.40		98.04	-72.73	2.238	>
1.40		240.14	-71.47	1.005	>
1.40		185.65	5.89	0.644	>
1.40		185.60	43.09	1.375	>
1.40		203.08	3.59	0.575	>
1.40		197.11	77.73	1.806	>
1.40		178.73	72.30	1.935	>
1.40	1.41	58.87	-12.41	1.917	>
1.40		98.08	-15.58	1.455	>
1.40		139.37	-21.27	2.253	>
1.40		122.00	-20.91	2.006	>
1.40	1.42	160.47	-19.32	2.868	>
1.42		270.71	0.00	0.323	>
1.42		318.31	3.95	1.117	>
1.42		317.02	-88.29	2.016	>
1.42		309.86	80.21	3.669	>
1.42	1.43	217.77	-26.66	3.804	>
1.43		340.01	15.56	1.245	>
1.43		319.28	10.94	1.475	>
1.43		305.90	10.34	1.727	>
1.43		288.28	11.84	2.169	>
1.43		278.14	12.74	2.584	>
1.43		275.52	15.07	0.700	>
1.43		254.97	6.86	0.536	>
1.43		63.43	1.54	0.298	>
1.43		30.59	1.81	1.046	>
1.43		216.64	-83.68	1.370	>
1.43		264.49	79.63	6.020	>
1.43		238.31	85.00	3.274	>
1.43		275.24	-20.63	1.930	>
1.43		274.96	-24.16	1.940	>
1.43		276.09	-35.13	2.191	>
1.43		348.57	12.52	1.246	>
1.43		355.12	8.72	1.332	>
1.43		15.99	0.53	2.716	>
1.43		10.59	1.46	3.325	>
1.41		287.93	1.60	0.790	>
1.41		272.07	80.55	2.024	>
1.41		168.69	-89.67	1.756	>
1.41		10.30	-89.04	0.670	>
1.41	1.44	346.93	-7.79	1.143	>
1.44		32.35	1.09	0.368	>
1.44		71.95	-14.52	0.487	>
1.44		321.41	-5.13	0.604	>
1.44		197.58	83.14	2.133	>
1.44		307.92	-83.88	3.172	>
1.44	1.45	294.82	11.65	1.272	>
1.45		125.42	4.16	0.469	>
1.45		57.09	-4.84	0.451	>
1.45		340.10	82.51	1.420	>
1.45		92.87	-83.48	2.461	>
1.45		323.80	-10.03	0.746	>
1.45	1.46	321.61	-9.69	0.766	>
1.46		284.74	-9.53	0.199	>
1.46		57.80	-86.08	2.332	>
1.46		28.37	87.66	1.393	>
1.46	1.47	339.71	-18.65	0.794	>
1.47		206.32	-5.07	0.419	>
1.47		54.06	-85.71	2.641	>
1.47		136.48	76.84	1.563	>
1.47	1.48	270.00	-4.66	0.898	>
1.48		89.75	0.99	0.461	>
1.48		118.84	81.59	1.390	>
1.48		97.37	-86.18	2.571	>
1.48		287.12	-82.58	14.609	>

PLAN
STATIONS
0.000	0.000	1.0
-0.999	-2.166	1.1
-1.154	-1.354	1.2
-3.019	-3.266	1.3
-0.276	-6.828	1.4
-2.627	-7.584	1.5
-3.984	-7.126	1.6
-3.953	-6.010	1.7
-2.783	-6.565	1.8
-2.153	-5.553	1.9
-1.002	-6.539	1.10
1.225	-6.317	1.11
2.862	-6.407	1.12
5.903	-5.454	1.13
8.237	-4.697	1.14
10.321	-4.527	1.15
13.946	-8.226	1.16
17.607	-9.501	1.17
17.276	-10.023	1.18
20.155	-11.673	1.19
20.328	-11.827	1.20
18.115	-13.465	1.21
18.753	-14.737	1.22
20.388	-14.513	1.23
21.008	-16.260	1.24
20.300	-17.024	1.25
22.140	-17.245	1.26
22.616	-21.503	1.27
0.960	0.423	1.28
1.214	1.201	1.29
1.817	1.566	1.30
2.113	2.373	1.31
1.722	2.742	1.32
1.186	3.371	1.33
0.452	5.417	1.34
0.850	5.991	1.35
2.272	7.561	1.36
5.313	8.601	1.37
6.373	8.752	1.38
7.484	8.625	1.39
8.537	9.777	1.40
10.140	10.745	1.41
9.442	7.226	1.42
7.360	4.539	1.43
9.884	11.848	1.44
8.753	12.371	1.45
8.284	12.963	1.46
8.023	13.669	1.47
7.128	13.669	1.48
SHOTS
8.023	13.669	7.128	13.669
7.128	13.669	7.589	13.671
7.128	13.669	7.306	13.571
7.128	13.669	7.298	13.647
7.128	13.669	5.326	14.224
8.284	12.963	8.023	13.669
8.023	13.669	7.838	13.295
8.023	13.669	8.183	13.785
8.023	13.669	8.268	13.411
8.753	12.371	8.284	12.963
8.284	12.963	8.094	13.013
8.284	12.963	8.419	13.048
8.284	12.963	8.311	13.013
9.884	11.848	8.753	12.371
8.753	12.371	9.134	12.100
8.753	12.371	9.130	12.615
8.753	12.371	8.690	12.545
8.753	12.371	9.032	12.357
8.753	12.371	8.319	12.964
10.140	10.745	9.884	11.848
9.884	11.848	10.081	12.159
9.884	11.848	10.332	11.994
9.884	11.848	9.509	12.318
9.884	11.848	9.807	11.605
9.884	11.848	9.617	12.056
9.442	7.226	7.360	4.539
7.360	4.539	6.950	5.666
7.360	4.539	6.415	5.637
7.360	4.539	5.984	5.535
7.360	4.539	5.344	5.205
7.360	4.539	4.865	4.896
7.360	4.539	6.687	4.604
7.360	4.539	6.846	4.401
7.360	4.539	7.626	4.672
7.360	4.539	7.892	5.439
7.360	4.539	7.270	4.418
7.360	4.539	6.281	4.435
7.360	4.539	7.117	4.389
7.360	4.539	5.561	4.704
7.360	4.539	5.597	4.692
7.360	4.539	5.578	4.729
7.360	4.539	7.119	5.731
7.360	4.539	7.248	5.851
7.360	4.539	8.108	7.150
7.360	4.539	7.971	7.806
8.537	9.777	9.442	7.226
9.442	7.226	9.119	7.230
9.442	7.226	8.701	8.058
9.442	7.226	9.401	7.270
9.442	7.226	8.963	7.626
8.537	9.777	10.140	10.745
10.140	10.745	9.389	10.988
10.140	10.745	9.808	10.757
10.140	10.745	10.142	10.735
10.140	10.745	10.142	10.756
7.484	8.625	8.537	9.777
8.537	9.777	9.192	9.544
8.537	9.777	9.195	9.684
8.537	9.777	8.260	9.618
8.537	9.777	8.474	9.140
8.537	9.777	8.439	8.778
8.537	9.777	8.312	9.249
8.537	9.777	8.424	9.410
8.537	9.777	8.550	9.189
8.537	9.777	9.925	9.580
8.537	9.777	9.904	8.184
8.537	9.777	10.126	8.784
6.373	8.752	7.484	8.625
7.484	8.625	7.426	8.850
7.484	8.625	7.388	8.618
7.484	8.625	7.484	8.526
7.484	8.625	7.052	9.010
5.313	8.601	6.373	8.752
6.373	8.752	6.316	8.561
6.373	8.752	6.154	8.648
6.373	8.752	6.471	8.719
6.373	8.752	6.762	8.591
6.373	8.752	6.485	8.739
2.272	7.561	5.313	8.601
5.313	8.601	5.342	9.065
5.313	8.601	5.352	8.615
5.313	8.601	5.290	8.731
0.850	5.991	2.272	7.561
2.272	7.561	2.505	7.133
2.272	7.561	2.252	7.096
2.272	7.561	1.905	7.232
2.272	7.561	2.343	7.583
2.272	7.561	2.284	7.409
2.272	7.561	3.469	8.259
0.452	5.417	0.850	5.991
0.850	5.991	0.465	5.881
0.850	5.991	0.551	6.251
0.850	5.991	0.720	6.386
0.850	5.991	0.850	6.009
0.850	5.991	0.975	5.869
1.186	3.371	0.452	5.417
0.452	5.417	0.754	5.004
0.452	5.417	0.487	5.392
0.452	5.417	0.911	5.189
0.452	5.417	0.832	5.089
1.722	2.742	1.186	3.371
1.186	3.371	1.465	3.363
1.186	3.371	1.500	3.665
1.186	3.371	1.211	3.407
1.186	3.371	1.232	3.404
2.113	2.373	1.722	2.742
1.722	2.742	1.224	2.704
1.722	2.742	1.700	2.501
1.722	2.742	2.174	2.494
1.722	2.742	1.722	2.727
1.722	2.742	1.671	2.705
1.817	1.566	2.113	2.373
2.113	2.373	1.892	2.330
2.113	2.373	2.089	2.383
2.113	2.373	2.032	2.274
1.214	1.201	1.817	1.566
1.817	1.566	1.500	1.556
1.817	1.566	1.617	1.801
1.817	1.566	1.593	1.791
1.817	1.566	1.571	1.785
0.960	0.423	1.214	1.201
1.214	1.201	1.327	0.840
1.214	1.201	1.694	0.833
1.214	1.201	1.337	1.183
1.214	1.201	1.232	1.201
0.000	0.000	0.960	0.423
0.960	0.423	0.509	0.640
0.960	0.423	0.885	0.455
0.960	0.423	0.892	0.505
0.960	0.423	0.735	1.310
22.140	-17.245	22.616	-21.503
20.300	-17.024	22.140	-17.245
22.140	-17.245	22.236	-17.686
21.008	-16.260	20.300	-17.024
20.300	-17.024	20.825	-16.889
20.300	-17.024	20.543	-17.113
20.300	-17.024	20.721	-16.950
20.388	-14.513	21.008	-16.260
18.753	-14.737	20.388	-14.513
20.388	-14.513	20.314	-14.868
20.388	-14.513	20.389	-14.610
20.388	-14.513	20.302	-14.823
20.388	-14.513	21.031	-16.323
18.115	-13.465	18.753	-14.737
20.328	-11.827	18.115	-13.465
18.115	-13.465	18.357	-13.383
18.115	-13.465	18.693	-13.440
18.115	-13.465	18.252	-13.459
20.155	-11.673	20.328	-11.827
17.276	-10.023	20.155	-11.673
17.607	-9.501	17.276	-10.023
17.276	-10.023	20.195	-11.660
13.946	-8.226	17.607	-9.501
17.607	-9.501	17.136	-9.501
17.607	-9.501	17.523	-9.713
17.607	-9.501	17.616	-9.557
17.607	-9.501	17.593	-8.785
17.607	-9.501	17.070	-9.058
17.607	-9.501	17.294	-10.036
10.321	-4.527	13.946	-8.226
13.946	-8.226	14.103	-7.917
13.946	-8.226	13.455	-7.859
13.946	-8.226	11.619	-6.862
13.946	-8.226	12.195	-7.479
13.946	-8.226	13.264	-8.249
13.946	-8.226	13.394	-8.243
13.946	-8.226	12.972	-7.362
13.946	-8.226	13.946	-8.084
13.946	-8.226	14.122	-8.211
8.237	-4.697	10.321	-4.527
10.321	-4.527	10.209	-4.932
10.321	-4.527	10.607	-4.873
10.321	-4.527	10.611	-4.436
5.903	-5.454	8.237	-4.697
8.237	-4.697	8.313	-4.956
8.237	-4.697	8.506	-4.630
8.237	-4.697	8.898	-4.739
2.862	-6.407	5.903	-5.454
5.903	-5.454	5.920	-5.134
5.903	-5.454	6.166	-5.560
5.903	-5.454	5.931	-5.434
5.903	-5.454	8.152	-4.688
5.903	-5.454	8.246	-4.672
5.903	-5.454	8.189	-4.702
5.903	-5.454	8.173	-4.702
5.903	-5.454	8.290	-4.675
1.225	-6.317	2.862	-6.407
2.862	-6.407	2.805	-6.047
2.862	-6.407	2.965	-6.540
2.862	-6.407	3.203	-6.189
2.862	-6.407	2.740	-6.039
2.862	-6.407	2.876	-6.555
2.862	-6.407	3.009	-6.233
2.862	-6.407	2.922	-6.631
2.862	-6.407	3.079	-6.489
2.862	-6.407	2.954	-6.472
2.862	-6.407	3.300	-6.824
2.862	-6.407	5.553	-4.700
2.862	-6.407	5.532	-4.662
2.862	-6.407	5.950	-5.558
-1.002	-6.539	1.225	-6.317
1.225	-6.317	1.304	-6.680
1.225	-6.317	1.476	-6.029
1.225	-6.317	1.317	-6.175
1.225	-6.317	0.971	-6.196
-2.153	-5.553	-1.002	-6.539
-1.002	-6.539	-0.976	-6.309
-1.002	-6.539	-0.975	-6.524
-1.002	-6.539	-0.904	-6.611
-2.783	-6.565	-2.153	-5.553
-2.153	-5.553	-2.115	-5.838
-2.153	-5.553	-2.186	-6.214
-2.153	-5.553	-2.069	-5.912
-3.953	-6.010	-2.783	-6.565
-2.783	-6.565	-2.807	-6.205
-2.783	-6.565	-2.673	-6.490
-2.783	-6.565	-2.781	-6.563
-2.783	-6.565	-2.671	-6.331
-3.984	-7.126	-3.953	-6.010
-3.953	-6.010	-3.496	-6.823
-3.953	-6.010	-4.150	-7.020
-3.953	-6.010	-3.993	-6.141
-3.953	-6.010	-4.111	-6.795
-3.953	-6.010	-3.180	-6.019
-3.953	-6.010	-3.230	-6.561
-2.627	-7.584	-3.984	-7.126
-3.984	-7.126	-3.367	-6.854
-3.984	-7.126	-2.405	-7.573
-3.984	-7.126	-3.418	-8.487
-3.984	-7.126	-4.434	-6.918
-3.984	-7.126	-4.738	-5.882
-3.984	-7.126	-4.764	-5.805
-3.984	-7.126	-3.524	-6.833
-0.276	-6.828	-2.627	-7.584
-2.627	-7.584	-1.716	-8.119
-2.627	-7.584	-1.331	-9.358
-2.627	-7.584	-1.790	-10.483
-2.627	-7.584	-1.606	-13.008
-2.627	-7.584	-1.891	-11.682
-2.627	-7.584	-2.369	-8.952
-2.627	-7.584	-1.545	-8.287
-2.627	-7.584	-2.990	-7.813
-2.627	-7.584	-1.211	-12.604
-2.627	-7.584	0.537	-10.829
-2.627	-7.584	-2.385	-10.834
-3.019	-3.266	-0.276	-6.828
-0.276	-6.828	-0.839	-5.816
-0.276	-6.828	0.259	-6.046
-0.276	-6.828	1.527	-6.007
-0.276	-6.828	1.137	-6.358
-0.276	-6.828	-1.214	-6.133
-0.276	-6.828	-0.772	-6.661
-0.276	-6.828	-0.849	-6.663
-0.276	-6.828	-1.173	-6.432
-0.276	-6.828	-1.197	-6.785
-0.276	-6.828	-0.840	-6.891
-0.276	-6.828	-0.923	-6.681
-1.154	-1.354	-3.019	-3.266
-3.019	-3.266	-2.964	-3.385
-3.019	-3.266	-2.293	-2.386
-3.019	-3.266	-2.241	-3.142
-3.019	-3.266	-3.416	-3.835
-3.019	-3.266	-3.495	-3.190
-3.019	-3.266	-2.823	-4.220
-3.019	-3.266	-0.266	-5.084
-3.019	-3.266	0.119	-6.750
-3.019	-3.266	-2.021	-6.202
-3.019	-3.266	-0.526	-7.098
-3.019	-3.266	-0.275	-6.822
-3.019	-3.266	-0.299	-6.800
-0.999	-2.166	-1.154	-1.354
-1.154	-1.354	-0.905	-1.430
-1.154	-1.354	-1.086	-1.883
0.000	0.000	-0.999	-2.166
-0.999	-2.166	0.178	-2.399
-0.999	-2.166	0.415	-1.235
-0.999	-2.166	-2.335	-1.639
-0.999	-2.166	-2.379	-2.277
-0.999	-2.166	-0.965	-1.878
-0.999	-2.166	0.039	-2.056
-0.999	-2.166	-0.805	-1.322
-0.999	-2.166	-0.801	-1.342
0.000	0.000	1.001	0.374
POLYLINE BLACK
11.510	10.340
11.510	10.380
11.510	10.380
11.510	10.300
11.470	10.260
POLYLINE BLACK
11.510	10.340
POLYLINE BLACK
11.310	10.440
11.350	10.440
POLYLINE BLACK
9.910	10.720
9.970	10.580
10.050	10.640
10.030	10.580
10.150	10.700
10.210	10.720
10.550	10.680
10.930	10.480
11.030	10.480
11.230	10.440
11.270	10.460
POLYLINE BLACK
9.990	10.600
9.970	10.560
POLYLINE BLACK
10.490	10.600
10.450	10.600
POLYLINE BLACK
8.070	13.580
8.110	13.540
8.130	13.460
8.270	13.120
8.450	12.960
8.490	12.960
POLYLINE BLACK
7.870	13.340
7.930	13.280
8.010	13.160
8.070	13.060
8.170	12.960
8.210	12.880
POLYLINE BLACK
8.310	13.000
8.390	12.980
8.430	12.940
8.510	12.920
8.570	12.860
8.610	12.860
8.890	12.660
8.910	12.620
8.950	12.620
9.050	12.520
9.150	12.420
POLYLINE BLACK
8.130	13.000
8.370	12.660
8.630	12.420
8.750	12.340
8.830	12.320
8.850	12.280
POLYLINE BLACK
9.670	11.880
9.750	11.800
POLYLINE BLACK
8.790	12.360
8.830	12.280
8.910	12.280
9.030	12.160
9.150	12.040
9.310	12.000
9.470	11.960
9.630	11.920
9.710	11.840
9.790	11.840
POLYLINE BLACK
9.430	12.400
9.430	12.320
9.270	12.360
9.030	12.640
POLYLINE BLACK
9.830	11.800
9.830	11.640
9.550	11.160
9.230	10.840
9.150	10.800
POLYLINE BLACK
9.430	12.360
9.590	12.360
9.670	12.400
9.830	12.360
9.990	12.320
10.230	12.160
10.390	11.840
10.390	11.240
10.270	11.000
10.230	10.840
10.150	10.760
POLYLINE BLACK
9.230	11.040
8.510	9.840
8.350	9.600
POLYLINE BLACK
9.190	11.000
9.190	10.920
POLYLINE BLACK
9.830	9.520
9.870	9.600
9.830	9.800
9.870	9.960
9.870	10.200
9.910	10.360
9.910	10.440
10.030	10.640
POLYLINE BLACK
9.870	9.680
POLYLINE BLACK
10.030	10.720
POLYLINE BLUE
5.390	4.680
5.870	4.720
5.990	4.840
6.070	5.120
6.070	5.200
5.830	5.240
5.550	5.200
5.430	5.040
5.510	4.720
5.710	4.640
5.950	4.880
6.030	5.040
5.910	5.240
5.590	5.240
5.430	5.200
5.310	5.040
5.310	4.800
5.390	4.600
5.510	4.560
5.790	4.640
5.910	4.760
5.950	4.960
5.830	5.080
5.590	5.120
5.390	5.000
5.390	4.800
5.590	4.600
5.750	4.560
5.990	4.800
6.030	5.000
5.830	5.160
5.750	5.120
5.470	5.120
5.390	5.000
5.390	4.840
5.630	4.600
5.750	4.560
5.990	4.840
5.990	5.120
5.670	5.240
5.470	5.000
5.510	4.760
5.590	4.600
5.750	4.520
6.070	4.640
6.150	4.920
5.990	5.160
5.630	5.280
5.470	5.200
5.350	5.000
5.350	4.800
5.470	4.640
5.670	4.680
5.870	4.760
5.990	4.960
5.990	5.160
5.910	5.320
5.750	5.360
5.630	5.320
5.430	4.920
5.470	4.640
5.550	4.560
5.950	4.600
6.150	4.880
6.150	5.040
5.990	5.200
5.750	5.160
5.510	4.800
5.550	4.680
5.710	4.720
5.870	4.880
5.790	4.880
5.670	4.800
5.630	4.640
5.870	4.920
5.710	4.800
POLYLINE BLUE
5.590	5.240
5.590	5.320
5.430	5.240
5.390	5.160
5.470	5.240
5.630	5.280
5.390	5.120
5.590	5.240
5.590	5.160
5.310	4.880
5.670	5.160
5.470	5.040
5.470	5.040
5.630	5.120
5.350	4.760
5.790	5.120
5.550	4.880
5.670	4.920
5.910	5.160
5.550	4.680
5.510	4.680
5.590	4.680
5.990	5.040
5.950	4.960
5.750	4.840
5.630	4.680
5.990	4.920
5.710	4.600
5.990	4.760
6.150	4.800
6.030	4.640
6.110	4.720
6.110	4.880
6.070	5.000
5.830	5.160
5.750	5.160
5.670	5.240
5.510	5.160
5.390	4.960
5.550	4.720
5.710	4.680
5.870	4.840
5.910	5.120
5.750	5.240
5.670	5.240
POLYLINE BLACK
7.990	8.320
7.830	8.160
POLYLINE BLACK
8.350	8.000
8.230	8.000
8.150	7.960
POLYLINE BLACK
8.510	7.720
8.350	7.600
POLYLINE BLACK
8.630	7.440
8.430	7.320
POLYLINE BLACK
8.590	7.040
8.510	7.000
8.270	7.080
POLYLINE BLACK
8.350	6.640
8.270	6.720
POLYLINE BLACK
8.110	6.360
8.070	6.440
POLYLINE BLACK
8.350	6.680
POLYLINE BLACK
8.190	6.480
POLYLINE BLACK
7.070	5.640
7.150	5.640
7.470	5.880
7.550	5.880
7.790	6.040
7.830	6.120
7.910	6.120
8.230	6.360
8.670	6.840
8.910	7.280
8.870	7.520
8.710	7.640
8.630	7.840
8.550	7.840
8.390	8.120
8.110	8.360
7.470	8.720
POLYLINE BLACK
7.910	7.640
7.910	7.760
7.710	8.080
7.670	8.240
7.430	8.560
7.350	8.600
POLYLINE BLACK
7.070	5.680
7.310	5.760
7.430	5.960
7.590	6.080
7.710	6.280
7.950	6.680
8.110	6.920
8.110	7.360
7.950	7.760
POLYLINE BLACK
6.990	5.800
7.070	5.800
POLYLINE BLACK
5.270	5.200
5.430	5.240
5.670	5.400
5.830	5.440
6.230	5.600
6.310	5.560
6.470	5.600
6.630	5.640
6.710	5.600
6.790	5.680
6.870	5.640
7.030	5.680
7.150	5.800
7.230	5.840
POLYLINE BLACK
6.830	5.680
POLYLINE BLACK
5.250	5.200
5.010	5.060
4.930	4.940
4.930	4.840
5.070	4.640
5.170	4.520
POLYLINE BLACK
5.330	5.240
5.150	5.100
5.110	5.100
5.070	5.060
POLYLINE BLACK
5.090	4.700
5.010	4.800
POLYLINE BLACK
5.010	4.740
5.110	4.640
5.210	4.600
5.250	4.560
5.290	4.560
5.370	4.500
5.450	4.480
5.690	4.400
5.970	4.360
6.190	4.360
6.230	4.380
6.310	4.360
6.430	4.380
6.510	4.360
6.630	4.360
6.750	4.400
6.830	4.380
POLYLINE BLACK
6.850	4.360
6.890	4.380
6.970	4.320
7.050	4.340
7.090	4.320
7.170	4.340
7.210	4.380
7.290	4.400
7.450	4.500
POLYLINE BLACK
9.410	7.260
9.410	7.220
9.230	6.920
9.190	6.840
9.130	6.780
8.890	6.380
8.630	6.040
8.610	5.980
8.470	5.840
8.450	5.740
8.270	5.480
8.230	5.480
8.130	5.320
8.070	5.260
8.010	5.200
8.010	5.160
7.850	4.960
7.750	4.800
7.690	4.740
7.630	4.660
7.590	4.660
7.450	4.520
POLYLINE BLACK
8.470	8.760
8.550	8.620
8.590	8.440
8.670	8.140
8.690	8.060
8.750	7.900
8.890	7.700
9.050	7.400
9.070	7.300
9.110	7.180
POLYLINE BLACK
9.790	8.120
9.730	8.000
9.650	7.600
9.510	7.380
9.490	7.300
9.430	7.200
9.410	7.120
POLYLINE BLACK
9.910	9.600
9.990	9.300
10.070	8.920
10.070	8.740
10.010	8.580
9.990	8.480
9.830	8.160
9.810	8.080
POLYLINE GREEN
8.570	9.480
POLYLINE GREEN
8.550	9.500
POLYLINE GREEN
8.530	9.480
8.570	9.480
8.610	9.520
8.690	9.540
8.730	9.560
POLYLINE GREEN
8.750	9.500
POLYLINE GREEN
8.430	9.320
POLYLINE GREEN
8.230	9.220
8.230	9.180
POLYLINE GREEN
8.030	9.100
8.070	9.060
POLYLINE GREEN
7.810	8.920
7.850	8.880
7.890	8.880
POLYLINE GREEN
7.510	8.600
7.550	8.580
7.670	8.680
7.710	8.680
7.770	8.740
7.890	8.820
7.990	8.940
8.030	8.940
8.050	8.980
8.090	8.980
8.210	9.080
8.250	9.080
8.310	9.140
8.510	9.240
8.790	9.440
8.890	9.500
POLYLINE GREEN
7.330	8.780
7.370	8.820
7.410	8.820
7.710	9.080
7.750	9.080
7.830	9.160
7.870	9.160
7.990	9.240
8.070	9.260
8.170	9.320
8.330	9.420
8.370	9.400
8.410	9.440
8.570	9.480
8.650	9.520
POLYLINE BLACK
8.210	9.160
POLYLINE BLACK
8.110	9.100
8.130	9.060
POLYLINE BLACK
7.990	9.000
8.030	8.960
POLYLINE BLACK
7.870	8.900
7.910	8.860
POLYLINE BLACK
7.810	8.800
7.850	8.760
POLYLINE BLACK
7.550	8.660
7.590	8.640
7.830	8.800
8.030	9.060
8.070	9.080
8.090	9.140
8.130	9.120
8.210	9.220
8.290	9.240
POLYLINE BLACK
7.530	8.620
7.610	8.620
POLYLINE BLACK
7.330	8.760
7.390	8.820
7.430	8.820
7.650	9.040
7.650	9.040
7.650	9.040
7.650	9.040
7.650	9.040
7.690	9.040
7.750	9.120
7.790	9.120
7.890	9.220
7.930	9.220
7.990	9.280
8.230	9.460
8.330	9.560
8.530	9.740
POLYLINE BLACK
6.410	8.760
6.530	8.720
6.590	8.720
6.670	8.680
6.790	8.720
6.830	8.700
6.910	8.720
6.950	8.700
7.030	8.720
7.310	8.760
7.470	8.840
POLYLINE BLACK
6.170	8.580
6.210	8.560
6.290	8.580
6.330	8.560
6.370	8.580
6.490	8.540
6.550	8.540
6.590	8.520
6.630	8.540
6.710	8.520
6.790	8.500
6.830	8.520
6.870	8.500
6.950	8.520
7.030	8.500
7.070	8.500
7.110	8.540
7.150	8.520
7.230	8.560
7.270	8.540
7.310	8.580
7.350	8.560
7.470	8.600
7.510	8.600
POLYLINE BLACK
5.170	9.060
5.250	9.040
5.330	9.060
5.370	9.040
5.450	9.060
5.570	9.040
5.610	9.000
5.690	9.000
6.090	8.860
6.130	8.820
6.170	8.860
6.210	8.800
6.250	8.820
6.290	8.780
6.330	8.800
6.450	8.760
POLYLINE BLACK
5.210	8.600
5.290	8.600
5.330	8.580
5.370	8.600
5.450	8.580
5.610	8.580
5.650	8.600
5.730	8.580
5.810	8.560
5.890	8.580
6.190	8.580
6.230	8.600
6.270	8.580
POLYLINE BLACK
3.450	8.260
3.450	8.220
3.530	8.280
3.570	8.280
POLYLINE BLACK
3.350	8.160
3.450	8.140
POLYLINE BLACK
3.210	8.100
3.330	8.040
POLYLINE BLACK
3.070	7.940
3.150	7.980
POLYLINE BLACK
2.910	7.900
2.990	7.880
3.010	7.840
POLYLINE BLACK
2.790	7.780
2.870	7.760
POLYLINE BLACK
2.650	7.700
2.730	7.680
POLYLINE BLACK
2.590	7.620
2.570	7.660
POLYLINE BLACK
2.470	7.200
2.550	7.220
2.510	7.200
POLYLINE BLACK
2.390	7.480
2.470	7.440
POLYLINE BLACK
2.270	7.400
2.270	7.360
2.310	7.360
POLYLINE BLACK
2.190	7.420
2.350	7.480
2.470	7.560
2.510	7.620
2.550	7.620
2.610	7.700
2.730	7.720
2.750	7.760
2.790	7.760
2.810	7.820
3.130	8.040
3.170	8.040
3.250	8.120
3.290	8.100
3.490	8.280
POLYLINE BLACK
2.190	7.580
2.230	7.580
2.510	7.760
2.690	7.840
2.930	8.000
2.970	8.060
3.050	8.080
3.310	8.240
3.350	8.240
3.430	8.300
3.470	8.300
3.670	8.420
3.710	8.420
3.830	8.520
3.910	8.540
4.210	8.720
4.270	8.720
4.310	8.760
4.430	8.760
4.570	8.800
4.650	8.820
4.810	8.900
4.850	8.880
4.990	8.960
5.070	8.980
5.230	9.040
5.270	9.040
POLYLINE BLACK
2.250	7.580
2.410	7.660
2.470	7.720
2.630	7.780
2.650	7.820
POLYLINE BLACK
2.450	7.140
2.510	7.180
2.590	7.200
2.630	7.180
2.770	7.320
2.810	7.320
2.890	7.380
2.930	7.380
2.990	7.440
3.070	7.460
3.150	7.520
3.230	7.540
3.330	7.620
3.410	7.640
3.570	7.740
3.610	7.740
3.690	7.800
3.770	7.820
3.870	7.880
4.030	7.980
4.090	7.980
4.250	8.100
4.350	8.140
4.410	8.220
4.450	8.200
4.810	8.400
4.930	8.460
5.010	8.480
5.210	8.580
5.290	8.600
POLYLINE BLACK
2.410	7.160
2.490	7.200
2.550	7.200
2.630	7.260
POLYLINE BLACK
2.330	7.140
2.470	7.220
2.510	7.220
POLYLINE BLACK
2.350	7.120
2.390	7.100
2.430	7.120
2.470	7.100
POLYLINE BLACK
2.230	7.200
2.270	7.160
POLYLINE BLACK
1.990	7.100
2.070	7.040
POLYLINE BLACK
1.810	6.940
1.810	6.900
1.850	6.880
POLYLINE BLACK
1.610	6.840
1.690	6.760
POLYLINE BLACK
1.470	6.680
1.550	6.640
POLYLINE BLACK
1.310	6.480
1.390	6.440
POLYLINE BLACK
1.150	6.360
1.170	6.320
1.210	6.320
POLYLINE BLACK
2.050	7.400
2.110	7.340
POLYLINE BLACK
1.910	7.240
1.930	7.200
POLYLINE BLACK
1.650	7.080
1.690	7.080
1.710	7.040
POLYLINE BLACK
1.470	6.920
1.510	6.940
POLYLINE BLACK
1.230	6.800
1.310	6.780
POLYLINE BLACK
1.090	6.660
1.110	6.620
POLYLINE BLACK
0.970	6.540
POLYLINE BLACK
1.110	6.180
1.290	6.300
1.390	6.440
1.670	6.660
1.710	6.700
POLYLINE BLACK
2.450	7.280
2.330	7.120
2.290	7.120
2.210	7.020
2.170	7.020
2.050	6.920
1.970	6.900
1.850	6.800
1.810	6.800
1.770	6.760
1.730	6.760
1.650	6.660
1.570	6.640
POLYLINE BLACK
1.410	6.940
1.490	6.980
1.590	7.080
1.630	7.080
1.650	7.120
1.690	7.100
1.890	7.240
1.930	7.240
1.950	7.280
1.990	7.280
2.090	7.400
2.130	7.400
2.170	7.440
2.210	7.440
POLYLINE BLACK
0.850	6.500
0.890	6.500
0.990	6.600
1.030	6.600
1.170	6.740
1.410	6.920
1.470	6.940
1.570	7.040
1.630	7.100
1.670	7.100
1.830	7.280
POLYLINE BLACK
1.950	7.260
1.890	7.200
1.850	7.200
1.730	7.060
POLYLINE BLACK
2.470	7.140
2.470	7.100
2.430	7.100
2.310	7.000
2.270	7.000
2.170	6.900
2.030	6.800
2.010	6.740
1.950	6.680
1.910	6.680
1.830	6.600
1.790	6.600
1.670	6.460
1.590	6.440
1.490	6.420
1.350	6.300
1.310	6.300
1.210	6.240
1.190	6.200
1.150	6.200
1.090	6.100
1.050	6.100
0.910	5.960
POLYLINE BLACK
0.910	5.960
POLYLINE BLACK
0.630	6.340
0.770	6.480
0.890	6.700
1.190	6.960
1.290	7.060
1.370	7.080
1.610	7.240
1.650	7.240
1.650	7.280
1.730	7.340
1.770	7.340
1.890	7.440
2.090	7.560
2.130	7.560
2.170	7.600
2.250	7.620
POLYLINE BLACK
0.490	5.600
0.490	5.460
0.430	5.380
POLYLINE BLACK
0.830	6.000
0.830	5.960
0.890	5.900
0.950	5.680
0.970	5.520
0.970	5.440
0.930	5.260
0.910	5.180
0.870	5.040
POLYLINE BLACK
0.870	6.000
0.870	5.940
POLYLINE BLACK
0.690	6.440
0.590	6.320
0.470	6.020
0.470	5.840
0.450	5.760
0.450	5.580
0.470	5.540
POLYLINE BLACK
0.790	4.980
0.810	5.060
0.850	5.080
0.810	4.960
0.810	4.860
1.010	4.440
1.030	4.360
1.090	4.260
1.090	4.220
1.190	4.060
1.230	3.960
1.270	3.920
1.270	3.880
1.330	3.800
1.350	3.740
1.390	3.720
1.390	3.680
1.430	3.620
1.430	3.580
POLYLINE BLACK
0.850	5.100
0.870	5.060
0.830	5.040
POLYLINE BLACK
0.430	5.420
0.430	5.360
0.510	5.120
0.630	4.860
0.650	4.780
0.730	4.500
0.770	4.420
0.770	4.320
0.850	4.100
0.850	4.020
0.950	3.760
1.170	3.380
1.170	3.340
POLYLINE BLACK
1.310	2.570
1.490	2.450
1.610	2.450
POLYLINE BLACK
1.160	3.350
1.160	3.230
1.130	3.020
1.190	2.780
1.280	2.630
1.370	2.510
1.430	2.510
1.550	2.390
1.610	2.390
POLYLINE BLACK
1.460	3.740
1.460	3.470
1.430	3.410
1.640	2.840
1.730	2.750
POLYLINE BLACK
1.730	2.840
1.670	2.780
POLYLINE BLACK
2.000	2.330
2.060	2.330
2.120	2.510
2.120	2.630
2.060	2.660
2.030	2.750
1.970	2.750
1.910	2.810
1.790	2.810
1.730	2.780
1.670	2.810
POLYLINE BLACK
1.610	2.510
1.760	2.360
1.790	2.240
1.760	2.120
1.640	1.940
1.640	1.880
1.580	1.820
POLYLINE BLACK
2.060	2.390
2.030	2.270
1.910	2.030
1.910	1.910
1.790	1.460
1.790	1.400
POLYLINE BLACK
1.070	1.310
1.070	1.250
1.190	1.280
1.310	1.370
POLYLINE BLACK
1.070	1.340
1.130	1.310
1.250	1.340
1.460	1.580
1.520	1.850
POLYLINE BLACK
1.790	1.550
1.820	1.370
1.670	1.010
1.370	0.770
POLYLINE BLACK
1.460	0.800
1.520	0.800
POLYLINE BLACK
1.130	1.220
0.950	1.370
0.830	1.400
0.470	1.280
0.440	1.190
POLYLINE BLACK
0.860	0.140
0.920	0.380
1.010	0.500
1.010	0.560
1.070	0.560
1.160	0.650
1.250	0.740
1.370	0.770
1.490	0.800
1.610	0.800
POLYLINE BLACK
0.280	0.640
0.320	0.800
0.320	0.920
0.440	1.160
0.520	1.200
0.520	1.280
0.720	1.480
POLYLINE BLACK
-1.840	-2.680
-1.680	-2.720
-1.520	-2.760
-1.200	-2.840
-1.040	-2.880
-0.960	-2.840
-0.800	-2.880
-0.400	-2.880
-0.240	-2.840
-0.160	-2.840
-0.160	-2.720
-0.080	-2.720
0.280	-2.200
POLYLINE BLACK
2.560	3.760
POLYLINE BLACK
-1.840	-2.680
-1.960	-2.440
-1.960	-2.360
-2.080	-2.160
-2.120	-2.000
-2.200	-1.920
-2.280	-1.520
-2.280	-1.240
-2.240	-0.960
-2.160	-0.600
-1.920	-0.160
-1.560	0.160
-1.120	0.360
-0.800	0.400
-0.560	0.400
-0.240	0.280
-0.080	0.240
-0.040	0.160
POLYLINE BLACK
0.320	0.720
0.040	0.160
POLYLINE BLACK
0.880	0.400
0.880	-0.120
0.840	-0.280
0.840	-0.440
0.760	-0.760
0.760	-0.880
0.600	-1.200
0.520	-1.520
0.400	-1.880
0.400	-2.000
0.280	-2.160
0.240	-2.440
POLYLINE BLACK
-1.800	-7.920
-1.720	-7.840
POLYLINE BLACK
-1.960	-7.640
-1.880	-7.600
POLYLINE BLACK
-2.160	-7.520
-2.040	-7.400
POLYLINE BLACK
-2.320	-7.320
-2.160	-7.280
POLYLINE BLACK
-2.360	-6.960
-1.960	-7.280
-1.760	-7.600
-1.760	-7.680
-1.680	-7.760
-1.640	-7.920
-1.520	-8.280
POLYLINE GREEN
-2.260	-9.870
-2.200	-9.810
-2.140	-9.840
-1.960	-9.780
POLYLINE GREEN
-2.260	-9.510
-2.380	-9.600
-2.440	-9.750
-2.440	-9.840
-2.470	-9.960
-2.470	-10.050
-2.350	-10.230
-2.230	-10.260
-2.080	-10.230
-1.900	-10.110
-1.840	-10.050
-1.780	-9.720
-1.780	-9.600
-1.870	-9.450
-2.140	-9.360
-2.260	-9.420
-2.320	-9.570
POLYLINE GREEN
-1.340	-3.750
POLYLINE BLACK
0.560	-6.350
0.600	-6.350
0.700	-6.290
POLYLINE BLACK
0.200	-6.490
0.380	-6.450
POLYLINE BLACK
-0.180	-6.530
-0.100	-6.570
-0.020	-6.510
POLYLINE BLACK
-0.600	-6.610
-0.440	-6.590
-0.400	-6.550
-0.360	-6.590
POLYLINE BLACK
-0.980	-6.590
-0.760	-6.590
POLYLINE BLACK
0.380	-6.270
0.420	-6.250
0.460	-6.290
0.500	-6.270
0.540	-6.290
POLYLINE BLACK
0.200	-6.250
0.320	-6.250
POLYLINE BLACK
0.000	-6.290
0.080	-6.290
0.140	-6.310
0.180	-6.290
POLYLINE BLACK
-0.260	-6.270
-0.180	-6.270
POLYLINE BLACK
-0.620	-6.350
-0.580	-6.350
-0.540	-6.310
-0.420	-6.290
POLYLINE BLACK
-0.860	-6.390
-0.820	-6.410
POLYLINE BLACK
-1.120	-6.570
-1.080	-6.530
POLYLINE GREEN
-0.280	-1.270
-0.120	-1.310
-0.120	-1.310
-0.280	-1.310
POLYLINE GREEN
-0.200	-0.910
-0.480	-1.190
-0.520	-1.470
-0.440	-1.750
-0.280	-1.830
-0.200	-1.790
-0.080	-1.830
0.160	-1.510
0.200	-1.150
0.000	-0.950
-0.160	-0.910
POLYLINE GRAY
-1.560	-2.550
-1.560	-2.630
-1.320	-2.630
-1.200	-2.550
-1.160	-2.350
-1.320	-2.110
POLYLINE GRAY
-1.240	-2.950
-1.080	-2.990
-1.000	-3.030
-0.800	-2.830
-0.800	-2.670
-0.960	-2.510
-1.040	-2.510
POLYLINE GRAY
-0.440	-2.470
-0.400	-2.630
-0.360	-2.710
-0.160	-2.750
-0.080	-2.710
-0.040	-2.510
-0.080	-2.390
-0.280	-2.310
-0.360	-2.350
POLYLINE GRAY
-0.200	-1.750
-0.160	-1.910
-0.080	-2.030
0.120	-1.830
0.120	-1.670
0.080	-1.510
POLYLINE GRAY
-0.440	-0.110
-0.440	-0.270
-0.320	-0.470
-0.240	-0.470
-0.120	-0.310
-0.120	-0.230
POLYLINE GRAY
-1.040	-0.590
-0.920	-0.590
-0.760	-0.630
-0.560	-0.390
-0.560	-0.230
-0.640	-0.190
POLYLINE GRAY
-1.680	-1.030
-1.480	-1.150
-1.160	-0.950
-1.120	-0.870
-1.200	-0.790
-1.360	-0.790
-1.520	-0.830
POLYLINE GRAY
-2.080	-0.990
-2.120	-1.190
-2.160	-1.350
-1.960	-1.550
-1.800	-1.550
-1.600	-1.310
-1.640	-1.150
-1.800	-1.110
-1.880	-1.110
POLYLINE GRAY
13.000	-6.990
12.920	-7.030
12.960	-7.110
13.040	-7.070
13.120	-7.110
13.080	-6.950
13.040	-6.870
12.880	-6.830
POLYLINE GRAY
12.040	-7.110
12.000	-7.430
12.120	-7.550
12.200	-7.550
12.280	-7.270
12.120	-7.230
POLYLINE GRAY
12.360	-6.710
12.360	-6.790
12.520	-6.950
12.600	-6.950
12.640	-6.790
12.520	-6.670
12.360	-6.630
12.280	-6.670
POLYLINE GRAY
12.280	-6.070
12.360	-6.230
12.520	-6.270
12.600	-6.270
12.480	-6.110
12.400	-6.110
POLYLINE GRAY
11.360	-6.110
11.360	-6.190
11.520	-6.350
11.600	-6.350
11.640	-6.190
11.520	-6.030
POLYLINE GRAY
11.480	-6.510
11.640	-6.750
11.720	-6.750
11.720	-6.590
11.560	-6.350
11.480	-6.310
11.400	-6.390
POLYLINE GRAY
11.880	-5.590
11.920	-5.750
12.200	-5.750
12.240	-5.670
12.160	-5.630
12.080	-5.670
POLYLINE GRAY
11.120	-5.670
11.040	-5.750
11.040	-5.870
11.080	-6.030
11.160	-5.990
11.200	-6.070
11.320	-5.910
11.320	-5.830
11.240	-5.790
POLYLINE GRAY
11.480	-5.030
11.280	-5.230
11.280	-5.310
11.440	-5.510
11.600	-5.470
11.760	-5.310
11.640	-5.190
11.480	-5.110
11.400	-5.150
11.320	-5.110
POLYLINE BLUE
-0.800	0.230
-1.400	-0.070
-1.760	-0.430
-1.820	-0.550
-1.700	-0.610
-1.400	-0.550
-1.040	-0.310
-0.920	-0.130
POLYLINE BLUE
-1.460	-0.010
-1.400	-0.130
-1.400	-0.130
-1.340	-0.430
-1.280	-0.250
-1.280	-0.490
-1.220	-0.250
-1.220	-0.250
-1.220	-0.550
-1.160	-0.130
-1.160	-0.130
-1.160	-0.250
-1.100	-0.070
-1.100	-0.130
-0.980	-0.010
-0.980	-0.010
-0.980	-0.310
-0.920	-0.070
-0.920	-0.370
-0.860	-0.010
-0.860	0.110
-0.800	-0.190
-0.800	-0.190
-0.740	0.110
-0.620	-0.190
-0.560	-0.010
POLYLINE BLUE
-1.520	-0.070
-1.580	-0.430
-1.460	-0.310
POLYLINE BLUE
-1.640	-0.370
-1.640	-0.490
POLYLINE GREEN
21.400	-21.070
21.700	-21.730
POLYLINE GREEN
21.580	-20.890
21.880	-21.370
POLYLINE GREEN
20.920	-20.410
21.280	-20.650
POLYLINE GREEN
21.040	-20.110
21.400	-20.410
POLYLINE GREEN
20.020	-19.570
20.440	-19.990
POLYLINE GREEN
20.260	-19.450
20.380	-19.570
20.500	-19.570
20.740	-19.750
POLYLINE GREEN
19.240	-17.950
19.240	-18.070
19.540	-18.490
POLYLINE GREEN
19.120	-18.190
19.420	-18.550
19.480	-18.670
POLYLINE GREEN
19.480	-18.190
19.600	-18.190
19.600	-18.310
POLYLINE GREEN
18.220	-17.350
18.580	-17.650
18.700	-17.710
POLYLINE GREEN
18.280	-16.930
18.640	-17.350
POLYLINE GREEN
17.560	-16.390
17.800	-16.750
POLYLINE GREEN
17.260	-15.670
17.500	-15.910
POLYLINE GREEN
16.360	-15.010
16.540	-15.310
POLYLINE GREEN
16.420	-14.410
16.600	-14.710
16.720	-14.830
POLYLINE GREEN
15.280	-13.630
15.520	-13.870
15.640	-14.170
POLYLINE GREEN
15.880	-13.270
16.000	-13.570
16.180	-13.870
POLYLINE GREEN
15.280	-11.950
15.520	-12.430
POLYLINE GREEN
14.380	-11.110
14.500	-11.410
14.680	-11.650
POLYLINE GREEN
14.560	-10.570
14.920	-11.290
POLYLINE GREEN
13.840	-9.430
14.020	-9.850
14.140	-9.910
14.140	-10.090
14.260	-10.210
14.260	-10.330
POLYLINE GREEN
14.320	-9.850
14.380	-10.030
POLYLINE BLUE
-0.960	-4.870
-1.080	-5.150
-0.960	-5.430
-0.880	-5.470
-0.800	-5.430
-0.680	-5.470
-0.520	-5.350
-0.520	-5.150
-0.560	-5.070
-0.920	-4.990
-1.000	-5.070
-1.000	-5.270
-0.920	-5.470
-0.840	-5.510
-0.640	-5.390
-0.600	-5.230
-0.680	-5.070
-0.840	-5.030
-1.000	-5.150
-1.000	-5.350
-0.840	-5.510
-0.640	-5.510
-0.480	-5.390
-0.520	-5.150
-0.640	-5.070
-0.800	-5.030
-0.880	-5.150
-0.880	-5.310
-0.720	-5.350
-0.640	-5.270
-0.720	-5.110
-0.800	-5.190
-0.680	-5.310
-0.680	-5.110
POLYLINE BLUE
-0.640	-4.830
-0.720	-4.830
POLYLINE BLUE
-1.080	-5.110
-0.920	-5.470
-0.600	-5.390
-0.440	-5.150
-0.480	-5.070
POLYLINE BLUE
-0.640	-4.830
-0.800	-4.870
-0.880	-4.830
-1.120	-5.070
-1.080	-5.150
-1.120	-5.310
-0.960	-5.550
-0.800	-5.590
-0.480	-5.510
-0.320	-5.350
-0.360	-5.190
-0.480	-4.990
-0.600	-4.870
-0.680	-4.910
-0.760	-4.870
-1.000	-5.030
-1.040	-5.190
-0.920	-5.470
-0.560	-5.590
-0.440	-5.550
-0.280	-5.350
-0.320	-5.190
-0.680	-4.990
-0.840	-5.030
-0.960	-5.190
-0.920	-5.350
-0.800	-5.510
-0.640	-5.510
-0.520	-5.390
-0.440	-5.070
-0.520	-4.990
-0.520	-4.910
-1.120	-4.510
-0.920	-4.790
-0.960	-4.950
-1.040	-5.030
-1.040	-5.190
-0.800	-5.430
-0.560	-5.430
-0.440	-5.270
-0.440	-5.110
-0.640	-4.990
-0.720	-4.910
-0.800	-4.910
POLYLINE BLUE
13.040	-7.790
13.080	-7.950
13.120	-8.030
13.080	-7.870
13.040	-8.030
13.160	-7.910
13.160	-7.830
13.120	-7.990
13.200	-8.030
13.400	-7.910
13.360	-7.990
13.520	-7.950
13.480	-8.030
13.560	-8.110
13.880	-7.870
13.720	-8.110
13.920	-8.030
13.960	-7.950
13.720	-7.830
13.640	-7.870
13.560	-7.590
13.360	-7.510
13.280	-7.430
POLYLINE BLUE
13.120	-7.630
13.080	-7.710
13.160	-7.950
POLYLINE BLUE
13.440	-7.430
13.360	-7.350
13.200	-7.390
13.120	-7.350
12.880	-7.670
12.880	-7.950
12.960	-8.110
13.120	-8.150
13.280	-8.190
13.360	-8.270
13.440	-8.230
13.600	-8.270
13.920	-8.190
14.000	-8.110
14.000	-7.950
13.840	-7.790
13.520	-7.430
13.360	-7.430
13.280	-7.390
13.040	-7.550
13.040	-7.550
13.120	-7.390
12.880	-7.630
13.000	-7.590
13.080	-7.430
13.160	-7.350
12.960	-7.710
13.120	-7.550
12.960	-7.750
13.080	-7.710
13.400	-7.390
13.000	-7.790
13.080	-7.790
13.200	-7.670
13.040	-7.950
13.240	-7.750
13.200	-7.830
13.280	-7.790
POLYLINE BLUE
20.100	-17.220
20.520	-17.640
20.880	-17.640
21.120	-17.760
21.240	-17.700
21.480	-17.760
21.480	-17.880
21.720	-17.940
21.840	-18.000
POLYLINE BLUE
20.280	-17.340
20.340	-17.460
POLYLINE BLUE
21.060	-16.080
21.000	-16.440
21.240	-16.800
21.480	-16.920
21.600	-16.860
21.660	-16.980
21.900	-16.920
22.500	-17.340
POLYLINE BLUE
19.380	-15.120
19.740	-15.060
19.980	-15.120
20.100	-15.240
20.220	-15.240
20.460	-15.780
20.460	-16.260
20.280	-16.620
20.220	-16.860
20.160	-17.100
20.160	-17.340
20.280	-17.580
20.400	-17.640
POLYLINE BLUE
19.320	-14.340
19.440	-14.400
19.560	-14.340
19.680	-14.400
19.800	-14.340
20.640	-14.700
21.120	-15.060
21.300	-15.300
21.360	-15.780
21.360	-15.960
21.180	-16.320
21.000	-16.500
POLYLINE BLUE
18.660	-14.880
18.540	-15.000
19.260	-15.120
19.500	-15.060
19.980	-15.060
20.100	-14.940
POLYLINE BLUE
18.660	-13.260
18.540	-13.620
18.540	-13.860
18.600	-13.980
18.720	-13.980
18.780	-14.100
18.900	-14.100
19.020	-14.220
20.100	-14.460
POLYLINE BLUE
18.840	-11.400
19.080	-11.580
19.080	-11.940
18.840	-12.600
18.060	-13.380
17.880	-13.680
17.880	-14.100
17.940	-14.340
18.360	-14.820
18.600	-14.880
18.660	-15.000
18.780	-15.000
POLYLINE BLUE
19.860	-11.520
19.980	-11.520
20.280	-12.000
20.280	-12.360
20.040	-12.720
19.920	-12.720
19.860	-12.840
19.740	-12.840
19.620	-12.960
19.500	-12.960
19.320	-13.140
18.840	-13.440
18.600	-13.500
POLYLINE BLUE
17.220	-10.140
17.640	-10.560
17.760	-10.560
18.060	-10.860
18.180	-10.860
18.420	-11.100
18.540	-11.100
18.900	-11.400
19.080	-11.580
19.200	-11.760
POLYLINE BLUE
18.060	-9.900
18.180	-10.140
18.540	-10.380
18.840	-10.680
18.840	-10.800
18.960	-10.800
19.200	-11.040
19.320	-11.040
19.740	-11.460
20.040	-11.700
20.040	-11.820
POLYLINE BLUE
13.620	-8.640
13.860	-8.580
13.980	-8.700
14.100	-8.700
14.340	-9.000
14.580	-9.060
15.300	-9.300
15.420	-9.240
15.660	-9.360
15.900	-9.240
16.020	-9.360
16.140	-9.300
16.500	-9.420
16.680	-9.600
16.800	-9.600
17.040	-9.840
17.040	-10.020
17.220	-10.260
POLYLINE BLUE
14.340	-8.160
14.700	-8.160
14.820	-8.280
15.060	-8.340
15.540	-8.580
15.780	-8.640
16.260	-8.820
16.740	-8.880
17.220	-8.700
17.460	-8.760
17.580	-8.700
17.700	-8.820
17.820	-8.760
18.120	-9.180
18.180	-9.300
18.180	-9.720
18.120	-9.900
POLYLINE BLACK
13.750	-7.665
13.910	-7.905
14.070	-7.945
14.150	-7.945
14.150	-8.025
14.310	-8.065
14.310	-8.145
14.390	-8.105
14.470	-8.185
POLYLINE BLACK
13.750	-7.705
13.750	-7.785
14.070	-7.985
POLYLINE BLACK
13.630	-7.865
13.670	-8.065
13.830	-8.105
14.150	-8.305
14.270	-8.425
14.310	-8.545
14.390	-8.545
14.670	-8.865
POLYLINE BLACK
13.630	-8.025
13.550	-7.945
13.470	-7.945
13.470	-7.905
13.630	-8.265
13.670	-8.425
13.950	-9.025
POLYLINE GREEN
13.550	-8.425
13.670	-8.665
13.670	-8.785
POLYLINE GREEN
13.470	-8.505
13.590	-8.785
POLYLINE BLUE
12.830	-7.625
12.830	-7.625
13.270	-7.545
13.350	-7.545
13.390	-7.465
13.070	-7.665
13.230	-7.665
13.470	-7.585
13.470	-7.585
13.190	-7.705
13.110	-7.785
13.470	-7.625
13.630	-7.585
13.390	-7.785
13.190	-7.865
13.030	-7.985
13.190	-7.945
13.510	-7.785
13.710	-7.745
13.630	-7.865
13.550	-7.865
13.430	-7.945
13.350	-7.945
13.190	-8.105
13.110	-8.105
13.070	-8.185
13.430	-7.985
13.590	-7.985
13.830	-7.825
13.510	-8.185
13.590	-8.105
13.710	-8.105
13.790	-8.025
13.870	-8.025
13.670	-8.265
POLYLINE GREEN
10.350	-4.865
10.430	-4.945
10.590	-4.985
10.670	-5.065
10.750	-5.065
10.990	-5.345
11.310	-5.745
11.670	-6.145
11.910	-6.425
12.470	-7.065
12.590	-7.345
13.070	-7.785
13.230	-7.865
POLYLINE GREEN
10.110	-4.625
10.270	-4.745
10.350	-4.745
10.510	-4.865
10.590	-4.865
10.670	-4.945
10.750	-4.945
11.070	-5.185
11.430	-5.585
11.870	-6.065
12.350	-6.585
12.990	-7.345
13.070	-7.385
13.070	-7.465
13.270	-7.705
POLYLINE BLACK
10.230	-4.465
10.310	-4.385
10.390	-4.465
10.470	-4.425
10.550	-4.465
10.630	-4.425
10.790	-4.545
10.910	-4.545
11.310	-4.785
11.830	-5.305
11.990	-5.345
12.150	-5.465
12.150	-5.545
12.670	-6.065
13.150	-6.825
13.270	-6.865
13.350	-7.065
13.590	-7.305
13.950	-7.785
POLYLINE BLACK
10.230	-4.425
10.270	-4.505
10.510	-4.545
POLYLINE BLACK
9.830	-4.985
9.950	-4.865
10.070	-4.865
10.350	-5.145
10.990	-5.905
11.070	-6.105
11.230	-6.345
11.270	-6.505
11.510	-6.905
11.670	-7.025
11.670	-7.105
12.110	-7.545
12.190	-7.585
12.230	-7.705
12.310	-7.705
12.950	-8.105
13.470	-8.345
13.510	-8.425
POLYLINE BLUE
10.230	-4.825
10.150	-4.865
POLYLINE BLUE
8.510	-4.785
8.630	-4.785
8.870	-4.865
8.950	-4.825
9.150	-4.865
9.230	-4.825
9.310	-4.905
9.470	-4.905
9.630	-4.945
9.950	-4.945
10.030	-4.905
10.190	-4.945
POLYLINE BLUE
8.190	-4.545
8.510	-4.625
8.590	-4.585
8.910	-4.585
9.070	-4.545
9.150	-4.585
9.270	-4.545
9.350	-4.585
9.510	-4.545
9.590	-4.545
9.670	-4.465
9.750	-4.545
10.070	-4.505
10.190	-4.545
10.270	-4.505
10.510	-4.625
POLYLINE BLUE
3.230	-6.425
3.390	-6.385
3.550	-6.345
3.630	-6.345
3.710	-6.265
3.790	-6.265
3.870	-6.185
3.950	-6.185
4.030	-6.105
4.190	-6.065
4.750	-5.865
4.990	-5.825
5.070	-5.865
5.230	-5.785
5.310	-5.825
5.470	-5.745
5.550	-5.785
6.070	-5.625
6.230	-5.625
6.470	-5.545
6.470	-5.465
6.550	-5.505
6.710	-5.465
6.750	-5.385
6.830	-5.425
7.070	-5.305
7.150	-5.345
7.190	-5.265
8.030	-4.985
8.110	-4.945
8.190	-4.985
8.270	-4.905
8.430	-4.865
8.510	-4.905
8.830	-4.785
POLYLINE BLUE
3.990	-5.705
4.110	-5.625
4.270	-5.625
4.510	-5.505
4.710	-5.465
4.950	-5.385
5.030	-5.305
5.230	-5.265
5.310	-5.185
5.470	-5.145
5.870	-5.065
5.950	-5.105
6.190	-4.985
6.270	-5.025
6.350	-4.985
6.430	-5.025
6.910	-4.865
7.110	-4.825
7.270	-4.785
7.430	-4.745
7.590	-4.705
8.150	-4.625
8.230	-4.585
POLYLINE BLUE
4.270	-5.625
4.470	-5.585
4.550	-5.505
POLYLINE BLUE
2.910	-5.945
3.110	-5.865
3.350	-5.865
3.270	-5.905
3.190	-5.865
3.030	-5.945
POLYLINE BLUE
3.190	-5.945
3.550	-5.825
3.630	-5.745
3.710	-5.745
3.910	-5.625
4.070	-5.585
4.230	-5.545
POLYLINE BLUE
3.350	-5.865
3.670	-5.745
3.750	-5.665
4.110	-5.625
POLYLINE BLUE
-0.810	-4.905
-0.770	-5.585
-0.850	-5.425
-0.850	-5.025
-0.730	-5.225
-0.650	-5.465
-0.610	-5.305
-0.610	-5.185
-0.570	-5.305
-0.570	-5.105
-0.490	-5.465
-0.450	-5.385
-0.170	-5.505
-0.170	-5.385
-0.570	-4.945
-0.650	-4.945
-0.610	-5.105
-0.450	-5.265
-0.530	-5.265
-0.770	-5.145
-1.130	-5.185
-1.290	-5.265
-1.290	-5.345
-1.050	-5.425
-0.690	-5.465
-0.330	-5.345
-0.530	-5.385
-0.690	-5.465
-0.370	-5.545
-0.890	-5.865
-0.770	-5.905
-0.490	-5.745
-0.690	-5.745
-0.370	-5.505
-0.370	-5.425
-0.570	-5.385
-0.730	-5.425
-0.650	-5.505
-0.290	-5.305
-0.250	-5.225
-0.410	-5.065
-0.650	-5.025
-0.730	-5.105
-0.810	-5.105
-0.770	-5.225
-0.610	-5.185
POLYLINE BLUE
2.700	-5.980
2.730	-6.010
2.760	-5.995
2.790	-6.010
2.805	-6.040
POLYLINE BLUE
1.035	-6.370
1.065	-6.370
1.110	-6.340
1.140	-6.340
1.170	-6.325
1.185	-6.295
1.215	-6.310
1.290	-6.265
POLYLINE BLUE
1.155	-6.250
1.290	-6.280
1.320	-6.250
1.350	-6.250
1.410	-6.265
1.440	-6.265
1.500	-6.235
1.530	-6.235
1.560	-6.220
1.620	-6.235
1.755	-6.205
1.845	-6.205
1.905	-6.175
1.965	-6.190
2.010	-6.190
2.070	-6.175
2.130	-6.175
2.280	-6.130
2.340	-6.100
2.400	-6.100
2.475	-6.085
2.490	-6.055
2.550	-6.055
2.610	-6.040
2.640	-6.040
2.700	-6.025
2.730	-6.025
POLYLINE BLUE
1.260	-6.655
1.320	-6.655
1.380	-6.685
1.500	-6.685
1.545	-6.655
1.605	-6.685
1.770	-6.640
1.950	-6.640
1.980	-6.655
2.115	-6.625
2.145	-6.625
2.280	-6.595
2.340	-6.595
2.370	-6.580
2.400	-6.595
2.430	-6.580
2.460	-6.595
2.520	-6.565
2.550	-6.580
2.655	-6.535
2.685	-6.535
2.715	-6.490
2.775	-6.490
2.895	-6.430
POLYLINE BLUE
-0.990	-6.550
-0.810	-6.595
-0.765	-6.580
-0.735	-6.610
-0.675	-6.610
-0.645	-6.625
-0.615	-6.610
-0.585	-6.625
-0.510	-6.610
-0.480	-6.610
-0.450	-6.625
-0.405	-6.610
-0.375	-6.625
-0.330	-6.610
-0.270	-6.625
-0.045	-6.625
0.135	-6.655
0.165	-6.640
0.270	-6.670
0.315	-6.670
0.345	-6.685
0.405	-6.670
0.435	-6.685
0.480	-6.670
0.600	-6.700
0.705	-6.670
0.825	-6.670
0.900	-6.655
0.930	-6.670
0.960	-6.640
0.990	-6.655
1.050	-6.640
1.080	-6.640
1.110	-6.625
1.140	-6.640
1.200	-6.625
1.230	-6.625
1.260	-6.640
POLYLINE BLUE
-1.050	-6.250
-1.020	-6.250
-0.960	-6.265
-0.930	-6.265
-0.900	-6.295
-0.825	-6.295
-0.795	-6.325
-0.735	-6.325
-0.705	-6.340
-0.360	-6.340
-0.330	-6.325
-0.270	-6.340
-0.240	-6.310
-0.210	-6.340
-0.180	-6.325
-0.075	-6.325
-0.030	-6.310
0.030	-6.325
0.060	-6.325
0.090	-6.310
0.150	-6.325
0.225	-6.325
0.285	-6.355
0.345	-6.340
0.375	-6.355
0.450	-6.355
0.510	-6.340
0.600	-6.340
0.630	-6.355
0.705	-6.355
0.765	-6.340
0.795	-6.355
0.870	-6.340
0.900	-6.355
0.930	-6.340
0.960	-6.355
0.990	-6.340
1.020	-6.355
1.080	-6.340
1.110	-6.340
1.140	-6.325
POLYLINE GREEN
-2.190	-5.830
-2.160	-5.800
-2.130	-5.800
-2.040	-5.770
-2.025	-5.830
-2.040	-5.875
POLYLINE BLUE
-1.980	-6.145
-2.100	-6.220
-2.190	-6.295
-2.205	-6.325
-2.355	-6.415
-2.415	-6.475
-2.445	-6.475
-2.460	-6.505
-2.520	-6.535
-2.565	-6.535
-2.625	-6.565
-2.655	-6.565
-2.715	-6.580
-2.730	-6.610
POLYLINE BLUE
-2.625	-6.550
-2.565	-6.505
-2.430	-6.445
-2.415	-6.400
-2.370	-6.400
-2.310	-6.355
POLYLINE BLUE
-0.375	-3.970
POLYLINE BLUE
-2.040	-6.205
-2.025	-6.145
-1.905	-6.145
-1.845	-6.175
-1.785	-6.175
-1.755	-6.205
-1.725	-6.190
-1.665	-6.235
-1.635	-6.235
-1.605	-6.265
-1.575	-6.265
-1.545	-6.295
-1.515	-6.295
-1.425	-6.355
-1.395	-6.355
-1.365	-6.385
-1.335	-6.385
-1.320	-6.415
-1.260	-6.460
-1.230	-6.460
-1.110	-6.535
-1.095	-6.565
-1.065	-6.550
-1.035	-6.580
POLYLINE BLUE
-2.160	-5.515
-2.100	-5.530
-2.040	-5.575
-2.010	-5.575
-1.830	-5.695
-1.800	-5.695
-1.770	-5.710
-1.755	-5.740
-1.605	-5.845
-1.590	-5.875
-1.470	-5.950
-1.455	-5.995
-1.425	-5.995
-1.245	-6.145
-1.215	-6.145
-1.005	-6.310
POLYLINE GREEN
-2.550	-6.400
-2.510	-6.400
-2.470	-6.360
-2.390	-6.340
-2.390	-6.300
-2.290	-6.200
-2.190	-6.020
-2.150	-6.000
-2.050	-5.760
POLYLINE GREEN
-2.590	-6.320
-2.550	-6.340
-2.410	-6.180
-2.370	-6.080
-2.250	-5.940
-2.150	-5.800
POLYLINE BLUE
-2.750	-6.160
-2.630	-6.120
-2.390	-5.860
-2.270	-5.660
-2.230	-5.640
-2.150	-5.500
POLYLINE GREEN
-2.890	-6.320
-2.790	-6.420
-2.690	-6.440
-2.610	-6.460
-2.530	-6.440
-2.450	-6.440
POLYLINE GREEN
-2.790	-6.260
-2.790	-6.300
-2.750	-6.280
-2.630	-6.340
-2.570	-6.340
-2.410	-6.400
-2.330	-6.400
-2.290	-6.420
POLYLINE BLACK
-4.530	-5.600
-4.570	-5.640
POLYLINE BLACK
-4.490	-5.640
-4.450	-5.660
-4.370	-5.640
-4.170	-5.640
POLYLINE BLACK
-4.270	-5.660
-4.030	-5.700
-3.890	-5.760
-3.810	-5.780
-3.770	-5.780
-3.690	-5.840
-3.610	-5.860
-3.430	-5.940
-3.350	-5.940
-3.310	-5.980
-3.190	-5.980
-3.110	-6.000
-3.030	-6.060
-2.870	-6.100
-2.750	-6.140
-2.670	-6.240
POLYLINE BLACK
-1.550	-5.320
POLYLINE BLACK
-3.660	-6.720
-3.480	-6.660
-3.330	-6.660
-3.030	-6.570
-2.970	-6.600
-2.910	-6.570
POLYLINE BLACK
-3.360	-10.260
POLYLINE BLACK
-4.680	-6.660
-4.560	-6.780
-4.440	-6.780
-4.320	-6.870
-4.200	-6.870
-4.080	-6.900
-3.900	-6.900
-3.780	-6.870
-3.660	-6.780
-3.600	-6.810
-3.480	-6.720
POLYLINE BLACK
-3.420	-8.310
-3.270	-8.490
-3.210	-8.640
-3.150	-8.700
-3.150	-8.820
-3.120	-8.940
-3.120	-9.480
POLYLINE BLACK
-3.480	-6.660
-3.150	-7.050
-2.790	-7.380
-2.580	-7.470
POLYLINE BLACK
-4.690	-5.700
-4.810	-5.820
-4.810	-6.120
-4.750	-6.300
-4.660	-6.690
-4.540	-6.870
-4.540	-6.930
-4.150	-7.500
-4.060	-7.620
-3.970	-7.770
-3.820	-7.950
-3.760	-8.100
-3.640	-8.190
-3.610	-8.280
-3.400	-8.400
-3.370	-8.460
-3.310	-8.460
POLYLINE BLACK
-2.800	-7.380
-2.830	-7.500
-3.010	-7.800
-3.100	-8.160
-3.100	-8.340
-3.130	-8.550
-3.130	-9.030
-3.100	-9.180
-3.100	-9.510
-3.070	-9.630
-3.070	-9.780
-3.010	-9.840
-3.010	-10.080
-2.980	-10.200
-2.950	-10.320
-2.920	-10.470
-2.860	-10.530
-2.800	-10.800
-2.590	-11.340
-2.590	-11.430
-2.470	-11.610
-2.470	-11.760
-2.320	-12.150
-2.320	-12.240
-2.230	-12.510
-2.140	-12.630
-2.140	-12.690
-1.930	-12.960
-1.870	-12.960
-1.720	-13.110
-1.540	-13.170
-1.390	-13.020
-1.360	-12.900
-1.360	-12.780
-1.330	-12.660
-1.330	-12.450
-1.360	-12.330
-1.360	-12.060
-1.390	-11.940
-1.390	-11.850
-1.630	-10.980
-1.720	-10.620
-1.720	-10.440
-1.540	-10.020
-1.510	-9.900
-1.390	-9.510
-1.390	-9.090
-1.540	-8.640
-1.600	-8.340
-1.570	-8.250
-1.600	-8.130
-1.270	-7.740
-1.210	-7.740
-1.030	-7.560
-0.820	-7.440
-0.760	-7.440
-0.520	-7.290
POLYLINE BLACK
-2.780	-7.460
-2.760	-7.420
-2.680	-7.400
-2.620	-7.340
-2.560	-7.280
-2.500	-7.220
-2.300	-7.080
-2.260	-7.020
-2.140	-7.000
-2.100	-6.960
-2.060	-6.980
-1.860	-6.880
-1.820	-6.840
-1.700	-6.820
-1.660	-6.780
-1.580	-6.760
-1.500	-6.700
-1.420	-6.700
POLYLINE BLACK
0.250	-6.330
0.270	-6.370
POLYLINE BLACK
0.050	-6.350
0.050	-6.450
0.070	-6.490
POLYLINE BLACK
-0.210	-6.490
-0.130	-6.550
POLYLINE BLACK
-0.450	-6.550
-0.450	-6.590
-0.410	-6.610
POLYLINE BLACK
-0.650	-6.690
POLYLINE BLACK
0.310	-6.190
0.250	-6.270
POLYLINE BLACK
-0.030	-6.290
-0.030	-6.330
POLYLINE BLACK
-0.250	-6.330
-0.250	-6.430
POLYLINE BLACK
-0.490	-6.390
-0.510	-6.470
-0.490	-6.510
POLYLINE BLACK
-0.710	-6.490
-0.650	-6.570
POLYLINE BLACK
-1.320	-6.090
-1.350	-6.210
-1.380	-6.300
-1.350	-6.420
-1.350	-6.480
-1.230	-6.600
-1.290	-6.630
POLYLINE BLACK
-0.270	-6.960
0.030	-6.900
0.270	-6.870
0.330	-6.870
0.480	-6.780
0.600	-6.660
0.660	-6.660
0.810	-6.510
0.870	-6.480
POLYLINE BLACK
-1.200	-5.970
-1.140	-5.910
-0.900	-5.880
-0.780	-5.880
-0.600	-5.820
-0.270	-5.910
-0.150	-5.880
-0.090	-5.940
0.090	-5.880
0.180	-5.910
0.240	-5.880
0.360	-5.910
0.480	-5.880
0.600	-5.910
0.660	-5.850
0.720	-5.880
0.780	-5.850
0.840	-5.880
1.020	-5.820
1.200	-5.820
1.440	-5.910
1.530	-6.120
1.470	-6.240
1.290	-6.300
1.260	-6.360
1.140	-6.390
0.960	-6.450
POLYLINE BLACK
-2.040	-2.930
-2.070	-3.050
-2.130	-3.200
-2.070	-3.440
-2.010	-3.470
-1.950	-3.620
-1.710	-3.950
-1.380	-4.220
-1.020	-4.490
-0.810	-4.700
-0.570	-4.850
-0.540	-4.910
-0.480	-4.910
-0.360	-5.030
-0.300	-5.030
-0.210	-5.120
POLYLINE BLACK
-2.070	-2.990
-2.100	-3.050
-2.070	-3.170
POLYLINE BLACK
-2.850	-4.250
-2.640	-4.610
-2.580	-4.880
-2.460	-5.330
-2.430	-5.450
-2.340	-5.720
-2.070	-6.140
-2.010	-6.140
-1.740	-6.440
-1.680	-6.440
-1.440	-6.590
-1.350	-6.680
-1.230	-6.770
-1.110	-6.800
-0.930	-6.860
-0.870	-6.860
-0.810	-6.920
-0.570	-6.950
-0.450	-6.980
-0.390	-6.950
-0.270	-6.980
-0.210	-6.980
-0.120	-6.890
0.000	-6.890
0.180	-6.680
0.240	-6.410
0.210	-6.290
0.210	-6.080
0.180	-5.930
0.180	-5.810
-0.030	-5.300
-0.270	-5.000
POLYLINE BLACK
-1.700	-2.100
-1.660	-2.100
POLYLINE BLACK
-1.800	-1.740
-1.780	-1.820
-1.780	-1.860
POLYLINE BLACK
-1.620	-1.640
-1.600	-1.700
POLYLINE BLACK
-1.400	-1.800
-1.360	-1.860
POLYLINE BLACK
-1.260	-1.520
-1.180	-1.560
POLYLINE BLACK
-1.000	-1.280
-0.960	-1.300
POLYLINE BLACK
-0.920	-1.140
-0.880	-1.160
POLYLINE BLACK
-0.760	-0.840
-0.760	-1.000
POLYLINE BLACK
-1.100	-1.080
-1.060	-1.200
POLYLINE BLACK
-1.400	-1.320
-1.340	-1.360
-1.340	-1.400
POLYLINE BLACK
-1.620	-1.560
-1.600	-1.600
POLYLINE BLACK
-1.880	-1.760
-1.880	-1.800
POLYLINE BLACK
-2.080	-1.920
-2.060	-1.960
POLYLINE BLACK
-0.920	-0.980
-0.780	-0.760
-0.740	-0.760
-0.680	-0.700
-0.600	-0.640
-0.520	-0.620
-0.500	-0.660
-0.620	-0.920
-0.720	-1.040
-0.740	-1.120
-0.800	-1.200
POLYLINE BLACK
-0.860	-1.080
POLYLINE BLACK
-2.620	-2.140
-2.580	-2.280
-2.660	-2.340
-2.660	-2.400
-2.860	-2.620
-2.960	-2.660
-3.000	-2.720
-3.040	-2.720
-3.140	-2.820
-3.300	-2.920
-3.340	-3.000
-3.380	-3.020
-3.500	-3.300
-3.520	-3.380
-3.540	-3.460
-3.500	-3.640
-3.480	-3.720
-3.240	-4.000
-3.040	-4.180
-2.960	-4.180
-2.840	-4.260
-2.780	-4.280
POLYLINE BLACK
-2.140	-3.120
-2.100	-3.060
-2.100	-3.000
-1.940	-2.740
-1.840	-2.640
-1.800	-2.580
-1.800	-2.540
-1.700	-2.420
-1.620	-2.280
-1.580	-2.180
-1.520	-2.080
-1.460	-2.000
-1.460	-1.960
-1.400	-1.860
-1.300	-1.700
-1.260	-1.680
POLYLINE BLACK
-0.720	-1.140
-0.820	-1.300
-1.020	-1.460
-1.060	-1.480
-1.060	-1.520
-1.220	-1.640
-1.240	-1.720
POLYLINE BLACK
-1.000	-1.060
-1.040	-1.060
-1.260	-1.280
-1.420	-1.440
-1.580	-1.540
-1.640	-1.640
-1.900	-1.800
-1.940	-1.840
-1.980	-1.840
-2.000	-1.900
-2.340	-2.120
-2.420	-2.140
-2.660	-2.400
-2.720	-2.520
POLYLINE BLACK
-1.040	-1.040
-1.060	-1.080
-1.100	-1.080
-1.180	-1.200
-1.260	-1.260
-1.260	-1.320
-1.300	-1.340
POLYLINE BLACK
-2.600	1.380
POLYLINE BLACK
-2.840	-2.780
-2.840	-2.740
-2.540	-2.400
-2.440	-2.300
-2.700	-2.600
-2.760	-2.700
-2.860	-2.760
POLYLINE BLACK
-2.560	-2.400
-2.500	-2.320
POLYLINE BLACK
-2.600	-2.460
POLYLINE BLACK
-0.720	-0.820
-0.700	-0.880
-0.820	-1.000
-0.940	-1.080
-0.960	-1.120
-1.060	-1.140
-1.100	-1.180
POLYLINE BLACK
-0.640	-0.860

ELEVATION
STATIONS
0.000	0.000	1.0
2.386	6.170	1.1
3.213	9.451	1.2
5.884	11.382	1.3
10.380	15.805	1.4
12.849	15.458	1.5
14.281	22.270	1.6
15.397	23.075	1.7
16.692	23.505	1.8
17.884	23.649	1.9
19.399	23.974	1.10
21.637	25.158	1.11
23.276	26.547	1.12
26.463	27.223	1.13
28.916	27.988	1.14
31.007	28.192	1.15
36.186	29.918	1.16
40.063	31.166	1.17
40.682	31.309	1.18
44.001	31.865	1.19
44.233	31.593	1.20
46.986	32.033	1.21
48.409	32.301	1.22
50.059	33.050	1.23
51.913	33.232	1.24
52.955	33.048	1.25
54.808	33.584	1.26
59.092	34.926	1.27
1.049	-0.474	1.28
1.868	-0.915	1.29
2.573	-0.631	1.30
3.433	-0.525	1.31
3.971	-0.733	1.32
4.797	-0.912	1.33
6.971	-1.229	1.34
7.670	-1.135	1.35
9.788	-1.527	1.36
13.002	-1.125	1.37
14.073	-1.310	1.38
15.192	-1.623	1.39
16.753	-3.174	1.40
18.626	-3.586	1.41
19.460	-4.123	1.42
22.859	-5.830	1.43
19.758	-3.741	1.44
21.004	-3.484	1.45
21.759	-3.613	1.46
22.512	-3.867	1.47
23.407	-3.940	1.48
SHOTS
22.512	-3.867	23.407	-3.940
23.407	-3.940	22.946	-3.932
23.407	-3.940	23.230	-2.565
23.407	-3.940	23.237	-6.505
23.407	-3.940	25.201	-18.427
21.759	-3.613	22.512	-3.867
22.512	-3.867	22.392	-3.904
22.512	-3.867	22.459	-6.501
22.512	-3.867	22.186	-2.345
21.004	-3.484	21.759	-3.613
21.759	-3.613	21.878	-3.646
21.759	-3.613	21.770	-5.940
21.759	-3.613	21.794	-2.221
19.758	-3.741	21.004	-3.484
21.004	-3.484	20.543	-3.450
21.004	-3.484	20.821	-3.522
21.004	-3.484	21.179	-2.076
21.004	-3.484	20.745	-5.929
21.004	-3.484	21.738	-3.614
18.626	-3.586	19.758	-3.741
19.758	-3.741	19.855	-3.734
19.758	-3.741	19.611	-3.863
19.758	-3.741	20.295	-3.795
19.758	-3.741	19.540	-1.623
19.758	-3.741	20.087	-6.895
19.460	-4.123	22.859	-5.830
22.859	-5.830	22.212	-5.496
22.859	-5.830	22.559	-5.550
22.859	-5.830	22.902	-5.520
22.859	-5.830	23.553	-5.385
22.859	-5.830	24.089	-5.260
22.859	-5.830	23.215	-5.648
22.859	-5.830	23.280	-5.766
22.859	-5.830	22.592	-5.822
22.859	-5.830	21.820	-5.797
22.859	-5.830	23.009	-7.192
22.859	-5.830	23.596	0.092
22.859	-5.830	23.126	-2.568
22.859	-5.830	23.820	-6.510
22.859	-5.830	23.807	-6.624
22.859	-5.830	23.789	-7.091
22.859	-5.830	22.058	-5.560
22.859	-5.830	21.883	-5.628
22.859	-5.830	20.329	-5.805
22.859	-5.830	19.891	-5.745
16.753	-3.174	19.460	-4.123
19.460	-4.123	19.537	-4.123
19.460	-4.123	18.429	-4.046
19.460	-4.123	19.404	-6.138
19.460	-4.123	18.923	-0.507
16.753	-3.174	18.626	-3.586
18.626	-3.586	18.109	-3.564
18.626	-3.586	18.348	-1.589
18.626	-3.586	18.622	-5.342
18.626	-3.586	18.633	-4.256
15.192	-1.623	16.753	-3.174
16.753	-3.174	17.167	-0.914
16.753	-3.174	17.268	-5.311
16.753	-3.174	16.448	-4.127
16.753	-3.174	16.241	-3.108
16.753	-3.174	15.951	-2.235
16.753	-3.174	16.212	-3.138
16.753	-3.174	16.406	-1.409
16.753	-3.174	16.336	-1.331
16.753	-3.174	17.548	-3.565
16.753	-3.174	16.507	-3.991
16.753	-3.174	17.098	-3.890
14.073	-1.310	15.192	-1.623
15.192	-1.623	15.232	-1.627
15.192	-1.623	15.097	-0.741
15.192	-1.623	15.162	-3.363
15.192	-1.623	14.754	-3.595
13.002	-1.125	14.073	-1.310
14.073	-1.310	14.006	-1.276
14.073	-1.310	13.842	-2.339
14.073	-1.310	14.173	-1.786
14.073	-1.310	14.476	-2.959
14.073	-1.310	14.185	-0.658
9.788	-1.527	13.002	-1.125
13.002	-1.125	13.121	-1.136
13.002	-1.125	13.042	-0.871
13.002	-1.125	13.008	-2.638
7.670	-1.135	9.788	-1.527
9.788	-1.527	9.740	-1.323
9.788	-1.527	9.437	-1.542
9.788	-1.527	9.297	-1.653
9.788	-1.527	9.861	-1.021
9.788	-1.527	9.694	-2.432
9.788	-1.527	11.142	-1.358
6.971	-1.229	7.670	-1.135
7.670	-1.135	7.361	-1.165
7.670	-1.135	7.687	-1.249
7.670	-1.135	7.885	-1.208
7.670	-1.135	7.682	-0.958
7.670	-1.135	7.651	-2.443
4.797	-0.912	6.971	-1.229
6.971	-1.229	6.479	-1.149
6.971	-1.229	6.937	-0.942
6.971	-1.229	6.696	-2.263
6.971	-1.229	6.533	-1.183
3.971	-0.733	4.797	-0.912
4.797	-0.912	4.620	-0.902
4.797	-0.912	4.911	-0.955
4.797	-0.912	4.819	-0.600
4.797	-0.912	4.803	-1.937
3.433	-0.525	3.971	-0.733
3.971	-0.733	4.271	-0.778
3.971	-0.733	3.819	-0.695
3.971	-0.733	3.471	-0.719
3.971	-0.733	3.960	-0.375
3.971	-0.733	3.978	-1.997
2.573	-0.631	3.433	-0.525
3.433	-0.525	3.450	-0.502
3.433	-0.525	3.457	-0.206
3.433	-0.525	3.312	-2.058
1.868	-0.915	2.573	-0.631
2.573	-0.631	2.296	-0.608
2.573	-0.631	2.649	-0.840
2.573	-0.631	2.617	0.030
2.573	-0.631	2.591	-1.999
1.049	-0.474	1.868	-0.915
1.868	-0.915	1.562	-0.926
1.868	-0.915	1.881	-0.967
1.868	-0.915	1.957	0.089
1.868	-0.915	1.883	-2.163
0.000	0.000	1.049	-0.474
1.049	-0.474	0.829	-0.524
1.049	-0.474	1.008	-2.008
1.049	-0.474	1.072	0.380
1.049	-0.474	1.824	-0.396
54.808	33.584	59.092	34.926
52.955	33.048	54.808	33.584
54.808	33.584	55.256	33.559
51.913	33.232	52.955	33.048
52.955	33.048	53.460	33.061
52.955	33.048	53.207	32.413
52.955	33.048	53.364	33.976
50.059	33.050	51.913	33.232
48.409	32.301	50.059	33.050
50.059	33.050	50.314	33.026
50.059	33.050	50.150	33.457
50.059	33.050	50.243	31.536
50.059	33.050	51.979	33.246
46.986	32.033	48.409	32.301
44.233	31.593	46.986	32.033
46.986	32.033	46.743	30.961
46.986	32.033	46.640	31.826
46.986	32.033	46.903	32.764
44.001	31.865	44.233	31.593
40.682	31.309	44.001	31.865
40.063	31.166	40.682	31.309
40.682	31.309	44.028	31.862
36.186	29.918	40.063	31.166
40.063	31.166	39.618	31.105
40.063	31.166	40.287	30.032
40.063	31.166	40.106	32.018
40.063	31.166	39.638	30.620
40.063	31.166	39.410	31.316
40.063	31.166	40.682	31.304
31.007	28.192	36.186	29.918
36.186	29.918	36.145	30.025
36.186	29.918	35.579	30.058
36.186	29.918	33.580	30.187
36.186	29.918	34.423	30.227
36.186	29.918	35.697	30.028
36.186	29.918	35.789	30.142
36.186	29.918	34.886	28.140
36.186	29.918	36.090	27.976
36.186	29.918	36.347	31.380
28.916	27.988	31.007	28.192
31.007	28.192	31.062	28.254
31.007	28.192	31.454	26.227
31.007	28.192	31.211	30.169
26.463	27.223	28.916	27.988
28.916	27.988	28.942	28.014
28.916	27.988	29.189	29.642
28.916	27.988	29.570	25.233
23.276	26.547	26.463	27.223
26.463	27.223	26.575	27.159
26.463	27.223	26.680	25.678
26.463	27.223	26.495	27.890
26.463	27.223	28.838	27.985
26.463	27.223	28.932	28.029
26.463	27.223	28.868	27.976
26.463	27.223	28.853	27.971
26.463	27.223	28.973	27.980
21.637	25.158	23.276	26.547
23.276	26.547	23.259	26.523
23.276	26.547	23.352	25.351
23.276	26.547	23.665	30.071
23.276	26.547	23.182	26.545
23.276	26.547	23.273	25.189
23.276	26.547	23.466	29.937
23.276	26.547	23.305	26.529
23.276	26.547	23.460	25.165
23.276	26.547	23.349	28.650
23.276	26.547	23.617	22.199
23.276	26.547	26.344	27.219
23.276	26.547	26.334	27.221
23.276	26.547	26.478	27.229
19.399	23.974	21.637	25.158
21.637	25.158	21.713	25.134
21.637	25.158	21.877	28.824
21.637	25.158	21.724	24.050
21.637	25.158	21.397	22.886
17.884	23.649	19.399	23.974
19.399	23.974	19.331	23.973
19.399	23.974	19.427	23.578
19.399	23.974	19.496	28.072
16.692	23.505	17.884	23.649
17.884	23.649	17.872	22.919
17.884	23.649	17.501	23.628
17.884	23.649	17.973	27.349
15.397	23.075	16.692	23.505
16.692	23.505	16.861	23.437
16.692	23.505	16.813	22.712
16.692	23.505	16.694	22.816
16.692	23.505	16.949	26.848
14.281	22.270	15.397	23.075
15.397	23.075	15.239	23.420
15.397	23.075	14.381	23.261
15.397	23.075	15.264	23.632
15.397	23.075	14.607	25.912
15.397	23.075	16.096	20.359
15.397	23.075	16.287	18.346
12.849	15.458	14.281	22.270
14.281	22.270	14.028	22.284
14.281	22.270	12.642	22.215
14.281	22.270	13.121	22.211
14.281	22.270	14.625	22.208
14.281	22.270	15.502	22.152
14.281	22.270	15.578	22.089
14.281	22.270	14.238	22.210
10.380	15.805	12.849	15.458
12.849	15.458	12.071	15.316
12.849	15.458	11.734	15.130
12.849	15.458	12.115	15.059
12.849	15.458	11.938	14.436
12.849	15.458	12.191	14.775
12.849	15.458	12.618	15.311
12.849	15.458	11.923	4.667
12.849	15.458	13.155	22.621
12.849	15.458	11.605	5.317
12.849	15.458	10.134	5.268
12.849	15.458	12.617	5.043
5.884	11.382	10.380	15.805
10.380	15.805	9.234	15.497
10.380	15.805	9.860	15.792
10.380	15.805	9.622	15.742
10.380	15.805	9.881	15.784
10.380	15.805	9.257	15.646
10.380	15.805	10.328	15.044
10.380	15.805	10.434	22.445
10.380	15.805	9.905	19.524
10.380	15.805	11.243	21.400
10.380	15.805	10.936	19.427
10.380	15.805	10.599	22.110
3.213	9.451	5.884	11.382
5.884	11.382	6.011	10.316
5.884	11.382	4.746	10.286
5.884	11.382	5.515	11.237
5.884	11.382	6.330	11.158
5.884	11.382	5.847	11.353
5.884	11.382	6.758	10.875
5.884	11.382	9.005	10.664
5.884	11.382	10.559	10.334
5.884	11.382	8.817	11.000
5.884	11.382	10.440	8.444
5.884	11.382	10.375	15.803
5.884	11.382	10.343	15.781
2.386	6.170	3.213	9.451
3.213	9.451	3.097	9.422
3.213	9.451	2.680	9.511
0.000	0.000	2.386	6.170
2.386	6.170	2.047	6.031
2.386	6.170	0.963	5.963
2.386	6.170	3.116	6.068
2.386	6.170	2.768	6.673
2.386	6.170	2.665	7.913
2.386	6.170	1.866	-2.031
2.386	6.170	1.535	9.413
2.386	6.170	1.552	9.409
0.000	0.000	0.000	-0.468
POLYLINE BLACK
21.580	-5.940
21.660	-5.940
21.740	-6.020
21.820	-6.020
22.140	-6.220
22.220	-6.340
22.380	-6.380
22.700	-6.580
22.900	-6.780
23.020	-6.900
23.060	-6.980
POLYLINE BLACK
21.580	-2.180
21.980	-2.380
22.140	-2.380
22.300	-2.420
22.380	-2.420
22.460	-2.500
22.700	-2.500
22.860	-2.620
23.020	-2.660
23.180	-2.700
POLYLINE BLACK
18.900	-5.900
18.980	-5.940
19.060	-5.900
19.300	-6.060
19.380	-6.060
19.460	-6.140
19.980	-6.020
20.380	-5.940
20.460	-5.980
20.620	-5.900
20.700	-5.940
20.900	-5.900
21.060	-5.900
21.220	-5.940
21.380	-5.900
21.620	-5.980
21.860	-6.020
POLYLINE BLACK
19.220	-1.580
19.220	-1.660
19.540	-1.780
19.780	-1.780
19.940	-1.740
20.100	-1.860
20.220	-1.860
20.300	-1.820
20.380	-1.900
20.540	-1.900
20.700	-1.980
20.780	-1.940
20.860	-2.020
21.180	-2.100
21.260	-2.180
21.420	-2.140
21.500	-2.220
21.580	-2.180
21.780	-2.260
POLYLINE BLACK
18.100	-1.220
18.020	-1.260
17.900	-1.220
17.860	-1.140
17.700	-1.100
17.460	-0.980
POLYLINE BLACK
17.940	-1.260
18.020	-1.260
18.260	-1.420
18.420	-1.460
18.580	-1.580
18.740	-1.620
18.980	-1.700
19.140	-1.700
19.220	-1.740
19.380	-1.700
19.620	-1.700
19.780	-1.740
POLYLINE BLACK
24.100	2.060
POLYLINE BLACK
18.660	-5.500
POLYLINE BLACK
18.380	-1.620
18.460	-1.500
18.580	-1.540
18.660	-1.460
POLYLINE GRAY
18.780	-4.020
18.620	-4.060
18.460	-4.060
18.300	-4.220
18.220	-4.220
18.100	-4.380
17.980	-4.580
17.980	-4.860
18.140	-5.180
18.260	-5.300
18.340	-5.300
18.580	-5.460
18.740	-5.460
18.980	-5.620
19.140	-5.620
19.380	-5.460
19.580	-5.220
19.580	-4.860
19.540	-4.700
19.500	-4.540
19.220	-4.260
19.060	-4.140
18.740	-4.060
18.580	-4.100
18.500	-4.100
POLYLINE BLACK
20.380	-5.900
POLYLINE BLACK
19.580	-5.820
19.740	-5.860
19.820	-5.860
POLYLINE BLACK
21.780	-6.620
21.700	-6.740
POLYLINE BLACK
21.500	-6.420
21.500	-6.580
POLYLINE BLACK
21.260	-6.100
21.020	-6.420
21.020	-6.540
POLYLINE BLACK
20.860	-6.060
20.860	-6.180
20.740	-6.340
POLYLINE BLACK
20.460	-5.900
20.500	-5.980
20.460	-6.260
POLYLINE BLACK
20.220	-5.940
20.220	-6.060
POLYLINE BLACK
21.980	-6.580
21.700	-6.700
POLYLINE BLACK
20.340	-6.140
20.300	-6.220
POLYLINE BLACK
19.940	-5.860
19.940	-6.060
POLYLINE BLACK
19.300	-5.580
19.300	-5.660
POLYLINE BLACK
21.980	-6.740
22.100	-6.940
POLYLINE BLACK
21.060	-6.100
21.140	-6.180
21.300	-6.220
POLYLINE BLACK
19.940	-5.820
20.180	-5.820
20.380	-5.860
POLYLINE BLACK
18.940	-5.620
19.140	-5.580
19.300	-5.620
19.460	-5.620
POLYLINE BLACK
17.820	-5.540
17.980	-5.500
18.060	-5.580
18.140	-5.500
18.340	-5.540
18.500	-5.500
POLYLINE BLACK
23.500	0.060
23.660	0.100
23.700	-0.020
23.900	-0.220
24.020	-0.620
24.020	-0.820
24.060	-0.980
24.060	-2.140
24.020	-2.300
24.020	-2.820
23.980	-3.020
23.980	-4.060
23.940	-4.220
24.020	-4.740
24.020	-5.420
23.980	-5.620
23.980	-5.940
23.940	-6.100
23.940	-6.460
23.780	-6.860
23.500	-7.220
POLYLINE BLACK
22.700	-7.260
22.980	-7.300
23.060	-7.260
23.140	-7.340
23.460	-7.260
23.620	-7.220
POLYLINE BLACK
19.100	-5.900
19.540	-6.020
19.620	-6.100
19.780	-6.140
20.020	-6.300
20.180	-6.340
20.260	-6.420
20.420	-6.460
20.660	-6.580
20.740	-6.540
21.060	-6.660
21.180	-6.660
21.500	-6.860
21.660	-6.900
21.980	-7.020
22.100	-7.020
22.180	-7.100
22.260	-7.060
22.500	-7.180
22.660	-7.220
22.820	-7.180
22.900	-7.260
22.980	-7.220
23.020	-7.300
POLYLINE BLACK
18.780	-0.540
18.940	-0.540
19.020	-0.500
19.140	-0.540
19.460	-0.420
19.820	-0.380
19.980	-0.340
20.060	-0.380
20.340	-0.300
20.420	-0.340
20.540	-0.260
20.980	-0.260
21.060	-0.220
21.140	-0.260
21.300	-0.220
21.540	-0.220
21.700	-0.180
21.820	-0.180
21.900	-0.140
22.100	-0.180
22.180	-0.100
22.420	-0.100
22.500	-0.060
22.620	-0.100
22.780	-0.060
22.860	-0.100
23.020	-0.060
23.100	-0.060
23.220	0.020
23.380	-0.020
23.540	0.020
POLYLINE BLACK
20.550	-2.430
POLYLINE BLACK
16.980	-5.280
17.040	-5.250
17.160	-5.340
17.280	-5.340
17.400	-5.430
17.520	-5.400
17.640	-5.490
17.760	-5.520
17.940	-5.610
18.060	-5.640
18.360	-5.730
18.450	-5.730
19.080	-5.940
19.140	-5.910
19.320	-5.970
19.500	-6.120
POLYLINE BLACK
16.770	-0.870
16.860	-0.840
17.040	-0.930
17.100	-0.900
17.220	-0.930
17.400	-0.930
17.520	-0.900
17.640	-0.870
17.880	-0.780
17.940	-0.780
18.000	-0.720
18.240	-0.660
18.600	-0.570
18.690	-0.600
18.750	-0.540
18.870	-0.510
POLYLINE BLACK
15.000	-3.240
15.240	-3.390
15.300	-3.390
15.390	-3.480
15.510	-3.570
15.570	-3.570
15.600	-3.630
15.720	-3.660
15.840	-3.750
15.900	-3.750
16.110	-3.930
16.410	-4.140
16.620	-4.350
16.890	-4.680
16.980	-4.860
16.980	-5.040
17.100	-5.400
POLYLINE BLACK
14.970	-0.660
15.180	-0.690
15.300	-0.720
15.360	-0.750
15.420	-0.720
15.480	-0.750
15.600	-0.720
15.630	-0.780
15.750	-0.750
15.930	-0.810
16.050	-0.780
16.200	-0.840
16.260	-0.810
16.500	-0.870
16.680	-0.870
16.980	-0.990
POLYLINE BLACK
14.340	-2.970
14.340	-3.030
14.460	-3.000
14.880	-3.150
15.000	-3.210
15.030	-3.270
15.150	-3.300
15.210	-3.420
POLYLINE BLACK
14.340	-3.000
14.430	-2.940
14.550	-2.940
POLYLINE BLACK
14.070	-0.720
14.190	-0.750
14.340	-0.750
14.520	-0.690
14.640	-0.660
14.700	-0.690
14.820	-0.660
15.120	-0.660
POLYLINE BLACK
14.250	-2.850
14.370	-2.940
14.400	-3.030
POLYLINE BLACK
13.740	-2.310
13.710	-2.400
13.650	-2.400
13.590	-2.460
13.530	-2.460
13.440	-2.550
13.500	-2.550
13.620	-2.460
13.680	-2.460
13.740	-2.400
13.860	-2.370
13.890	-2.430
13.950	-2.430
14.010	-2.490
14.070	-2.490
14.070	-2.550
14.310	-2.760
14.340	-2.880
14.400	-2.940
POLYLINE BLACK
12.720	-2.730
12.840	-2.760
13.140	-2.670
13.320	-2.640
13.380	-2.580
13.440	-2.610
13.560	-2.520
13.680	-2.520
13.740	-2.460
POLYLINE BLACK
12.840	-0.960
12.900	-0.930
12.990	-0.960
13.410	-0.840
13.530	-0.810
13.650	-0.780
13.710	-0.750
13.770	-0.780
13.830	-0.720
13.890	-0.750
14.190	-0.660
14.250	-0.690
POLYLINE BLACK
7.420	-2.420
7.580	-2.500
7.660	-2.420
7.820	-2.460
7.980	-2.460
8.100	-2.500
8.340	-2.420
8.460	-2.420
8.540	-2.380
8.700	-2.420
9.380	-2.420
9.540	-2.460
9.620	-2.420
9.700	-2.460
9.980	-2.420
10.260	-2.420
10.380	-2.380
10.460	-2.460
10.540	-2.420
10.700	-2.460
10.900	-2.420
11.100	-2.460
11.420	-2.500
11.540	-2.500
11.620	-2.580
11.700	-2.540
11.940	-2.620
12.020	-2.620
12.100	-2.700
12.260	-2.700
12.340	-2.780
12.780	-2.780
12.860	-2.740
13.020	-2.780
13.100	-2.740
POLYLINE BLACK
7.460	-1.020
7.620	-0.980
7.780	-0.980
7.940	-1.020
8.060	-1.020
8.220	-1.060
8.380	-1.020
8.460	-1.060
8.540	-1.020
8.620	-1.100
8.780	-1.100
8.860	-1.060
9.020	-1.100
9.540	-1.100
9.620	-1.140
9.700	-1.100
9.860	-1.140
10.020	-1.140
10.100	-1.100
10.180	-1.180
10.340	-1.100
10.460	-1.100
10.700	-1.180
10.940	-1.100
11.060	-1.100
11.220	-1.060
11.580	-1.140
11.740	-1.100
11.820	-1.140
11.900	-1.100
12.060	-1.140
12.220	-1.140
12.580	-1.060
12.740	-1.060
12.980	-0.980
POLYLINE BLACK
6.260	-2.180
6.300	-2.260
6.380	-2.260
6.460	-2.340
6.780	-2.340
6.860	-2.300
6.940	-2.340
7.100	-2.300
7.260	-2.300
7.500	-2.380
POLYLINE BLACK
6.740	-0.940
6.660	-0.900
6.900	-0.940
6.980	-0.900
7.060	-0.940
7.140	-0.900
7.300	-0.940
7.540	-0.900
POLYLINE BLACK
6.540	-0.820
6.860	-0.900
POLYLINE BLACK
4.540	-0.580
4.820	-0.700
4.900	-0.660
4.980	-0.740
5.060	-0.700
5.220	-0.740
5.380	-0.780
5.460	-0.820
5.620	-0.780
5.780	-0.820
5.940	-0.820
6.100	-0.860
6.420	-0.900
6.740	-0.900
6.900	-0.980
POLYLINE BLACK
4.460	-1.940
4.700	-2.060
4.860	-2.020
4.940	-2.100
5.020	-2.060
5.100	-2.100
5.260	-2.060
5.420	-2.100
5.580	-2.060
5.780	-2.060
5.940	-2.140
6.100	-2.100
6.420	-2.180
6.500	-2.260
6.660	-2.260
POLYLINE BLACK
-0.900	3.820
-0.940	3.980
POLYLINE BLACK
3.580	-0.220
3.620	-0.380
3.940	-0.500
4.100	-0.500
4.260	-0.540
4.420	-0.540
4.580	-0.620
4.700	-0.580
4.700	-0.660
POLYLINE BLACK
3.620	-2.140
4.100	-1.980
4.180	-1.980
4.260	-1.900
4.420	-1.940
4.580	-1.900
4.660	-1.900
POLYLINE BLACK
3.500	-2.100
3.660	-2.060
3.820	-2.100
POLYLINE BLACK
3.220	-0.140
3.300	-0.220
3.460	-0.260
3.540	-0.300
3.620	-0.260
3.700	-0.340
3.860	-0.300
3.940	-0.340
POLYLINE BLACK
2.180	0.020
2.340	-0.020
2.420	-0.100
2.740	-0.100
2.980	-0.180
3.140	-0.140
3.380	-0.180
POLYLINE BLACK
1.620	-2.180
1.780	-2.220
1.940	-2.220
2.020	-2.180
2.100	-2.220
2.260	-2.100
2.340	-2.140
2.500	-2.060
POLYLINE BLACK
1.500	0.180
1.500	0.100
1.620	0.140
1.780	0.100
1.860	0.140
1.940	0.060
2.100	0.060
2.260	-0.020
2.340	0.020
2.500	-0.020
POLYLINE BLACK
1.100	-1.980
1.180	-2.060
1.340	-2.100
1.820	-2.220
POLYLINE BLACK
0.780	0.300
0.980	0.340
1.020	0.420
1.020	0.340
1.140	0.420
1.220	0.420
1.260	0.340
1.420	0.300
1.900	-0.020
1.980	-0.020
1.980	-0.140
2.060	-0.100
POLYLINE BLACK
0.660	-1.160
0.660	-1.820
0.720	-2.000
0.840	-2.060
1.080	-2.000
1.200	-2.060
1.320	-1.940
1.440	-2.000
1.500	-1.880
POLYLINE BLACK
0.840	0.280
0.840	0.400
1.080	0.460
1.260	0.160
1.320	-0.080
1.440	-0.620
1.500	-1.100
1.500	-1.820
1.440	-1.940
POLYLINE BLACK
0.900	0.340
0.840	0.460
0.600	-0.020
0.600	-0.380
0.540	-0.620
0.540	-0.860
0.600	-1.100
0.600	-1.760
POLYLINE BLACK
18.300	26.980
POLYLINE BLACK
18.300	26.860
POLYLINE BLACK
12.300	22.480
12.060	22.300
11.940	22.360
11.520	22.300
11.040	22.240
10.800	22.180
10.320	22.000
10.200	21.880
10.080	21.880
10.020	21.760
POLYLINE BLACK
12.300	22.420
12.300	22.240
12.540	22.360
12.660	22.300
12.960	22.360
13.080	22.480
13.200	22.480
13.500	22.840
13.560	23.080
13.980	24.340
13.920	24.460
14.040	24.580
14.040	24.820
14.100	25.120
14.100	25.240
POLYLINE BLACK
51.470	33.730
51.970	33.830
52.170	34.030
52.570	34.030
52.970	33.930
53.570	34.130
54.570	34.330
54.770	34.330
POLYLINE BLACK
52.170	33.730
POLYLINE BLACK
36.270	31.330
37.370	31.730
37.770	31.830
37.970	31.730
38.170	31.830
38.370	31.730
38.870	31.830
39.070	31.730
40.470	32.130
40.870	32.030
41.270	32.230
41.470	32.130
41.670	32.230
41.870	32.130
42.270	32.230
42.670	32.130
43.070	32.230
43.270	32.130
43.870	32.330
44.070	32.230
44.470	32.430
44.770	32.430
45.170	32.530
45.570	32.630
45.970	32.730
46.370	32.830
46.770	32.930
47.570	33.130
47.970	33.230
48.170	33.130
48.570	33.230
48.770	33.230
48.970	33.430
49.370	33.530
49.770	33.430
49.970	33.630
50.370	33.530
50.770	33.630
51.170	33.530
51.370	33.630
51.770	33.530
51.970	33.630
POLYLINE BLACK
35.970	28.180
36.570	28.330
36.870	28.330
38.370	29.230
38.970	29.380
39.120	29.680
39.420	29.680
39.720	29.980
40.620	29.980
42.270	30.580
43.170	30.580
43.770	30.880
44.070	30.730
44.370	30.880
44.670	30.730
45.270	31.030
45.570	30.880
46.020	31.180
46.620	31.330
46.920	31.180
47.520	31.480
48.120	31.330
49.020	31.630
49.320	31.480
50.220	31.780
50.820	31.930
52.020	32.230
53.370	32.530
53.670	32.380
56.070	32.980
56.220	33.280
POLYLINE BLACK
31.140	25.960
31.740	26.500
32.220	26.620
32.580	26.860
33.120	26.980
33.840	27.400
33.960	27.400
34.200	27.640
34.440	27.700
34.560	27.760
34.680	27.700
34.920	27.760
35.040	27.760
35.100	27.880
35.580	27.820
35.700	27.940
35.820	27.880
35.940	27.940
36.060	27.880
POLYLINE BLACK
30.660	30.280
30.660	30.160
30.780	30.280
31.020	30.280
31.440	30.460
31.800	30.760
32.280	31.060
32.820	31.180
33.060	31.360
33.300	31.360
33.960	31.540
34.260	31.540
34.500	31.660
34.740	31.600
35.340	31.720
35.580	31.660
35.760	31.660
35.880	31.720
36.000	31.600
36.240	31.600
36.360	31.540
POLYLINE BLACK
31.140	30.460
31.380	30.520
31.380	30.640
31.620	30.580
31.740	30.700
31.860	30.700
POLYLINE BLACK
24.000	30.340
POLYLINE BLACK
23.520	30.220
POLYLINE BLACK
23.940	30.160
23.940	30.280
23.700	30.220
POLYLINE BLACK
24.360	30.220
24.600	30.220
24.840	30.160
25.020	30.160
25.260	30.100
26.160	29.920
26.640	29.860
27.000	29.860
27.420	29.740
27.540	29.800
27.660	29.680
28.440	29.680
28.680	29.620
29.040	29.620
29.160	29.560
29.280	29.680
29.820	29.680
30.060	29.740
30.180	29.860
30.300	29.800
30.660	29.980
30.900	30.040
31.080	30.220
POLYLINE BLACK
24.180	30.280
POLYLINE BLACK
23.400	25.240
23.640	25.420
24.420	25.660
25.140	25.840
25.260	25.900
25.680	25.840
25.800	25.900
25.920	25.780
26.160	25.840
26.400	25.780
26.640	25.840
27.000	25.720
27.240	25.720
27.480	25.600
27.840	25.600
28.440	25.420
28.560	25.420
28.920	25.180
29.160	25.240
29.400	25.180
29.520	25.240
29.760	25.180
30.000	25.180
30.420	25.240
30.480	25.360
30.600	25.360
31.320	26.140
POLYLINE BLACK
23.100	24.880
23.220	25.120
23.340	25.180
POLYLINE BLACK
23.360	25.480
23.320	25.320
23.280	25.160
22.760	24.520
22.640	24.320
22.400	24.200
POLYLINE BLACK
22.520	24.240
POLYLINE BLACK
21.760	28.960
21.840	28.920
22.240	29.160
22.480	29.280
22.520	29.360
22.600	29.360
22.880	29.680
23.000	29.680
23.320	29.960
23.560	30.160
23.640	30.160
23.720	30.240
POLYLINE BLACK
21.800	29.120
21.880	29.080
POLYLINE BLACK
17.410	22.840
17.490	22.840
17.610	22.920
17.770	22.920
17.930	22.960
18.170	22.920
18.330	22.880
18.410	22.920
18.810	22.760
19.010	22.760
19.130	22.720
19.290	22.760
19.650	22.720
19.890	22.760
20.090	22.720
20.250	22.760
20.730	22.760
20.930	22.800
21.170	22.800
21.250	22.960
21.250	23.080
21.370	23.400
21.370	23.560
21.410	23.720
21.490	23.800
21.530	24.000
21.730	24.240
22.090	24.200
22.170	24.240
22.250	24.200
22.330	24.240
22.410	24.200
22.490	24.240
22.570	24.200
22.650	24.240
22.690	24.160
POLYLINE BLACK
18.530	22.800
18.610	22.840
18.770	22.800
POLYLINE BLACK
19.450	28.080
19.850	28.400
20.210	28.520
20.290	28.600
20.450	28.640
20.530	28.600
20.690	28.720
21.290	28.840
21.610	28.920
21.770	28.960
21.850	28.920
22.010	28.960
22.170	28.960
POLYLINE BLACK
17.410	27.200
17.570	27.240
17.730	27.280
17.810	27.360
18.010	27.360
18.090	27.440
18.250	27.480
18.330	27.560
18.490	27.600
18.570	27.680
18.770	27.720
18.810	27.800
19.170	28.000
19.250	28.080
19.370	28.080
19.570	28.200
19.650	28.240
POLYLINE BLACK
19.370	24.080
19.290	24.000
19.250	24.080
19.170	24.000
19.090	24.000
19.010	23.840
19.090	23.760
19.170	23.760
19.210	23.680
19.370	23.720
19.370	23.800
19.530	23.960
POLYLINE BLACK
12.370	15.520
POLYLINE BLACK
17.470	23.120
17.470	22.920
17.870	22.820
POLYLINE BLACK
16.270	27.120
16.470	27.020
16.670	27.120
16.870	27.020
17.670	27.220
POLYLINE BLACK
14.380	25.740
14.440	25.980
14.800	26.340
15.520	26.820
15.760	26.880
16.000	27.000
16.240	26.940
16.360	27.000
16.480	26.940
16.720	27.000
16.840	26.940
POLYLINE BLACK
16.540	22.140
16.480	22.260
16.840	22.620
17.440	22.860
17.560	22.800
17.680	22.860
POLYLINE BLACK
16.240	21.360
16.300	21.600
16.300	21.840
16.420	22.380
16.600	22.560
16.600	22.560
16.600	22.140
16.540	21.900
16.540	21.480
16.480	21.240
16.480	21.000
16.360	20.460
16.240	20.880
16.240	21.540
16.180	21.660
16.240	21.900
16.180	22.140
16.360	22.440
16.600	22.500
16.660	22.620
POLYLINE BLACK
13.540	15.720
13.540	15.420
13.600	15.240
13.720	15.300
13.960	15.840
14.260	16.140
14.680	16.560
14.920	16.680
14.920	16.800
15.220	17.100
15.580	17.520
15.640	17.760
15.760	17.880
15.760	18.060
16.180	18.480
16.300	18.840
16.300	19.620
16.360	19.860
16.360	20.760
POLYLINE BLACK
13.540	14.220
13.360	14.880
13.420	15.000
13.600	15.060
13.600	15.180
POLYLINE BLACK
11.440	14.760
11.440	14.640
11.620	14.400
11.620	14.220
11.680	13.980
11.680	13.500
11.620	13.260
11.620	13.020
11.440	12.360
11.440	12.180
11.320	11.640
11.260	11.400
11.200	11.160
11.140	10.560
10.960	9.780
10.960	9.360
10.840	9.240
10.840	8.760
10.600	7.980
10.480	7.320
10.300	6.480
10.240	5.940
10.180	5.460
10.240	5.100
10.840	4.560
11.080	4.500
11.320	4.500
11.680	4.380
12.040	4.320
12.160	4.200
12.640	4.200
12.760	4.140
12.880	4.200
POLYLINE BLACK
13.420	14.400
13.420	14.160
13.480	13.920
13.540	13.440
13.480	13.320
13.540	13.080
13.540	10.320
13.600	9.840
13.600	9.360
13.660	9.060
13.600	8.820
13.660	8.700
13.600	8.580
13.660	8.160
13.660	7.440
13.600	7.320
13.660	6.900
13.600	6.660
13.660	6.000
13.660	5.640
13.720	5.400
13.660	5.160
13.600	4.920
13.240	4.500
13.120	4.500
13.060	4.380
12.940	4.380
12.820	4.260
12.580	4.260
12.460	4.200
POLYLINE BLACK
10.180	15.120
10.780	15.000
11.020	15.060
11.260	15.000
11.380	14.940
11.440	14.640
POLYLINE BLACK
5.600	12.300
5.800	12.600
5.800	12.800
6.100	13.200
6.200	13.600
6.900	15.100
8.200	17.000
8.300	17.400
8.700	18.600
9.200	19.600
9.200	20.000
9.800	21.800
10.100	22.400
POLYLINE BLACK
10.000	14.900
10.800	15.000
10.800	15.000
POLYLINE BLACK
5.600	12.000
5.500	11.800
6.000	12.600
POLYLINE BLACK
6.400	9.000
7.000	8.700
7.200	8.900
7.300	8.600
7.500	8.800
7.900	8.700
8.300	8.700
8.500	8.600
8.900	8.700
9.500	8.700
9.700	8.600
10.200	9.100
10.500	10.600
10.500	11.600
10.400	12.100
10.300	12.900
10.300	13.300
10.200	13.800
10.200	14.900
10.000	15.300
POLYLINE BLACK
6.200	8.900
6.200	8.700
6.600	8.700
6.700	8.500
POLYLINE BLACK
4.700	10.200
4.900	10.200
5.000	10.000
5.200	10.000
6.600	8.600
POLYLINE BLACK
3.200	9.400
3.900	9.900
4.800	10.100
5.000	10.300
6.000	10.300
6.400	10.400
POLYLINE BLACK
2.400	-1.300
2.400	-1.800
2.300	-2.000
2.700	-2.100
3.000	-2.100
3.200	-2.000
3.600	-2.200
3.800	-2.100
3.800	-1.300
3.400	-1.200
2.600	-1.700
POLYLINE BLACK
1.400	-0.900
1.000	-1.800
1.000	-2.000
1.500	-2.200
2.100	-1.800
2.300	-1.600
2.500	-1.600
2.500	-1.200
2.100	-0.800
1.900	-1.000
1.700	-1.000
POLYLINE BLACK
0.800	-0.800
0.600	-1.000
0.400	-0.900
-0.100	-1.400
-0.300	-1.800
0.000	-2.100
0.400	-2.000
1.200	-1.700
1.300	-1.500
0.900	-1.200
0.500	-1.100
POLYLINE BLACK
0.900	10.400
1.500	11.200
2.100	11.300
2.600	11.600
3.200	11.700
3.400	11.600
3.800	11.800
4.300	11.800
4.700	11.700
5.100	11.700
5.300	11.600
5.700	11.700
6.100	11.700
6.400	11.800
POLYLINE BLACK
0.800	9.100
1.000	9.900
1.400	10.500
1.500	10.800
1.700	10.900
POLYLINE BLACK
0.900	9.200
0.500	10.000
POLYLINE BLACK
0.800	9.200
POLYLINE BLACK
1.000	9.500
0.900	9.100
0.600	8.100
0.600	5.600
0.700	5.200
0.700	4.900
0.800	4.700
POLYLINE BLACK
0.700	6.600
0.700	6.200
0.500	5.600
0.500	4.900
0.400	4.500
0.400	2.900
0.300	2.500
0.300	0.400
0.200	0.000
0.100	-0.900
0.100	-1.500
0.000	-1.900
POLYLINE BLACK
1.200	8.000
1.000	7.600
1.000	6.500
0.900	6.300
1.000	6.100
0.900	5.700
0.900	3.700
1.000	3.500
0.900	3.100
1.000	2.800
0.900	2.400
0.800	1.500
0.700	1.300
POLYLINE BLACK
3.100	9.000
3.100	7.300
3.200	7.000
3.100	6.800
3.200	6.400
3.200	5.800
3.400	4.900
3.400	4.500
3.500	4.000
3.500	3.600
3.600	3.100
3.600	2.700
3.700	2.300
3.700	1.900
3.800	1.200
3.900	0.100
3.800	-0.600
3.800	-1.100
3.700	-1.500
3.700	-2.000
