[500] B3-6
SURVEY NAME: B3.6
SURVEY DATE: 8 9 2015  COMMENT:    TEAM lubomski paternoga
SURVEY TEAM:

DECLINATION:     3.16  FORMAT: DMMDLRUDLADN  CORRECTIONS:  0.00 0.00 0.00

    FROM      TO   LENGTH  BEARING      DIP     LEFT       UP     DOWN    RIGHT

BC:B3-6      BC:0             0.00     0.00     0.00     0.00     0.00     0.00     0.00
BC:0         BC:1            12.53    12.00   -35.10     0.00     0.00     0.00     0.00
BC:1         BC:2             3.41    45.90   -48.40     0.00     0.00     0.00     0.00
BC:2         BC:3            11.98    52.00   -67.00     0.00     0.00     0.00     0.00
BC:3         BC:4            12.57   147.90   -20.60     0.00     0.00     0.00     0.00
BC:4         BC:5             5.77   215.10   -34.80     0.00     0.00     0.00     0.00
BC:5         BC:6            28.28   268.20   -85.30     0.00     0.00     0.00     0.00
BC:6         BC:7             3.35    42.70    -2.70     0.00     0.00     0.00     0.00  ;5
BC:7         BC:8            53.31   195.00   -84.90     0.00     0.00     0.00     0.00
BC:8         BC:9            43.04   222.20   -87.30     0.00     0.00     0.00     0.00
BC:9         BC:10            1.80    17.20    82.80     0.00     0.00     0.00     0.00
BC:10        BC:11           18.04   164.10   -52.20     0.00     0.00     0.00     0.00
BC:11        BC:12           18.96   250.30   -85.00     0.00     0.00     0.00     0.00
BC:10        BC:13           13.02   184.90   -25.10     0.00     0.00     0.00     0.00
BC:13        BC:14            4.43   185.30   -37.20     0.00     0.00     0.00     0.00  ; 14 zwornik brak liny do dowiazania
BC:14        BC:15           12.34   327.50   -78.90     0.00     0.00     0.00     0.00  ; 14 zwornik brak liny do dowiazania
BC:15        BC:16           20.67   336.20   -71.30     0.00     0.00     0.00     0.00
BC:15        BC:17            9.65   319.30    -2.30     0.00     0.00     0.00     0.00
BC:16        BC:18            9.51   167.50   -18.70     0.00     0.00     0.00     0.00
BC:18        BC:19           17.98   173.60   -68.20     0.00     0.00     0.00     0.00  ; tu dowiazac nazi pom
BC:19        BC:19a           9.02   135.92   -40.44     0.00     0.00     0.00     0.00  ;#DATE 2014-07-26
BC:19a       BC:19b           6.82   203.57   -16.26     0.00     0.00     0.00     0.00
BC:19b       BC:19b.1         4.53   165.78    -2.20     0.00     0.00     0.00     0.00  ;domiar
BC:17        BC:20b          40.35   304.40    67.30     0.00     0.00     0.00     0.00  ; domiar do komina
BC:17        BC:21           10.20   281.50   -50.40     0.00     0.00     0.00     0.00
BC:21        BC:22            8.43    97.40   -81.30     0.00     0.00     0.00     0.00
BC:22        BC:23           17.22   288.90   -82.60     0.00     0.00     0.00     0.00
BC:22        BC:24            3.61   224.90    -6.00     0.00     0.00     0.00     0.00
BC:24        BC:25            8.10   135.10   -28.10     0.00     0.00     0.00     0.00
BC:25        BC:26            3.71   135.00   -60.80     0.00     0.00     0.00     0.00
BC:26        BC:27            5.71   182.90   -12.30     0.00     0.00     0.00     0.00
BC:27        BC:28            6.40   300.30   -54.60     0.00     0.00     0.00     0.00
BC:28        BC:29            4.56   205.40   -17.00     0.00     0.00     0.00     0.00
BC:29        BC:30           12.34   116.30   -82.30     0.00     0.00     0.00     0.00
BC:30        BC:31            8.86   326.00   -19.20     0.00     0.00     0.00     0.00
BC:31        BC:32            2.10   206.30    -4.00     0.00     0.00     0.00     0.00
BC:32        BC:33            5.41   213.50   -32.00     0.00     0.00     0.00     0.00
BC:33        BC:34           10.50   210.20   -15.20     0.00     0.00     0.00     0.00
BC:34        BC:35            9.81   310.00   -65.20     0.00     0.00     0.00     0.00
BC:35        BC:36            6.33   352.40   -75.90     0.00     0.00     0.00     0.00
BC:36        BC:37           10.50   179.90   -48.20     0.00     0.00     0.00     0.00
BC:37        BC:38           29.46   151.20   -74.40     0.00     0.00     0.00     0.00
BC:38        BC:39           13.06    19.10    33.90     0.00     0.00     0.00     0.00  ; potrojny strzal do plakietki okno. nieoznaczone sprejem.
BC:38        BC:40            9.38     1.60     9.80     0.00     0.00     0.00     0.00
BC:40        BC:41           17.26   274.90   -76.80     0.00     0.00     0.00     0.00
BC:41        BC:42           13.75   350.80   -42.20     0.00     0.00     0.00     0.00
BC:42        BC:43           12.04    77.60   -60.80     0.00     0.00     0.00     0.00
BC:43        BC:44            7.09    77.80   -37.40     0.00     0.00     0.00     0.00
BC:44        BC:45            7.38   346.50   -13.70     0.00     0.00     0.00     0.00
BC:45        BC:46           10.04    15.90   -19.50     0.00     0.00     0.00     0.00
BC:46        BC:47            8.17   345.10   -39.00     0.00     0.00     0.00     0.00
BC:47        BC:48            4.89    53.30    -9.80     0.00     0.00     0.00     0.00
BC:48        BC:49            6.96    11.00   -13.60     0.00     0.00     0.00     0.00
BC:49        BC:50            3.28   312.00   -64.70     0.00     0.00     0.00     0.00
BC:50        BC:51           25.72    55.10   -65.10     0.00     0.00     0.00     0.00
BC:51        BC:52            7.38   302.30   -33.90     0.00     0.00     0.00     0.00
BC:52        BC:53            6.76    68.20   -30.60     0.00     0.00     0.00     0.00
BC:53        BC:54           21.46    33.70   -70.00     0.00     0.00     0.00     0.00
BC:54        BC:55            8.33   144.90   -16.80     0.00     0.00     0.00     0.00
BC:55        BC:56           45.87    99.60   -80.00     0.00     0.00     0.00     0.00
BC:56        BC:57           11.25   356.50   -12.40     0.00     0.00     0.00     0.00
BC:57        BC:58            3.97   279.50   -31.00     0.00     0.00     0.00     0.00
BC:58        BC:59            2.85     1.50   -41.70     0.00     0.00     0.00     0.00
BC:59        BC:60            5.64   270.10   -31.40     0.00     0.00     0.00     0.00
BC:60        BC:61           14.86   341.10   -52.90     0.00     0.00     0.00     0.00
BC:61        BC:61.1          6.53   262.00   -43.50     0.00     0.00     0.00     0.00  ;domiar

