TRIP
DATE 2022-08-03
DECLINATION 0.0
DATA
0		355.84	12.60	1.834	>
0		356.15	12.57	1.834	>
0		355.82	12.89	1.772	>
0		354.03	13.07	1.752	>
0		296.08	1.14	1.357	>
0		163.93	32.95	0.976	>
0		276.04	46.32	1.378	>
0		276.47	-57.93	1.989	>
0		242.46	45.16	1.499	>
0		289.06	-64.04	1.841	>
0		353.73	12.97	1.763	>
0		353.85	12.90	1.807	>
0		353.84	12.94	1.758	>
0		354.42	12.88	1.752	>
0		354.50	13.29	1.748	>
0	1	354.25	13.04	1.753	>
1		122.85	0.49	0.872	>
1		111.08	-67.89	2.004	>
1		98.16	60.14	0.973	>
1		107.70	-55.91	2.560	>
1		88.06	3.64	3.867	>
1		88.03	3.60	3.865	>
1		88.19	3.67	3.861	>
1	2	88.09	3.64	3.864	>
2		64.18	-65.03	3.597	>
2		66.87	-65.18	3.608	>
2		228.14	-0.92	1.027	>
2		247.39	-70.34	1.538	>
2		244.53	69.34	0.916	>
2		300.05	-24.91	1.846	>
2		324.16	-23.32	2.079	>
2		304.37	-25.69	1.864	>
2		326.57	-20.44	2.129	>
2		293.60	-74.11	4.938	>
2		132.24	28.88	6.221	>
2		132.07	29.20	6.221	>
2		132.21	28.44	6.216	>
2		309.92	-14.88	3.071	>
2		309.78	-14.57	3.061	>
2		309.44	-14.55	3.061	>
2	3	132.17	28.84	6.219	>
3		341.19	-4.94	1.218	>
3		272.03	-6.43	1.496	>
3		334.61	-69.94	1.596	>
3		335.19	46.89	1.254	>
3		319.95	-21.84	1.679	>
3		291.32	-22.63	1.877	>
3		216.40	7.08	3.857	>
3		216.55	7.15	3.881	>
3		216.19	7.10	3.874	>
3		310.42	-14.42	3.085	>
3		310.59	-14.36	3.053	>
3		310.12	-14.41	3.054	>
3	4	216.38	7.11	3.871	>
4		108.73	-2.13	0.448	>
4		93.87	-63.26	1.463	>
4		103.44	86.91	1.016	>
4		197.33	14.02	8.508	>
4		197.24	14.12	8.478	>
4		197.20	14.10	8.468	>
4	5	197.26	14.08	8.485	>
5		285.33	-8.14	0.912	>
5		278.66	49.44	2.144	>
5		285.10	-78.39	0.931	>
5		254.73	-14.53	0.997	>
5		235.15	-14.58	1.540	>
5		223.72	-12.38	1.788	>
5		212.88	-12.44	2.649	>
5		200.20	-10.18	1.289	>
5		189.38	-16.31	1.577	>
5		177.28	-23.98	0.427	>
5		154.26	-72.67	3.286	>
5		186.88	-41.33	3.589	>
5		198.22	-40.24	3.518	>
5		192.73	-36.70	3.488	>
5		185.27	-36.88	3.373	>
5		199.35	-38.01	3.439	>
5		198.76	-38.11	3.437	>
5		198.78	-38.07	3.437	>
5	6	198.96	-38.06	3.438	>
2	2.1	309.71	-14.66	3.064	>
2.1		56.52	-3.36	0.571	>
2.1		63.12	-76.49	1.542	>
2.1		12.06	64.02	2.407	>
2.1		21.36	-5.77	4.546	>
2.1		21.31	-5.84	4.541	>
2.1		21.23	-5.93	4.544	>
2.1	2.2	21.30	-5.85	4.544	>
2.2		265.35	-2.63	1.335	>
2.2		265.79	-63.13	1.864	>
2.2		271.86	54.01	1.422	>
2.2		281.38	-16.60	5.465	>
2.2		282.07	-16.31	5.472	>
2.2		282.94	-16.72	5.494	>
2.2	2.3	282.13	-16.54	5.477	>
2.3		40.11	0.03	0.666	>
2.3		54.77	-74.07	1.269	>
2.3		347.03	70.61	1.805	>
2.3		333.70	-18.36	2.875	>
2.3		331.01	-20.63	2.879	>
2.3		331.24	-20.48	2.881	>
2.3	2.4	331.98	-19.83	2.878	>
2.4		211.53	3.60	0.765	>
2.4		212.93	-63.43	1.454	>
2.4		240.68	59.68	1.468	>
2.4		266.83	-15.98	4.091	>
2.4		266.00	-15.98	4.102	>
2.4		265.94	-16.00	4.091	>
2.4	2.5	266.26	-15.99	4.095	>
2.5		23.65	0.91	1.337	>
2.5		74.64	-66.99	1.224	>
2.5		349.51	44.62	1.296	>
2.5		20.62	5.75	1.326	>
2.5		357.03	-20.11	2.189	>
2.5		337.39	-27.33	2.746	>
2.5		356.72	-20.34	2.205	>
2.5		337.72	-29.90	2.861	>
2.5		301.68	-19.71	4.989	>
2.5		301.73	-19.70	4.974	>
2.5		301.84	-19.71	4.970	>
2.5	2.6	301.75	-19.71	4.978	>
2.6		186.42	-1.43	1.141	>
2.6		186.07	-67.12	1.124	>
2.6		213.35	49.09	0.867	>
2.6		205.30	-1.86	1.107	>
2.6		233.66	-5.53	1.256	>
2.6		234.74	-6.27	1.256	>
2.6		234.54	-6.41	1.261	>
2.6	2.7	234.31	-6.07	1.258	>
2.7		45.99	-0.98	1.082	>
2.7		40.89	-77.73	1.200	>
2.7		21.68	63.14	0.875	>
2.7		357.81	-22.91	2.833	>
2.7		358.04	-22.91	2.838	>
2.7		357.85	-22.94	2.822	>
2.7	2.8	357.90	-22.92	2.831	>
2.8		221.35	2.40	0.843	>
2.8		214.32	-71.06	1.166	>
2.8		243.77	59.47	0.833	>
2.8		307.25	-9.41	2.029	>
2.8		307.13	-9.61	2.045	>
2.8		307.19	-9.50	2.052	>
2.8	2.9	307.19	-9.51	2.042	>
2.9		93.86	-1.82	1.182	>
2.9		97.72	-68.44	1.279	>
2.9		89.27	36.27	0.928	>
2.9		50.13	-18.30	1.938	>
2.9		37.09	-19.42	2.513	>
2.9		47.18	-17.75	1.935	>
2.9		46.48	-18.09	1.939	>
2.9		46.63	-18.00	1.938	>
2.9	2.10	46.76	-17.95	1.937	>
2.10		245.67	7.06	1.011	>
2.10		250.61	-60.43	2.705	>
2.10		250.59	-72.81	1.327	>
2.10		293.58	47.92	0.849	>
2.10		269.69	-15.24	3.695	>
2.10		269.51	-15.14	3.700	>
2.10		269.32	-15.25	3.689	>
2.10	2.11	269.51	-15.21	3.695	>
2.11		120.92	-7.11	1.408	>
2.11		134.98	-3.70	2.729	>
2.11		150.90	-4.35	2.739	>
2.11		164.95	-5.30	3.426	>
2.11		182.96	-4.21	2.798	>
2.11		191.82	-0.20	2.520	>
2.11		209.84	49.82	3.565	>
2.11		218.57	75.76	3.914	>
2.11		64.81	-63.20	1.517	>
2.11		83.38	-84.31	1.249	>
2.11		146.12	-54.18	8.727	>
2.11		5.30	-12.08	1.030	>
2.11		321.02	-35.24	3.036	>
2.11		319.19	-35.50	0.432	>

PLAN
STATIONS
0.000	0.000	0
-0.171	1.699	1
3.683	1.827	2
7.721	-1.830	3
5.443	-4.923	4
3.002	-12.782	5
2.122	-15.342	6
1.403	3.721	2.1
3.045	7.933	2.2
-2.088	9.036	2.3
-3.360	11.426	2.4
-7.288	11.169	2.5
-11.273	13.635	2.6
-12.288	12.906	2.7
-12.384	15.511	2.8
-13.988	16.729	2.9
-12.645	17.992	2.10
-16.211	17.961	2.11
SHOTS
0.000	0.000	-0.130	1.785
0.000	0.000	-0.120	1.786
0.000	0.000	-0.126	1.723
0.000	0.000	-0.178	1.697
0.000	0.000	-1.219	0.596
0.000	0.000	0.227	-0.787
0.000	0.000	-0.946	0.100
0.000	0.000	-1.049	0.119
0.000	0.000	-0.937	-0.489
0.000	0.000	-0.762	0.263
0.000	0.000	-0.188	1.708
0.000	0.000	-0.189	1.751
0.000	0.000	-0.171	1.699
-0.171	1.699	0.561	1.226
-0.171	1.699	0.533	1.428
-0.171	1.699	0.309	1.630
-0.171	1.699	1.196	1.263
-0.171	1.699	3.683	1.827
3.683	1.827	5.050	2.489
3.683	1.827	5.076	2.422
3.683	1.827	2.919	1.142
3.683	1.827	3.206	1.628
3.683	1.827	3.392	1.688
3.683	1.827	2.234	2.666
3.683	1.827	2.566	3.375
3.683	1.827	2.297	2.776
3.683	1.827	2.584	3.492
3.683	1.827	2.444	2.369
3.683	1.827	7.721	-1.830
7.721	-1.830	7.330	-0.682
7.721	-1.830	6.235	-1.778
7.721	-1.830	7.486	-1.336
7.721	-1.830	7.361	-1.052
7.721	-1.830	6.718	-0.637
7.721	-1.830	6.107	-1.200
7.721	-1.830	5.443	-4.923
5.443	-4.923	5.867	-5.066
5.443	-4.923	6.100	-4.967
5.443	-4.923	5.496	-4.935
5.443	-4.923	3.002	-12.782
3.002	-12.782	2.131	-12.543
3.002	-12.782	1.623	-12.572
3.002	-12.782	2.821	-12.733
3.002	-12.782	2.071	-13.036
3.002	-12.782	1.778	-13.634
3.002	-12.782	1.794	-14.044
3.002	-12.782	1.597	-14.954
3.002	-12.782	2.563	-13.973
3.002	-12.782	2.755	-14.275
3.002	-12.782	3.020	-13.172
3.002	-12.782	3.426	-13.663
3.002	-12.782	2.679	-15.458
3.002	-12.782	2.162	-15.333
3.002	-12.782	2.385	-15.510
3.002	-12.782	2.754	-15.469
3.002	-12.782	2.122	-15.342
3.683	1.827	1.403	3.721
1.403	3.721	1.878	4.036
1.403	3.721	1.724	3.884
1.403	3.721	1.623	4.753
1.403	3.721	3.045	7.933
3.045	7.933	1.716	7.825
3.045	7.933	2.205	7.871
3.045	7.933	2.210	7.960
3.045	7.933	-2.088	9.036
-2.088	9.036	-1.659	9.545
-2.088	9.036	-1.804	9.237
-2.088	9.036	-2.223	9.620
-2.088	9.036	-3.360	11.426
-3.360	11.426	-3.759	10.775
-3.360	11.426	-3.714	10.880
-3.360	11.426	-4.006	11.063
-3.360	11.426	-7.288	11.169
-7.288	11.169	-6.752	12.394
-7.288	11.169	-6.827	11.296
-7.288	11.169	-7.456	12.076
-7.288	11.169	-6.823	12.404
-7.288	11.169	-7.394	13.222
-7.288	11.169	-8.226	13.421
-7.288	11.169	-7.406	13.233
-7.288	11.169	-8.228	13.464
-7.288	11.169	-11.273	13.635
-11.273	13.635	-11.400	12.502
-11.273	13.635	-11.319	13.201
-11.273	13.635	-11.585	13.161
-11.273	13.635	-11.745	12.635
-11.273	13.635	-12.288	12.906
-12.288	12.906	-11.510	13.657
-12.288	12.906	-12.121	13.098
-12.288	12.906	-12.142	13.273
-12.288	12.906	-12.384	15.511
-12.384	15.511	-12.940	14.879
-12.384	15.511	-12.597	15.199
-12.384	15.511	-12.763	15.324
-12.384	15.511	-13.988	16.729
-13.988	16.729	-12.809	16.649
-13.988	16.729	-13.522	16.666
-13.988	16.729	-13.240	16.738
-13.988	16.729	-12.576	17.908
-13.988	16.729	-12.559	18.619
-13.988	16.729	-12.645	17.992
-12.645	17.992	-13.560	17.578
-12.645	17.992	-13.905	17.548
-12.645	17.992	-13.015	17.861
-12.645	17.992	-13.167	18.219
-12.645	17.992	-16.211	17.961
-16.211	17.961	-15.012	17.243
-16.211	17.961	-14.284	16.036
-16.211	17.961	-14.882	15.574
-16.211	17.961	-15.325	14.666
-16.211	17.961	-16.354	15.174
-16.211	17.961	-16.727	15.494
-16.211	17.961	-17.355	15.966
-16.211	17.961	-16.811	17.208
-16.211	17.961	-15.592	18.252
-16.211	17.961	-16.088	17.975
-16.211	17.961	-13.364	13.720
-16.211	17.961	-16.118	18.964
-16.211	17.961	-17.771	19.888
-16.211	17.961	-16.440	18.227
POLYLINE BLACK
-1.003	0.391
-0.912	0.640
-0.877	0.756
-0.594	0.732
-0.471	0.722
-0.416	0.698
-0.307	0.712
-0.135	0.732
0.005	0.860
0.133	0.964
POLYLINE BLACK
-0.572	-0.225
-0.500	-0.163
-0.419	-0.074
-0.313	-0.076
-0.187	-0.079
-0.061	-0.089
0.066	-0.091
0.080	-0.091
0.094	-0.086
0.107	-0.082
0.248	-0.034
0.337	0.119
0.418	0.231
POLYLINE BLACK
0.045	1.611
0.052	1.568
0.056	1.525
0.065	1.483
0.081	1.412
0.176	1.378
0.236	1.411
0.262	1.424
0.281	1.447
0.294	1.472
0.310	1.503
0.314	1.539
0.305	1.572
0.285	1.643
0.221	1.672
0.166	1.724
POLYLINE BLACK
-0.293	0.511
-0.278	0.476
-0.264	0.440
-0.247	0.406
-0.234	0.379
-0.197	0.363
-0.169	0.361
-0.120	0.358
-0.071	0.370
-0.037	0.406
-0.000	0.446
0.032	0.522
-0.024	0.560
-0.032	0.565
-0.040	0.572
-0.050	0.573
-0.106	0.579
-0.162	0.578
-0.218	0.581
POLYLINE BLACK
-0.603	1.035
-0.536	1.128
-0.446	1.225
-0.322	1.221
-0.307	1.220
-0.291	1.218
-0.277	1.214
-0.204	1.196
-0.134	1.172
-0.061	1.156
-0.015	1.146
0.052	1.150
0.098	1.159
0.250	1.186
0.310	1.322
0.395	1.438
POLYLINE BLACK
0.374	2.181
0.379	2.142
0.381	2.102
0.389	2.063
0.415	1.918
0.768	2.133
0.603	2.187
0.595	2.189
0.587	2.188
0.578	2.188
0.525	2.183
0.472	2.176
0.419	2.170
POLYLINE BLACK
0.119	0.830
0.127	0.782
0.131	0.733
0.142	0.685
0.152	0.645
0.186	0.536
0.244	0.534
0.316	0.531
0.367	0.660
0.351	0.719
0.349	0.726
0.345	0.733
0.340	0.737
0.292	0.780
0.241	0.819
0.192	0.860
POLYLINE BLACK
-0.701	0.389
-0.711	0.347
-0.723	0.305
-0.730	0.263
-0.741	0.202
-0.671	0.077
-0.602	0.139
-0.595	0.146
-0.588	0.153
-0.584	0.162
-0.553	0.231
-0.526	0.300
-0.499	0.370
-0.485	0.409
-0.502	0.441
-0.542	0.448
-0.586	0.456
-0.678	0.438
-0.699	0.435
POLYLINE BLACK
0.188	-0.050
0.279	0.060
0.367	0.195
0.494	0.273
0.812	0.471
1.572	0.765
1.755	0.828
1.946	0.892
2.152	0.905
2.346	0.960
2.639	1.042
2.566	1.089
2.813	1.104
3.725	1.157
3.127	1.086
3.522	1.136
POLYLINE BLACK
-1.575	0.294
-1.268	0.836
-1.323	0.773
-0.591	1.511
-0.516	1.587
-0.250	1.766
-0.086	1.819
0.282	1.937
0.645	2.103
1.037	2.117
1.430	2.132
1.220	2.093
1.677	2.029
4.178	1.755
2.013	2.028
2.755	1.891
2.808	1.882
2.914	1.895
2.924	1.963
2.934	2.031
2.872	2.143
2.826	2.190
2.813	2.204
2.800	2.217
2.784	2.227
2.660	2.300
2.530	2.362
2.408	2.438
2.370	2.461
2.338	2.493
2.304	2.522
2.188	2.627
2.078	2.740
1.959	2.841
1.918	2.875
1.870	2.898
1.825	2.926
POLYLINE BLACK
2.279	3.889
2.317	3.825
2.358	3.763
2.392	3.697
2.438	3.607
2.468	3.509
2.518	3.421
2.553	3.359
2.599	3.303
2.646	3.250
2.872	2.992
3.124	2.755
3.338	2.486
3.390	2.420
3.608	1.898
3.838	1.859
3.849	1.857
3.861	1.856
3.872	1.858
3.931	1.868
3.990	1.882
4.050	1.893
POLYLINE BLACK
3.718	1.834
3.825	1.845
3.895	1.862
3.996	1.846
4.245	1.807
4.499	1.520
4.637	1.388
4.900	1.125
5.163	0.861
5.427	0.597
5.521	0.495
5.610	0.388
5.710	0.292
6.000	0.012
6.298	-0.261
6.597	-0.531
6.619	-0.552
6.647	-0.565
6.674	-0.578
6.812	-0.646
6.942	-0.618
7.095	-0.628
7.233	-0.637
7.385	-0.757
7.466	-0.861
7.724	-1.194
7.654	-1.373
7.766	-1.852
7.782	-1.923
7.820	-1.988
7.846	-2.056
POLYLINE BLACK
3.466	1.116
3.532	1.097
3.600	1.084
3.664	1.058
3.827	0.992
4.183	0.723
4.238	0.675
4.567	0.388
4.881	0.085
5.194	-0.220
5.562	-0.581
5.839	-0.800
6.069	-1.206
6.220	-1.474
6.166	-1.585
6.221	-1.901
6.267	-2.164
6.280	-2.140
6.420	-2.340
POLYLINE BLACK
0.858	1.419
0.876	1.462
0.891	1.506
0.912	1.547
0.945	1.618
1.035	1.667
1.111	1.640
1.197	1.610
1.271	1.549
1.364	1.535
1.438	1.525
1.545	1.543
1.587	1.616
1.609	1.654
1.624	1.696
1.643	1.736
POLYLINE BLACK
0.912	0.856
0.975	0.939
1.036	1.022
1.149	1.010
1.179	1.006
1.207	0.997
1.234	0.981
1.325	0.925
1.204	0.983
1.323	0.916
1.368	0.890
1.424	0.865
1.477	0.865
1.565	0.865
1.623	0.934
1.685	0.986
POLYLINE BLACK
1.845	1.366
1.851	1.323
1.856	1.279
1.864	1.237
1.869	1.207
1.893	1.178
1.921	1.167
2.031	1.123
2.094	1.238
2.120	1.325
2.139	1.393
2.148	1.465
2.054	1.448
2.028	1.443
2.001	1.438
1.976	1.429
1.917	1.410
1.875	1.376
1.823	1.343
POLYLINE BLACK
2.586	1.446
2.613	1.341
2.626	1.280
2.743	1.306
2.771	1.313
2.801	1.326
2.825	1.343
2.841	1.355
2.871	1.378
2.877	1.402
2.884	1.428
2.851	1.460
2.827	1.462
2.755	1.468
2.682	1.465
2.610	1.466
POLYLINE BLACK
3.403	1.474
3.412	1.424
3.419	1.373
3.430	1.324
3.456	1.215
3.580	1.160
3.659	1.248
3.716	1.311
3.726	1.447
3.626	1.474
3.597	1.481
3.514	1.484
3.508	1.484
POLYLINE BLACK
4.537	0.814
4.548	0.770
4.555	0.725
4.569	0.681
4.574	0.663
4.583	0.646
4.593	0.630
4.613	0.599
4.647	0.553
4.690	0.554
4.760	0.556
4.814	0.648
4.796	0.712
4.794	0.719
4.794	0.730
4.787	0.735
4.740	0.767
4.687	0.791
4.637	0.819
POLYLINE BLACK
4.987	0.008
5.049	0.078
5.099	0.133
5.192	0.102
5.251	0.081
5.335	0.033
5.409	0.032
5.482	0.031
5.537	0.112
5.579	0.153
POLYLINE BLACK
6.065	-1.037
6.113	-0.916
6.165	-0.811
6.314	-0.843
6.387	-0.859
6.435	-0.908
6.515	-0.884
6.584	-0.862
6.600	-0.807
6.653	-0.745
POLYLINE BLACK
6.988	-1.037
6.982	-1.037
POLYLINE BLACK
6.945	-1.037
6.957	-1.089
6.966	-1.143
6.981	-1.195
6.992	-1.231
7.050	-1.363
7.112	-1.332
7.156	-1.309
7.178	-1.216
7.187	-1.186
7.238	-1.014
7.160	-1.005
7.015	-0.972
POLYLINE BLACK
6.349	-1.625
6.372	-1.599
6.394	-1.573
6.418	-1.549
6.482	-1.486
6.669	-1.580
6.693	-1.587
6.716	-1.593
6.743	-1.591
6.764	-1.580
6.809	-1.557
6.828	-1.493
6.848	-1.455
POLYLINE BLACK
6.980	-1.585
6.973	-1.636
6.962	-1.688
6.958	-1.740
6.954	-1.791
6.968	-1.852
6.985	-1.900
7.028	-2.022
7.164	-1.956
7.212	-1.873
7.245	-1.815
7.268	-1.749
7.268	-1.681
7.268	-1.644
7.260	-1.603
7.228	-1.579
7.165	-1.530
6.946	-1.539
6.937	-1.538
POLYLINE BLACK
7.660	-1.743
7.675	-2.001
7.702	-2.098
7.656	-2.331
7.643	-2.398
7.627	-2.465
7.599	-2.528
7.295	-3.193
7.264	-3.227
6.804	-3.794
6.655	-3.978
6.478	-4.139
6.341	-4.332
6.231	-4.486
6.162	-4.666
6.067	-4.830
5.971	-4.996
5.868	-5.159
5.768	-5.323
POLYLINE BLACK
6.319	-2.257
6.350	-2.417
6.393	-2.543
6.380	-2.700
6.376	-2.744
6.371	-2.789
6.357	-2.832
6.236	-3.210
6.202	-3.370
6.014	-3.658
5.961	-3.739
5.891	-3.809
5.842	-3.893
5.485	-4.502
5.516	-4.527
5.263	-5.233
POLYLINE BLACK
5.810	-0.714
5.991	-0.488
5.896	-0.568
6.072	-0.449
POLYLINE BLACK
5.740	-0.756
5.753	-0.758
POLYLINE BLACK
5.763	-0.775
5.550	-0.176
5.805	-0.876
5.617	-0.404
5.603	-0.370
5.594	-0.334
5.582	-0.299
POLYLINE BLACK
5.534	-0.322
6.006	-0.498
5.822	-0.417
6.095	-0.544
POLYLINE BLACK
4.238	0.774
4.521	1.161
4.402	1.034
4.553	1.191
POLYLINE BLACK
4.177	0.732
3.813	1.403
POLYLINE BLACK
3.777	1.322
4.441	1.146
4.154	1.187
4.628	1.145
POLYLINE BLACK
4.922	0.351
4.995	0.302
5.067	0.252
5.139	0.203
5.146	0.199
5.152	0.193
5.158	0.190
5.203	0.170
5.233	0.226
5.238	0.262
5.243	0.310
5.222	0.358
5.201	0.399
5.171	0.460
5.121	0.508
5.053	0.522
5.038	0.525
5.022	0.527
5.007	0.523
4.977	0.515
4.968	0.490
4.951	0.467
4.931	0.440
4.909	0.414
4.888	0.388
POLYLINE BLACK
6.606	-2.578
6.647	-2.474
6.671	-2.413
6.792	-2.430
6.839	-2.437
6.959	-2.479
7.029	-2.458
7.118	-2.432
7.161	-2.343
7.199	-2.267
POLYLINE BLACK
6.536	-2.888
6.561	-2.961
6.585	-3.034
6.610	-3.107
6.613	-3.112
6.616	-3.118
6.620	-3.122
6.669	-3.176
6.789	-3.109
6.821	-3.065
6.831	-3.052
6.836	-3.037
6.839	-3.020
6.847	-2.961
6.813	-2.868
6.805	-2.821
6.802	-2.808
6.807	-2.764
6.789	-2.747
6.752	-2.712
6.640	-2.796
6.634	-2.800
6.611	-2.814
6.591	-2.832
6.571	-2.850
6.552	-2.867
6.534	-2.887
6.515	-2.905
POLYLINE BLACK
5.771	-5.266
5.711	-5.425
5.632	-5.577
5.589	-5.742
4.709	-9.135
5.655	-6.828
3.653	-11.630
3.468	-12.073
3.189	-12.470
2.967	-12.895
2.945	-12.936
2.933	-12.981
2.922	-13.026
2.909	-13.086
2.904	-13.147
2.894	-13.208
POLYLINE BLACK
5.193	-5.104
5.199	-5.148
5.212	-5.192
5.211	-5.237
5.199	-5.572
5.050	-5.967
4.947	-6.247
4.845	-6.527
4.713	-6.796
4.604	-7.073
4.280	-7.897
5.042	-6.360
4.208	-8.261
3.677	-9.471
3.112	-10.666
2.536	-11.855
2.446	-12.041
2.254	-12.266
2.067	-12.379
2.031	-12.400
1.994	-12.419
1.954	-12.432
1.837	-12.470
1.612	-12.453
1.570	-12.612
1.540	-12.726
1.639	-12.828
1.654	-12.934
1.680	-13.112
1.683	-13.294
1.679	-13.474
1.670	-13.891
1.613	-13.712
1.538	-14.127
1.495	-14.363
1.477	-14.603
1.447	-14.841
POLYLINE BLACK
15.071	-14.773
15.110	-14.802
POLYLINE BLACK
2.986	-12.744
2.960	-13.188
2.933	-13.633
2.907	-14.077
2.911	-14.250
2.931	-14.424
2.919	-14.597
2.906	-14.789
2.870	-14.978
2.834	-15.166
2.808	-15.303
2.684	-15.551
2.640	-15.648
POLYLINE BLACK
1.307	-14.670
1.317	-14.761
1.316	-14.868
1.372	-14.947
1.520	-15.154
1.812	-15.214
1.965	-15.418
2.058	-15.541
2.040	-15.638
2.047	-15.794
POLYLINE RED
2.930	-12.753
2.114	-12.324
POLYLINE BLACK
6.120	-3.729
6.130	-3.711
6.153	-3.657
6.182	-3.639
6.199	-3.628
6.225	-3.627
6.242	-3.636
6.298	-3.666
6.453	-3.770
6.555	-3.797
6.639	-3.819
6.691	-3.782
6.764	-3.743
POLYLINE BLACK
5.893	-4.153
5.870	-4.241
5.813	-4.379
5.817	-4.491
5.818	-4.507
5.819	-4.535
5.834	-4.549
5.852	-4.565
5.883	-4.555
5.900	-4.545
6.013	-4.478
6.086	-4.407
6.160	-4.299
6.175	-4.277
6.194	-4.243
6.178	-4.216
6.136	-4.145
5.877	-4.152
5.864	-4.152
POLYLINE BLACK
5.137	-5.674
5.232	-5.632
5.332	-5.729
5.423	-5.685
5.463	-5.665
5.495	-5.620
5.523	-5.592
POLYLINE BLACK
4.788	-6.982
4.806	-6.926
4.826	-6.809
4.909	-6.803
4.960	-6.799
5.013	-6.807
5.062	-6.795
5.113	-6.782
5.158	-6.750
5.205	-6.727
POLYLINE BLACK
4.948	-6.469
4.979	-6.394
5.007	-6.315
5.093	-6.295
5.194	-6.273
5.295	-6.252
5.397	-6.230
POLYLINE BLACK
4.703	-7.410
4.708	-7.490
4.717	-7.569
4.719	-7.648
4.720	-7.682
4.712	-7.715
4.712	-7.748
4.712	-7.756
4.715	-7.763
4.720	-7.769
4.747	-7.798
4.808	-7.756
4.827	-7.738
4.906	-7.668
4.936	-7.513
4.836	-7.448
4.799	-7.423
4.751	-7.421
4.708	-7.414
POLYLINE BLACK
4.387	-8.176
4.372	-8.243
4.360	-8.311
4.343	-8.377
4.336	-8.406
4.310	-8.444
4.313	-8.479
4.315	-8.510
4.338	-8.529
4.362	-8.545
4.421	-8.582
4.515	-8.687
4.595	-8.626
4.701	-8.543
4.720	-8.417
4.735	-8.289
4.741	-8.242
4.741	-8.148
4.689	-8.119
4.635	-8.089
4.524	-8.113
4.485	-8.116
POLYLINE BLACK
3.933	-9.284
3.950	-9.253
3.965	-9.220
3.984	-9.190
4.017	-9.137
4.101	-9.088
4.163	-9.120
4.240	-9.160
4.292	-9.215
4.386	-9.225
4.444	-9.232
4.490	-9.197
4.537	-9.170
POLYLINE BLACK
3.591	-9.956
3.722	-10.078
3.791	-9.703
3.882	-9.755
3.896	-9.763
3.904	-9.783
3.908	-9.797
3.939	-9.907
3.970	-10.016
3.998	-10.127
4.003	-10.147
4.000	-10.184
3.995	-10.204
3.973	-10.303
3.883	-10.360
3.789	-10.382
3.697	-10.403
3.636	-10.369
3.633	-10.270
3.630	-10.205
3.631	-10.139
3.630	-10.074
POLYLINE BLACK
3.301	-11.044
3.299	-11.064
3.283	-11.122
3.297	-11.153
3.307	-11.173
3.328	-11.183
3.349	-11.188
3.433	-11.204
3.524	-11.160
3.575	-11.094
3.612	-11.047
3.636	-10.990
3.642	-10.931
3.646	-10.894
3.635	-10.857
3.608	-10.831
3.600	-10.824
3.593	-10.815
3.583	-10.813
3.518	-10.800
3.451	-10.796
3.386	-10.787
POLYLINE BLACK
2.796	-11.687
2.816	-11.658
2.835	-11.628
2.857	-11.601
2.899	-11.549
2.984	-11.526
3.048	-11.536
3.143	-11.552
3.220	-11.618
3.320	-11.611
3.400	-11.606
3.449	-11.524
3.497	-11.473
POLYLINE BLACK
2.597	-12.313
2.613	-12.260
2.627	-12.205
2.647	-12.153
2.692	-12.035
2.801	-11.937
2.923	-11.906
3.011	-11.884
3.195	-11.896
3.239	-11.893
3.345	-11.887
3.442	-11.820
3.530	-11.770
POLYLINE BLACK
1.916	-15.757
1.980	-16.110
1.958	-15.919
1.971	-16.331
POLYLINE BLACK
2.564	-15.608
2.541	-16.171
POLYLINE BLACK
2.149	-16.287
2.223	-16.333
2.266	-16.368
2.256	-16.458
2.248	-16.527
2.235	-16.595
2.228	-16.664
2.227	-16.671
2.229	-16.678
2.231	-16.685
2.238	-16.712
2.259	-16.732
2.284	-16.742
2.397	-16.785
2.475	-16.656
2.541	-16.590
POLYLINE BLACK
2.235	-17.023
2.217	-17.071
2.165	-17.163
2.235	-17.198
2.253	-17.207
2.277	-17.213
2.295	-17.199
2.343	-17.162
2.338	-17.040
2.291	-17.002
2.266	-16.983
2.239	-16.966
2.214	-16.948
POLYLINE BLACK
3.301	-15.981
3.282	-16.045
3.253	-16.106
3.254	-16.174
3.254	-16.287
3.317	-16.349
3.428	-16.317
3.466	-16.306
3.501	-16.284
3.525	-16.253
3.604	-16.149
3.548	-15.985
3.408	-16.005
3.378	-16.010
3.349	-16.016
3.319	-16.021
POLYLINE BLACK
1.854	-13.550
1.862	-13.499
1.861	-13.463
1.885	-13.421
1.946	-13.318
2.075	-13.298
2.173	-13.359
2.258	-13.411
2.284	-13.539
2.387	-13.560
2.461	-13.575
2.556	-13.537
2.605	-13.481
2.641	-13.439
2.673	-13.394
2.706	-13.350
POLYLINE BLACK
1.921	-14.036
1.946	-13.997
1.970	-13.957
1.997	-13.920
2.074	-13.818
2.167	-13.821
2.271	-13.882
2.316	-13.909
2.361	-13.968
2.421	-13.967
2.493	-13.965
2.554	-13.892
2.601	-13.853
POLYLINE BLACK
1.915	-14.554
1.977	-14.463
2.074	-14.340
2.200	-14.396
2.289	-14.435
2.344	-14.479
2.446	-14.458
2.539	-14.439
2.588	-14.352
2.646	-14.286
POLYLINE BLACK
2.008	-14.941
2.016	-14.905
2.021	-14.869
2.031	-14.834
2.036	-14.814
2.055	-14.791
2.073	-14.781
2.122	-14.751
2.173	-14.756
2.224	-14.776
2.259	-14.790
2.325	-14.823
2.365	-14.808
2.398	-14.796
2.427	-14.773
2.458	-14.756
POLYLINE BLACK
3.465	-16.260
3.465	-16.260
POLYLINE BLACK
3.454	-16.220
3.463	-16.377
3.477	-16.534
3.481	-16.692
3.483	-16.767
3.469	-16.870
3.421	-16.933
3.407	-16.951
3.392	-16.939
3.382	-16.928
3.357	-16.900
3.345	-16.839
3.358	-16.804
3.625	-16.079
3.600	-16.288
3.740	-15.625
3.742	-15.613
3.723	-15.642
3.718	-15.653
3.711	-15.667
3.705	-15.683
3.702	-15.699
3.696	-15.732
3.691	-15.766
3.690	-15.800
3.689	-15.837
3.691	-15.873
3.695	-15.910
3.704	-15.984
3.741	-16.059
3.798	-16.108
3.807	-16.116
3.815	-16.129
3.827	-16.129
3.874	-16.129
3.920	-16.115
3.967	-16.108
POLYLINE BLACK
4.031	-15.943
4.089	-16.208
4.002	-16.175
4.161	-16.191
POLYLINE BLACK
4.115	-15.834
4.138	-15.660
4.111	-15.753
4.221	-15.563
POLYLINE BLACK
4.204	-15.883
4.221	-15.974
4.233	-16.066
4.255	-16.156
4.257	-16.163
4.266	-16.167
4.273	-16.166
4.283	-16.163
4.290	-16.155
4.297	-16.147
4.329	-16.103
4.427	-15.854
4.519	-15.989
4.536	-16.014
4.553	-16.040
4.568	-16.067
4.591	-16.110
4.621	-16.225
4.629	-16.254
POLYLINE BLACK
4.735	-15.561
4.724	-15.624
4.707	-15.687
4.703	-15.750
4.701	-15.774
4.690	-15.968
4.731	-16.023
4.773	-16.080
4.894	-15.994
4.919	-15.960
4.982	-15.875
5.038	-15.786
5.097	-15.698
POLYLINE BLACK
4.972	-15.887
5.018	-16.078
5.043	-16.100
5.164	-16.250
POLYLINE BLACK
5.267	-16.097
5.361	-16.362
5.309	-16.248
5.411	-16.443
POLYLINE BLACK
5.405	-15.756
5.424	-15.632
POLYLINE BLACK
6.128	-16.267
6.174	-16.152
6.145	-16.240
6.157	-16.285
6.200	-16.441
6.361	-16.469
6.491	-16.399
6.540	-16.373
6.576	-16.319
6.604	-16.274
6.690	-16.138
6.611	-16.027
6.455	-16.037
6.426	-16.039
6.389	-16.049
6.367	-16.070
6.339	-16.095
6.324	-16.155
6.315	-16.178
POLYLINE BLACK
6.621	-15.533
6.602	-15.568
6.581	-15.602
6.564	-15.639
6.514	-15.747
6.579	-15.944
6.595	-16.021
6.604	-16.064
6.635	-16.113
6.659	-16.147
6.696	-16.197
6.761	-16.274
6.835	-16.252
6.879	-16.239
6.905	-16.210
6.927	-16.170
6.937	-16.153
6.940	-16.131
6.955	-16.118
6.960	-16.113
6.969	-16.123
6.972	-16.129
6.978	-16.144
6.976	-16.161
6.980	-16.177
6.983	-16.188
6.992	-16.200
7.000	-16.208
7.019	-16.224
7.048	-16.231
7.072	-16.231
7.207	-16.232
7.253	-16.188
7.348	-16.103
POLYLINE BLACK
7.464	-15.886
7.495	-15.877
7.526	-15.867
7.558	-15.860
7.617	-15.847
7.706	-15.888
7.706	-15.956
7.706	-15.999
7.694	-16.011
7.689	-16.060
7.683	-16.114
7.693	-16.172
7.719	-16.219
7.773	-16.318
7.849	-16.320
7.957	-16.354
POLYLINE BLACK
7.817	-15.951
7.777	-15.829
POLYLINE BLACK
8.195	-16.068
8.192	-16.164
8.186	-16.258
8.231	-16.344
8.249	-16.379
8.270	-16.407
8.299	-16.434
8.353	-16.483
8.460	-16.510
8.511	-16.442
8.609	-16.310
8.507	-16.135
8.387	-16.059
8.340	-16.029
8.291	-16.027
8.237	-16.020
POLYLINE BLACK
9.064	-16.678
9.048	-16.807
9.054	-16.735
9.048	-16.894
POLYLINE BLACK
3.391	-17.328
3.408	-17.415
3.425	-17.501
3.443	-17.587
3.447	-17.590
3.450	-17.595
3.455	-17.595
3.469	-17.596
3.488	-17.574
3.493	-17.567
3.551	-17.485
3.603	-17.399
3.661	-17.318
3.695	-17.271
3.744	-17.344
3.755	-17.370
3.771	-17.408
3.774	-17.431
3.777	-17.474
3.779	-17.506
3.772	-17.539
3.781	-17.570
3.783	-17.577
3.797	-17.568
3.803	-17.563
3.816	-17.550
3.824	-17.533
3.834	-17.518
3.851	-17.495
3.867	-17.470
3.886	-17.448
3.937	-17.389
4.026	-17.340
4.092	-17.405
4.171	-17.484
4.248	-17.566
4.327	-17.646
POLYLINE BLACK
4.414	-17.618
4.482	-17.475
4.541	-17.387
4.566	-17.239
4.573	-17.201
4.574	-17.163
4.572	-17.125
4.569	-17.094
4.565	-17.063
4.561	-17.032
4.556	-17.029
4.551	-17.022
4.546	-17.025
4.512	-17.044
4.496	-17.176
4.495	-17.200
4.491	-17.297
4.491	-17.472
4.565	-17.555
4.595	-17.589
4.621	-17.604
4.663	-17.628
4.669	-17.631
4.676	-17.633
4.683	-17.635
4.737	-17.645
4.791	-17.653
4.845	-17.663
POLYLINE BLACK
4.947	-17.458
4.965	-17.446
5.038	-17.407
5.064	-17.370
5.072	-17.360
5.077	-17.348
5.078	-17.334
5.080	-17.313
5.062	-17.257
5.033	-17.264
4.987	-17.275
4.982	-17.409
4.983	-17.434
4.988	-17.514
5.015	-17.674
5.101	-17.717
5.180	-17.757
5.268	-17.620
5.292	-17.567
5.353	-17.433
5.287	-17.101
5.374	-17.099
5.516	-17.095
5.382	-17.382
5.389	-17.524
5.392	-17.598
5.446	-17.604
5.503	-17.579
5.523	-17.571
5.544	-17.562
5.562	-17.548
5.678	-17.460
5.790	-17.366
5.904	-17.276
POLYLINE BLACK
5.669	-17.494
5.669	-17.530
5.665	-17.565
5.667	-17.600
5.668	-17.629
5.694	-17.636
5.717	-17.630
5.756	-17.621
5.795	-17.592
5.822	-17.563
5.836	-17.548
5.846	-17.528
5.861	-17.513
5.871	-17.503
5.885	-17.503
5.896	-17.512
5.904	-17.517
5.910	-17.524
5.915	-17.532
5.940	-17.571
5.959	-17.615
5.986	-17.653
6.033	-17.719
6.094	-17.786
6.177	-17.802
6.275	-17.820
6.422	-17.749
6.441	-17.644
6.455	-17.568
6.380	-17.494
6.314	-17.471
6.305	-17.468
6.296	-17.463
6.287	-17.465
6.231	-17.475
6.176	-17.494
6.121	-17.508
POLYLINE BLACK
7.285	-17.573
7.297	-17.614
7.307	-17.655
7.321	-17.696
7.351	-17.778
7.424	-17.668
7.472	-17.675
7.503	-17.680
7.516	-17.711
7.535	-17.731
7.556	-17.753
7.619	-17.780
7.647	-17.759
7.688	-17.728
7.726	-17.692
7.765	-17.659
POLYLINE BLACK
8.062	-17.679
8.039	-17.754
8.014	-17.805
8.014	-17.878
8.014	-17.916
8.020	-17.949
8.034	-17.984
8.042	-18.007
8.058	-18.031
8.076	-18.048
8.204	-18.169
8.314	-17.861
8.175	-17.802
8.087	-17.764
8.022	-17.860
8.041	-17.938
8.065	-18.040
8.156	-18.117
8.257	-18.135
8.379	-18.158
8.500	-18.096
8.611	-18.060
POLYLINE BLACK
8.708	-17.928
8.756	-18.084
8.806	-18.240
8.851	-18.398
8.868	-18.458
8.808	-18.280
8.792	-18.220
8.759	-18.102
8.769	-17.955
8.847	-17.856
8.895	-17.794
8.940	-17.786
8.982	-17.858
8.997	-17.884
9.011	-17.919
9.013	-17.950
9.016	-17.994
9.014	-18.038
9.015	-18.082
POLYLINE BLACK
9.204	-17.808
9.230	-18.060
9.208	-17.943
9.264	-18.159
POLYLINE BLACK
9.187	-17.725
9.251	-17.615
POLYLINE BLACK
9.457	-17.890
9.491	-17.882
9.525	-17.876
9.559	-17.865
9.615	-17.847
9.571	-17.773
9.535	-17.759
9.503	-17.746
9.469	-17.771
9.447	-17.793
9.344	-17.895
9.476	-18.051
9.572	-18.098
9.643	-18.133
9.707	-18.132
9.789	-18.145
POLYLINE BLACK
9.914	-17.829
9.911	-17.898
9.904	-17.967
9.905	-18.036
9.909	-18.066
9.913	-18.096
9.917	-18.127
9.921	-18.131
9.924	-18.141
9.930	-18.139
9.939	-18.136
9.943	-18.124
9.947	-18.116
9.960	-18.090
9.968	-18.062
9.980	-18.036
10.013	-17.969
10.076	-18.012
10.111	-18.051
10.128	-18.070
10.153	-18.108
10.160	-18.134
10.172	-18.181
10.180	-18.230
10.189	-18.279
POLYLINE BLACK
10.387	-17.842
10.381	-17.933
10.369	-18.025
10.371	-18.117
10.371	-18.124
10.388	-18.118
10.392	-18.112
10.433	-18.054
10.462	-17.989
10.501	-17.930
10.523	-17.897
10.550	-17.945
10.555	-17.959
10.584	-18.030
10.604	-18.103
10.636	-18.173
10.658	-18.221
10.689	-18.265
10.715	-18.312
POLYLINE BLACK
10.837	-18.122
10.866	-18.101
10.897	-18.082
10.924	-18.059
10.962	-18.026
10.873	-17.974
10.840	-18.001
10.810	-18.025
10.803	-18.088
10.800	-18.118
10.791	-18.226
10.801	-18.346
10.885	-18.424
10.895	-18.433
10.905	-18.442
10.917	-18.447
10.972	-18.471
11.029	-18.489
11.085	-18.510
POLYLINE BLACK
3.523	-18.353
3.441	-18.404
3.390	-18.422
3.331	-18.491
3.310	-18.516
3.202	-18.645
3.292	-18.674
3.326	-18.685
3.361	-18.694
3.396	-18.703
3.410	-18.706
3.430	-18.701
3.440	-18.712
3.455	-18.730
3.454	-18.756
3.460	-18.778
POLYLINE BLACK
3.990	-18.040
3.932	-18.115
3.869	-18.178
3.833	-18.266
3.795	-18.357
3.789	-18.430
3.782	-18.531
3.773	-18.652
3.820	-18.763
3.912	-18.842
3.958	-18.881
4.030	-18.927
4.094	-18.929
4.139	-18.930
4.185	-18.923
4.231	-18.920
POLYLINE BLACK
3.902	-18.275
3.998	-18.194
4.119	-18.132
4.248	-18.135
4.292	-18.137
4.335	-18.144
4.379	-18.149
POLYLINE BLACK
4.306	-18.615
4.319	-18.650
4.330	-18.686
4.346	-18.720
4.362	-18.756
4.396	-18.792
4.424	-18.818
4.481	-18.869
4.554	-18.906
4.619	-18.851
4.640	-18.834
4.649	-18.804
4.643	-18.778
4.640	-18.763
4.644	-18.739
4.629	-18.733
4.618	-18.729
4.620	-18.757
4.621	-18.769
4.623	-18.805
4.629	-18.841
4.639	-18.875
4.641	-18.884
4.777	-19.225
4.754	-19.336
4.743	-19.389
4.660	-19.447
4.614	-19.401
4.580	-19.367
4.573	-19.301
4.568	-19.260
4.553	-19.132
4.631	-19.059
4.701	-18.952
POLYLINE BLACK
5.016	-18.818
5.079	-18.824
5.007	-19.006
5.077	-19.012
5.133	-19.018
5.220	-18.849
5.220	-18.799
5.222	-18.634
5.211	-18.468
5.211	-18.303
5.211	-18.298
5.218	-18.312
5.221	-18.316
5.242	-18.403
5.265	-18.489
5.282	-18.576
5.295	-18.646
5.300	-18.716
5.311	-18.786
5.317	-18.825
5.339	-18.853
5.376	-18.825
5.386	-18.817
5.395	-18.807
5.404	-18.799
5.427	-18.776
5.449	-18.752
5.474	-18.731
5.608	-18.620
5.660	-18.690
5.723	-18.826
5.743	-18.869
5.758	-18.916
5.775	-18.960
POLYLINE BLACK
5.915	-18.745
5.921	-18.782
5.931	-19.056
6.047	-19.042
6.151	-19.029
6.183	-18.889
6.148	-18.807
6.135	-18.776
6.112	-18.752
6.083	-18.733
6.057	-18.716
6.025	-18.707
5.995	-18.716
5.967	-18.725
5.945	-18.745
5.928	-18.769
5.863	-18.861
6.058	-18.989
6.117	-19.013
6.291	-19.082
6.428	-19.072
6.609	-19.063
POLYLINE BLACK
7.512	-18.932
7.552	-19.009
7.579	-19.055
7.665	-19.048
7.695	-19.046
7.725	-19.040
7.755	-19.040
7.800	-19.040
7.845	-19.049
7.890	-19.049
7.906	-19.050
7.922	-19.047
7.937	-19.043
7.999	-19.029
8.059	-19.012
8.121	-18.996
POLYLINE BLACK
8.235	-19.012
8.279	-19.120
8.276	-19.136
8.336	-19.218
8.365	-19.256
8.406	-19.294
8.457	-19.281
8.481	-19.275
8.505	-19.260
8.521	-19.240
8.527	-19.233
8.557	-19.165
8.539	-19.165
8.520	-19.166
8.504	-19.181
8.486	-19.189
POLYLINE BLACK
8.761	-19.159
8.777	-19.206
8.786	-19.276
8.833	-19.310
8.923	-19.374
9.041	-19.288
9.079	-19.204
9.117	-19.121
9.015	-19.057
8.941	-19.099
8.891	-19.127
8.836	-19.187
8.801	-19.220
POLYLINE BLACK
8.944	-18.818
8.940	-18.850
8.933	-18.883
8.933	-18.916
8.930	-19.025
8.977	-19.146
9.052	-19.224
9.103	-19.277
9.174	-19.306
9.237	-19.340
POLYLINE BLACK
9.312	-19.302
9.365	-19.281
9.419	-19.262
9.471	-19.238
9.482	-19.233
9.590	-19.171
9.567	-19.144
9.555	-19.131
9.518	-19.132
9.505	-19.133
9.407	-19.140
9.285	-19.288
9.321	-19.386
9.327	-19.403
9.336	-19.415
9.348	-19.429
9.402	-19.487
9.460	-19.542
9.512	-19.603
9.558	-19.656
9.568	-19.707
9.592	-19.773
POLYLINE BLACK
6.628	-18.768
6.553	-18.840
6.512	-18.885
6.563	-18.984
6.574	-19.005
6.592	-19.029
6.611	-19.043
6.658	-19.076
6.729	-19.072
6.778	-19.079
POLYLINE BLACK
6.423	-18.412
6.638	-18.559
POLYLINE BLACK
10.037	-19.409
10.051	-19.878
POLYLINE BLACK
3.335	-19.979
3.321	-19.993
3.264	-20.043
3.248	-20.080
3.212	-20.164
3.346	-20.264
3.427	-20.157
3.481	-20.088
3.458	-19.970
3.387	-19.921
3.375	-19.913
3.361	-19.906
3.347	-19.913
3.332	-19.921
3.323	-19.942
3.319	-19.955
3.299	-20.029
3.300	-20.120
3.355	-20.180
3.415	-20.243
3.552	-20.180
3.598	-20.128
3.660	-20.058
3.684	-19.864
3.690	-19.805
3.700	-19.700
3.700	-19.594
3.700	-19.488
3.700	-19.483
3.692	-19.495
3.688	-19.499
3.672	-19.561
3.653	-19.622
3.640	-19.684
3.626	-19.756
3.628	-19.832
3.654	-19.900
3.693	-20.002
3.829	-20.083
3.928	-20.111
3.953	-20.118
4.017	-20.121
4.035	-20.122
POLYLINE BLACK
4.045	-20.018
4.210	-19.957
4.217	-19.950
4.275	-19.795
POLYLINE BLACK
4.116	-19.733
4.051	-19.836
3.977	-19.951
4.049	-20.069
4.063	-20.094
4.088	-20.115
4.114	-20.126
4.215	-20.170
4.326	-20.157
4.432	-20.153
POLYLINE BLACK
5.633	-19.748
5.687	-19.738
5.866	-19.699
5.905	-19.773
5.915	-19.792
5.912	-19.820
5.904	-19.839
5.889	-19.872
5.874	-19.904
5.855	-19.935
5.818	-19.998
5.760	-20.036
5.765	-20.115
5.767	-20.151
5.773	-20.191
5.797	-20.220
5.850	-20.284
5.956	-20.254
6.017	-20.220
6.036	-20.210
6.054	-20.195
6.074	-20.185
6.101	-20.172
6.138	-20.165
6.167	-20.165
6.267	-20.163
6.368	-20.206
6.466	-20.185
6.484	-20.181
6.504	-20.170
6.516	-20.156
6.567	-20.099
6.551	-20.050
6.487	-20.014
6.423	-19.979
6.391	-20.052
6.418	-20.101
6.435	-20.131
6.474	-20.145
6.505	-20.150
6.512	-20.151
6.519	-20.150
6.526	-20.150
6.596	-20.144
6.666	-20.138
6.736	-20.132
POLYLINE BLACK
6.776	-20.053
6.809	-20.089
6.837	-20.133
6.881	-20.157
6.896	-20.165
6.918	-20.173
6.936	-20.174
6.987	-20.179
7.050	-20.165
7.039	-20.100
7.037	-20.087
7.035	-20.074
7.030	-20.062
7.026	-20.054
7.021	-20.041
7.012	-20.043
6.993	-20.047
6.976	-20.113
6.975	-20.118
6.964	-20.161
6.970	-20.211
6.987	-20.253
6.990	-20.260
7.152	-20.586
7.176	-20.730
7.181	-20.765
7.181	-20.806
7.164	-20.838
7.134	-20.894
7.040	-20.934
6.994	-20.874
6.937	-20.800
6.944	-20.679
6.953	-20.593
6.964	-20.494
7.003	-20.439
7.048	-20.340
POLYLINE BLACK
7.235	-20.370
7.267	-20.311
7.295	-20.249
7.330	-20.192
7.353	-20.156
7.382	-20.123
7.410	-20.090
7.472	-20.019
7.535	-20.045
7.576	-20.121
7.590	-20.147
7.602	-20.219
7.638	-20.224
7.653	-20.226
7.673	-20.218
7.684	-20.211
7.759	-20.161
7.829	-20.105
7.906	-20.058
7.940	-20.037
7.978	-20.023
8.016	-20.009
8.072	-19.988
8.062	-20.074
8.064	-20.098
8.065	-20.107
8.068	-20.116
8.071	-20.126
8.082	-20.156
8.103	-20.183
8.128	-20.203
8.157	-20.224
8.210	-20.226
8.241	-20.213
8.350	-20.167
8.455	-20.114
8.562	-20.065
POLYLINE BLACK
8.599	-19.985
8.631	-19.992
8.664	-19.998
8.696	-20.007
8.790	-20.033
8.746	-20.195
8.741	-20.242
8.737	-20.291
8.726	-20.301
8.733	-20.341
8.746	-20.409
8.819	-20.478
8.893	-20.447
8.958	-20.421
9.021	-20.390
9.085	-20.361
9.115	-20.346
9.142	-20.323
9.177	-20.325
9.237	-20.328
9.315	-20.462
9.323	-20.472
9.397	-20.555
9.547	-20.482
9.585	-20.399
9.623	-20.317
9.520	-20.264
9.450	-20.276
9.393	-20.287
9.335	-20.332
9.289	-20.360
POLYLINE BLACK
10.082	-20.248
10.048	-20.235
POLYLINE BLACK
9.587	-20.275
9.599	-20.310
9.609	-20.347
9.623	-20.382
9.649	-20.445
9.740	-20.405
9.776	-20.382
9.806	-20.363
9.834	-20.315
9.875	-20.322
9.914	-20.330
9.935	-20.370
9.972	-20.385
10.064	-20.421
10.177	-20.355
10.254	-20.326
POLYLINE BLACK
10.334	-20.383
10.333	-20.440
10.323	-20.474
10.338	-20.521
10.349	-20.554
10.378	-20.578
10.409	-20.591
10.435	-20.603
10.465	-20.606
10.493	-20.598
10.557	-20.580
10.653	-20.489
10.600	-20.418
10.587	-20.401
10.564	-20.374
10.543	-20.366
10.523	-20.358
10.517	-20.373
10.512	-20.389
10.500	-20.430
10.517	-20.479
10.555	-20.502
10.599	-20.527
10.673	-20.546
10.711	-20.550
10.835	-20.561
10.959	-20.558
11.082	-20.562
POLYLINE BLACK
11.239	-20.232
11.257	-20.273
11.275	-20.397
11.350	-20.403
11.366	-20.405
11.396	-20.398
11.409	-20.397
11.437	-20.396
11.469	-20.406
11.492	-20.422
11.575	-20.480
11.621	-20.569
11.677	-20.652
POLYLINE BLACK
11.757	-20.480
11.789	-20.467
11.822	-20.455
11.854	-20.439
11.900	-20.416
11.950	-20.368
11.962	-20.316
11.974	-20.266
11.947	-20.170
11.878	-20.193
11.775	-20.228
11.686	-20.413
11.715	-20.517
11.724	-20.548
11.743	-20.575
11.767	-20.595
11.859	-20.671
11.980	-20.679
12.092	-20.693
POLYLINE BLACK
12.840	-20.630
12.888	-20.883
POLYLINE BLACK
12.780	-20.270
13.025	-20.112
POLYLINE BLACK
4.332	-20.839
4.328	-20.930
4.325	-21.021
4.321	-21.112
4.325	-21.118
4.327	-21.127
4.333	-21.130
4.355	-21.141
4.388	-21.113
4.407	-21.107
4.439	-21.098
4.475	-21.102
4.506	-21.114
4.578	-21.143
4.595	-21.169
4.651	-21.215
4.735	-21.286
4.913	-21.069
4.918	-21.065
POLYLINE BLACK
5.229	-21.005
5.107	-21.213
5.368	-21.199
5.385	-21.050
5.391	-21.005
5.327	-20.928
5.311	-20.962
5.306	-20.974
5.309	-20.988
5.309	-21.001
5.312	-21.092
5.419	-21.086
5.480	-21.101
5.521	-21.111
5.566	-21.132
5.600	-21.157
5.669	-21.208
5.705	-21.282
5.748	-21.355
POLYLINE BLACK
6.015	-20.890
5.971	-20.925
5.932	-20.949
5.901	-20.994
5.869	-21.041
5.847	-21.098
5.911	-21.129
5.975	-21.159
6.043	-21.183
6.105	-21.218
6.131	-21.233
6.150	-21.258
6.172	-21.278
POLYLINE BLACK
6.429	-20.656
6.427	-20.831
6.423	-21.006
6.424	-21.181
6.424	-21.194
6.433	-21.216
6.442	-21.228
6.455	-21.247
6.476	-21.262
6.499	-21.268
6.639	-21.309
6.690	-21.245
6.802	-21.160
POLYLINE BLACK
6.818	-21.275
7.058	-21.410
POLYLINE BLACK
7.341	-21.258
7.421	-21.489
POLYLINE BLACK
7.345	-21.013
7.347	-20.979
POLYLINE BLACK
7.624	-21.320
7.681	-21.303
7.740	-21.288
7.797	-21.267
7.887	-21.234
7.967	-21.132
7.912	-21.038
7.902	-21.021
7.890	-21.007
7.873	-20.997
7.845	-20.978
7.808	-20.973
7.774	-20.977
7.676	-20.988
7.594	-21.025
7.563	-21.124
7.551	-21.161
7.542	-21.209
7.545	-21.249
7.548	-21.301
7.561	-21.345
7.582	-21.393
7.634	-21.507
7.732	-21.552
7.838	-21.610
POLYLINE BLACK
1.859	2.810
1.790	2.939
1.722	3.068
1.653	3.197
1.611	3.295
1.578	3.398
1.527	3.492
1.467	3.601
1.382	3.694
1.323	3.804
1.118	4.184
1.137	4.134
1.078	4.384
POLYLINE BLACK
1.351	4.125
1.351	4.125
POLYLINE BLACK
1.346	4.141
1.378	4.146
1.410	4.150
1.441	4.157
1.534	4.179
1.594	4.310
1.636	4.371
POLYLINE BLACK
1.683	3.264
1.683	3.297
1.682	3.329
1.684	3.362
1.688	3.427
1.762	3.489
1.826	3.468
1.871	3.453
1.903	3.423
1.951	3.414
1.984	3.407
2.018	3.402
2.050	3.410
2.148	3.435
2.194	3.574
2.232	3.645
POLYLINE BLACK
2.099	3.001
2.112	3.023
2.133	3.080
2.165	3.100
2.221	3.136
2.341	3.069
2.368	3.061
2.449	3.037
2.501	3.087
2.542	3.155
2.571	3.203
2.594	3.255
2.621	3.305
POLYLINE BLACK
2.371	2.653
2.408	2.741
2.417	2.769
2.511	2.768
2.558	2.767
2.576	2.762
2.620	2.774
2.683	2.792
2.711	2.827
2.769	2.870
POLYLINE BLACK
2.778	2.561
2.788	2.481
2.799	2.401
2.810	2.320
2.813	2.315
2.815	2.308
2.820	2.303
2.867	2.257
3.081	2.429
3.009	2.513
2.964	2.565
2.867	2.528
2.819	2.524
POLYLINE BLACK
2.181	3.340
2.182	3.294
2.181	3.248
2.184	3.203
2.193	3.079
2.439	3.185
2.372	3.276
2.343	3.315
2.254	3.320
2.225	3.327
POLYLINE BLACK
2.379	3.752
2.158	3.869
2.066	3.947
1.925	4.158
1.893	4.206
1.856	4.280
1.843	4.342
1.822	4.438
1.841	4.547
1.873	4.638
1.945	4.841
2.101	4.971
2.201	5.171
2.434	5.634
2.665	6.101
2.849	6.585
2.956	6.866
3.064	7.695
3.107	7.982
POLYLINE BLACK
-6.483	1.785
-6.540	1.785
POLYLINE BLACK
1.036	4.338
0.976	4.456
1.006	4.379
0.980	4.579
POLYLINE BLACK
1.051	4.356
1.035	4.392
1.017	4.427
1.005	4.464
0.986	4.521
0.982	4.622
0.992	4.672
1.058	5.003
1.124	5.334
1.216	5.657
1.356	6.148
1.542	6.624
1.687	7.113
1.756	7.345
1.750	7.697
1.577	7.887
1.479	7.996
1.257	8.089
1.125	8.112
0.800	8.170
0.464	8.161
0.143	8.240
-0.536	8.409
-1.202	8.631
-1.866	8.854
-1.917	8.871
-2.295	8.992
-2.401	9.139
-2.421	9.167
-2.438	9.196
-2.456	9.225
POLYLINE BLACK
2.958	7.872
2.828	8.239
2.880	8.120
2.559	8.687
2.515	8.766
2.423	8.884
2.345	8.944
1.977	9.222
1.481	9.294
1.042	9.354
0.242	9.462
-0.564	9.526
-1.365	9.633
-1.784	9.689
-1.745	9.687
-2.006	9.828
POLYLINE BLACK
-0.883	8.771
-0.828	8.927
-0.763	8.999
-0.617	9.081
-0.551	9.118
-0.469	9.152
-0.391	9.148
-0.231	9.141
-0.107	9.041
0.063	9.072
0.171	9.092
0.243	9.177
0.324	9.244
POLYLINE BLACK
0.250	8.571
0.298	8.596
0.344	8.622
0.393	8.644
0.494	8.689
0.638	8.666
0.739	8.646
0.863	8.620
0.967	8.569
1.092	8.572
1.233	8.575
1.366	8.652
1.464	8.748
1.499	8.782
1.526	8.822
1.556	8.859
POLYLINE BLACK
1.347	8.167
1.373	8.196
1.397	8.229
1.426	8.256
1.554	8.370
1.707	8.469
1.877	8.398
1.977	8.356
2.038	8.293
2.154	8.291
2.291	8.288
2.380	8.356
2.502	8.421
POLYLINE BLACK
1.807	6.809
1.932	6.891
2.034	6.940
2.183	6.890
2.278	6.858
2.375	6.795
2.481	6.810
2.487	6.811
2.491	6.816
2.496	6.819
2.535	6.843
2.572	6.869
2.610	6.894
POLYLINE BLACK
1.440	5.575
1.547	5.681
1.683	5.816
1.848	5.805
1.970	5.798
2.081	5.751
2.208	5.761
2.331	5.771
2.392	5.831
2.482	5.906
POLYLINE BLACK
1.148	4.608
1.174	4.704
1.230	4.794
1.336	4.815
1.348	4.817
1.360	4.818
1.372	4.818
1.430	4.818
1.487	4.813
1.545	4.816
1.576	4.818
1.607	4.825
1.637	4.834
1.827	4.888
1.884	4.988
1.989	5.143
POLYLINE BLACK
-2.538	9.155
-2.537	9.191
-2.529	9.275
-2.545	9.320
-2.613	9.501
-2.735	9.663
-2.881	9.789
-2.988	9.882
-3.106	9.963
-3.211	10.059
-3.276	10.119
-3.333	10.188
-3.388	10.257
-4.113	11.157
-3.682	10.711
-4.199	11.219
POLYLINE BLACK
-2.020	9.831
-2.072	9.856
-2.127	9.875
-2.178	9.904
-2.461	10.064
-2.664	10.498
-2.817	10.730
-2.866	10.805
-2.922	10.873
-2.970	10.948
-3.029	11.039
-3.077	11.137
-3.136	11.228
-3.155	11.256
-3.178	11.281
-3.203	11.302
-3.305	11.390
-3.415	11.467
-3.518	11.554
-3.601	11.624
-3.620	11.683
-3.657	11.782
POLYLINE BLACK
-4.236	11.254
-4.284	11.259
-4.333	11.269
-4.382	11.268
-4.430	11.268
-4.479	11.264
-4.525	11.252
-4.810	11.177
-5.084	11.061
-5.373	11.007
-5.668	10.952
-5.970	10.925
-6.270	10.926
-6.482	10.927
-7.185	10.948
-7.491	11.131
-7.598	11.195
-7.647	11.267
-7.738	11.363
POLYLINE BLACK
-3.766	11.733
-3.795	11.764
-3.822	11.797
-3.854	11.825
-4.052	12.005
-4.661	12.044
-4.775	12.048
-5.256	12.065
-5.737	12.018
-6.219	12.015
-6.304	12.015
-6.546	12.051
-6.616	12.128
-6.636	12.150
-6.654	12.173
-6.674	12.196
POLYLINE BLACK
-6.694	12.139
-6.711	12.168
-6.798	12.338
-6.862	12.388
-6.948	12.455
-7.044	12.510
-7.127	12.580
-7.171	12.617
-7.204	12.666
-7.243	12.709
POLYLINE BLACK
-7.281	12.593
-7.305	12.801
-7.364	12.800
-7.391	13.028
-7.417	13.250
-7.417	13.474
-7.432	13.697
-7.464	14.155
-7.468	13.907
-7.451	14.243
POLYLINE BLACK
-8.452	12.540
-8.313	12.935
-8.261	13.358
-8.277	13.775
-8.282	13.902
-8.300	14.029
-8.311	14.155
POLYLINE BLACK
-9.257	15.941
-9.241	15.837
-9.226	15.733
-9.210	15.629
-9.206	15.624
-9.203	15.617
-9.197	15.613
-9.175	15.598
-9.142	15.625
-9.129	15.639
-8.942	15.828
-9.076	15.716
-8.845	16.055
-8.812	16.103
-8.768	16.143
-8.729	16.187
POLYLINE BLACK
-9.057	15.695
-9.033	15.676
-9.010	15.656
-8.985	15.639
-8.925	15.598
-8.833	15.643
-8.790	15.687
-8.763	15.715
-8.737	15.780
-8.704	15.791
-8.673	15.801
-8.655	15.747
-8.621	15.737
-8.598	15.730
-8.572	15.733
-8.550	15.741
-8.481	15.765
-8.432	15.811
-8.408	15.879
-8.383	15.951
-8.466	15.989
-8.526	15.975
-8.545	15.970
-8.562	15.961
-8.577	15.948
-8.582	15.944
-8.587	15.940
-8.591	15.934
-8.626	15.881
-8.659	15.828
-8.693	15.775
POLYLINE BLACK
-8.191	15.926
-8.177	15.956
-8.164	15.986
-8.148	16.015
-8.113	16.076
-8.045	15.986
-8.029	15.964
-8.018	15.949
-8.010	15.933
-8.002	15.918
-7.994	15.903
-7.991	15.886
-7.980	15.873
-7.976	15.869
-7.967	15.867
-7.962	15.871
-7.913	15.905
-7.908	16.116
-7.825	16.054
-7.775	16.017
-7.787	16.012
-7.740	15.993
-7.675	15.967
-7.595	15.998
-7.542	16.037
-7.481	16.083
-7.426	16.135
-7.365	16.181
-7.355	16.188
-7.338	16.188
-7.329	16.180
-7.307	16.162
-7.298	16.088
-7.298	16.085
-7.290	15.965
-7.286	15.845
-7.288	15.724
-7.290	15.643
-7.310	15.545
-7.342	15.469
-7.363	15.421
-7.390	15.375
-7.416	15.329
-7.463	15.246
-7.504	15.265
-7.541	15.343
-7.585	15.436
-7.548	15.514
-7.506	15.606
-7.487	15.648
-7.467	15.690
-7.438	15.726
-7.360	15.822
-7.272	15.907
-7.189	15.998
POLYLINE BLACK
-6.800	16.860
-6.853	15.830
POLYLINE BLACK
-7.026	16.258
-6.885	16.232
-6.753	16.269
-6.619	16.306
POLYLINE BLACK
-6.587	15.904
-6.527	15.893
-6.469	15.878
-6.416	15.913
-6.403	15.922
-6.384	15.936
-6.378	15.952
-6.364	15.985
-6.435	16.032
-6.456	16.026
-6.468	16.023
-6.449	16.003
-6.442	15.994
-6.433	15.982
-6.421	15.974
-6.410	15.966
-6.377	15.943
-6.327	15.919
-6.285	15.923
-6.219	15.931
-6.153	15.942
-6.087	15.952
POLYLINE BLACK
-6.097	16.225
-6.051	16.157
-6.007	16.087
-5.960	16.021
-5.931	15.981
-5.901	16.035
-5.891	16.056
-5.875	16.088
-5.792	16.289
-5.730	16.277
-5.714	16.274
-5.705	16.254
-5.701	16.242
-5.687	16.197
-5.680	16.148
-5.692	16.101
-5.699	16.074
-5.718	16.050
-5.718	16.021
-5.719	15.963
-5.645	15.927
-5.596	15.929
-5.529	15.932
-5.439	16.012
-5.404	16.032
-5.339	16.070
-5.205	16.015
-5.170	15.954
-5.118	15.865
-5.177	15.691
-5.190	15.622
-5.192	15.608
-5.205	15.594
-5.200	15.581
-5.196	15.573
-5.187	15.594
-5.180	15.601
-5.145	15.667
-5.098	15.727
-5.076	15.798
-5.007	16.018
-4.971	16.248
-4.908	16.471
-4.905	16.479
-4.895	16.460
-4.888	16.454
-4.866	16.392
-4.846	16.329
-4.823	16.268
-4.809	16.232
-4.773	16.208
-4.737	16.202
-4.700	16.196
-4.661	16.206
-4.632	16.231
-4.599	16.259
-4.577	16.308
-4.557	16.340
POLYLINE BLACK
-4.645	16.067
-4.526	15.849
POLYLINE BLACK
-9.706	14.391
-9.674	14.500
-9.636	14.609
-9.609	14.720
-9.589	14.807
-9.574	14.895
-9.567	14.984
-9.566	14.991
-9.581	14.988
-9.587	14.984
-9.598	14.977
-9.606	14.964
-9.614	14.952
-9.631	14.927
-9.645	14.891
-9.650	14.862
-9.667	14.761
-9.653	14.667
-9.618	14.571
-9.581	14.471
-9.458	14.454
-9.413	14.558
-9.388	14.616
-9.355	14.746
-9.371	14.803
-9.381	14.836
-9.423	14.784
-9.428	14.773
-9.445	14.736
-9.460	14.699
-9.476	14.661
POLYLINE BLACK
-8.997	14.967
-9.016	14.935
-9.036	14.904
-9.053	14.870
-9.060	14.856
-9.064	14.841
-9.067	14.826
-9.080	14.771
-9.068	14.689
-8.994	14.701
-8.967	14.705
-8.938	14.714
-8.917	14.734
-8.882	14.766
-8.860	14.849
-8.938	14.830
-8.959	14.825
-8.979	14.819
-9.000	14.813
POLYLINE BLACK
-8.490	15.117
-8.553	15.045
-8.619	14.968
-8.575	14.870
-8.560	14.837
-8.532	14.807
-8.499	14.792
-8.392	14.742
-8.328	14.753
-8.210	14.759
POLYLINE BLACK
-8.187	15.181
-8.088	15.126
-8.047	15.098
-8.087	14.982
-8.108	14.922
-8.124	14.918
-8.161	14.857
-8.197	14.797
-8.100	14.744
-8.057	14.737
-8.019	14.730
-7.980	14.726
-7.942	14.725
-7.846	14.721
-7.833	14.734
-7.749	14.778
POLYLINE BLACK
-7.731	15.216
-7.706	15.145
-7.680	15.075
-7.655	15.004
-7.646	14.966
-7.645	14.925
-7.630	14.890
-7.627	14.883
-7.614	14.895
-7.610	14.901
-7.597	14.918
-7.590	14.940
-7.579	14.958
-7.542	15.021
-7.457	14.987
-7.412	14.955
-7.394	14.942
-7.322	14.872
-7.318	14.868
POLYLINE BLACK
-7.305	14.997
-7.219	14.977
-7.078	14.935
-7.008	15.021
-6.994	15.037
-6.974	15.106
-6.954	15.088
-6.946	15.081
-6.943	15.068
-6.940	15.057
-6.906	14.947
-6.869	14.837
-6.842	14.724
-6.819	14.626
-6.809	14.340
-6.936	14.285
-6.954	14.277
-6.973	14.277
-6.991	14.282
-7.109	14.311
-7.018	14.565
-7.003	14.603
-6.954	14.727
-6.889	14.843
-6.831	14.963
POLYLINE BLACK
-6.098	15.139
-6.110	15.100
-6.124	15.062
-6.134	15.022
-6.157	14.932
-6.034	14.969
-6.002	15.005
-5.988	15.021
-5.966	15.036
-5.967	15.056
-5.967	15.092
-5.993	15.122
-6.006	15.155
POLYLINE BLACK
-5.952	15.492
-5.980	15.337
-6.048	15.133
-6.034	14.955
-6.032	14.934
-6.029	14.880
-5.999	14.871
-5.975	14.864
-5.951	14.885
-5.929	14.891
-5.901	14.899
-5.874	14.895
-5.847	14.886
-5.813	14.875
-5.812	14.869
-5.776	14.868
-5.764	14.867
-5.751	14.868
-5.739	14.870
-5.726	14.872
-5.713	14.875
-5.701	14.881
-5.696	14.883
-5.689	14.896
-5.694	14.894
-5.722	14.883
-5.748	14.867
-5.775	14.853
POLYLINE BLACK
-5.376	15.196
-5.393	15.162
-5.413	15.130
-5.427	15.094
-5.446	15.046
-5.465	14.971
-5.454	14.917
-5.446	14.876
-5.403	14.832
-5.358	14.851
-5.334	14.861
-5.316	14.887
-5.304	14.909
-5.288	14.940
-5.270	14.972
-5.260	15.006
-5.244	15.068
-5.238	15.134
-5.227	15.197
-5.224	15.212
-5.227	15.229
-5.220	15.242
-5.217	15.247
-5.213	15.232
-5.210	15.227
-5.185	15.127
-5.167	15.024
-5.135	14.925
-5.133	14.919
-5.121	14.927
-5.116	14.932
-5.102	14.951
-5.096	14.974
-5.082	14.993
-5.059	15.023
-5.021	14.966
-5.012	14.951
-4.989	14.907
-4.967	14.863
-4.944	14.820
POLYLINE BLACK
-4.714	15.221
-4.710	15.128
-4.712	15.034
-4.703	14.941
-4.701	14.925
-4.654	14.927
-4.664	14.971
-4.673	15.010
-4.683	15.049
-4.693	15.089
POLYLINE BLACK
-4.422	15.091
-4.414	15.061
-4.409	15.029
-4.397	14.999
-4.386	14.971
-4.349	15.000
-4.359	15.022
-4.371	15.049
-4.388	15.074
-4.403	15.100
POLYLINE BLACK
-4.308	15.526
-4.342	15.416
-4.382	15.251
-4.283	15.158
-4.222	15.100
-4.160	15.089
-4.078	15.077
POLYLINE BLACK
-4.256	15.315
-4.185	15.311
-4.029	15.359
-3.954	15.296
-3.931	15.276
-3.934	15.250
-3.940	15.223
-3.951	15.176
-3.965	15.129
-3.973	15.081
-3.978	15.054
-3.972	15.017
-3.964	14.991
-3.959	14.971
-3.949	14.951
-3.927	14.947
-3.898	14.942
-3.870	14.961
-3.847	14.973
-3.785	15.004
-3.745	15.034
-3.680	15.048
-3.656	15.054
-3.633	15.057
-3.609	15.058
-3.606	15.058
-3.523	15.045
-3.495	15.063
-3.449	15.092
-3.497	15.177
-3.548	15.184
-3.581	15.189
-3.615	15.185
-3.640	15.162
-3.669	15.136
-3.698	15.074
-3.634	15.076
-3.555	15.079
-3.477	15.089
-3.398	15.090
-3.270	15.091
-3.181	15.001
-3.085	14.930
POLYLINE BLACK
-3.087	15.219
-3.100	15.183
-3.117	15.148
-3.127	15.112
-3.136	15.080
-3.095	15.078
-3.077	15.083
-3.034	15.094
-2.992	15.108
-2.950	15.121
-2.906	15.136
-2.862	15.153
-2.817	15.168
-2.766	15.185
-2.716	15.194
-2.679	15.237
-2.653	15.267
-2.629	15.299
-2.607	15.333
-2.593	15.354
-2.583	15.378
-2.572	15.401
-2.566	15.411
-2.565	15.426
-2.555	15.432
-2.550	15.436
-2.544	15.426
-2.538	15.422
-2.511	15.298
-2.475	15.176
-2.456	15.051
-2.437	14.925
-2.422	14.741
-2.478	14.613
-2.484	14.600
-2.575	14.420
-2.611	14.424
-2.641	14.427
-2.617	14.554
-2.616	14.556
-2.589	14.668
-2.532	14.729
-2.467	14.837
POLYLINE BLACK
-6.587	13.909
-6.595	13.881
-6.604	13.854
-6.612	13.826
-6.611	13.820
-6.611	13.813
-6.608	13.809
-6.599	13.796
-6.580	13.794
-6.567	13.794
-6.455	13.795
-6.358	13.919
-6.358	14.023
-6.358	14.096
-6.421	14.135
-6.466	14.063
-6.492	14.021
-6.516	13.978
-6.541	13.936
POLYLINE BLACK
-6.316	14.387
-6.328	14.289
-6.345	14.191
-6.353	14.093
-6.359	14.022
-6.357	13.928
-6.290	13.885
-6.274	13.875
-6.255	13.870
-6.236	13.875
-6.189	13.885
-6.168	13.949
-6.114	13.933
-6.078	13.923
-6.049	13.886
-6.023	13.867
-5.985	13.838
-5.923	13.832
-5.885	13.864
-5.846	13.896
-5.836	13.994
-5.902	14.001
-5.964	14.007
-6.034	13.956
-6.079	13.933
POLYLINE BLACK
-5.033	14.094
-5.066	14.069
-5.099	14.044
-5.130	14.017
-5.163	13.988
-5.191	13.883
-5.134	13.865
-5.104	13.855
-5.066	13.881
-5.040	13.888
-5.018	13.894
-4.991	13.895
-4.968	13.891
-4.906	13.882
-4.833	13.833
-4.787	13.809
POLYLINE BLACK
-4.921	14.397
-4.857	14.334
POLYLINE BLACK
-4.675	14.131
-4.696	14.093
-4.720	14.056
-4.739	14.017
-4.769	13.957
-4.776	13.869
-4.723	13.819
-4.711	13.808
-4.695	13.796
-4.677	13.792
-4.625	13.782
-4.591	13.862
-4.603	13.904
-4.610	13.926
-4.630	13.937
-4.638	13.957
-4.644	13.974
-4.631	13.981
-4.617	13.985
-4.470	14.028
-4.367	13.892
-4.273	13.808
POLYLINE BLACK
-4.223	14.021
-4.222	13.933
-4.223	13.863
-4.120	13.897
-4.006	13.935
-3.984	14.164
-4.094	14.163
-4.147	14.162
-4.187	14.119
-4.162	14.067
-4.142	14.026
-3.967	13.747
-3.969	13.616
-3.970	13.585
-4.010	13.463
-4.043	13.468
-4.054	13.470
-4.051	13.489
-4.051	13.500
-4.049	13.541
-4.038	13.585
-4.021	13.622
-4.015	13.635
-4.007	13.647
-3.999	13.659
-3.947	13.734
-3.895	13.809
-3.843	13.883
POLYLINE BLACK
-3.768	14.195
-3.756	14.129
-3.744	14.063
-3.732	13.997
-3.728	13.978
-3.731	13.966
-3.719	13.951
-3.683	13.909
-3.601	13.947
-3.571	13.976
-3.529	14.015
-3.510	14.069
-3.478	14.115
-3.471	14.125
-3.458	14.136
-3.447	14.141
-3.404	14.162
-3.365	14.119
-3.323	14.115
-3.257	14.109
-3.177	14.168
-3.133	14.190
POLYLINE BLACK
-5.106	13.089
-5.137	13.059
-5.170	13.031
-5.199	12.999
-5.223	12.974
-5.242	12.937
-5.253	12.905
-5.261	12.884
-5.265	12.860
-5.263	12.838
-5.260	12.801
-5.224	12.725
-5.175	12.745
-5.119	12.767
-5.091	12.861
-5.130	12.908
-5.139	12.919
-5.146	12.933
-5.159	12.938
-5.164	12.941
-5.170	12.930
-5.168	12.925
-5.117	12.781
-5.001	12.639
-5.124	12.500
-5.146	12.475
-5.166	12.443
-5.197	12.429
-5.216	12.420
-5.177	12.466
-5.164	12.482
-5.136	12.519
-5.105	12.554
-5.072	12.588
-5.012	12.649
-4.942	12.702
-4.885	12.767
-4.831	12.828
-4.789	12.899
-4.741	12.965
POLYLINE BLACK
-4.711	13.436
-4.732	13.268
-4.767	13.102
-4.706	12.941
-4.701	12.927
-4.666	12.851
-4.638	12.855
-4.597	12.860
-4.560	12.879
-4.521	12.890
POLYLINE BLACK
-4.966	13.382
-4.712	13.469
-4.827	13.442
-4.624	13.478
POLYLINE BLACK
-4.430	12.885
-4.400	12.862
-4.371	12.837
-4.340	12.816
-4.300	12.787
-4.248	12.797
-4.210	12.824
-4.199	12.832
-4.186	12.845
-4.185	12.860
-4.182	12.913
-4.292	12.944
-4.332	12.935
-4.377	12.926
-4.420	12.912
-4.464	12.900
POLYLINE BLACK
-4.419	13.288
-4.288	13.339
-4.355	13.308
-4.218	13.383
POLYLINE BLACK
-4.100	12.903
-4.094	12.873
-4.090	12.843
-4.081	12.814
-4.068	12.773
-4.009	12.819
-3.992	12.826
-3.981	12.831
-3.969	12.834
-3.957	12.836
-3.914	12.843
-3.896	12.835
-3.847	12.835
-3.786	12.835
-3.750	12.885
-3.712	12.924
POLYLINE BLACK
-3.547	13.087
-3.544	13.057
-3.542	13.028
-3.539	12.999
-3.536	12.994
-3.535	12.987
-3.529	12.984
-3.516	12.976
-3.493	12.994
-3.487	13.000
-3.429	13.055
-3.376	13.115
-3.317	13.168
-3.294	13.189
-3.272	13.152
-3.269	13.136
-3.254	13.063
-3.242	12.988
-3.229	12.915
POLYLINE BLACK
-3.030	13.103
-3.010	13.127
-2.990	13.151
-2.971	13.174
-2.971	13.181
-2.967	13.189
-2.972	13.193
-2.984	13.207
-3.030	13.203
-3.039	13.202
-3.104	13.195
-3.177	13.159
-3.195	13.090
-3.211	13.026
-3.174	12.955
-3.141	12.904
-3.084	12.816
-2.992	12.720
-2.880	12.712
-2.837	12.709
-2.811	12.724
-2.767	12.738
POLYLINE BLACK
-2.694	12.972
-2.691	12.949
-2.691	12.889
-2.672	12.858
-2.620	12.772
-2.462	12.872
-2.483	12.960
-2.489	12.987
-2.528	13.048
-2.556	13.005
-2.591	12.952
-2.576	12.869
-2.560	12.813
-2.528	12.707
-2.489	12.603
-2.458	12.496
-2.444	12.448
-2.439	12.389
-2.472	12.347
-2.521	12.285
-2.598	12.284
-2.654	12.336
-2.672	12.353
-2.682	12.381
-2.676	12.405
-2.651	12.519
-2.466	12.742
-2.431	12.792
POLYLINE BLACK
-2.234	13.074
-2.234	13.023
-2.243	12.966
-2.213	12.920
-2.118	12.775
-1.972	12.943
-1.973	13.059
-1.974	13.084
-2.000	13.131
-2.029	13.132
-2.085	13.133
-2.141	13.129
-2.196	13.127
POLYLINE BLACK
-7.742	11.279
-7.963	11.356
-8.014	11.355
-8.180	11.455
-8.258	11.502
-8.328	11.562
-8.409	11.603
-8.839	11.814
-9.269	12.026
-9.711	12.210
-9.972	12.318
-10.456	12.522
-10.828	12.567
-10.878	12.573
-10.929	12.573
-10.979	12.576
POLYLINE BLACK
-10.974	12.575
-11.102	12.559
-11.371	12.506
-11.534	12.530
-11.787	12.568
-11.927	12.640
-12.176	12.733
POLYLINE BLACK
-12.104	12.687
-12.151	12.690
-12.189	12.686
-12.231	12.705
-12.294	12.734
-12.327	12.799
-12.355	12.859
-12.390	12.936
-12.424	13.014
-12.460	13.090
-12.560	13.303
-12.518	13.175
-12.568	13.358
POLYLINE BLACK
-8.408	12.630
-8.471	12.567
-8.537	12.513
-8.625	12.491
-8.966	12.405
-9.455	12.824
-9.622	12.904
-9.901	13.038
-10.192	13.147
-10.474	13.274
-10.675	13.364
-10.869	13.469
-11.071	13.557
-11.263	13.640
-11.543	13.570
-11.684	13.744
-11.726	13.796
-11.729	13.859
-11.741	13.923
POLYLINE BLACK
-11.742	13.841
-11.956	14.053
-11.951	14.129
-12.076	14.446
-12.142	14.611
-12.230	14.769
-12.273	14.942
-12.430	15.569
-12.422	15.621
-12.435	16.052
POLYLINE BLACK
-12.439	15.508
-12.445	15.652
-12.433	15.781
-12.477	15.914
-12.540	16.105
-12.853	16.482
-12.864	16.498
-13.053	16.754
-13.149	16.822
-13.264	17.068
-13.304	17.156
-13.312	17.279
-13.325	17.368
POLYLINE BLACK
-3.133	10.115
-3.097	10.114
-3.060	10.115
-3.024	10.111
-2.907	10.099
-2.829	9.975
-2.711	9.973
-2.604	9.970
-2.546	10.057
-2.494	10.136
POLYLINE BLACK
-3.489	10.510
-3.449	10.548
-3.403	10.602
-3.341	10.589
-3.268	10.573
-3.242	10.559
-3.170	10.594
-3.066	10.644
-3.020	10.752
-2.964	10.846
POLYLINE BLACK
-4.446	11.383
-4.404	11.453
-4.304	11.623
-4.193	11.589
-4.109	11.564
-4.040	11.498
-3.952	11.484
-3.855	11.469
-3.799	11.521
-3.701	11.564
POLYLINE BLACK
-6.197	11.303
-6.152	11.386
-6.111	11.471
-6.064	11.554
-6.010	11.648
-5.911	11.631
-5.829	11.588
-5.808	11.577
-5.789	11.561
-5.768	11.551
-5.730	11.532
-5.670	11.526
-5.634	11.525
-5.568	11.521
-5.469	11.531
-5.419	11.584
-5.388	11.617
-5.360	11.654
-5.330	11.689
POLYLINE BLACK
-7.387	11.604
-7.369	11.636
-7.353	11.669
-7.332	11.700
-7.287	11.769
-7.181	11.830
-7.102	11.778
-7.069	11.757
-7.038	11.734
-7.008	11.709
-6.979	11.685
-6.956	11.654
-6.926	11.630
-6.886	11.596
-6.831	11.568
-6.778	11.563
-6.652	11.551
-6.539	11.654
-6.446	11.717
POLYLINE BLACK
-8.756	11.916
-8.676	12.063
-8.571	12.221
-8.388	12.132
-8.314	12.097
-8.254	12.044
-8.170	12.039
-8.075	12.034
-7.978	12.104
-7.903	12.141
POLYLINE BLACK
-9.733	12.420
-9.677	12.477
-9.620	12.539
-9.534	12.526
-9.503	12.522
-9.475	12.509
-9.452	12.488
-9.429	12.467
-9.415	12.438
-9.395	12.415
-9.371	12.389
-9.337	12.365
-9.306	12.351
-9.131	12.270
-9.050	12.317
-8.886	12.392
POLYLINE BLACK
-11.017	12.767
-11.001	12.801
-10.986	12.836
-10.968	12.870
-10.922	12.956
-10.781	12.884
-10.729	12.854
-10.670	12.820
-10.629	12.781
-10.559	12.774
-10.375	12.755
-10.252	12.845
-10.097	12.933
POLYLINE BLACK
-12.215	13.062
-12.193	13.100
-12.173	13.139
-12.148	13.174
-12.079	13.272
-11.938	13.338
-11.833	13.254
-11.758	13.194
-11.730	13.119
-11.628	13.086
-11.500	13.045
-11.475	13.075
-11.316	13.107
POLYLINE GRAY
-12.543	18.621
-12.018	18.659
-11.701	18.723
-11.210	18.645
-10.874	18.592
-10.451	18.443
-10.170	18.270
-9.403	17.796
-8.713	17.384
-8.250	16.620
-8.033	16.262
-7.810	15.721
-7.712	15.326
-7.599	14.873
-7.550	14.488
-7.492	14.055
POLYLINE GRAY
-12.598	17.887
-12.132	17.824
-11.667	17.761
-11.201	17.698
-11.099	17.662
-10.988	17.643
-10.893	17.590
-9.744	16.952
-9.096	15.934
-8.534	14.778
-8.409	14.520
-8.399	14.255
-8.317	13.992
POLYLINE BLACK
-13.601	16.022
-13.597	16.078
-13.596	16.135
-13.590	16.192
-13.584	16.249
-13.565	16.327
-13.490	16.316
-13.325	16.293
-13.176	16.255
-13.145	16.067
-13.134	16.003
-13.124	15.940
-13.119	15.876
-13.117	15.862
-13.129	15.846
-13.142	15.842
-13.150	15.840
-13.159	15.839
-13.167	15.842
-13.328	15.895
-13.487	15.953
-13.647	16.008
POLYLINE BLACK
-12.911	15.750
-12.928	15.712
-12.947	15.675
-12.962	15.636
-12.995	15.551
-12.947	15.466
-12.873	15.423
-12.845	15.407
-12.812	15.397
-12.780	15.408
-12.725	15.428
-12.691	15.498
-12.670	15.546
-12.639	15.617
-12.625	15.704
-12.692	15.758
-12.753	15.807
-12.849	15.793
-12.919	15.794
POLYLINE BLACK
-12.989	15.008
-12.954	15.034
-12.920	15.061
-12.883	15.085
-12.807	15.134
-12.751	14.955
-12.744	14.940
-12.717	14.874
-12.692	14.807
-12.669	14.739
-12.667	14.732
-12.668	14.724
-12.670	14.717
-12.675	14.693
-12.702	14.683
-12.724	14.678
-12.808	14.660
-12.896	14.713
-12.933	14.789
-12.972	14.868
-12.971	14.948
-12.986	15.038
POLYLINE BLACK
-12.427	13.421
-12.421	13.447
-12.420	13.509
-12.394	13.538
-12.368	13.566
-12.330	13.561
-12.296	13.559
-12.222	13.554
-12.144	13.534
-12.071	13.556
-11.981	13.582
-11.939	13.645
-11.871	13.714
POLYLINE BLACK
-12.651	14.006
-12.644	14.040
-12.639	14.073
-12.630	14.106
-12.601	14.214
-12.421	14.221
-12.347	14.245
-12.252	14.277
-12.188	14.354
-12.118	14.420
POLYLINE BLACK
-13.384	16.747
-13.368	16.696
-13.363	16.659
-13.334	16.618
-13.316	16.591
-13.253	16.522
-13.215	16.541
-13.201	16.549
-13.193	16.569
-13.191	16.583
-13.185	16.622
-13.180	16.662
-13.178	16.701
-13.176	16.728
-13.172	16.777
-13.202	16.795
-13.249	16.823
-13.355	16.764
-13.381	16.755
POLYLINE BLACK
-13.962	17.294
-13.923	17.375
-13.882	17.449
-13.789	17.465
-13.757	17.470
-13.721	17.471
-13.689	17.464
-13.616	17.448
-13.602	17.431
-13.539	17.433
-13.456	17.436
-13.399	17.488
-13.326	17.529
POLYLINE BLACK
-13.374	17.199
-13.316	17.260
-13.264	17.326
-13.201	17.380
-13.115	17.455
-13.016	17.511
-12.931	17.585
-12.807	17.692
-12.571	17.962
-12.709	18.144
-12.732	18.176
-12.767	18.204
-12.806	18.215
-12.969	18.262
-13.073	18.240
-13.273	18.255
-13.310	18.258
-13.346	18.267
-13.383	18.273
POLYLINE BLACK
-12.690	13.350
-12.849	13.736
-12.845	13.646
-12.892	13.962
-12.907	14.063
-12.911	14.166
-12.932	14.266
-13.002	14.601
-13.024	14.804
-13.178	15.067
-13.226	15.148
-13.278	15.228
-13.335	15.303
-13.471	15.482
-13.532	15.486
-13.616	15.678
-13.702	15.873
-13.761	16.080
-13.852	16.273
-13.909	16.393
-13.985	16.504
-14.060	16.613
-14.149	16.741
-14.246	16.864
-14.345	16.985
-14.364	17.008
-14.388	17.027
-14.412	17.044
-14.580	17.158
-14.794	17.238
-15.000	17.216
-15.034	17.213
-15.068	17.204
-15.102	17.198
POLYLINE BLACK
-15.043	17.232
-15.059	17.203
-15.076	17.175
-15.090	17.145
-15.124	17.074
-15.058	16.961
-15.029	16.914
-14.977	16.829
-14.880	16.669
-14.784	16.589
-14.755	16.566
-14.722	16.548
-14.691	16.527
-14.612	16.472
-14.530	16.420
-14.453	16.362
-14.310	16.258
-14.294	16.143
-14.317	15.979
-14.325	15.922
-14.355	15.867
-14.404	15.835
-14.573	15.726
-14.564	15.770
-14.840	15.662
-14.900	15.638
-14.982	15.566
-15.020	15.523
-15.116	15.415
-15.192	15.293
-15.245	15.158
-15.337	14.922
-15.295	14.702
-15.553	14.664
-15.626	14.654
-15.721	14.662
-15.786	14.700
-16.555	15.146
-15.725	14.681
-16.371	15.124
-16.525	15.229
-16.800	15.313
-16.912	15.504
-16.931	15.538
-16.946	15.574
-16.963	15.609
POLYLINE BLACK
-16.489	17.968
-16.648	17.811
-16.673	17.730
-16.747	17.513
-16.782	17.412
-16.813	17.310
-16.846	17.209
-16.895	17.058
-16.901	17.071
-16.914	16.896
-16.922	16.780
-16.918	16.663
-16.928	16.546
-16.937	16.439
-16.978	16.424
-16.999	16.309
-17.051	16.026
-17.091	15.746
-17.002	15.467
-16.981	15.402
-16.948	15.342
-16.920	15.279
POLYLINE BLACK
-13.350	18.286
-13.348	18.287
POLYLINE BLACK
-13.360	18.313
-14.175	18.188
-14.085	18.174
-15.172	18.217
-15.333	18.223
-15.674	18.269
-15.844	18.388
-16.027	18.515
-16.116	18.717
-16.175	18.923
-16.184	18.955
-16.189	18.989
-16.190	19.022
-16.193	19.152
-16.183	19.193
-16.165	19.307
POLYLINE BLACK
-16.636	17.975
-16.632	17.942
POLYLINE BLACK
-16.667	17.905
-16.609	17.954
-16.548	18.004
-16.517	18.076
-16.489	18.139
-16.510	18.229
-16.539	18.286
-16.627	18.454
-16.725	18.617
-16.818	18.782
POLYLINE BLACK
-17.402	20.111
-17.442	20.132
-17.501	20.147
-17.525	20.193
-17.539	20.218
-17.541	20.252
-17.536	20.280
-17.512	20.397
-17.451	20.486
-17.343	20.539
-17.301	20.560
-17.250	20.577
-17.207	20.550
-17.120	20.495
-17.094	20.387
-17.086	20.292
-17.080	20.222
-17.079	20.151
-17.073	20.081
-17.073	20.074
-17.069	20.068
-17.067	20.062
-17.059	20.043
-17.045	20.026
-17.028	20.016
-16.926	19.952
-16.831	20.065
-16.772	20.136
-16.743	20.172
-16.721	20.214
-16.696	20.252
POLYLINE BLACK
-16.812	19.677
-16.864	19.602
-16.906	19.532
-16.911	19.439
-16.915	19.359
-16.913	19.322
-16.894	19.250
-16.874	19.173
-16.744	19.147
-16.685	19.189
-16.642	19.220
-16.624	19.279
-16.610	19.324
-16.570	19.450
-16.577	19.626
-16.661	19.734
-16.688	19.770
-16.788	19.807
-16.798	19.812
POLYLINE BLACK
-19.112	21.575
-19.169	21.513
-19.229	21.453
-19.282	21.388
-19.303	21.364
-19.321	21.337
-19.334	21.307
-19.361	21.245
-19.380	21.180
-19.401	21.116
-19.408	21.096
-19.406	21.072
-19.395	21.054
-19.367	21.010
-19.295	21.001
-19.249	21.005
-19.235	21.007
-19.222	21.011
-19.208	21.013
-19.202	21.014
-19.195	21.016
-19.189	21.015
-19.134	21.001
-19.079	20.984
-19.025	20.969
POLYLINE BLACK
-18.765	21.993
-18.238	22.061
-18.919	21.285
-18.635	21.322
-18.578	21.329
-18.515	21.365
-18.484	21.415
-18.392	21.561
-18.307	21.712
-18.219	21.860
POLYLINE BLACK
-18.408	21.556
-18.385	21.475
-18.367	21.386
-18.290	21.339
-18.206	21.288
-18.099	21.355
-18.049	21.423
-18.034	21.445
-18.024	21.471
-18.007	21.491
-18.002	21.497
-17.992	21.501
-17.986	21.497
-17.977	21.492
-17.973	21.480
-17.970	21.470
-17.958	21.435
-17.954	21.398
-17.941	21.364
-17.922	21.310
-17.887	21.242
-17.838	21.206
-17.810	21.185
-17.775	21.177
-17.741	21.186
-17.647	21.212
-17.590	21.300
-17.621	21.396
-17.625	21.408
-17.645	21.454
-17.658	21.456
-17.708	21.464
-17.759	21.453
-17.809	21.452
POLYLINE BLACK
-17.425	21.725
-17.417	21.618
-17.414	21.510
-17.400	21.403
-17.400	21.397
-17.389	21.392
-17.384	21.395
-17.372	21.402
-17.366	21.416
-17.359	21.427
-17.326	21.480
-17.297	21.535
-17.264	21.587
-17.214	21.662
-17.156	21.665
-17.091	21.606
-17.076	21.593
-17.060	21.580
-17.050	21.562
-16.960	21.414
-16.964	21.413
-16.919	21.284
POLYLINE BLACK
-17.219	21.941
-17.146	22.080
-17.041	22.175
-16.923	22.272
POLYLINE BLACK
-16.663	21.721
-16.702	21.701
-16.742	21.684
-16.780	21.663
-16.836	21.632
-16.812	21.556
-16.763	21.533
-16.679	21.493
-16.549	21.525
-16.471	21.569
-16.464	21.574
-16.457	21.579
-16.450	21.586
-16.423	21.612
-16.398	21.639
-16.372	21.666
POLYLINE BLACK
-16.577	21.831
-16.536	21.843
-16.496	21.858
-16.454	21.866
-16.373	21.883
-16.256	21.889
-16.210	21.804
-16.192	21.771
-16.182	21.733
-16.178	21.696
-16.168	21.614
-16.188	21.519
-16.102	21.472
-16.072	21.456
-16.041	21.446
-16.007	21.452
-15.888	21.473
-15.793	21.666
-15.751	21.723
-15.737	21.742
-15.721	21.790
-15.686	21.783
-15.656	21.778
-15.638	21.741
-15.618	21.723
-15.605	21.712
-15.592	21.703
-15.577	21.695
-15.434	21.615
-15.320	21.692
-15.278	21.842
-15.256	21.924
-15.248	22.052
-15.348	22.087
-15.375	22.096
-15.407	22.095
-15.434	22.085
-15.522	22.055
-15.567	21.980
-15.631	21.912
POLYLINE BLACK
-15.038	22.071
-15.013	21.960
-14.993	21.848
-14.962	21.738
-14.960	21.731
-14.949	21.726
-14.943	21.729
-14.932	21.735
-14.928	21.749
-14.921	21.759
-14.910	21.776
-14.902	21.795
-14.890	21.811
-14.866	21.843
-14.840	21.868
-14.806	21.890
-14.780	21.906
-14.748	21.900
-14.726	21.883
-14.704	21.866
-14.671	21.819
-14.664	21.805
-14.635	21.751
-14.613	21.693
-14.588	21.637
POLYLINE BLACK
-14.375	21.976
-14.370	21.936
-14.367	21.894
-14.360	21.854
-14.347	21.781
-14.236	21.711
-14.170	21.761
-14.100	21.815
-14.091	21.949
-14.132	22.021
-14.150	22.052
-14.177	22.074
-14.208	22.091
-14.243	22.110
-14.290	22.118
-14.328	22.105
-14.362	22.093
-14.396	22.079
-14.430	22.066
POLYLINE BLACK
-13.322	22.176
-13.277	22.068
-13.232	21.960
-13.187	21.852
-13.181	21.860
-13.173	21.868
-13.169	21.877
-13.151	21.921
-13.167	21.910
-13.148	21.938
-13.104	22.002
-13.007	21.990
-12.970	21.927
-12.952	21.896
-12.937	21.864
-12.920	21.832
POLYLINE BLACK
-12.691	22.121
-12.698	22.057
-12.712	21.987
-12.666	21.934
-12.655	21.922
-12.642	21.909
-12.625	21.904
-12.571	21.887
-12.524	21.960
-12.503	21.997
-12.480	22.037
-12.473	22.075
-12.475	22.121
-12.475	22.134
-12.483	22.149
-12.478	22.162
-12.465	22.194
-12.411	22.097
-12.380	22.075
-12.284	22.010
-12.148	22.086
-12.058	22.123
POLYLINE BLACK
-19.338	19.894
-19.322	19.851
-19.298	19.810
-19.288	19.765
-19.286	19.758
-19.302	19.757
-19.309	19.760
-19.326	19.769
-19.340	19.784
-19.354	19.798
-19.384	19.828
-19.409	19.869
-19.416	19.912
-19.427	19.980
-19.417	20.048
-19.390	20.110
-19.371	20.154
-19.315	20.250
-19.253	20.240
-19.207	20.232
-19.184	20.163
-19.176	20.127
-19.151	20.022
-19.165	19.980
-19.169	19.855
POLYLINE BLACK
-18.913	20.434
-18.872	20.246
-18.903	20.339
-18.818	20.156
POLYLINE BLACK
-18.904	20.842
-18.824	20.869
POLYLINE BLACK
-18.626	20.389
-18.509	20.544
-18.568	20.447
-18.478	20.697
POLYLINE BLACK
-18.777	20.483
-18.785	20.436
-18.797	20.389
-18.803	20.342
-18.818	20.232
-18.741	20.092
-18.616	20.106
-18.584	20.109
-18.548	20.126
-18.525	20.149
-18.484	20.190
-18.433	20.246
-18.408	20.301
-18.375	20.376
-18.349	20.455
-18.316	20.530
-18.309	20.545
-18.293	20.565
-18.278	20.573
-18.202	20.617
-18.103	20.468
-18.031	20.481
-17.930	20.501
-17.916	20.661
-17.833	20.710
-17.820	20.717
-17.807	20.723
-17.794	20.728
-17.702	20.767
-17.609	20.804
-17.516	20.842
POLYLINE BLACK
-17.293	20.961
-17.281	20.919
-17.271	20.876
-17.256	20.835
-17.248	20.813
-17.237	20.792
-17.224	20.773
-17.123	20.615
-17.103	20.794
-17.008	20.826
-16.957	20.843
-16.912	20.805
-16.862	20.806
-16.830	20.806
-16.798	20.815
-16.769	20.828
-16.658	20.880
-16.624	20.962
-16.563	21.068
POLYLINE BLACK
-16.107	21.220
-16.163	21.090
-16.222	20.962
-16.275	20.831
-16.294	20.785
-16.253	20.779
-16.223	20.779
-16.173	20.778
-16.117	20.800
-16.073	20.776
-16.020	20.748
-15.996	20.685
-15.957	20.639
POLYLINE BLACK
-15.774	21.140
-15.728	21.090
-15.693	21.065
-15.665	21.009
-15.631	20.938
-15.647	20.872
-15.563	20.839
-15.556	20.836
-15.549	20.832
-15.541	20.833
-15.500	20.839
-15.460	20.852
-15.419	20.862
POLYLINE BLACK
-15.252	21.004
-15.205	21.011
-15.070	21.024
-15.130	21.104
-15.141	21.120
-15.159	21.127
-15.178	21.126
-15.226	21.122
-15.277	21.077
-15.308	21.049
-15.388	20.978
-15.410	20.897
-15.326	20.821
-15.278	20.777
-15.231	20.743
-15.171	20.719
-15.127	20.702
-15.081	20.690
-15.035	20.676
POLYLINE BLACK
-14.743	21.016
-14.662	20.499
-14.670	20.698
-14.667	20.425
POLYLINE BLACK
-14.667	21.380
-14.568	21.389
POLYLINE BLACK
-14.115	20.634
-14.032	20.727
-13.986	20.806
-13.970	20.933
-13.955	21.053
-13.949	21.173
-13.944	21.294
-13.946	21.326
-13.948	21.357
-13.950	21.389
-13.956	21.392
-13.962	21.401
-13.968	21.398
-13.982	21.389
-14.002	21.317
-14.002	21.314
-14.011	21.255
-14.019	21.195
-14.019	21.135
-14.021	21.030
-14.016	20.843
-13.914	20.769
-13.844	20.717
-13.773	20.712
-13.689	20.706
POLYLINE BLACK
-13.409	20.934
-13.343	20.746
-13.376	20.854
-13.317	20.607
POLYLINE BLACK
-13.393	21.199
-13.098	21.335
-13.213	21.271
-13.039	21.374
POLYLINE BLACK
-12.960	21.258
-12.944	21.208
-12.927	21.157
-12.910	21.106
-12.901	21.060
-12.906	21.009
-12.883	20.968
-12.875	20.954
-12.864	20.994
-12.856	21.008
-12.848	21.020
-12.843	21.034
-12.836	21.046
-12.816	21.077
-12.779	21.091
-12.744	21.086
-12.736	21.085
-12.727	21.085
-12.721	21.080
-12.677	21.042
-12.638	20.998
-12.596	20.957
POLYLINE BLACK
-12.367	21.209
-12.295	21.018
-12.291	21.047
-12.268	20.893
-12.267	20.884
-12.267	20.874
-12.267	20.865
-12.269	20.832
-12.273	20.798
-12.275	20.765
POLYLINE BLACK
-12.424	21.475
-12.392	21.502
POLYLINE BLACK
-12.177	20.853
-12.119	20.871
-12.078	20.876
-12.032	20.909
-11.994	20.936
-11.962	20.968
-11.936	21.006
-11.910	21.044
-11.848	21.146
-11.903	21.188
-11.915	21.198
-11.934	21.203
-11.950	21.204
-12.023	21.212
-12.080	21.176
-12.093	21.101
-12.103	21.044
-12.083	20.985
-12.059	20.934
-12.039	20.890
-11.995	20.807
-11.944	20.785
-11.881	20.758
-11.816	20.738
-11.752	20.714
POLYLINE BLACK
-14.506	17.580
-14.482	17.640
-14.461	17.701
-14.433	17.759
-14.401	17.827
-14.325	17.946
-14.231	17.918
-14.154	17.896
-14.039	17.837
-13.945	17.858
-13.873	17.874
-13.823	17.933
-13.770	17.980
POLYLINE BLACK
-14.307	17.544
-14.335	17.438
-14.366	17.333
-14.391	17.227
-14.400	17.190
-14.380	17.158
-14.341	17.174
-14.237	17.215
-14.176	17.298
-14.148	17.404
-14.140	17.436
-14.139	17.474
-14.160	17.501
-14.196	17.547
-14.293	17.541
-14.334	17.546
POLYLINE BLACK
-13.452	17.901
-13.427	17.807
-13.404	17.712
-13.377	17.619
-13.365	17.577
-13.302	17.576
-13.270	17.581
-13.092	17.608
-12.995	17.859
-13.145	17.981
-13.198	18.025
-13.267	18.016
-13.332	18.018
POLYLINE BLACK
-15.229	17.668
-15.216	17.631
-15.206	17.594
-15.192	17.558
-15.171	17.503
-15.105	17.505
-15.059	17.520
-14.894	17.573
-14.899	17.728
-14.869	17.871
-14.865	17.891
-14.844	17.929
-14.857	17.954
-14.882	18.005
-14.991	17.978
-15.027	17.961
-15.067	17.942
-15.105	17.919
-15.144	17.898
POLYLINE BLACK
-14.830	17.476
-14.857	17.419
-14.897	17.341
-14.811	17.323
-14.796	17.320
-14.779	17.319
-14.765	17.328
-14.728	17.353
-14.742	17.471
-14.741	17.480
-14.739	17.504
-14.721	17.530
-14.732	17.552
-14.745	17.579
-14.779	17.589
-14.802	17.607
POLYLINE BLACK
-15.672	17.497
-15.631	17.198
-15.665	17.497
-15.650	17.194
-15.648	17.150
-15.601	17.135
-15.565	17.141
-15.477	17.156
-15.415	17.212
-15.415	17.306
-15.414	17.336
-15.420	17.368
-15.438	17.393
-15.456	17.417
-15.500	17.447
-15.532	17.442
-15.592	17.432
-15.652	17.418
-15.712	17.406
POLYLINE BLACK
-16.416	17.039
-16.471	16.914
-16.475	16.929
-16.495	16.823
-16.517	16.705
-16.539	16.586
-16.558	16.468
-16.559	16.460
-16.557	16.452
-16.554	16.445
-16.531	16.374
-16.412	16.408
-16.369	16.425
-16.287	16.457
-16.208	16.494
-16.127	16.528
-16.107	16.536
-16.090	16.543
-16.078	16.562
-16.053	16.599
-16.049	16.642
-16.048	16.687
-16.048	16.709
-16.029	16.910
-16.060	17.001
-16.082	17.067
-16.170	17.071
-16.226	17.053
-16.263	17.040
-16.305	17.009
-16.334	16.990
POLYLINE BLACK
-16.577	15.888
-16.512	15.788
-16.460	15.569
-16.333	15.479
-16.275	15.439
-16.201	15.421
-16.131	15.417
-16.058	15.413
-15.962	15.421
-15.916	15.486
-15.852	15.575
-15.887	15.733
-15.906	15.819
-15.915	15.863
-15.955	16.014
-16.003	16.059
-16.069	16.121
-16.197	16.082
-16.261	16.044
-16.460	15.927
-16.459	15.932
-16.566	15.776
POLYLINE BLACK
-15.410	16.386
-15.413	16.389
-15.492	16.495
-15.522	16.441
-15.528	16.431
-15.531	16.419
-15.533	16.407
-15.540	16.339
-15.545	16.271
-15.547	16.202
-15.552	16.032
-15.298	16.144
-15.215	16.113
-15.172	16.097
-15.168	16.061
-15.137	16.031
-15.134	16.028
-15.126	16.029
-15.123	16.032
-15.116	16.039
-15.112	16.048
-15.111	16.057
-15.086	16.223
-15.063	16.389
-15.043	16.555
-15.038	16.596
-15.079	16.625
-15.115	16.622
-15.258	16.611
-15.237	16.608
-15.389	16.563

ELEVATION
STATIONS
0.000	0.000	0
-0.171	0.395	1
3.683	0.641	2
7.721	3.641	3
5.443	4.120	4
3.002	6.184	5
2.122	4.064	6
1.403	-0.135	2.1
3.045	-0.598	2.2
-2.088	-2.157	2.3
-3.360	-3.134	2.4
-7.288	-4.261	2.5
-11.273	-5.940	2.6
-12.288	-6.073	2.7
-12.384	-7.175	2.8
-13.988	-7.513	2.9
-12.645	-8.109	2.10
-16.211	-9.079	2.11
SHOTS
0.000	0.000	-0.130	0.400
0.000	0.000	-0.120	0.399
0.000	0.000	-0.126	0.395
0.000	0.000	-0.178	0.396
0.000	0.000	-1.219	0.027
0.000	0.000	0.227	0.531
0.000	0.000	-0.946	0.997
0.000	0.000	-1.049	-1.685
0.000	0.000	-0.937	1.063
0.000	0.000	-0.762	-1.655
0.000	0.000	-0.188	0.396
0.000	0.000	-0.189	0.403
0.000	0.000	-0.171	0.395
-0.171	0.395	0.561	0.403
-0.171	0.395	0.533	-1.461
-0.171	0.395	0.309	1.239
-0.171	0.395	1.196	-1.725
-0.171	0.395	3.683	0.641
3.683	0.641	5.050	-2.620
3.683	0.641	5.076	-2.634
3.683	0.641	2.919	0.624
3.683	0.641	3.206	-0.808
3.683	0.641	3.392	1.498
3.683	0.641	2.234	-0.137
3.683	0.641	2.566	-0.182
3.683	0.641	2.297	-0.167
3.683	0.641	2.584	-0.103
3.683	0.641	2.444	-4.109
3.683	0.641	7.721	3.641
7.721	3.641	7.330	3.536
7.721	3.641	6.235	3.473
7.721	3.641	7.486	2.142
7.721	3.641	7.361	4.556
7.721	3.641	6.718	3.016
7.721	3.641	6.107	2.919
7.721	3.641	5.443	4.120
5.443	4.120	5.867	4.103
5.443	4.120	6.100	2.813
5.443	4.120	5.496	5.134
5.443	4.120	3.002	6.184
3.002	6.184	2.131	6.055
3.002	6.184	1.623	7.813
3.002	6.184	2.821	5.272
3.002	6.184	2.071	5.934
3.002	6.184	1.778	5.796
3.002	6.184	1.794	5.801
3.002	6.184	1.597	5.613
3.002	6.184	2.563	5.956
3.002	6.184	2.755	5.741
3.002	6.184	3.020	6.010
3.002	6.184	3.426	3.047
3.002	6.184	2.679	3.814
3.002	6.184	2.162	3.911
3.002	6.184	2.385	4.099
3.002	6.184	2.754	4.159
3.002	6.184	2.122	4.064
3.683	0.641	1.403	-0.135
1.403	-0.135	1.878	-0.168
1.403	-0.135	1.724	-1.634
1.403	-0.135	1.623	2.029
1.403	-0.135	3.045	-0.598
3.045	-0.598	1.716	-0.659
3.045	-0.598	2.205	-2.261
3.045	-0.598	2.210	0.553
3.045	-0.598	-2.088	-2.157
-2.088	-2.157	-1.659	-2.157
-2.088	-2.157	-1.804	-3.378
-2.088	-2.157	-2.223	-0.455
-2.088	-2.157	-3.360	-3.134
-3.360	-3.134	-3.759	-3.086
-3.360	-3.134	-3.714	-4.434
-3.360	-3.134	-4.006	-1.866
-3.360	-3.134	-7.288	-4.261
-7.288	-4.261	-6.752	-4.240
-7.288	-4.261	-6.827	-5.388
-7.288	-4.261	-7.456	-3.351
-7.288	-4.261	-6.823	-4.129
-7.288	-4.261	-7.394	-5.014
-7.288	-4.261	-8.226	-5.522
-7.288	-4.261	-7.406	-5.028
-7.288	-4.261	-8.228	-5.688
-7.288	-4.261	-11.273	-5.940
-11.273	-5.940	-11.400	-5.968
-11.273	-5.940	-11.319	-6.975
-11.273	-5.940	-11.585	-5.285
-11.273	-5.940	-11.745	-5.976
-11.273	-5.940	-12.288	-6.073
-12.288	-6.073	-11.510	-6.091
-12.288	-6.073	-12.121	-7.245
-12.288	-6.073	-12.142	-5.292
-12.288	-6.073	-12.384	-7.175
-12.384	-7.175	-12.940	-7.140
-12.384	-7.175	-12.597	-8.278
-12.384	-7.175	-12.763	-6.458
-12.384	-7.175	-13.988	-7.513
-13.988	-7.513	-12.809	-7.550
-13.988	-7.513	-13.522	-8.702
-13.988	-7.513	-13.240	-6.963
-13.988	-7.513	-12.576	-8.121
-13.988	-7.513	-12.559	-8.348
-13.988	-7.513	-12.645	-8.109
-12.645	-8.109	-13.560	-7.985
-12.645	-8.109	-13.905	-10.462
-12.645	-8.109	-13.015	-9.377
-12.645	-8.109	-13.167	-7.479
-12.645	-8.109	-16.211	-9.079
-16.211	-9.079	-15.012	-9.253
-16.211	-9.079	-14.284	-9.255
-16.211	-9.079	-14.882	-9.286
-16.211	-9.079	-15.325	-9.395
-16.211	-9.079	-16.354	-9.284
-16.211	-9.079	-16.727	-9.088
-16.211	-9.079	-17.355	-6.355
-16.211	-9.079	-16.811	-5.285
-16.211	-9.079	-15.592	-10.433
-16.211	-9.079	-16.088	-10.322
-16.211	-9.079	-13.364	-16.155
-16.211	-9.079	-16.118	-9.294
-16.211	-9.079	-17.771	-10.831
-16.211	-9.079	-16.440	-9.330

