TRIP
DATE 2013-06-01
DECLINATION 0.0
DATA
0		295.46	1.21	0.532	>
0		295.31	1.97	1.023	>
0		320.81	-2.30	1.261	>
0		341.00	-6.63	1.979	>
0		358.86	-11.13	2.477	>
0		15.69	-7.60	1.103	>
0		310.84	-71.08	0.601	>
0		16.47	-60.05	3.120	>
0		16.41	-60.02	3.119	>
0		16.45	-60.13	3.122	>
0	1	16.44	-60.07	3.120	>
1		310.37	17.51	1.469	>
1		174.40	-8.32	1.563	>
1		243.22	-12.00	0.764	>
1		148.02	-10.95	1.644	>
1		187.50	-24.14	1.626	>
1		148.72	-40.25	3.630	>
1		148.80	-40.20	3.606	>
1		148.95	-40.18	3.626	>
1	2	148.82	-40.21	3.621	>
2		175.68	25.81	0.452	>
2		229.20	36.82	2.138	>
2		248.20	33.27	2.719	>
2		11.65	13.80	1.363	>
2		39.77	0.23	1.894	>
2		92.86	-43.49	2.586	>
2		92.98	-43.89	2.587	>
2		92.75	-43.98	2.589	>
2	3	92.86	-43.79	2.587	>
3		334.72	9.78	1.306	>
3		347.01	10.21	1.109	>
3		264.52	-5.01	0.839	>
3		236.93	-1.69	1.328	>
3		209.94	-9.22	4.201	>
3		199.35	-58.02	3.165	>
3		199.71	-58.31	3.198	>
3		199.69	-58.21	3.197	>
3	4	199.58	-58.18	3.187	>
4		155.33	2.74	0.830	>
4		96.39	8.48	0.185	>
4		51.17	-1.63	0.479	>
4		23.40	-11.69	0.796	>
4		143.72	-75.54	11.126	>
4		143.88	-75.50	11.124	>
4		143.92	-75.42	11.145	>
4	5	143.84	-75.49	11.132	>
5		17.76	-2.65	1.425	>
5		344.04	-1.59	1.078	>
5		286.57	-12.43	0.966	>
5		248.18	-1.94	1.223	>
5		281.98	-76.84	0.707	>
5		230.55	-17.16	2.773	>
5		224.85	-17.97	2.264	>
5		227.63	-17.64	2.490	>
5		227.54	-17.42	3.156	>
5		227.86	-17.40	3.147	>
5		227.65	-17.34	3.159	>
5	6	227.68	-17.39	3.154	>
6		132.04	13.58	0.725	>
6		333.13	-11.28	0.257	>
6		142.97	-63.62	0.472	>
6		216.13	-41.54	2.798	>
6		216.18	-41.48	2.795	>
6		216.15	-41.46	2.795	>
6	7	216.16	-41.50	2.796	>
7		331.49	9.32	1.674	>
7		337.27	39.58	1.019	>
7		343.40	55.69	1.366	>
7		342.55	69.72	0.427	>
7		232.65	-3.36	6.781	>
7		232.53	-3.35	6.778	>
7		232.59	-3.33	6.771	>
7	8	232.59	-3.35	6.777	>
8		46.76	6.99	7.463	>
8		51.37	6.41	7.817	>
8		37.44	4.53	7.248	>
8		56.27	3.21	5.608	>
8		73.19	-0.82	4.513	>
8		115.72	-14.48	2.176	>
8		136.96	-21.25	2.309	>
8		155.31	-24.91	2.469	>
8		112.37	-83.11	1.385	>
8		202.48	-18.00	3.239	>
8		193.66	-19.63	4.235	>
8		48.62	10.12	1.389	>
8		203.11	-17.58	4.980	>
8		202.99	-17.61	4.979	>
8		203.16	-17.58	4.987	>
8	9	203.09	-17.59	4.982	>
9		300.30	-22.92	0.735	>
9		111.41	5.48	0.816	>
9		152.81	-75.76	0.882	>
9		191.94	-21.19	6.397	>
9		191.85	-21.29	6.389	>
9		191.91	-21.19	6.396	>
9	10	191.90	-21.22	6.394	>
10		63.64	-38.68	2.910	>
10		71.68	-46.94	2.211	>
10		206.76	-22.08	5.958	>
10		206.49	-22.03	5.904	>
10		206.56	-22.12	5.919	>
10		288.29	41.62	1.145	>
10		293.82	34.88	2.255	>
10		301.10	-9.35	0.960	>
10		112.31	-79.55	1.560	>
10		207.74	-17.22	5.034	>
10		211.18	-19.63	4.589	>
10		204.93	-17.45	4.094	>
10	11	206.61	-22.08	5.927	>
11		130.19	32.01	0.189	>
11		296.58	-22.08	0.207	>
11		294.82	61.22	0.720	>
11		80.08	-46.80	0.759	>

PLAN
STATIONS
0.000	0.000	0
0.441	1.493	1
1.872	-0.872	2
3.737	-0.966	3
3.174	-2.549	4
4.820	-4.801	5
2.594	-6.827	6
1.359	-8.518	7
-4.015	-12.628	8
-5.877	-16.997	9
-7.106	-22.829	10
-9.566	-27.740	11
SHOTS
0.000	0.000	-0.480	0.229
0.000	0.000	-0.924	0.437
0.000	0.000	-0.796	0.977
0.000	0.000	-0.640	1.859
0.000	0.000	-0.048	2.430
0.000	0.000	0.296	1.053
0.000	0.000	-0.147	0.127
0.000	0.000	0.441	1.493
0.441	1.493	-0.627	2.401
0.441	1.493	0.592	-0.046
0.441	1.493	-0.227	1.157
0.441	1.493	1.296	0.124
0.441	1.493	0.247	0.022
0.441	1.493	1.872	-0.872
1.872	-0.872	1.903	-1.278
1.872	-0.872	0.576	-1.991
1.872	-0.872	-0.239	-1.717
1.872	-0.872	2.139	0.424
1.872	-0.872	3.084	0.583
1.872	-0.872	3.737	-0.966
3.737	-0.966	3.188	0.198
3.737	-0.966	3.492	0.098
3.737	-0.966	2.905	-1.045
3.737	-0.966	2.625	-1.690
3.737	-0.966	1.668	-4.559
3.737	-0.966	3.174	-2.549
3.174	-2.549	3.520	-3.302
3.174	-2.549	3.356	-2.569
3.174	-2.549	3.547	-2.248
3.174	-2.549	3.484	-1.833
3.174	-2.549	4.820	-4.801
4.820	-4.801	5.254	-3.445
4.820	-4.801	4.524	-3.765
4.820	-4.801	3.916	-4.532
4.820	-4.801	3.685	-5.255
4.820	-4.801	4.663	-4.767
4.820	-4.801	2.774	-6.484
4.820	-4.801	3.301	-6.327
4.820	-4.801	3.067	-6.400
4.820	-4.801	2.594	-6.827
2.594	-6.827	3.118	-7.299
2.594	-6.827	2.481	-6.602
2.594	-6.827	2.721	-6.995
2.594	-6.827	1.359	-8.518
1.359	-8.518	0.570	-7.066
1.359	-8.518	1.055	-7.794
1.359	-8.518	1.139	-7.780
1.359	-8.518	1.315	-8.377
1.359	-8.518	-4.015	-12.628
-4.015	-12.628	1.382	-7.554
-4.015	-12.628	2.054	-7.779
-4.015	-12.628	0.378	-6.891
-4.015	-12.628	0.642	-9.519
-4.015	-12.628	0.305	-11.323
-4.015	-12.628	-2.116	-13.543
-4.015	-12.628	-2.546	-14.201
-4.015	-12.628	-3.079	-14.663
-4.015	-12.628	-3.861	-12.691
-4.015	-12.628	-5.192	-15.475
-4.015	-12.628	-4.957	-16.504
-4.015	-12.628	-2.988	-11.724
-4.015	-12.628	-5.877	-16.997
-5.877	-16.997	-6.461	-16.655
-5.877	-16.997	-5.121	-17.293
-5.877	-16.997	-5.778	-17.190
-5.877	-16.997	-7.106	-22.829
-7.106	-22.829	-5.071	-21.820
-7.106	-22.829	-5.673	-22.355
-7.106	-22.829	-7.919	-22.561
-7.106	-22.829	-8.798	-22.082
-7.106	-22.829	-7.917	-22.340
-7.106	-22.829	-6.844	-22.937
-7.106	-22.829	-9.344	-27.085
-7.106	-22.829	-9.344	-26.527
-7.106	-22.829	-8.752	-26.371
-7.106	-22.829	-9.566	-27.740
-9.566	-27.740	-9.443	-27.844
-9.566	-27.740	-9.737	-27.654
-9.566	-27.740	-9.880	-27.595
-9.566	-27.740	-9.054	-27.651
POLYLINE BLUE
2.417	0.178
2.424	0.145
2.431	0.112
2.438	0.080
2.431	0.112
2.424	0.145
2.417	0.178
POLYLINE RED
0.029	0.011
0.095	0.139
0.112	0.166
0.169	0.302
0.204	0.386
0.232	0.473
0.270	0.556
0.307	0.636
0.355	0.710
0.394	0.789
0.403	0.807
0.410	0.827
0.414	0.848
0.425	0.909
0.424	0.973
0.439	1.034
0.499	1.290
0.505	1.140
0.517	1.345
0.520	1.396
0.508	1.446
0.483	1.490
0.469	1.514
0.452	1.535
0.439	1.559
0.427	1.582
0.419	1.607
0.411	1.632
0.386	1.710
0.362	1.788
0.337	1.866
0.330	1.897
0.327	1.929
0.317	1.959
0.268	2.110
0.218	2.217
0.126	2.351
0.086	2.410
0.027	2.467
-0.049	2.458
-0.110	2.450
-0.177	2.399
-0.219	2.364
-0.325	2.277
-0.336	2.248
-0.423	2.139
-0.711	1.776
-0.433	2.141
-0.568	1.941
-0.579	1.925
-0.602	1.906
-0.613	1.889
-0.662	1.822
-0.681	1.697
-0.705	1.618
-0.749	1.470
-0.739	1.599
-0.772	1.345
-0.794	1.179
-0.799	1.012
-0.823	0.847
-0.875	0.483
-0.845	0.821
-0.905	0.597
-0.925	0.519
-0.936	0.430
-0.930	0.349
-0.921	0.225
-0.860	0.063
-0.763	-0.022
-0.742	-0.040
-0.632	-0.135
-0.566	-0.162
-0.556	-0.166
-0.546	-0.169
-0.536	-0.171
-0.424	-0.191
-0.336	-0.204
-0.223	-0.179
-0.092	-0.150
0.024	0.071
0.094	0.144
0.126	0.178
0.171	0.197
0.210	0.224
POLYLINE BLACK
-0.303	0.892
-0.326	0.895
-0.349	0.896
-0.371	0.901
-0.409	0.909
-0.475	0.934
-0.493	0.974
-0.516	1.025
-0.496	1.087
-0.468	1.131
-0.432	1.186
-0.386	1.225
-0.323	1.243
-0.283	1.255
-0.242	1.256
-0.201	1.244
-0.175	1.237
-0.145	1.223
-0.128	1.201
-0.094	1.156
-0.068	1.086
-0.073	1.030
-0.080	0.946
-0.153	0.879
-0.235	0.866
-0.292	0.857
-0.337	0.877
-0.398	0.890
POLYLINE BLACK
-0.376	1.055
-0.225	1.053
-0.299	1.043
-0.155	1.084
POLYLINE BLACK
-0.049	2.449
-0.059	2.424
POLYLINE BLACK
-0.049	2.469
-0.037	2.153
-0.042	2.540
-0.124	1.927
-0.138	1.829
-0.137	1.730
-0.140	1.631
-0.144	1.517
-0.128	1.435
-0.162	1.328
-0.197	1.223
-0.237	1.120
-0.281	1.018
-0.304	0.963
-0.397	0.856
-0.421	0.822
-0.457	0.770
-0.486	0.713
-0.523	0.662
-0.559	0.613
-0.601	0.570
-0.638	0.523
-0.706	0.438
-0.684	0.439
-0.782	0.362
-0.914	0.257
-0.923	0.303
-0.977	0.175
POLYLINE BLACK
-0.828	0.277
-0.827	0.276
-0.790	0.260
-0.776	0.264
-0.764	0.268
-0.763	0.283
-0.763	0.293
-0.762	0.333
-0.762	0.372
-0.762	0.412
POLYLINE BLACK
-0.681	0.477
-0.672	0.468
-0.663	0.459
-0.654	0.450
-0.653	0.450
-0.652	0.449
-0.650	0.449
-0.640	0.448
-0.634	0.471
-0.633	0.476
-0.628	0.500
-0.624	0.524
-0.620	0.549
POLYLINE BLACK
-0.526	0.667
-0.498	0.664
-0.470	0.661
-0.443	0.658
-0.427	0.655
-0.411	0.647
-0.394	0.648
-0.390	0.648
-0.394	0.657
-0.396	0.661
-0.421	0.697
-0.448	0.731
-0.475	0.766
POLYLINE BLACK
-0.409	0.843
-0.357	0.822
-0.305	0.800
-0.254	0.779
-0.246	0.776
-0.238	0.768
-0.230	0.770
-0.226	0.772
-0.230	0.781
-0.233	0.785
-0.251	0.814
-0.276	0.838
-0.292	0.868
-0.310	0.900
-0.321	0.936
-0.336	0.969
POLYLINE BLACK
-0.153	1.319
-0.137	1.317
-0.120	1.315
-0.103	1.313
-0.100	1.314
-0.096	1.315
-0.093	1.317
-0.088	1.323
-0.092	1.336
-0.095	1.341
-0.114	1.374
-0.135	1.405
-0.155	1.437
POLYLINE BLACK
-0.172	1.549
-0.079	1.557
0.006	1.539
0.013	1.648
0.014	1.666
0.012	1.683
0.001	1.698
-0.003	1.705
-0.010	1.710
-0.016	1.714
-0.056	1.738
-0.096	1.762
-0.136	1.786
POLYLINE BLACK
-0.133	1.913
-0.106	1.889
-0.078	1.864
-0.039	1.865
-0.026	1.866
-0.021	1.877
-0.027	1.889
-0.041	1.919
-0.058	1.947
-0.074	1.977
POLYLINE BLACK
-0.077	2.123
-0.039	2.099
-0.002	2.074
0.036	2.052
0.048	2.044
0.057	2.056
0.059	2.066
0.064	2.090
0.057	2.118
0.044	2.139
0.018	2.180
-0.010	2.221
-0.036	2.262
POLYLINE BLACK
-0.017	-0.058
0.007	-0.041
POLYLINE BLACK
1.333	0.118
1.330	0.085
1.325	0.062
1.331	0.031
1.337	0.004
1.353	-0.025
1.367	-0.046
1.426	-0.136
1.495	-0.220
1.548	-0.314
1.634	-0.464
1.702	-0.624
1.783	-0.777
1.794	-0.798
1.814	-0.815
1.825	-0.837
1.844	-0.875
1.850	-0.901
1.860	-0.936
POLYLINE BLACK
0.520	0.426
0.607	0.363
0.692	0.297
0.781	0.236
0.785	0.234
0.784	0.245
0.783	0.248
0.778	0.264
0.771	0.280
0.762	0.294
0.732	0.341
0.698	0.386
0.665	0.432
0.657	0.443
0.644	0.451
0.631	0.455
0.593	0.465
0.551	0.442
0.520	0.423
POLYLINE BLACK
0.972	-0.052
0.993	-0.071
1.016	-0.089
1.036	-0.110
1.090	-0.168
1.138	-0.231
1.193	-0.288
1.195	-0.290
1.201	-0.285
1.200	-0.282
1.185	-0.231
1.168	-0.182
1.149	-0.133
1.142	-0.115
1.131	-0.098
1.120	-0.081
1.099	-0.046
1.072	0.039
1.019	-0.007
0.993	-0.030
0.968	-0.055
0.943	-0.079
POLYLINE BLACK
1.311	-0.554
1.336	-0.584
1.362	-0.613
1.388	-0.643
1.412	-0.670
1.433	-0.700
1.459	-0.726
1.465	-0.731
1.454	-0.710
1.450	-0.703
1.410	-0.636
1.370	-0.570
1.330	-0.503
POLYLINE BLACK
1.347	-0.512
1.258	-0.585
POLYLINE BLACK
0.511	1.462
0.576	1.365
0.641	1.268
0.706	1.171
0.742	1.099
0.770	1.022
0.814	0.955
0.918	0.794
1.095	0.603
1.191	0.409
1.195	0.399
1.197	0.389
1.200	0.378
1.214	0.327
1.224	0.275
1.240	0.224
1.244	0.211
1.251	0.199
1.257	0.187
1.294	0.123
1.332	0.060
1.370	-0.004
POLYLINE BLACK
-0.573	1.923
-0.568	1.943
-0.561	1.961
-0.557	1.981
-0.544	2.040
-0.572	2.193
-0.573	2.198
-0.581	2.253
-0.615	2.294
-0.623	2.349
-0.627	2.377
-0.613	2.404
-0.595	2.425
-0.478	2.557
-0.276	2.384
-0.151	2.405
-0.126	2.409
-0.110	2.435
-0.096	2.453
POLYLINE BLACK
-0.023	0.054
-0.041	-0.029
-0.056	-0.114
-0.076	-0.197
-0.083	-0.223
-0.095	-0.247
-0.103	-0.272
-0.110	-0.292
-0.114	-0.313
-0.119	-0.334
-0.166	-0.513
-0.227	-0.688
-0.260	-0.870
-0.295	-1.063
-0.307	-1.259
-0.325	-1.454
-0.332	-1.527
-0.309	-1.601
-0.274	-1.664
-0.248	-1.709
-0.212	-1.749
-0.172	-1.782
-0.101	-1.840
-0.024	-1.906
0.066	-1.936
0.365	-2.040
0.385	-2.005
0.793	-2.033
POLYLINE BLACK
0.420	1.470
0.442	1.473
0.464	1.478
0.487	1.479
0.524	1.480
0.580	1.470
0.612	1.456
0.719	1.409
0.827	1.363
0.928	1.306
1.043	1.240
1.119	1.159
1.210	1.067
1.367	0.908
1.528	0.751
1.681	0.587
1.717	0.550
1.810	0.391
1.896	0.356
1.960	0.330
2.013	0.330
2.086	0.328
2.106	0.327
2.126	0.328
2.145	0.334
2.266	0.368
2.382	0.419
2.505	0.448
2.549	0.458
2.728	0.490
2.818	0.476
2.923	0.460
2.994	0.411
3.048	0.318
3.060	0.296
3.091	0.212
3.096	0.201
3.106	0.180
3.128	0.154
3.145	0.139
3.239	0.054
3.392	0.089
3.500	0.031
3.556	0.000
3.625	-0.039
3.660	-0.097
3.741	-0.231
3.727	-0.425
3.747	-0.563
3.782	-0.802
3.775	-0.398
3.776	-0.830
3.776	-0.841
3.773	-0.851
3.770	-0.861
3.755	-0.899
3.737	-0.936
3.721	-0.974
POLYLINE BLACK
0.769	-2.023
0.794	-2.020
0.820	-2.021
0.844	-2.016
1.026	-1.982
1.172	-1.850
1.321	-1.753
1.409	-1.695
1.503	-1.644
1.590	-1.585
1.706	-1.507
1.812	-1.415
1.931	-1.342
2.077	-1.251
2.268	-1.139
2.449	-1.087
2.536	-1.062
2.640	-1.080
2.702	-1.149
2.724	-1.173
2.736	-1.197
2.747	-1.229
2.771	-1.293
2.763	-1.364
2.752	-1.431
2.744	-1.483
2.677	-1.594
2.671	-1.608
2.647	-1.655
2.624	-1.702
2.601	-1.749
POLYLINE BLACK
2.639	-1.690
2.634	-1.716
2.632	-1.742
2.625	-1.767
2.567	-1.969
2.389	-2.348
2.342	-2.446
2.215	-2.716
2.071	-2.978
1.947	-3.250
1.921	-3.308
1.914	-3.373
1.892	-3.434
1.838	-3.581
1.779	-3.726
1.721	-3.872
1.603	-4.168
1.898	-3.242
1.544	-4.337
1.529	-4.386
1.523	-4.448
1.527	-4.501
1.538	-4.638
1.724	-4.652
1.818	-4.595
1.871	-4.562
1.928	-4.491
1.957	-4.453
2.130	-4.229
2.364	-3.652
2.399	-3.575
2.448	-3.465
2.490	-3.353
2.534	-3.241
2.602	-3.066
2.488	-3.242
2.667	-2.913
2.734	-2.790
2.805	-2.656
2.930	-2.585
2.998	-2.547
3.084	-2.550
3.158	-2.543
POLYLINE BLACK
3.753	-0.966
3.754	-0.998
3.763	-1.082
3.748	-1.125
3.678	-1.323
3.598	-1.518
3.530	-1.717
3.513	-1.768
3.500	-1.821
3.494	-1.875
3.488	-1.924
3.469	-2.107
3.491	-2.199
3.577	-2.561
3.468	-2.008
3.554	-2.473
POLYLINE RED
3.204	-2.572
3.159	-2.685
3.154	-2.713
3.204	-2.839
3.269	-3.003
3.359	-3.213
3.448	-3.385
3.531	-3.545
3.619	-3.642
3.641	-3.803
POLYLINE RED
4.856	-4.397
4.842	-4.345
4.833	-4.292
4.813	-4.242
4.674	-3.892
4.492	-3.592
4.272	-3.278
4.062	-2.979
3.947	-2.846
3.687	-2.652
3.624	-2.606
3.499	-2.570
3.437	-2.556
3.363	-2.538
3.288	-2.521
3.212	-2.518
3.160	-2.517
3.110	-2.535
3.060	-2.544
POLYLINE RED
4.524	-1.629
4.544	-1.465
4.543	-1.541
4.533	-1.402
POLYLINE RED
4.684	-0.230
4.688	-0.209
POLYLINE BLACK
1.808	-0.394
1.805	-0.501
1.812	-0.531
1.759	-0.609
POLYLINE BLACK
1.827	-0.402
1.895	-0.450
1.961	-0.502
2.032	-0.546
2.069	-0.568
2.109	-0.585
2.149	-0.601
2.178	-0.613
2.209	-0.619
2.239	-0.630
2.247	-0.633
2.255	-0.636
2.261	-0.642
2.263	-0.644
2.260	-0.649
2.257	-0.651
2.252	-0.654
2.245	-0.654
2.239	-0.654
2.122	-0.653
2.005	-0.652
1.889	-0.647
1.860	-0.646
1.832	-0.642
1.805	-0.635
1.774	-0.628
1.746	-0.614
1.716	-0.604
POLYLINE RED
3.179	0.219
3.161	0.207
3.141	0.197
3.124	0.184
3.017	0.096
2.956	-0.016
2.902	-0.146
2.697	-0.639
2.735	-0.560
2.627	-1.035
POLYLINE RED
2.664	-0.964
2.659	-0.976
2.654	-0.988
2.649	-0.999
2.636	-1.025
2.569	-1.003
2.555	-1.000
POLYLINE RED
2.627	-1.033
2.524	-1.093
POLYLINE BLACK
3.514	-0.544
3.499	-0.542
3.485	-0.542
3.470	-0.539
3.424	-0.531
3.366	-0.472
3.342	-0.450
3.332	-0.442
3.322	-0.423
3.318	-0.411
3.294	-0.339
3.302	-0.203
3.398	-0.187
3.404	-0.186
3.410	-0.185
3.416	-0.186
3.477	-0.196
3.537	-0.208
3.597	-0.221
3.618	-0.225
3.640	-0.240
3.654	-0.257
3.681	-0.289
3.685	-0.329
3.690	-0.370
3.698	-0.420
3.682	-0.475
3.654	-0.517
3.641	-0.537
3.618	-0.558
3.593	-0.563
3.557	-0.569
3.490	-0.518
3.465	-0.502
POLYLINE BLACK
2.978	-1.128
2.973	-1.067
2.976	-1.047
2.957	-0.994
2.951	-0.977
2.943	-0.961
2.935	-0.946
2.919	-0.917
2.904	-0.904
2.903	-0.871
2.903	-0.853
2.903	-0.829
2.916	-0.814
2.937	-0.787
2.984	-0.800
3.008	-0.816
3.034	-0.833
3.076	-0.890
3.081	-0.897
3.133	-0.969
3.142	-1.048
3.137	-1.135
3.135	-1.163
3.111	-1.187
3.082	-1.184
3.069	-1.183
3.056	-1.177
3.046	-1.168
3.004	-1.130
2.963	-1.091
2.921	-1.052
POLYLINE BLACK
3.190	-0.725
3.206	-0.753
3.226	-0.780
3.240	-0.810
3.264	-0.862
3.282	-0.916
3.305	-0.969
3.311	-0.982
3.324	-0.985
3.329	-0.970
3.335	-0.956
3.339	-0.941
3.342	-0.927
3.352	-0.875
3.348	-0.829
3.342	-0.776
3.338	-0.749
3.332	-0.721
3.326	-0.694
3.325	-0.689
3.320	-0.681
3.315	-0.678
3.306	-0.670
3.297	-0.672
3.286	-0.672
3.238	-0.673
3.191	-0.673
3.143	-0.673
POLYLINE BLACK
3.145	-1.418
3.151	-1.532
3.153	-1.645
3.162	-1.758
3.162	-1.761
3.169	-1.758
3.172	-1.756
3.177	-1.751
3.182	-1.745
3.184	-1.738
3.216	-1.666
3.247	-1.593
3.276	-1.520
3.283	-1.503
3.302	-1.460
3.284	-1.439
3.280	-1.435
3.272	-1.428
3.267	-1.427
3.214	-1.415
3.161	-1.405
3.109	-1.393
POLYLINE BLACK
3.043	-2.191
3.182	-2.300
3.081	-2.216
3.252	-2.375
3.273	-2.395
3.271	-2.373
3.270	-2.355
3.264	-2.275
3.259	-2.196
3.252	-2.117
3.251	-2.110
3.248	-2.103
3.246	-2.096
3.235	-2.069
3.209	-2.051
3.180	-2.064
3.137	-2.083
3.095	-2.104
3.052	-2.124
3.043	-2.128
3.035	-2.133
3.026	-2.127
3.010	-2.117
3.006	-2.093
3.002	-2.077
POLYLINE BLACK
2.834	-1.833
2.796	-1.813
2.738	-1.785
2.742	-1.732
2.745	-1.698
2.774	-1.665
2.787	-1.639
2.801	-1.610
2.802	-1.576
2.805	-1.545
2.806	-1.532
2.803	-1.519
2.810	-1.507
2.817	-1.493
2.833	-1.493
2.847	-1.495
2.870	-1.499
2.893	-1.504
2.917	-1.508
2.923	-1.509
2.930	-1.509
2.937	-1.511
2.949	-1.513
2.961	-1.528
2.966	-1.539
3.018	-1.672
3.030	-1.670
3.007	-1.790
3.006	-1.798
2.999	-1.808
2.994	-1.813
2.977	-1.831
2.949	-1.837
2.927	-1.842
2.875	-1.854
2.846	-1.834
2.800	-1.810
POLYLINE BLACK
3.457	-1.364
3.448	-1.321
3.438	-1.278
3.430	-1.235
3.426	-1.215
3.444	-1.196
3.458	-1.187
3.487	-1.167
3.547	-1.102
3.591	-1.138
3.632	-1.172
3.644	-1.252
3.656	-1.290
3.660	-1.303
3.657	-1.318
3.648	-1.328
3.633	-1.347
3.601	-1.360
3.585	-1.372
3.560	-1.391
3.548	-1.411
3.522	-1.422
3.467	-1.445
3.425	-1.401
3.391	-1.364
POLYLINE BLACK
0.000	-0.036
0.419	-0.323
0.006	-0.003
0.520	-0.326
0.593	-0.372
0.662	-0.424
0.723	-0.486
0.848	-0.613
0.961	-0.752
1.074	-0.891
1.202	-1.048
1.262	-1.166
1.341	-1.356
1.362	-1.406
1.378	-1.458
1.389	-1.510
1.404	-1.580
1.398	-1.632
1.395	-1.699
POLYLINE BLACK
0.176	-0.174
0.209	-0.188
0.266	-0.115
0.298	-0.113
0.333	-0.110
0.334	-0.167
0.333	-0.186
0.332	-0.215
0.328	-0.243
0.325	-0.272
POLYLINE BLACK
0.479	-0.350
0.630	-0.380
0.534	-0.222
0.599	-0.234
0.611	-0.236
0.618	-0.251
0.621	-0.261
0.632	-0.297
0.638	-0.313
0.639	-0.347
0.640	-0.386
0.606	-0.435
0.590	-0.467
POLYLINE BLACK
0.746	-0.579
0.791	-0.554
0.835	-0.529
0.881	-0.505
0.908	-0.491
0.920	-0.524
0.919	-0.545
0.919	-0.562
0.914	-0.584
0.906	-0.599
0.875	-0.659
0.872	-0.663
0.850	-0.693
POLYLINE BLACK
0.988	-0.878
1.153	-0.863
1.009	-0.880
1.172	-0.848
1.187	-0.846
1.189	-0.869
1.186	-0.878
1.174	-0.919
1.164	-0.961
1.146	-1.001
1.133	-1.032
1.110	-1.059
1.092	-1.088
POLYLINE BLACK
1.186	-1.136
1.197	-1.173
1.402	-1.104
1.440	-1.126
1.458	-1.137
1.459	-1.163
1.459	-1.181
1.459	-1.217
1.447	-1.247
1.429	-1.278
1.423	-1.289
1.418	-1.299
1.409	-1.307
1.370	-1.343
1.327	-1.374
1.286	-1.407
POLYLINE BLACK
1.320	-1.441
1.379	-1.433
1.438	-1.425
1.497	-1.417
1.500	-1.418
1.503	-1.418
1.505	-1.420
1.509	-1.424
1.508	-1.435
1.506	-1.440
1.480	-1.492
1.453	-1.545
1.426	-1.596
1.421	-1.605
1.416	-1.612
1.410	-1.619
1.383	-1.652
1.332	-1.666
1.296	-1.680
POLYLINE RED
3.623	-3.837
3.668	-3.896
3.692	-3.917
3.719	-3.985
3.763	-4.100
3.853	-4.323
3.877	-4.474
3.886	-4.526
3.889	-4.580
3.891	-4.633
3.896	-4.769
3.780	-4.901
3.732	-5.006
3.709	-5.055
3.696	-5.108
3.681	-5.161
3.666	-5.216
3.672	-5.269
3.710	-5.312
3.780	-5.390
3.917	-5.414
4.012	-5.423
4.161	-5.437
4.318	-5.395
4.437	-5.303
4.468	-5.279
4.498	-5.252
4.527	-5.226
4.626	-5.133
4.661	-5.101
4.735	-4.997
4.771	-4.947
4.768	-4.905
4.787	-4.848
4.806	-4.791
4.834	-4.736
4.850	-4.678
4.859	-4.646
4.863	-4.612
4.863	-4.579
4.865	-4.435
4.857	-4.425
4.828	-4.298
POLYLINE BLACK
3.842	-5.377
3.820	-5.390
3.796	-5.401
3.776	-5.416
3.497	-5.620
3.235	-5.900
3.014	-6.139
2.839	-6.327
2.851	-6.332
2.789	-6.515
POLYLINE BLACK
4.210	-5.457
4.193	-5.462
4.175	-5.466
4.158	-5.473
4.149	-5.476
4.141	-5.480
4.134	-5.486
4.084	-5.525
4.029	-5.559
3.986	-5.607
3.827	-5.785
3.690	-5.983
3.531	-6.162
3.444	-6.260
3.391	-6.269
3.303	-6.345
3.249	-6.393
3.180	-6.514
3.154	-6.553
POLYLINE BLACK
4.828	-4.201
4.827	-4.184
4.824	-4.166
4.824	-4.149
4.830	-3.986
4.972	-3.764
5.033	-3.655
5.049	-3.627
5.071	-3.602
5.093	-3.576
5.137	-3.524
5.183	-3.473
5.230	-3.423
5.257	-3.395
5.294	-3.384
5.327	-3.406
5.335	-3.412
5.347	-3.423
5.352	-3.432
5.411	-3.547
5.389	-3.712
5.380	-3.827
5.374	-3.896
5.354	-3.954
5.323	-4.014
5.242	-4.170
5.171	-4.315
5.062	-4.450
5.037	-4.481
5.006	-4.507
4.980	-4.537
4.972	-4.546
4.966	-4.557
4.960	-4.567
4.937	-4.610
4.916	-4.654
4.893	-4.697
4.877	-4.727
4.861	-4.756
4.843	-4.784
4.826	-4.810
4.824	-4.796
4.801	-4.824
4.770	-4.861
4.760	-4.883
4.739	-4.923
POLYLINE BLACK
3.903	-3.583
3.876	-3.563
3.849	-3.541
3.866	-3.505
3.878	-3.481
3.890	-3.456
3.904	-3.433
3.929	-3.393
3.968	-3.361
4.010	-3.341
4.078	-3.306
4.189	-3.328
4.194	-3.418
4.195	-3.445
4.181	-3.475
4.166	-3.495
4.128	-3.546
4.090	-3.590
4.031	-3.614
4.012	-3.621
3.980	-3.631
3.959	-3.626
3.920	-3.615
3.891	-3.576
3.866	-3.551
POLYLINE BLACK
3.999	-3.434
4.112	-3.432
POLYLINE BLACK
4.055	-4.020
4.017	-3.992
POLYLINE BLACK
3.227	-6.404
3.192	-6.406
3.157	-6.410
3.122	-6.410
3.095	-6.409
3.057	-6.403
3.035	-6.385
2.998	-6.355
2.985	-6.293
2.999	-6.249
3.009	-6.220
3.019	-6.190
3.030	-6.161
3.031	-6.158
3.034	-6.156
3.037	-6.154
3.052	-6.143
3.074	-6.155
3.090	-6.157
3.107	-6.158
3.123	-6.156
3.140	-6.151
3.160	-6.145
3.175	-6.136
3.192	-6.123
3.200	-6.117
3.208	-6.109
3.217	-6.102
3.239	-6.085
3.260	-6.106
3.271	-6.125
3.276	-6.135
3.281	-6.149
3.281	-6.160
3.283	-6.209
3.283	-6.257
3.283	-6.306
3.283	-6.311
3.276	-6.325
3.274	-6.328
3.245	-6.371
3.238	-6.374
3.198	-6.413
POLYLINE BLACK
4.144	-5.499
4.235	-5.443
4.183	-5.478
4.294	-5.386
POLYLINE BLACK
4.166	-4.110
4.172	-4.130
4.180	-4.149
4.183	-4.170
4.183	-4.173
4.178	-4.174
4.175	-4.173
4.169	-4.172
4.158	-4.164
4.154	-4.159
4.135	-4.135
4.134	-4.104
4.130	-4.074
POLYLINE BLACK
4.272	-3.878
4.259	-3.890
4.247	-3.904
4.232	-3.914
4.230	-3.916
4.225	-3.915
4.223	-3.913
4.211	-3.901
4.218	-3.864
4.238	-3.859
POLYLINE BLACK
4.318	-4.264
4.312	-4.243
4.305	-4.223
4.301	-4.202
4.299	-4.191
4.299	-4.181
4.299	-4.170
4.298	-4.164
4.299	-4.150
4.305	-4.144
4.324	-4.128
4.420	-4.210
4.352	-4.234
4.320	-4.245
4.318	-4.246
4.298	-4.250
POLYLINE BLACK
4.046	-4.583
4.039	-4.570
4.032	-4.558
4.026	-4.545
4.021	-4.534
4.025	-4.519
4.033	-4.510
4.054	-4.486
4.084	-4.476
4.114	-4.489
4.141	-4.501
4.130	-4.538
4.112	-4.552
4.084	-4.576
4.027	-4.563
4.020	-4.525
4.013	-4.496
4.029	-4.465
4.040	-4.438
POLYLINE BLACK
4.289	-4.469
4.284	-4.454
4.274	-4.441
4.274	-4.425
4.273	-4.418
4.302	-4.448
4.284	-4.440
4.269	-4.434
4.255	-4.426
4.240	-4.419
POLYLINE BLACK
3.995	-4.378
4.008	-4.360
4.021	-4.343
4.033	-4.325
4.040	-4.313
4.050	-4.270
4.060	-4.264
4.071	-4.257
4.085	-4.267
4.093	-4.273
4.105	-4.283
4.168	-4.326
4.150	-4.355
4.133	-4.382
4.035	-4.419
4.021	-4.374
4.018	-4.365
4.020	-4.354
4.025	-4.345
4.040	-4.313
4.056	-4.302
4.085	-4.271
POLYLINE BLACK
4.415	-4.543
4.410	-4.520
4.405	-4.496
4.402	-4.472
4.400	-4.458
4.403	-4.441
4.410	-4.428
4.451	-4.356
4.535	-4.486
4.477	-4.502
4.462	-4.506
4.450	-4.506
4.434	-4.505
4.422	-4.504
4.410	-4.501
4.398	-4.499
POLYLINE BLACK
4.042	-4.918
4.058	-4.813
4.089	-4.876
4.153	-4.819
4.169	-4.806
4.175	-4.788
4.182	-4.769
4.186	-4.756
4.186	-4.742
4.193	-4.732
4.195	-4.729
4.201	-4.736
4.203	-4.739
4.214	-4.760
4.220	-4.788
4.223	-4.811
4.225	-4.834
4.220	-4.857
4.209	-4.877
4.198	-4.899
4.164	-4.937
4.135	-4.927
4.094	-4.913
4.057	-4.860
4.034	-4.835
POLYLINE BLACK
4.349	-4.773
4.348	-4.753
4.345	-4.733
4.346	-4.713
4.347	-4.695
4.369	-4.714
4.372	-4.718
4.379	-4.725
4.383	-4.732
4.385	-4.741
4.390	-4.757
4.390	-4.792
4.369	-4.799
4.343	-4.806
4.330	-4.776
4.331	-4.756
4.331	-4.717
4.332	-4.715
4.336	-4.690
POLYLINE BLACK
4.261	-5.000
4.248	-4.991
4.233	-4.984
4.221	-4.973
4.203	-4.958
4.244	-4.958
4.249	-4.959
4.286	-4.963
4.312	-5.015
4.289	-5.045
4.262	-5.079
4.219	-5.046
4.222	-5.010
4.225	-4.975
4.232	-4.963
4.245	-4.926
POLYLINE BLACK
4.455	-4.838
4.456	-4.819
4.456	-4.800
4.460	-4.781
4.464	-4.755
4.475	-4.704
4.512	-4.709
4.524	-4.711
4.592	-4.742
4.578	-4.760
4.575	-4.763
4.568	-4.767
4.565	-4.768
4.532	-4.775
4.499	-4.780
4.466	-4.786
POLYLINE BLACK
3.593	-3.016
3.578	-3.066
3.672	-3.076
3.660	-3.117
3.658	-3.124
3.651	-3.127
3.644	-3.130
3.626	-3.138
3.617	-3.121
3.618	-3.105
3.619	-3.058
3.619	-3.059
3.623	-3.034
POLYLINE BLACK
3.876	-3.802
3.864	-3.771
3.855	-3.742
3.862	-3.709
3.863	-3.705
3.866	-3.687
3.876	-3.689
3.882	-3.690
3.903	-3.717
3.915	-3.724
3.930	-3.733
3.950	-3.733
3.964	-3.745
3.978	-3.758
3.987	-3.793
3.961	-3.797
3.931	-3.801
3.901	-3.790
3.874	-3.782
POLYLINE BLACK
4.185	-3.804
4.168	-3.770
4.155	-3.740
4.159	-3.703
4.163	-3.657
4.217	-3.686
4.242	-3.691
4.268	-3.696
4.296	-3.691
4.303	-3.723
4.306	-3.740
4.305	-3.758
4.299	-3.775
4.287	-3.806
4.249	-3.844
4.214	-3.817
4.184	-3.794
4.169	-3.749
4.153	-3.717
POLYLINE BLACK
3.755	-3.286
3.759	-3.264
3.764	-3.242
3.769	-3.220
3.771	-3.217
3.772	-3.212
3.776	-3.211
3.780	-3.211
3.782	-3.215
3.784	-3.217
3.795	-3.230
3.789	-3.248
3.781	-3.260
3.768	-3.276
3.761	-3.280
3.744	-3.294
POLYLINE BLACK
2.815	-6.407
2.730	-6.528
2.728	-6.527
2.634	-6.699
2.626	-6.713
2.620	-6.729
2.616	-6.746
2.608	-6.793
2.605	-6.841
2.599	-6.888
POLYLINE BLACK
3.180	-6.487
3.154	-6.506
2.994	-6.618
2.951	-6.667
2.923	-6.698
2.901	-6.735
2.876	-6.769
POLYLINE BLACK
2.621	-6.804
2.560	-6.807
2.596	-6.803
2.515	-6.824
POLYLINE BLACK
2.619	-7.003
2.729	-7.075
2.682	-7.037
2.764	-7.112
POLYLINE BLACK
2.613	-6.980
2.597	-7.007
2.583	-7.036
2.565	-7.062
2.533	-7.108
2.496	-7.152
2.463	-7.198
2.453	-7.212
2.485	-7.207
2.486	-7.207
2.498	-7.204
2.510	-7.201
2.522	-7.196
2.574	-7.174
2.563	-7.167
2.617	-7.135
2.640	-7.121
2.666	-7.113
2.689	-7.098
2.710	-7.085
2.727	-7.064
2.744	-7.046
POLYLINE BLACK
2.234	-7.105
2.233	-7.058
2.235	-7.036
2.272	-7.006
2.299	-6.983
2.337	-6.965
2.364	-6.999
2.392	-7.034
2.386	-7.113
2.367	-7.150
2.349	-7.182
2.315	-7.198
2.280	-7.186
2.269	-7.182
2.256	-7.176
2.251	-7.165
2.237	-7.138
2.251	-7.100
2.257	-7.073
POLYLINE BLACK
2.704	-7.252
2.709	-7.240
2.714	-7.229
2.720	-7.218
2.731	-7.197
2.762	-7.188
2.783	-7.197
2.788	-7.199
2.806	-7.207
2.802	-7.215
2.800	-7.221
2.788	-7.223
2.784	-7.224
2.758	-7.228
2.739	-7.203
2.724	-7.187
POLYLINE BLACK
2.843	-7.159
2.846	-7.142
2.847	-7.125
2.851	-7.108
2.854	-7.095
2.865	-7.061
2.883	-7.060
2.891	-7.059
2.906	-7.070
2.904	-7.079
2.904	-7.083
2.895	-7.082
2.894	-7.082
2.884	-7.080
2.874	-7.077
2.863	-7.074
POLYLINE BLACK
2.568	-7.266
2.590	-7.246
2.611	-7.225
2.633	-7.206
2.649	-7.193
2.659	-7.228
2.639	-7.231
2.623	-7.234
2.605	-7.226
2.590	-7.221
POLYLINE BLACK
2.803	-7.188
2.815	-7.172
2.817	-7.163
2.831	-7.154
2.841	-7.148
2.870	-7.151
2.859	-7.154
2.844	-7.158
2.828	-7.161
2.812	-7.165
POLYLINE BLACK
2.596	-7.298
2.601	-7.279
2.604	-7.252
2.628	-7.251
2.633	-7.250
2.641	-7.251
2.645	-7.253
2.646	-7.253
2.647	-7.254
2.646	-7.255
2.645	-7.256
2.643	-7.256
2.641	-7.257
2.629	-7.259
2.618	-7.260
2.607	-7.262
POLYLINE BLACK
2.406	-7.407
2.410	-7.379
2.414	-7.350
2.433	-7.328
2.449	-7.310
2.468	-7.294
2.483	-7.274
2.485	-7.270
2.474	-7.276
2.469	-7.277
2.466	-7.278
2.462	-7.280
2.458	-7.282
POLYLINE BLACK
2.596	-7.401
2.604	-7.327
POLYLINE BLACK
2.026	-7.311
2.004	-7.296
1.983	-7.280
1.984	-7.252
1.984	-7.247
1.986	-7.241
1.990	-7.237
1.994	-7.234
2.000	-7.234
2.005	-7.234
2.024	-7.237
2.038	-7.251
2.044	-7.269
2.048	-7.284
2.029	-7.293
2.018	-7.284
2.003	-7.273
2.004	-7.241
2.004	-7.225
POLYLINE BLACK
2.079	-7.121
2.078	-7.110
2.077	-7.099
2.077	-7.088
2.077	-7.065
2.101	-7.044
2.119	-7.034
2.150	-7.017
2.180	-7.028
2.200	-7.055
2.210	-7.069
2.219	-7.087
2.220	-7.105
2.221	-7.126
2.218	-7.147
2.207	-7.166
2.196	-7.187
2.179	-7.205
2.158	-7.217
2.125	-7.235
2.076	-7.227
2.067	-7.186
2.059	-7.155
2.090	-7.101
2.095	-7.088
POLYLINE BLACK
1.934	-7.468
1.925	-7.475
1.917	-7.483
1.908	-7.490
1.906	-7.489
1.903	-7.489
1.902	-7.487
1.900	-7.484
1.899	-7.480
1.899	-7.476
1.899	-7.463
1.899	-7.451
1.901	-7.438
1.903	-7.414
1.912	-7.377
1.937	-7.364
1.967	-7.350
2.005	-7.391
2.018	-7.412
2.022	-7.420
2.025	-7.429
2.026	-7.438
2.031	-7.473
2.003	-7.490
1.973	-7.501
1.964	-7.505
1.946	-7.512
1.934	-7.509
1.911	-7.503
1.896	-7.481
1.883	-7.464
POLYLINE BLACK
2.065	-7.327
2.057	-7.300
2.050	-7.275
2.070	-7.252
2.074	-7.247
2.082	-7.240
2.090	-7.242
2.095	-7.243
2.100	-7.247
2.103	-7.251
2.119	-7.274
2.115	-7.301
2.091	-7.316
2.075	-7.327
2.056	-7.331
2.038	-7.334
POLYLINE BLACK
2.622	-7.425
2.583	-7.403
POLYLINE BLACK
2.434	-7.551
2.482	-7.517
POLYLINE BLACK
2.354	-7.608
2.370	-7.536
2.356	-7.583
2.416	-7.475
POLYLINE BLACK
2.625	-6.758
2.613	-6.768
2.601	-6.778
2.589	-6.787
2.568	-6.802
2.532	-6.813
2.511	-6.816
2.406	-6.831
2.299	-6.838
2.194	-6.851
2.171	-6.854
2.148	-6.868
2.128	-6.875
2.112	-6.881
2.096	-6.883
2.080	-6.889
2.073	-6.891
2.067	-6.895
2.060	-6.899
1.885	-7.006
1.861	-7.004
1.727	-7.171
1.443	-7.526
1.888	-7.077
1.476	-7.480
1.458	-7.496
1.397	-7.517
1.391	-7.520
1.385	-7.522
1.371	-7.523
1.365	-7.521
1.340	-7.515
1.315	-7.508
1.292	-7.499
1.281	-7.494
1.271	-7.488
1.262	-7.482
1.217	-7.450
1.174	-7.417
1.131	-7.383
0.981	-7.268
1.122	-7.377
1.032	-7.297
1.026	-7.292
1.020	-7.288
1.013	-7.284
0.594	-7.038
0.758	-7.102
0.518	-7.018
POLYLINE BLACK
2.841	-6.776
2.835	-6.784
POLYLINE BLACK
2.879	-6.730
2.887	-6.752
2.897	-6.774
2.904	-6.796
2.915	-6.833
2.925	-6.871
2.936	-6.908
2.949	-6.956
2.948	-6.971
2.971	-7.009
2.999	-7.055
2.987	-7.019
3.029	-7.073
3.062	-7.117
3.173	-7.240
3.188	-7.330
3.194	-7.366
3.197	-7.411
3.183	-7.445
3.169	-7.479
3.109	-7.536
3.105	-7.541
3.093	-7.554
3.062	-7.576
3.045	-7.581
2.934	-7.618
2.824	-7.660
2.710	-7.686
2.207	-7.803
2.517	-7.716
2.329	-7.739
1.935	-7.788
2.367	-7.732
2.097	-7.782
2.064	-7.788
1.975	-7.789
1.930	-7.812
1.828	-7.864
1.779	-7.897
1.692	-7.978
1.662	-8.006
1.633	-8.037
1.610	-8.071
1.582	-8.112
1.562	-8.158
1.539	-8.202
1.499	-8.281
1.464	-8.363
1.420	-8.441
1.403	-8.472
1.379	-8.500
1.357	-8.528
1.353	-8.533
1.347	-8.537
1.342	-8.541
1.328	-8.550
1.313	-8.558
1.299	-8.566
POLYLINE BLACK
1.664	-7.562
1.643	-7.537
1.626	-7.510
1.622	-7.477
1.618	-7.454
1.620	-7.433
1.625	-7.410
1.629	-7.390
1.645	-7.355
1.671	-7.356
1.675	-7.357
1.680	-7.359
1.684	-7.361
1.701	-7.376
1.718	-7.391
1.734	-7.407
1.753	-7.425
1.757	-7.465
1.734	-7.481
1.716	-7.493
1.706	-7.497
1.686	-7.504
1.662	-7.511
1.612	-7.490
1.598	-7.486
POLYLINE BLACK
1.752	-7.807
1.740	-7.778
1.727	-7.749
1.733	-7.716
1.736	-7.701
1.740	-7.686
1.745	-7.672
1.753	-7.646
1.770	-7.621
1.795	-7.608
1.828	-7.592
1.855	-7.622
1.861	-7.653
1.867	-7.688
1.855	-7.723
1.845	-7.756
1.842	-7.766
1.833	-7.776
1.822	-7.777
1.792	-7.781
1.777	-7.740
1.767	-7.719
POLYLINE BLACK
1.493	-7.927
1.479	-7.914
1.465	-7.905
1.455	-7.889
1.439	-7.864
1.435	-7.817
1.460	-7.796
1.469	-7.788
1.482	-7.784
1.494	-7.784
1.517	-7.782
1.536	-7.781
1.558	-7.786
1.586	-7.792
1.599	-7.839
1.596	-7.863
1.592	-7.893
1.587	-7.923
1.580	-7.953
1.577	-7.963
1.567	-7.988
1.559	-8.000
1.542	-8.024
1.506	-7.995
1.493	-7.982
1.464	-7.950
1.429	-7.875
1.440	-7.830
1.446	-7.809
1.454	-7.788
1.460	-7.767
POLYLINE BLACK
0.553	-7.030
0.550	-6.999
0.552	-6.977
0.540	-6.950
0.512	-6.886
0.429	-6.809
0.355	-6.856
0.260	-6.916
0.246	-6.956
0.152	-7.066
0.094	-7.134
0.041	-7.204
-0.018	-7.270
-0.851	-8.221
-0.201	-7.496
-0.832	-8.129
-1.193	-8.492
-2.027	-9.505
-2.082	-9.577
-2.370	-9.947
-2.617	-10.348
-2.892	-10.727
-2.962	-10.822
-3.046	-10.905
-3.117	-10.999
-3.168	-11.069
-3.208	-11.147
-3.258	-11.218
-3.283	-11.252
-3.313	-11.283
-3.340	-11.315
-3.368	-11.364
-3.394	-11.414
-3.425	-11.461
-3.475	-11.539
-3.483	-11.494
-3.560	-11.587
-3.630	-11.672
-3.686	-11.767
-3.751	-11.856
-3.764	-11.873
-3.782	-11.887
-3.794	-11.905
-3.903	-12.072
-3.939	-12.127
-3.995	-12.314
-4.012	-12.371
-4.027	-12.429
-4.031	-12.488
-4.036	-12.546
-4.025	-12.604
-4.021	-12.663
POLYLINE BLACK
1.397	-8.584
1.172	-8.814
0.811	-9.058
0.687	-9.396
0.664	-9.460
0.652	-9.528
0.638	-9.595
0.593	-9.805
0.562	-10.018
0.509	-10.226
0.412	-10.609
0.346	-10.572
0.316	-10.949
0.276	-11.470
0.394	-11.404
0.199	-11.764
0.140	-11.873
0.045	-11.977
-0.044	-12.060
-0.207	-12.213
-0.375	-12.361
-0.544	-12.508
-1.002	-12.906
-0.999	-12.927
-1.438	-13.191
-1.511	-13.234
-1.586	-13.273
-1.661	-13.312
-1.775	-13.371
-2.000	-13.458
-2.133	-13.564
-2.169	-13.592
-2.187	-13.644
-2.214	-13.680
-2.263	-13.746
-2.317	-13.810
-2.368	-13.875
-2.423	-13.964
-2.473	-14.057
-2.533	-14.143
-2.582	-14.213
-2.642	-14.275
-2.693	-14.343
-2.775	-14.451
-2.768	-14.491
-2.890	-14.601
-2.967	-14.670
-3.057	-14.722
-3.140	-14.783
POLYLINE BLACK
-0.508	-8.469
-0.514	-8.439
-0.521	-8.410
-0.525	-8.380
-0.535	-8.297
-0.486	-8.192
-0.451	-8.121
-0.416	-8.050
-0.332	-7.970
-0.245	-7.993
-0.200	-8.005
-0.172	-8.048
-0.145	-8.082
-0.097	-8.146
-0.077	-8.233
-0.100	-8.311
-0.139	-8.439
-0.322	-8.541
-0.419	-8.595
-0.471	-8.624
-0.527	-8.647
-0.582	-8.671
-0.617	-8.687
-0.658	-8.661
-0.666	-8.625
-0.671	-8.603
-0.670	-8.586
-0.667	-8.562
-0.660	-8.503
-0.651	-8.443
-0.643	-8.384
POLYLINE BLACK
0.016	-8.018
0.003	-7.998
-0.011	-7.980
-0.022	-7.960
-0.057	-7.895
-0.063	-7.767
-0.066	-7.722
-0.080	-7.542
-0.025	-7.380
0.086	-7.238
0.116	-7.201
0.149	-7.167
0.184	-7.135
0.284	-7.045
0.352	-7.003
0.489	-7.024
0.527	-7.029
0.588	-7.070
0.604	-7.080
0.658	-7.115
0.690	-7.154
0.726	-7.209
0.836	-7.376
0.854	-7.623
0.786	-7.809
0.719	-7.992
0.557	-8.174
0.367	-8.236
0.336	-8.246
0.271	-8.260
0.232	-8.257
0.159	-8.252
0.083	-8.224
0.023	-8.182
-0.065	-8.122
-0.083	-8.040
-0.066	-7.940
-0.063	-7.919
-0.052	-7.882
-0.040	-7.862
-0.011	-7.813
0.040	-7.782
0.086	-7.751
POLYLINE BLACK
0.014	-9.338
-0.010	-9.327
-0.031	-9.322
-0.049	-9.304
-0.077	-9.277
-0.085	-9.232
-0.091	-9.197
-0.107	-9.114
-0.089	-9.014
-0.017	-8.960
0.011	-8.939
0.051	-8.940
0.085	-8.946
0.180	-8.964
0.252	-9.041
0.292	-9.126
0.319	-9.183
0.346	-9.258
0.340	-9.323
0.328	-9.434
0.280	-9.474
0.198	-9.550
0.189	-9.558
0.169	-9.567
0.158	-9.570
0.123	-9.580
0.085	-9.577
0.051	-9.566
0.018	-9.555
-0.011	-9.534
-0.032	-9.507
-0.102	-9.419
-0.083	-9.237
-0.087	-9.152
POLYLINE BLACK
-3.685	-12.621
-3.719	-12.614
-3.753	-12.610
-3.787	-12.601
-3.854	-12.584
-3.912	-12.531
-3.934	-12.464
-3.949	-12.421
-3.944	-12.366
-3.927	-12.324
-3.888	-12.231
-3.811	-12.029
-3.724	-11.926
-3.702	-11.901
-3.677	-11.879
-3.652	-11.858
-3.603	-11.818
-3.540	-11.802
-3.484	-11.777
-3.449	-11.761
-3.446	-11.752
-3.408	-11.747
-3.337	-11.738
-3.240	-11.741
-3.187	-11.799
-3.097	-11.900
-3.075	-12.015
-3.040	-12.151
-3.017	-12.238
-3.009	-12.403
-3.056	-12.488
-3.124	-12.612
-3.259	-12.679
-3.398	-12.682
-3.527	-12.685
-3.678	-12.539
-3.755	-12.486
POLYLINE BLACK
-2.661	-11.744
-2.699	-11.738
-2.738	-11.734
-2.768	-11.707
-2.860	-11.626
-2.795	-11.343
-2.782	-11.288
-2.723	-11.046
-2.646	-10.809
-2.575	-10.570
-2.564	-10.530
-2.528	-10.492
-2.491	-10.474
-2.447	-10.452
-2.402	-10.459
-2.362	-10.486
-2.330	-10.508
-2.297	-10.529
-2.270	-10.556
-2.181	-10.646
-2.020	-10.819
-1.958	-10.951
-1.881	-11.114
-1.830	-11.267
-1.805	-11.442
-1.794	-11.519
-1.814	-11.631
-1.848	-11.701
-1.870	-11.747
-1.905	-11.816
-1.954	-11.845
-2.059	-11.907
-2.148	-11.911
-2.270	-11.894
-2.331	-11.886
-2.392	-11.873
-2.452	-11.857
-2.482	-11.849
-2.510	-11.837
-2.536	-11.822
-2.665	-11.748
-2.790	-11.667
-2.916	-11.590
POLYLINE BLACK
-2.091	-10.298
-2.105	-10.236
-2.124	-10.176
-2.132	-10.113
-2.142	-10.047
-2.129	-9.934
-2.113	-9.872
-2.106	-9.843
-2.094	-9.815
-2.080	-9.788
-2.056	-9.743
-2.029	-9.699
-2.001	-9.656
-1.994	-9.645
-1.978	-9.642
-1.967	-9.649
-1.963	-9.652
-1.959	-9.656
-1.956	-9.660
-1.946	-9.670
-1.937	-9.682
-1.927	-9.691
-1.892	-9.725
-1.849	-9.738
-1.802	-9.726
-1.785	-9.721
-1.768	-9.716
-1.752	-9.708
-1.742	-9.704
-1.693	-9.663
-1.676	-9.682
-1.648	-9.716
-1.664	-9.798
-1.624	-9.822
-1.597	-9.839
-1.562	-9.808
-1.538	-9.799
-1.483	-9.779
-1.443	-9.827
-1.442	-9.880
-1.439	-10.023
-1.437	-10.167
-1.438	-10.311
-1.438	-10.324
-1.447	-10.347
-1.454	-10.359
-1.493	-10.429
-1.612	-10.491
-1.667	-10.521
-1.713	-10.547
-1.762	-10.569
-1.810	-10.591
-1.877	-10.621
-1.943	-10.614
-1.990	-10.557
-2.012	-10.531
-2.035	-10.505
-2.055	-10.478
-2.061	-10.470
-2.067	-10.460
-2.069	-10.450
-2.087	-10.355
-2.099	-10.260
-2.114	-10.164
POLYLINE BLACK
-1.275	-9.306
-1.264	-9.282
-1.248	-9.259
-1.243	-9.234
-1.225	-9.151
-1.219	-9.067
-1.205	-8.984
-1.191	-8.907
-1.159	-8.953
-1.125	-8.978
-1.114	-8.985
-1.102	-8.991
-1.090	-8.997
-1.059	-9.012
-1.026	-9.009
-0.997	-8.989
-0.973	-8.972
-0.956	-8.956
-0.939	-8.932
-0.929	-8.918
-0.921	-8.901
-0.910	-8.887
-0.908	-8.883
-0.903	-8.882
-0.899	-8.882
-0.874	-8.885
-0.854	-8.961
-0.854	-8.963
-0.820	-9.072
-0.832	-9.257
-0.886	-9.365
-0.926	-9.445
-0.978	-9.523
-1.052	-9.575
-1.064	-9.583
-1.080	-9.593
-1.096	-9.596
-1.125	-9.600
-1.153	-9.592
-1.179	-9.580
-1.196	-9.573
-1.405	-9.506
-1.458	-9.432
-1.508	-9.362
-1.503	-9.198
-1.507	-9.138
POLYLINE BLACK
-1.517	-12.626
-1.524	-12.595
-1.535	-12.565
-1.538	-12.534
-1.572	-12.189
-1.353	-11.902
-1.197	-11.604
-1.154	-11.523
-1.097	-11.451
-1.040	-11.380
-0.939	-11.254
-0.805	-11.154
-0.662	-11.078
-0.592	-11.041
-0.514	-11.016
-0.437	-10.993
-0.333	-10.963
-0.205	-10.940
-0.101	-10.987
-0.041	-11.014
0.000	-11.081
0.033	-11.131
0.055	-11.164
0.071	-11.227
0.074	-11.260
0.099	-11.488
0.037	-11.652
-0.070	-11.866
-0.128	-11.981
-0.278	-12.167
-0.402	-12.234
-0.553	-12.316
-0.711	-12.384
-0.863	-12.464
-0.880	-12.472
-0.893	-12.486
-0.907	-12.499
-0.980	-12.561
-1.050	-12.626
-1.124	-12.687
-1.136	-12.697
-1.150	-12.703
-1.164	-12.709
-1.236	-12.742
-1.314	-12.717
-1.386	-12.694
-1.424	-12.681
-1.472	-12.659
-1.502	-12.629
-1.532	-12.599
-1.558	-12.566
-1.587	-12.534
POLYLINE BLACK
-1.548	-11.204
-1.579	-11.202
-1.610	-11.204
-1.633	-11.182
-1.705	-11.114
-1.645	-11.009
-1.617	-10.939
-1.586	-10.863
-1.496	-10.777
-1.455	-10.733
-1.443	-10.720
-1.429	-10.708
-1.414	-10.698
-1.308	-10.630
-1.167	-10.583
-1.063	-10.682
-1.027	-10.716
-0.962	-10.770
-0.951	-10.830
-0.928	-10.964
-0.940	-11.038
-0.960	-11.192
-0.969	-11.266
-1.013	-11.370
-1.073	-11.418
-1.108	-11.446
-1.158	-11.467
-1.202	-11.451
-1.305	-11.414
-1.408	-11.377
-1.509	-11.337
-1.529	-11.330
-1.559	-11.303
-1.565	-11.282
-1.589	-11.205
-1.606	-11.127
-1.627	-11.049
POLYLINE BLACK
-0.531	-10.235
-0.549	-10.173
-0.551	-10.118
-0.521	-10.059
-0.504	-10.026
-0.477	-9.983
-0.438	-9.970
-0.422	-9.964
-0.403	-9.965
-0.386	-9.971
-0.323	-9.993
-0.300	-10.060
-0.318	-10.123
-0.335	-10.180
-0.384	-10.232
-0.445	-10.239
-0.459	-10.241
-0.478	-10.241
-0.488	-10.229
-0.507	-10.203
-0.494	-10.159
-0.489	-10.132
POLYLINE BLACK
-0.425	-9.617
-0.408	-9.578
-0.385	-9.522
-0.336	-9.554
-0.331	-9.557
-0.323	-9.562
-0.326	-9.570
-0.332	-9.587
-0.370	-9.594
-0.381	-9.598
POLYLINE BLACK
-0.012	-10.174
-0.042	-10.164
-0.083	-10.158
-0.104	-10.129
-0.136	-10.084
-0.115	-10.001
-0.085	-9.960
-0.059	-9.923
-0.018	-9.900
0.023	-9.885
0.058	-9.872
0.107	-9.858
0.144	-9.876
0.156	-9.881
0.165	-9.893
0.171	-9.905
0.188	-9.942
0.169	-9.982
0.127	-9.990
0.093	-9.998
0.063	-9.978
0.035	-9.963
POLYLINE BLACK
-0.197	-10.648
-0.204	-10.629
-0.218	-10.606
-0.218	-10.582
-0.218	-10.563
-0.214	-10.548
-0.207	-10.530
-0.201	-10.515
-0.190	-10.489
-0.171	-10.481
-0.142	-10.470
-0.117	-10.515
-0.114	-10.537
-0.108	-10.576
-0.122	-10.592
-0.149	-10.555
-0.160	-10.541
-0.169	-10.525
-0.179	-10.510
POLYLINE BLACK
0.391	-9.546
0.377	-9.560
0.366	-9.580
0.348	-9.588
0.342	-9.590
0.348	-9.556
0.348	-9.552
0.348	-9.539
0.343	-9.521
0.337	-9.510
0.308	-9.458
0.303	-9.453
0.273	-9.415
POLYLINE BLACK
0.636	-8.597
0.613	-8.598
0.591	-8.603
0.568	-8.601
0.564	-8.601
0.559	-8.596
0.560	-8.592
0.562	-8.585
0.569	-8.581
0.574	-8.575
0.606	-8.544
0.661	-8.570
0.661	-8.613
0.660	-8.645
0.611	-8.734
0.575	-8.701
0.548	-8.678
0.538	-8.615
0.531	-8.594
POLYLINE BLACK
0.934	-8.449
0.957	-8.357
0.993	-8.214
1.101	-8.183
1.115	-8.179
1.142	-8.171
1.156	-8.185
1.168	-8.197
1.166	-8.218
1.163	-8.233
1.153	-8.298
1.085	-8.345
1.038	-8.381
1.031	-8.386
1.023	-8.390
1.016	-8.393
0.960	-8.413
0.901	-8.408
0.844	-8.404
POLYLINE BLACK
-2.022	-12.269
-2.040	-12.274
-2.076	-12.296
-2.100	-12.285
-2.123	-12.275
-2.131	-12.243
-2.135	-12.221
-2.145	-12.171
-2.135	-12.121
-2.117	-12.073
-2.108	-12.049
-2.093	-12.009
-2.068	-11.992
-2.034	-11.968
-1.988	-12.000
-1.969	-12.029
-1.961	-12.042
-1.955	-12.056
-1.952	-12.071
-1.947	-12.096
-1.951	-12.121
-1.961	-12.144
-1.993	-12.217
-2.109	-12.329
-2.182	-12.238
-2.214	-12.198
-2.220	-12.137
-2.229	-12.088
POLYLINE BLACK
-2.298	-12.796
-2.301	-12.750
-2.305	-12.704
-2.305	-12.658
-2.306	-12.609
-2.273	-12.490
-2.214	-12.473
-2.152	-12.456
-2.092	-12.507
-2.068	-12.559
-2.063	-12.570
-2.058	-12.587
-2.060	-12.599
-2.069	-12.641
-2.138	-12.671
-2.169	-12.689
POLYLINE BLACK
-1.840	-13.115
-1.874	-13.136
-1.908	-13.163
-1.950	-13.162
-1.989	-13.162
-2.026	-13.141
-2.047	-13.110
-2.055	-13.097
-2.066	-13.075
-2.040	-13.077
-1.985	-13.080
-1.953	-13.143
-2.001	-13.179
-2.031	-13.201
-2.066	-13.212
-2.102	-13.221
POLYLINE BLACK
-3.045	-12.897
-2.986	-12.755
-2.994	-12.746
-2.897	-12.627
-2.850	-12.568
-2.813	-12.534
-2.756	-12.495
-2.735	-12.481
-2.709	-12.474
-2.683	-12.475
-2.616	-12.477
-2.576	-12.507
-2.564	-12.575
-2.560	-12.594
-2.557	-12.617
-2.562	-12.637
-2.575	-12.693
-2.662	-12.720
-2.707	-12.685
-2.755	-12.649
-2.783	-12.595
-2.813	-12.544
POLYLINE BLACK
-2.479	-13.301
-2.524	-13.290
-2.585	-13.284
-2.604	-13.233
-2.618	-13.195
-2.589	-13.141
-2.574	-13.112
-2.555	-13.076
-2.528	-13.029
-2.490	-13.007
-2.422	-12.969
-2.356	-13.043
-2.345	-13.107
-2.335	-13.169
-2.376	-13.259
-2.444	-13.270
-2.481	-13.276
-2.515	-13.262
-2.549	-13.250
POLYLINE BLACK
-2.961	-12.825
-2.968	-12.786
-2.983	-12.738
-2.958	-12.702
-2.912	-12.637
-2.797	-12.743
-2.813	-12.800
-2.826	-12.846
-2.929	-12.869
-2.961	-12.837
-2.984	-12.814
-2.993	-12.775
-2.998	-12.746
-3.004	-12.714
-3.006	-12.681
-3.010	-12.649
POLYLINE BLACK
-2.988	-13.226
-2.980	-13.176
-2.975	-13.126
-2.964	-13.077
-2.959	-13.054
-2.950	-13.032
-2.941	-13.010
-2.925	-12.972
-2.893	-12.937
-2.848	-12.945
-2.832	-12.947
-2.819	-12.955
-2.809	-12.967
-2.783	-12.997
-2.762	-13.091
-2.808	-13.114
-2.836	-13.127
-2.869	-13.119
-2.897	-13.113
POLYLINE BLACK
-2.681	-13.624
-2.715	-13.605
-2.762	-13.588
-2.775	-13.546
-2.789	-13.502
-2.779	-13.450
-2.759	-13.409
-2.750	-13.392
-2.740	-13.375
-2.724	-13.363
-2.685	-13.330
-2.605	-13.325
-2.575	-13.374
-2.538	-13.434
-2.626	-13.451
-2.669	-13.448
-2.705	-13.445
-2.712	-13.443
-2.734	-13.437
POLYLINE BLACK
-3.201	-13.563
-3.173	-13.475
-3.160	-13.438
-3.064	-13.456
-3.043	-13.460
-3.010	-13.470
-2.997	-13.489
-2.992	-13.496
-2.991	-13.504
-2.995	-13.512
-3.006	-13.536
-3.033	-13.541
-3.057	-13.535
-3.101	-13.524
-3.105	-13.521
-3.140	-13.505
POLYLINE BLACK
-3.985	-12.589
-3.984	-12.642
-3.980	-12.695
-3.982	-12.748
-3.984	-12.784
-3.988	-12.821
-3.999	-12.856
-4.076	-13.120
-4.114	-13.229
-4.255	-13.452
-4.350	-13.601
-4.460	-13.740
-4.553	-13.890
-4.970	-14.555
-4.813	-14.319
-5.102	-15.102
-5.205	-15.381
-5.099	-14.862
-5.237	-15.476
-5.249	-15.527
-5.244	-15.581
-5.247	-15.633
POLYLINE BLACK
-3.065	-14.724
-3.258	-14.808
-3.453	-14.888
-3.644	-14.976
-3.666	-14.986
-3.686	-15.002
-3.705	-15.018
-3.835	-15.132
-3.967	-15.245
-4.090	-15.367
-4.342	-15.616
-4.656	-16.053
-4.823	-16.302
-4.888	-16.399
-4.932	-16.508
-4.986	-16.610
POLYLINE BLACK
-4.764	-14.588
-4.652	-14.241
-4.735	-14.479
-4.349	-13.764
-4.333	-13.734
-4.297	-13.701
-4.265	-13.688
-4.174	-13.654
-4.081	-13.622
-3.990	-13.588
-3.975	-13.583
-3.963	-13.576
-3.946	-13.578
-3.907	-13.584
-3.883	-13.650
-3.880	-13.682
-3.878	-13.710
-3.876	-13.739
-3.880	-13.767
-3.890	-13.858
-3.900	-13.949
-3.921	-14.038
-3.938	-14.110
-3.962	-14.180
-3.993	-14.248
-4.045	-14.360
-4.104	-14.470
-4.170	-14.575
-4.212	-14.643
-4.331	-14.761
-4.391	-14.815
-4.414	-14.837
-4.467	-14.851
-4.490	-14.857
-4.598	-14.885
-4.678	-14.862
-4.754	-14.781
-4.771	-14.763
-4.787	-14.740
-4.796	-14.716
-4.823	-14.645
-4.801	-14.494
-4.800	-14.458
POLYLINE BLACK
-4.965	-15.402
-5.013	-15.358
-5.050	-15.321
-5.020	-15.254
-4.997	-15.203
-4.971	-15.152
-4.943	-15.104
-4.929	-15.080
-4.893	-15.018
-4.857	-15.000
-4.843	-14.993
-4.825	-14.993
-4.810	-14.996
-4.765	-15.006
-4.738	-15.039
-4.732	-15.084
-4.726	-15.132
-4.743	-15.181
-4.771	-15.220
-4.806	-15.268
-4.888	-15.437
-4.993	-15.422
-5.052	-15.413
-5.126	-15.318
-5.143	-15.302
POLYLINE BLACK
-4.886	-15.644
-4.894	-15.610
-4.911	-15.562
-4.886	-15.529
-4.865	-15.500
-4.831	-15.455
-4.798	-15.430
-4.730	-15.379
-4.636	-15.415
-4.630	-15.503
-4.628	-15.542
-4.677	-15.554
-4.706	-15.540
-4.751	-15.518
-4.758	-15.506
-4.804	-15.467
POLYLINE BLACK
-4.850	-15.825
-4.859	-15.780
-4.860	-15.745
-4.842	-15.703
-4.822	-15.655
-4.752	-15.609
-4.710	-15.658
-4.685	-15.687
-4.681	-15.726
-4.682	-15.763
-4.683	-15.815
-4.714	-15.867
-4.768	-15.875
-4.780	-15.877
-4.792	-15.877
-4.801	-15.868
-4.835	-15.835
-4.838	-15.776
-4.845	-15.732
POLYLINE BLACK
-4.498	-15.467
-4.511	-15.450
-4.537	-15.429
-4.536	-15.403
-4.536	-15.391
-4.530	-15.378
-4.521	-15.369
-4.489	-15.334
-4.444	-15.383
-4.437	-15.416
-4.431	-15.446
-4.442	-15.486
-4.476	-15.495
-4.492	-15.499
-4.507	-15.500
-4.522	-15.490
-4.558	-15.467
-4.570	-15.417
-4.584	-15.379
POLYLINE BLACK
-4.480	-15.183
-4.483	-15.157
-4.488	-15.132
-4.490	-15.106
-4.491	-15.084
-4.484	-15.054
-4.477	-15.034
-4.471	-15.020
-4.464	-15.006
-4.457	-14.993
-4.447	-14.976
-4.435	-14.963
-4.420	-14.951
-4.407	-14.942
-4.391	-14.938
-4.375	-14.938
-4.309	-14.938
-4.299	-15.047
-4.309	-15.093
-4.313	-15.107
-4.333	-15.104
-4.343	-15.100
-4.384	-15.081
-4.393	-15.070
-4.435	-15.040
POLYLINE BLACK
-4.006	-14.932
-3.990	-14.804
-3.967	-14.778
-3.876	-14.656
-3.819	-14.581
-3.710	-14.476
-3.623	-14.448
-3.592	-14.438
-3.554	-14.446
-3.524	-14.454
-3.425	-14.478
-3.370	-14.567
-3.393	-14.666
-3.410	-14.747
-3.453	-14.807
-3.522	-14.852
-3.576	-14.888
-3.629	-14.926
-3.688	-14.953
-3.734	-14.974
-3.914	-15.060
-4.004	-15.028
-4.063	-15.007
-4.114	-14.900
-4.137	-14.865
POLYLINE BLACK
-2.841	-13.968
-2.864	-13.928
-2.884	-13.892
-2.868	-13.846
-2.859	-13.822
-2.849	-13.799
-2.838	-13.777
-2.826	-13.754
-2.806	-13.720
-2.778	-13.712
-2.735	-13.700
-2.678	-13.752
-2.686	-13.796
-2.692	-13.825
-2.731	-13.842
-2.752	-13.852
-2.765	-13.858
-2.792	-13.869
-2.810	-13.870
-2.846	-13.871
-2.878	-13.862
-2.913	-13.849
POLYLINE BLACK
-3.096	-14.188
-3.082	-14.166
-3.069	-14.143
-3.052	-14.122
-3.043	-14.109
-3.017	-14.075
-2.993	-14.074
-2.980	-14.074
-2.968	-14.083
-2.961	-14.092
-2.935	-14.126
-2.928	-14.159
-2.925	-14.203
-2.923	-14.231
-2.921	-14.255
-2.930	-14.281
-2.948	-14.336
-3.040	-14.341
-3.078	-14.306
-3.103	-14.282
-3.122	-14.248
-3.129	-14.214
-3.143	-14.150
-3.139	-14.132
-3.138	-14.066
POLYLINE BLACK
-3.523	-14.009
-3.511	-13.967
-3.501	-13.924
-3.487	-13.882
-3.479	-13.860
-3.463	-13.826
-3.439	-13.815
-3.406	-13.799
-3.362	-13.819
-3.342	-13.846
-3.332	-13.860
-3.327	-13.876
-3.323	-13.893
-3.310	-13.959
-3.322	-14.095
-3.420	-14.082
-3.463	-14.076
-3.503	-14.018
-3.522	-13.990
POLYLINE BLACK
-3.558	-13.579
-3.536	-13.532
-3.516	-13.484
-3.491	-13.439
-3.483	-13.425
-3.470	-13.445
-3.468	-13.448
-3.457	-13.468
-3.436	-13.528
-3.451	-13.551
-3.477	-13.588
-3.542	-13.598
-3.580	-13.609
POLYLINE BLACK
-5.251	-15.490
-5.262	-15.498
-5.608	-15.754
-5.695	-15.856
-5.741	-15.910
-5.779	-15.970
-5.821	-16.027
POLYLINE BLACK
-5.250	-15.494
-5.302	-15.516
-5.357	-15.531
-5.407	-15.558
-5.675	-15.701
-5.847	-15.852
-6.089	-16.060
-6.202	-16.157
-6.446	-16.369
-6.509	-16.532
-6.530	-16.588
-6.532	-16.662
-6.538	-16.718
POLYLINE BLACK
-5.086	-16.440
-5.153	-16.517
-5.216	-16.580
-5.234	-16.681
-5.253	-16.784
-5.216	-16.840
-5.186	-16.936
-5.173	-16.980
-5.163	-17.026
-5.149	-17.071
-5.086	-17.280
-5.004	-17.470
-5.005	-17.697
-5.007	-18.230
-5.030	-18.764
-5.081	-19.295
-5.130	-19.796
-5.240	-20.289
-5.303	-20.788
-5.314	-20.873
-5.313	-20.960
-5.304	-21.045
-5.287	-21.197
-5.256	-21.348
-5.225	-21.499
-5.214	-21.548
-5.198	-21.596
-5.180	-21.643
-5.162	-21.692
-5.055	-21.793
-5.048	-21.801
POLYLINE BLACK
-5.691	-22.372
-5.725	-22.457
POLYLINE BLACK
-5.679	-22.355
-5.688	-22.492
-5.697	-22.629
-5.706	-22.765
-5.704	-22.792
-5.705	-22.819
-5.700	-22.845
-5.689	-22.899
-5.630	-22.991
-5.612	-23.024
POLYLINE BLACK
-6.628	-16.555
-6.627	-17.000
-6.566	-17.788
-6.694	-18.309
-6.910	-19.183
-6.789	-18.484
-6.990	-19.059
-7.032	-19.181
-7.063	-19.308
-7.090	-19.435
-7.147	-19.702
-7.137	-19.938
-7.180	-20.215
-7.358	-21.357
-7.386	-20.900
-7.383	-22.028
-7.382	-22.142
-7.328	-22.371
-7.296	-22.483
-7.240	-22.675
-7.179	-22.865
-7.120	-23.056
POLYLINE BLACK
-5.685	-17.869
-5.731	-17.850
-5.777	-17.835
-5.793	-17.785
-5.823	-17.695
-5.766	-17.574
-5.686	-17.529
-5.626	-17.496
-5.560	-17.487
-5.493	-17.476
-5.454	-17.470
-5.403	-17.474
-5.367	-17.493
-5.347	-17.505
-5.325	-17.525
-5.311	-17.543
-5.188	-17.709
-5.171	-17.733
-5.162	-17.951
-5.160	-17.993
-5.162	-18.138
-5.190	-18.204
-5.218	-18.268
-5.259	-18.365
-5.330	-18.400
-5.403	-18.437
-5.494	-18.420
-5.563	-18.381
-5.697	-18.304
-5.774	-18.266
-5.828	-18.127
-5.890	-17.967
-5.801	-17.791
-5.758	-17.642
POLYLINE BLACK
-5.903	-19.309
-5.910	-19.136
-5.866	-18.986
-5.754	-18.856
-5.698	-18.791
-5.636	-18.756
-5.550	-18.767
-5.471	-18.777
-5.424	-18.853
-5.381	-18.912
-5.310	-19.009
-5.305	-19.120
-5.296	-19.239
-5.293	-19.273
-5.295	-19.308
-5.299	-19.341
-5.304	-19.388
-5.313	-19.446
-5.348	-19.483
-5.402	-19.539
-5.529	-19.567
-5.605	-19.581
-5.648	-19.589
-5.706	-19.588
-5.740	-19.556
-5.830	-19.471
-5.918	-19.385
-6.003	-19.296
-6.013	-19.287
-6.019	-19.274
-6.024	-19.261
-6.043	-19.210
-6.057	-19.157
-6.074	-19.105
POLYLINE BLACK
-6.030	-18.623
-5.921	-18.514
-5.906	-18.482
-5.796	-18.414
-5.736	-18.378
-5.600	-18.352
-5.543	-18.406
-5.507	-18.441
-5.506	-18.506
-5.516	-18.551
-5.536	-18.645
-5.616	-18.729
-5.678	-18.793
-5.723	-18.839
-5.786	-18.887
-5.850	-18.905
-5.973	-18.937
-6.104	-18.848
-6.084	-18.714
-6.077	-18.665
-6.046	-18.618
-6.014	-18.581
-5.992	-18.557
-5.966	-18.537
-5.946	-18.512
-5.923	-18.485
-5.906	-18.453
-5.886	-18.424
POLYLINE BLACK
-5.652	-20.071
-5.704	-20.012
-5.737	-19.958
-5.725	-19.875
-5.710	-19.773
-5.690	-19.573
-5.601	-19.482
-5.484	-19.363
-5.347	-19.670
-5.344	-19.751
-5.340	-19.869
-5.338	-19.987
-5.340	-20.105
-5.341	-20.143
-5.356	-20.189
-5.379	-20.220
-5.404	-20.252
-5.442	-20.273
-5.480	-20.288
-5.537	-20.309
-5.581	-20.307
-5.606	-20.247
-5.639	-20.167
-5.670	-20.087
-5.702	-20.007
POLYLINE BLACK
-6.939	-22.269
-6.963	-22.216
-6.998	-22.159
-6.993	-22.098
-6.984	-21.977
-6.872	-22.000
-6.779	-21.995
-6.739	-21.993
-6.716	-22.010
-6.702	-22.049
-6.677	-22.124
-6.753	-22.194
-6.806	-22.233
-6.821	-22.245
-6.841	-22.260
-6.860	-22.250
-6.910	-22.226
-6.941	-22.123
-6.957	-22.089
POLYLINE BLACK
-6.712	-22.150
-6.701	-22.123
-6.691	-22.097
-6.679	-22.070
-6.658	-22.024
-6.577	-22.029
-6.583	-22.072
-6.584	-22.081
-6.608	-22.133
-6.621	-22.109
-6.630	-22.091
-6.628	-22.039
-6.628	-22.032
POLYLINE BLACK
-7.179	-21.700
-7.170	-21.653
-7.171	-21.627
-7.151	-21.590
-7.103	-21.501
-6.978	-21.539
-6.986	-21.636
-6.988	-21.652
-6.994	-21.673
-7.001	-21.687
-7.014	-21.712
-7.066	-21.786
-7.103	-21.767
-7.141	-21.746
-7.151	-21.659
-7.155	-21.634
POLYLINE BLACK
-6.437	-21.722
-6.498	-21.747
-6.542	-21.765
-6.564	-21.690
-6.585	-21.617
-6.635	-21.446
-6.601	-21.372
-6.583	-21.334
-6.528	-21.322
-6.496	-21.348
-6.472	-21.368
-6.459	-21.405
-6.453	-21.434
-6.434	-21.516
-6.464	-21.601
-6.530	-21.654
-6.543	-21.664
-6.556	-21.674
-6.571	-21.666
-6.626	-21.638
-6.664	-21.479
-6.670	-21.464
POLYLINE BLACK
-6.288	-21.826
-6.325	-21.779
-6.365	-21.734
-6.374	-21.674
-6.380	-21.638
-6.379	-21.601
-6.363	-21.569
-6.353	-21.550
-6.341	-21.536
-6.325	-21.523
-6.280	-21.486
-6.196	-21.486
-6.181	-21.555
-6.166	-21.627
-6.219	-21.749
-6.309	-21.723
-6.371	-21.705
-6.382	-21.692
-6.446	-21.655
POLYLINE BLACK
-6.898	-20.637
-6.874	-20.593
-6.851	-20.549
-6.826	-20.507
-6.784	-20.438
-6.745	-20.436
-6.689	-20.492
-6.633	-20.546
-6.578	-20.630
-6.589	-20.712
-6.600	-20.795
-6.683	-20.846
-6.756	-20.867
-6.772	-20.871
-6.787	-20.871
-6.800	-20.860
-6.844	-20.822
-6.853	-20.755
-6.866	-20.701
POLYLINE BLACK
-6.241	-20.661
-6.251	-20.633
-6.272	-20.589
-6.273	-20.553
-6.274	-20.531
-6.268	-20.507
-6.256	-20.489
-6.225	-20.446
-6.127	-20.352
-6.075	-20.417
-6.015	-20.492
-6.035	-20.652
-6.078	-20.729
-6.095	-20.759
-6.114	-20.788
-6.133	-20.816
-6.141	-20.828
-6.149	-20.838
-6.163	-20.840
-6.217	-20.848
-6.299	-20.760
-6.334	-20.727
POLYLINE BLACK
-6.825	-19.898
-6.776	-19.838
-6.673	-19.687
-6.571	-19.744
-6.484	-19.793
-6.487	-19.985
-6.517	-20.065
-6.529	-20.097
-6.548	-20.127
-6.571	-20.152
-6.624	-20.210
-6.720	-20.262
-6.756	-20.158
-6.787	-20.066
-6.778	-20.033
-6.787	-19.914
POLYLINE BLACK
-6.383	-20.181
-6.409	-20.192
-6.435	-20.202
-6.460	-20.213
-6.465	-20.211
-6.471	-20.211
-6.474	-20.207
-6.482	-20.194
-6.472	-20.158
-6.468	-20.151
-6.466	-20.146
-6.458	-20.136
-6.455	-20.141
-6.446	-20.152
-6.446	-20.168
-6.443	-20.182
-6.439	-20.209
-6.440	-20.236
-6.453	-20.261
-6.471	-20.295
-6.507	-20.304
-6.523	-20.264
-6.533	-20.240
-6.542	-20.215
-6.549	-20.190
-6.555	-20.167
-6.559	-20.142
-6.564	-20.118
POLYLINE BLACK
-4.927	-16.478
-4.992	-16.469
-5.078	-16.432
-5.145	-16.466
-5.238	-16.513
-5.300	-16.693
-5.338	-16.773
POLYLINE GRAY
-5.700	-22.357
-5.527	-22.385
-5.499	-22.387
-5.318	-22.425
-5.279	-22.434
-5.147	-22.474
-5.075	-22.473
-4.976	-22.471
-4.786	-22.373
-4.763	-22.364
POLYLINE GRAY
-5.100	-21.831
-5.011	-21.885
-4.851	-22.056
-4.727	-22.073
-4.656	-22.082
-4.648	-22.080
-4.592	-22.079
POLYLINE GRAY
-4.857	-22.321
-4.828	-22.327
-4.799	-22.335
-4.770	-22.339
-4.679	-22.352
-4.574	-22.261
-4.516	-22.228
POLYLINE BLACK
-5.671	-22.326
-5.693	-22.514
-5.672	-22.404
-5.754	-22.651
POLYLINE BLACK
-6.886	-23.985
-6.886	-24.026
POLYLINE BLACK
-7.276	-22.508
-7.201	-22.593
POLYLINE BLACK
-7.189	-22.638
-7.137	-22.748
POLYLINE BLACK
-7.113	-22.917
-7.257	-22.857
POLYLINE BLACK
-7.264	-22.664
-7.222	-22.736
POLYLINE BLACK
-7.307	-22.693
-7.302	-22.727
POLYLINE BLACK
-7.308	-22.652
-7.294	-22.524
POLYLINE ORANGE
0.332	-6.036
0.318	-6.104
POLYLINE ORANGE
2.885	-6.763
2.796	-6.744
2.785	-6.735
2.704	-6.737
2.693	-6.738
2.682	-6.740
2.671	-6.743
2.668	-6.743
2.664	-6.744
2.661	-6.746
2.624	-6.767
2.609	-6.785
2.574	-6.816
POLYLINE ORANGE
-5.078	-17.348
-5.257	-17.333
-5.197	-17.344
-5.477	-17.247
-5.505	-17.237
-5.530	-17.221
-5.554	-17.205
-5.582	-17.188
-5.608	-17.166
-5.635	-17.146
-5.683	-17.111
-5.733	-17.077
-5.781	-17.041
-5.864	-16.979
-5.852	-16.976
-5.935	-16.936
-5.944	-16.931
-5.955	-16.928
-5.966	-16.926
-6.029	-16.916
-6.093	-16.914
-6.155	-16.900
-6.245	-16.880
-6.333	-16.851
-6.422	-16.827
-6.602	-16.778
-6.560	-16.770
-6.697	-16.792
POLYLINE BLACK
-7.269	-22.686
-7.270	-22.722
-7.265	-22.774
-7.289	-22.807
-7.386	-22.936
-7.485	-23.064
-7.587	-23.190
-7.631	-23.245
-7.680	-23.295
-7.726	-23.347
-7.875	-23.528
-8.030	-23.704
-8.173	-23.889
-8.585	-24.420
-8.738	-24.723
-9.070	-25.408
-9.159	-25.591
-9.233	-25.782
-9.292	-25.976
-9.415	-26.374
-9.425	-26.529
-9.431	-26.912
-9.434	-27.111
-9.405	-27.177
-9.438	-27.329
-9.455	-27.404
-9.554	-27.483
-9.616	-27.520
-9.659	-27.547
-9.722	-27.550
-9.757	-27.591
-9.782	-27.620
-9.788	-27.658
-9.798	-27.695
POLYLINE BLACK
-5.630	-23.022
-5.638	-23.035
POLYLINE BLACK
-5.601	-22.994
-5.642	-23.014
-5.681	-23.035
-5.722	-23.055
-5.765	-23.075
-5.808	-23.095
-5.851	-23.113
-5.869	-23.120
-5.890	-23.122
-5.907	-23.132
-6.469	-23.486
-6.467	-23.473
-6.917	-23.890
-6.990	-23.958
-7.065	-24.025
-7.126	-24.103
-7.357	-24.400
-7.574	-24.707
-7.792	-25.014
-7.871	-25.126
-8.599	-26.166
-8.769	-26.476
-8.820	-26.569
-8.862	-26.669
-8.887	-26.773
-8.958	-27.066
-8.996	-27.366
-9.055	-27.662
-9.060	-27.687
-9.086	-27.732
-9.102	-27.752
-9.127	-27.782
-9.169	-27.821
-9.205	-27.839
-9.289	-27.878
-9.375	-27.914
-9.461	-27.948
-9.476	-27.955
-9.493	-27.959
-9.510	-27.960
-9.558	-27.965
-9.608	-27.965
-9.657	-27.967
POLYLINE GRAY
-9.760	-27.735
-9.796	-27.768
-9.834	-27.800
-9.868	-27.835
-9.883	-27.852
-9.896	-27.870
-9.908	-27.889
-9.948	-27.954
-9.984	-28.021
-10.023	-28.086
POLYLINE GRAY
-9.631	-28.045
-9.702	-28.040
-9.747	-28.050
-9.809	-28.083
-9.825	-28.092
-9.842	-28.101
-9.855	-28.114
-9.893	-28.151
-9.926	-28.192
-9.961	-28.232

ELEVATION
STATIONS
0.000	0.000	0
0.441	-2.704	1
1.872	-5.042	2
3.737	-6.832	3
3.174	-9.540	4
4.820	-20.316	5
2.594	-21.259	6
1.359	-23.111	7
-4.015	-23.507	8
-5.877	-25.013	9
-7.106	-27.327	10
-9.566	-29.554	11
SHOTS
0.000	0.000	-0.480	0.011
0.000	0.000	-0.924	0.035
0.000	0.000	-0.796	-0.051
0.000	0.000	-0.640	-0.228
0.000	0.000	-0.048	-0.478
0.000	0.000	0.296	-0.146
0.000	0.000	-0.147	-0.569
0.000	0.000	0.441	-2.704
0.441	-2.704	-0.627	-2.262
0.441	-2.704	0.592	-2.930
0.441	-2.704	-0.227	-2.863
0.441	-2.704	1.296	-3.017
0.441	-2.704	0.247	-3.369
0.441	-2.704	1.872	-5.042
1.872	-5.042	1.903	-4.845
1.872	-5.042	0.576	-3.761
1.872	-5.042	-0.239	-3.550
1.872	-5.042	2.139	-4.717
1.872	-5.042	3.084	-5.034
1.872	-5.042	3.737	-6.832
3.737	-6.832	3.188	-6.610
3.737	-6.832	3.492	-6.636
3.737	-6.832	2.905	-6.905
3.737	-6.832	2.625	-6.871
3.737	-6.832	1.668	-7.506
3.737	-6.832	3.174	-9.540
3.174	-9.540	3.520	-9.500
3.174	-9.540	3.356	-9.513
3.174	-9.540	3.547	-9.554
3.174	-9.540	3.484	-9.701
3.174	-9.540	4.820	-20.316
4.820	-20.316	5.254	-20.382
4.820	-20.316	4.524	-20.346
4.820	-20.316	3.916	-20.524
4.820	-20.316	3.685	-20.358
4.820	-20.316	4.663	-21.005
4.820	-20.316	2.774	-21.135
4.820	-20.316	3.301	-21.015
4.820	-20.316	3.067	-21.071
4.820	-20.316	2.594	-21.259
2.594	-21.259	3.118	-21.089
2.594	-21.259	2.481	-21.309
2.594	-21.259	2.721	-21.682
2.594	-21.259	1.359	-23.111
1.359	-23.111	0.570	-22.840
1.359	-23.111	1.055	-22.462
1.359	-23.111	1.139	-21.983
1.359	-23.111	1.315	-22.711
1.359	-23.111	-4.015	-23.507
-4.015	-23.507	1.382	-22.599
-4.015	-23.507	2.054	-22.635
-4.015	-23.507	0.378	-22.935
-4.015	-23.507	0.642	-23.193
-4.015	-23.507	0.305	-23.572
-4.015	-23.507	-2.116	-24.051
-4.015	-23.507	-2.546	-24.344
-4.015	-23.507	-3.079	-24.547
-4.015	-23.507	-3.861	-24.882
-4.015	-23.507	-5.192	-24.508
-4.015	-23.507	-4.957	-24.930
-4.015	-23.507	-2.988	-23.263
-4.015	-23.507	-5.877	-25.013
-5.877	-25.013	-6.461	-25.299
-5.877	-25.013	-5.121	-24.935
-5.877	-25.013	-5.778	-25.868
-5.877	-25.013	-7.106	-27.327
-7.106	-27.327	-5.071	-29.146
-7.106	-27.327	-5.673	-28.942
-7.106	-27.327	-7.919	-26.566
-7.106	-27.327	-8.798	-26.038
-7.106	-27.327	-7.917	-27.483
-7.106	-27.327	-6.844	-28.861
-7.106	-27.327	-9.344	-28.817
-7.106	-27.327	-9.344	-28.869
-7.106	-27.327	-8.752	-28.554
-7.106	-27.327	-9.566	-29.554
-9.566	-29.554	-9.443	-29.454
-9.566	-29.554	-9.737	-29.632
-9.566	-29.554	-9.880	-28.923
-9.566	-29.554	-9.054	-30.108

