TRIP
DATE 2024-08-29
DECLINATION 0.0
DATA
0		275.68	-21.98	14.015	>
0		275.81	-21.88	14.002	>
0		275.41	-21.95	14.010	>
0	1	275.63	-21.93	14.009	>
1		295.31	16.75	10.890	>
1		295.44	16.80	10.896	>
1		295.53	16.79	10.890	>
1	2	295.43	16.78	10.892	>
2		47.49	12.45	4.510	>
2		213.82	2.48	1.853	>
2		78.30	76.65	3.091	>
2		326.95	31.22	16.828	>
2		279.70	8.90	3.525	>
2		275.03	6.10	3.675	>
2		274.92	5.97	3.695	>
2		274.93	5.94	3.691	>
2	3	274.96	6.01	3.687	>
3		191.61	-7.67	1.057	>
3		354.44	-4.27	0.729	>
3		200.37	-66.74	1.490	>
3		264.88	-16.09	5.242	>
3		266.82	-16.14	5.247	>
3		266.77	-16.11	5.246	>
3	4	266.16	-16.12	5.245	>
4		77.11	29.24	5.063	>
4		79.40	21.69	4.816	>
4		70.41	23.70	3.277	>
4		193.57	-6.97	1.179	>
4		356.35	17.39	1.134	>
4		292.78	21.47	4.635	>
4		287.74	19.54	3.620	>
4		276.17	15.23	4.279	>
4		234.44	-15.13	2.797	>
4		205.33	-14.42	6.055	>
4		205.50	-14.17	6.041	>
4		205.50	-14.23	6.042	>
4	5	205.45	-14.27	6.046	>
5		279.68	10.56	1.729	>
5		86.40	7.67	0.838	>
5		93.89	-36.00	2.156	>
5		156.41	84.09	1.637	>
5		54.46	-30.76	2.574	>
5		56.89	-42.17	2.448	>
5		126.69	22.44	3.124	>
5		172.69	28.08	5.186	>
5		279.82	55.86	2.224	>
5		279.10	56.06	2.240	>
5		278.81	55.93	2.233	>
5	6	279.24	55.95	2.232	>
6		336.00	34.35	2.933	>
6		335.77	34.41	2.936	>
6		335.28	34.44	2.937	>
6	7	335.68	34.40	2.935	>
7		86.09	4.06	1.092	>
7		15.13	5.81	1.854	>
7		350.11	13.17	1.149	>
7		274.47	-8.94	2.119	>
7		274.92	-8.95	2.128	>
7		275.52	-9.03	2.128	>
7	8	274.97	-8.98	2.125	>
8		28.45	-6.05	1.073	>
8		257.44	-85.25	1.146	>
8		357.56	37.84	0.850	>
8		316.89	-34.16	5.334	>
8		316.19	-34.20	5.330	>
8		315.79	-34.19	5.336	>
8	9	316.29	-34.19	5.333	>
9		238.07	9.60	2.126	>
9		66.79	10.22	1.605	>
9		253.68	61.77	2.250	>
9		161.95	-11.90	5.517	>
9		323.55	44.76	6.190	>
9		323.05	44.75	6.184	>
9		323.22	44.76	6.190	>
9	10	323.27	44.76	6.188	>
10		64.65	-2.75	0.807	>
10		264.62	-5.90	2.219	>
10		213.76	-78.96	1.616	>
10		318.53	12.79	9.537	>
10		322.32	11.67	4.963	>
10		322.28	11.76	4.963	>
10		322.16	11.71	4.967	>
10	11	322.25	11.71	4.964	>
11		242.53	-16.37	1.705	>
11		260.11	31.39	1.367	>
11		304.26	5.90	1.553	>
11		283.60	13.29	2.120	>
11		267.76	15.81	2.163	>
11		288.09	14.93	6.676	>
11		288.12	14.99	6.692	>
11		288.12	15.00	6.704	>
11	12	288.11	14.97	6.691	>
12		141.35	-29.71	6.377	>
12		203.01	9.55	1.681	>
12		65.81	82.52	2.277	>
12		17.45	16.18	1.411	>
12		32.33	34.23	6.166	>
12		80.88	24.14	2.848	>
12		296.71	30.50	7.712	>
12		281.50	-17.46	1.082	>
12		320.51	38.64	11.129	>
12		320.55	38.69	11.125	>
12		320.39	38.59	11.129	>
12	13	320.48	38.64	11.128	>
13		279.26	12.91	10.611	>
13		258.19	-20.69	1.467	>
13		266.95	-42.96	1.861	>
13		183.39	61.22	0.690	>
13		169.41	64.13	0.761	>
13		222.97	50.72	0.126	>
13		243.50	33.83	0.126	>
13		216.06	-29.94	10.481	>
13		215.99	-29.90	10.474	>
13		216.06	-29.90	10.471	>
13	14	216.04	-29.91	10.475	>
14		74.67	-8.96	3.670	>
14		244.04	-14.47	6.367	>
14		337.74	-2.88	2.418	>
14		338.50	51.64	1.759	>
14		169.40	-3.01	11.359	>
14		178.08	-48.23	4.124	>
14		306.56	-2.91	8.734	>
14		303.65	-3.00	7.360	>
14		303.78	-6.10	7.513	>
14		160.74	-48.77	4.211	>
14		161.63	-48.77	2.446	>
14		160.83	-51.96	4.065	>
14		161.04	-51.77	4.095	>
14		161.31	-51.73	4.095	>
14	15	161.06	-51.82	4.085	>
15		105.34	-7.43	1.474	>
15		104.44	-9.10	1.501	>
15		137.16	60.03	0.975	>
15		243.58	23.85	0.987	>
15		160.99	-33.07	3.097	>
15		160.26	-45.44	22.381	>
15		160.69	-45.73	22.240	>
15		160.30	-45.49	22.367	>
15	16	160.42	-45.55	22.329	>
16		50.21	16.48	1.237	>
16		270.18	89.24	1.987	>
16		151.84	-6.34	1.858	>
16		54.54	18.91	1.198	>
16		322.94	49.27	4.656	>
16		343.80	50.73	3.003	>
16		98.78	80.21	1.920	>
16		182.88	-36.48	1.523	>
16		182.76	-36.46	1.522	>
16		182.79	-36.44	1.522	>
16		79.98	20.60	7.203	>
16		61.02	23.77	7.101	>
16		93.74	19.20	5.149	>
16		194.63	-49.70	0.137	>
16		75.88	30.15	5.642	>
16		75.76	30.41	5.611	>
16		75.47	30.10	5.615	>
16	17	182.81	-36.46	1.522	>
17		251.55	27.65	0.811	>
17		248.58	-20.50	3.543	>
17		248.46	-20.45	3.547	>
17		248.62	-20.65	3.554	>
17	18	248.55	-20.54	3.548	>
18		277.74	8.82	0.511	>
18		244.29	-87.42	1.738	>
18		50.02	-22.80	1.139	>
18		162.29	-52.55	1.419	>
18		212.06	-12.54	1.251	>
18		213.79	-36.20	6.891	>
18		213.52	-36.23	6.898	>
18		213.67	-36.21	6.895	>
18	19	213.66	-36.21	6.895	>
19		332.90	6.93	1.458	>
19		243.74	-14.57	3.634	>
19		243.70	-14.40	3.635	>
19		243.46	-14.55	3.642	>
19	20	243.63	-14.50	3.637	>
20		355.15	10.95	0.845	>
20		292.16	82.76	1.142	>
20		59.71	-81.24	0.838	>
20		167.62	21.62	0.528	>
20		290.24	0.72	3.911	>
20		290.03	0.98	3.910	>
20		289.89	0.92	3.914	>
20	21	290.05	0.87	3.912	>
21		186.88	-14.12	3.337	>
21		211.15	-15.22	4.176	>
21		240.24	-13.53	4.522	>
21		170.76	-6.32	1.504	>
21		227.55	-1.67	2.032	>
21		146.66	52.46	2.429	>
21		218.00	-19.64	3.980	>
21		218.78	-19.88	3.987	>
21		218.51	-19.85	3.978	>
21	22	218.43	-19.79	3.982	>
22		319.65	23.29	5.037	>
22		319.63	23.05	5.040	>
22		319.60	23.19	5.043	>
22	23	319.63	23.18	5.040	>
16	16.1	75.70	30.22	5.623	>
16.1		87.85	18.29	1.795	>
16.1		336.57	6.65	1.399	>
16.1		189.21	0.66	1.024	>
16.1		83.59	-82.95	1.593	>
16.1		102.54	6.76	1.689	>
16.1		109.88	9.06	7.489	>
16.1		110.78	8.97	7.491	>
16.1		105.55	9.05	7.475	>
16.1		103.30	9.12	7.474	>
16.1		100.82	10.73	3.610	>
16.1		114.13	8.19	7.591	>
16.1		113.90	8.16	7.571	>
16.1		113.78	8.18	7.565	>
16.1	16.2	113.94	8.18	7.576	>
16.2		334.48	2.20	1.220	>
16.2		23.71	74.35	2.894	>
16.2		12.69	-9.95	1.153	>
16.2		267.07	1.60	1.666	>
16.2		299.72	-24.73	1.951	>
16.2		56.50	-79.15	1.401	>
16.2		22.32	-82.60	1.388	>
16.2		52.31	34.16	9.727	>
16.2		51.97	34.26	9.686	>
16.2		51.50	34.22	9.676	>
16.2	16.3	51.93	34.21	9.696	>
16.3		265.11	7.42	1.439	>
16.3		306.09	75.77	2.371	>
16.3		101.51	-62.35	1.791	>
16.3		271.19	-68.90	1.657	>
16.3		335.23	10.22	4.452	>
16.3		335.22	10.23	4.455	>
16.3		334.94	10.23	4.452	>
16.3		336.29	10.56	4.484	>
16.3		336.24	10.43	4.481	>
16.3		336.49	10.44	4.479	>
16.3	16.3.1	336.34	10.48	4.481	>

PLAN
STATIONS
0.000	0.000	0
-12.933	1.275	1
-22.350	5.753	2
-26.004	6.070	3
-31.031	5.732	4
-33.549	0.441	5
-34.782	0.642	6
-35.780	2.849	7
-37.871	3.031	8
-40.919	6.220	9
-43.547	9.742	10
-46.523	13.585	11
-52.666	15.594	12
-58.197	22.299	13
-63.539	14.957	14
-62.720	12.569	15
-57.478	-2.163	16
-57.538	-3.386	17
-60.631	-4.601	18
-63.714	-9.231	19
-66.869	-10.795	20
-70.543	-9.454	21
-72.872	-12.389	22
-75.873	-8.859	23
-52.770	-0.963	16.1
-45.916	-4.005	16.2
-39.604	0.939	16.3
-41.372	4.975	16.3.1
SHOTS
0.000	0.000	-12.933	1.275
-12.933	1.275	-22.350	5.753
-22.350	5.753	-19.104	8.728
-22.350	5.753	-23.381	4.215
-22.350	5.753	-21.652	5.898
-22.350	5.753	-30.198	17.815
-22.350	5.753	-25.783	6.340
-22.350	5.753	-26.004	6.070
-26.004	6.070	-26.214	5.044
-26.004	6.070	-26.074	6.793
-26.004	6.070	-26.208	5.518
-26.004	6.070	-31.031	5.732
-31.031	5.732	-26.725	6.718
-31.031	5.732	-26.632	6.555
-31.031	5.732	-28.204	6.738
-31.031	5.732	-31.306	4.594
-31.031	5.732	-31.100	6.812
-31.031	5.732	-35.008	7.402
-31.031	5.732	-34.280	6.771
-31.031	5.732	-35.136	6.176
-31.031	5.732	-33.227	4.162
-31.031	5.732	-33.549	0.441
-33.549	0.441	-35.224	0.727
-33.549	0.441	-32.720	0.493
-33.549	0.441	-31.808	0.323
-33.549	0.441	-33.481	0.287
-33.549	0.441	-31.749	1.727
-33.549	0.441	-32.029	1.432
-33.549	0.441	-31.233	-1.284
-33.549	0.441	-32.967	-4.097
-33.549	0.441	-34.782	0.642
-34.782	0.642	-35.780	2.849
-35.780	2.849	-34.693	2.923
-35.780	2.849	-35.298	4.629
-35.780	2.849	-35.972	3.951
-35.780	2.849	-37.871	3.031
-37.871	3.031	-37.362	3.969
-37.871	3.031	-37.963	3.010
-37.871	3.031	-37.899	3.701
-37.871	3.031	-40.919	6.220
-40.919	6.220	-42.698	5.111
-40.919	6.220	-39.468	6.842
-40.919	6.220	-41.941	5.921
-40.919	6.220	-39.247	1.087
-40.919	6.220	-43.547	9.742
-43.547	9.742	-42.819	10.087
-43.547	9.742	-45.745	9.535
-43.547	9.742	-43.719	9.484
-43.547	9.742	-49.707	16.710
-43.547	9.742	-46.523	13.585
-46.523	13.585	-47.975	12.831
-46.523	13.585	-47.673	13.385
-46.523	13.585	-47.800	14.455
-46.523	13.585	-48.528	14.070
-46.523	13.585	-48.603	13.504
-46.523	13.585	-52.666	15.594
-52.666	15.594	-49.207	11.269
-52.666	15.594	-53.314	14.069
-52.666	15.594	-52.396	15.716
-52.666	15.594	-52.260	16.887
-52.666	15.594	-49.940	19.902
-52.666	15.594	-50.100	16.006
-52.666	15.594	-58.602	18.582
-52.666	15.594	-53.678	15.800
-52.666	15.594	-58.197	22.299
-58.197	22.299	-68.405	23.964
-58.197	22.299	-59.541	22.019
-58.197	22.299	-59.557	22.227
-58.197	22.299	-58.217	21.968
-58.197	22.299	-58.136	21.973
-58.197	22.299	-58.252	22.241
-58.197	22.299	-58.291	22.253
-58.197	22.299	-63.539	14.957
-63.539	14.957	-60.043	15.915
-63.539	14.957	-69.082	12.258
-63.539	14.957	-64.454	17.192
-63.539	14.957	-63.939	15.973
-63.539	14.957	-61.452	3.807
-63.539	14.957	-63.447	12.211
-63.539	14.957	-70.546	20.153
-63.539	14.957	-69.657	19.030
-63.539	14.957	-69.749	19.110
-63.539	14.957	-62.624	12.337
-63.539	14.957	-63.031	13.427
-63.539	14.957	-62.720	12.569
-62.720	12.569	-61.310	12.182
-62.720	12.569	-61.284	12.199
-62.720	12.569	-62.389	12.212
-62.720	12.569	-63.528	12.167
-62.720	12.569	-61.874	10.115
-62.720	12.569	-57.478	-2.163
-57.478	-2.163	-56.567	-1.404
-57.478	-2.163	-57.505	-2.163
-57.478	-2.163	-56.607	-3.791
-57.478	-2.163	-56.555	-1.506
-57.478	-2.163	-59.309	0.261
-57.478	-2.163	-58.009	-0.338
-57.478	-2.163	-57.156	-2.213
-57.478	-2.163	-50.839	-0.990
-57.478	-2.163	-51.793	0.985
-57.478	-2.163	-52.626	-2.480
-57.478	-2.163	-57.501	-2.249
-57.478	-2.163	-57.538	-3.386
-57.538	-3.386	-58.220	-3.613
-57.538	-3.386	-60.631	-4.601
-60.631	-4.601	-61.131	-4.533
-60.631	-4.601	-60.701	-4.635
-60.631	-4.601	-59.826	-3.926
-60.631	-4.601	-60.368	-5.423
-60.631	-4.601	-61.279	-5.636
-60.631	-4.601	-63.714	-9.231
-63.714	-9.231	-64.373	-7.943
-63.714	-9.231	-66.869	-10.795
-66.869	-10.795	-66.939	-9.968
-66.869	-10.795	-67.002	-10.741
-66.869	-10.795	-66.759	-10.731
-66.869	-10.795	-66.763	-11.274
-66.869	-10.795	-70.543	-9.454
-70.543	-9.454	-70.931	-12.667
-70.543	-9.454	-72.627	-12.902
-70.543	-9.454	-74.359	-11.636
-70.543	-9.454	-70.303	-10.929
-70.543	-9.454	-72.042	-10.825
-70.543	-9.454	-69.729	-10.690
-70.543	-9.454	-72.872	-12.389
-72.872	-12.389	-75.873	-8.859
-57.478	-2.163	-52.770	-0.963
-52.770	-0.963	-51.067	-0.899
-52.770	-0.963	-53.323	0.312
-52.770	-0.963	-52.934	-1.974
-52.770	-0.963	-52.576	-0.941
-52.770	-0.963	-51.133	-1.327
-52.770	-0.963	-45.815	-3.478
-52.770	-0.963	-45.852	-3.588
-52.770	-0.963	-45.658	-2.942
-52.770	-0.963	-45.589	-2.661
-52.770	-0.963	-49.286	-1.629
-52.770	-0.963	-45.916	-4.005
-45.916	-4.005	-46.442	-2.905
-45.916	-4.005	-45.602	-3.291
-45.916	-4.005	-45.667	-2.898
-45.916	-4.005	-47.580	-4.090
-45.916	-4.005	-47.455	-3.127
-45.916	-4.005	-45.696	-3.860
-45.916	-4.005	-45.848	-3.840
-45.916	-4.005	-39.604	0.939
-39.604	0.939	-41.026	0.818
-39.604	0.939	-40.075	1.283
-39.604	0.939	-38.789	0.774
-39.604	0.939	-40.200	0.952
-39.604	0.939	-41.372	4.975
POLYLINE BLACK
-23.094	4.155
-23.007	4.083
POLYLINE BLACK
-22.775	3.784
-22.838	3.849
-22.901	3.913
-22.965	3.977
-23.025	4.053
-23.078	4.136
-23.146	4.205
-23.304	4.364
-23.278	4.392
-23.328	4.325
POLYLINE BLACK
-22.990	4.036
-22.867	3.997
-22.780	3.981
-22.675	3.907
-22.594	3.850
-22.518	3.787
-22.444	3.722
-22.384	3.669
-22.337	3.601
-22.271	3.554
-21.930	3.316
-21.571	3.101
-21.225	2.869
-20.869	2.631
-20.517	2.385
-20.163	2.143
POLYLINE BLACK
-19.012	8.762
-18.500	8.578
-18.097	8.218
-17.724	7.840
-17.667	7.782
-17.629	7.705
-17.566	7.653
-16.567	6.821
-16.481	6.776
-15.653	6.188
POLYLINE BLACK
-18.818	8.822
-18.818	8.823
POLYLINE BLACK
-24.511	6.078
-24.515	6.076
POLYLINE BLACK
-18.948	8.690
-18.948	8.691
POLYLINE BLACK
-18.964	8.715
-19.047	8.787
-19.141	8.847
-19.212	8.931
-19.690	9.505
-20.130	10.110
-20.607	10.684
-21.335	11.558
-22.085	12.412
-22.826	13.274
-23.106	13.600
-23.396	13.917
-23.670	14.248
-24.650	15.433
-24.064	14.916
-24.774	15.491
POLYLINE BLACK
-25.810	6.146
-25.807	6.160
POLYLINE BLACK
-25.810	6.402
-25.757	6.259
-25.771	6.342
-25.800	6.151
POLYLINE BLACK
-22.741	6.264
-22.838	6.005
-22.931	5.746
-23.031	5.488
-23.043	5.458
-23.080	5.416
-23.078	5.375
-23.074	5.255
-22.732	5.168
-22.679	5.157
-22.590	5.138
-22.499	5.128
-22.407	5.120
-22.298	5.112
-22.169	5.093
-22.065	5.146
-22.005	5.176
-21.961	5.261
-21.935	5.312
-21.808	5.559
-21.687	5.809
-21.566	6.059
-21.528	6.137
-21.682	6.171
-21.723	6.174
-21.843	6.182
-21.963	6.196
-22.083	6.189
-22.250	6.179
-22.414	6.145
-22.580	6.123
POLYLINE BLACK
-22.717	6.118
-22.566	6.055
-22.516	5.920
-22.406	5.809
POLYLINE BLACK
-22.399	5.631
-22.543	5.248
-22.472	5.470
-22.594	4.959
POLYLINE BLACK
-22.387	5.653
-22.009	5.555
-22.152	5.618
-21.940	5.509
POLYLINE BLACK
-24.523	8.685
-24.568	8.581
-24.618	8.479
-24.659	8.373
-24.818	7.961
-24.971	7.546
-25.123	7.131
-25.137	7.092
-25.084	7.077
-25.058	7.080
-24.991	7.087
-24.923	7.093
-24.857	7.107
-24.603	7.160
-24.346	7.207
-24.096	7.282
-23.939	7.329
-23.792	7.405
-23.641	7.470
-23.622	7.478
-23.604	7.500
-23.598	7.519
-23.595	7.528
-23.592	7.550
-23.596	7.560
-23.712	7.811
-23.824	8.065
-23.950	8.312
-23.982	8.373
-24.026	8.426
-24.069	8.479
-24.131	8.557
-24.200	8.629
-24.265	8.704
-24.274	8.713
-24.280	8.724
-24.290	8.732
-24.311	8.751
-24.335	8.766
-24.358	8.783
POLYLINE BLACK
-22.377	10.618
-22.585	9.581
-22.421	10.235
-22.881	8.934
-22.883	8.927
-22.883	8.919
-22.882	8.912
-22.870	8.837
-22.688	8.861
-22.647	8.876
-22.279	9.008
-21.908	9.135
-21.546	9.282
-21.444	9.324
-21.351	9.386
-21.255	9.442
-21.183	9.483
-21.159	9.569
-21.158	9.646
-21.156	9.750
-21.212	9.835
-21.258	9.924
-21.306	10.015
-21.362	10.102
-21.403	10.196
-21.414	10.223
-21.459	10.472
-21.547	10.548
-21.662	10.646
-21.918	10.605
-22.040	10.579
-22.258	10.531
-22.190	10.453
-22.258	10.604
POLYLINE BLACK
-24.266	11.572
-24.560	11.184
-24.857	10.798
-25.149	10.409
-25.187	10.359
-25.167	10.269
-25.130	10.225
-25.066	10.149
-24.902	10.141
-24.831	10.136
-24.678	10.127
-24.524	10.115
-24.371	10.129
-24.354	10.131
-23.673	10.227
-23.560	10.332
-23.536	10.355
-23.528	10.387
-23.527	10.419
-23.520	10.780
-23.512	11.142
-23.509	11.503
-23.508	11.584
-23.600	11.616
-23.665	11.612
-23.876	11.601
-24.055	11.507
-24.239	11.417
POLYLINE BLACK
-26.975	10.778
-27.045	10.569
-27.118	10.361
-27.184	10.151
-27.191	10.128
-27.211	10.059
-27.206	10.019
-27.194	9.916
-26.955	9.903
-26.933	9.893
-26.824	9.845
-26.722	9.782
-26.619	9.723
-26.579	9.700
-26.538	9.649
-26.485	9.651
-26.405	9.653
-26.327	9.780
-26.302	9.820
-26.252	9.898
-25.981	10.231
-25.968	10.453
-25.965	10.506
-25.982	10.565
-26.021	10.603
-26.109	10.691
-26.199	10.776
-26.291	10.861
-26.298	10.868
-26.307	10.872
-26.317	10.877
-26.329	10.883
-26.361	10.894
-26.375	10.892
-26.766	10.850
-26.662	10.873
-26.904	10.803
POLYLINE BLACK
-24.906	13.532
-24.981	13.406
-25.064	13.284
-25.129	13.152
-25.172	13.065
-25.203	12.971
-25.230	12.878
-25.253	12.800
-25.264	12.720
-25.277	12.640
-25.279	12.633
-25.276	12.625
-25.274	12.618
-25.247	12.550
-25.093	12.601
-25.048	12.617
-24.983	12.640
-24.921	12.671
-24.855	12.691
-24.814	12.703
-24.771	12.710
-24.727	12.714
-24.507	12.736
-24.191	12.705
-24.002	12.874
-23.939	12.930
-23.925	13.030
-23.923	13.108
-23.919	13.297
-23.926	13.487
-23.926	13.676
-23.926	13.704
-23.919	13.719
-23.928	13.744
-23.939	13.774
-23.973	13.785
-24.003	13.784
-24.099	13.781
-24.196	13.776
-24.292	13.771
-24.388	13.765
-24.411	13.763
-24.510	13.804
-24.544	13.819
-24.576	13.837
-24.608	13.856
-24.650	13.880
-24.686	13.925
-24.738	13.902
-24.810	13.870
-24.853	13.750
-24.865	13.681
-24.899	13.480
-24.954	13.503
-24.884	13.477
POLYLINE BLACK
-26.889	14.072
-26.929	14.051
-26.971	14.032
-27.010	14.009
-27.047	13.986
-27.105	13.928
-27.124	13.894
-27.246	13.681
-27.359	13.463
-27.473	13.246
-27.487	13.219
-27.478	13.184
-27.455	13.166
-27.345	13.081
-26.877	13.111
-26.871	13.111
-26.731	13.121
-26.594	13.156
-26.457	13.181
-26.428	13.186
-26.400	13.206
-26.382	13.228
-26.316	13.309
-26.330	13.490
-26.333	13.553
-26.341	13.754
-26.364	13.955
-26.384	14.155
-26.393	14.237
-26.450	14.242
-26.511	14.212
-26.583	14.177
-26.667	14.082
-26.712	14.050
-26.815	13.976
-26.926	13.912
-27.033	13.843
POLYLINE BLACK
-20.410	4.794
-20.450	4.799
-20.490	4.806
-20.529	4.809
-20.570	4.811
-20.623	4.792
-20.654	4.768
-20.885	4.584
-21.119	4.405
-21.340	4.211
-21.343	4.209
-21.619	3.998
-21.487	3.922
-21.455	3.903
-21.423	3.880
-21.387	3.869
-21.168	3.805
-20.947	3.749
-20.725	3.699
-20.545	3.657
-20.361	3.635
-20.181	3.594
-20.097	3.568
-20.014	3.542
-19.930	3.517
-19.924	3.518
-19.916	3.518
-19.910	3.521
-19.898	3.526
-19.885	3.541
-19.882	3.554
-19.862	3.646
-19.842	3.739
-19.828	3.832
-19.817	3.905
-19.841	4.038
-19.840	4.095
-19.834	4.151
-19.828	4.208
-19.823	4.264
-19.819	4.293
-19.812	4.322
-19.811	4.351
-19.809	4.385
-19.813	4.419
-19.816	4.454
-19.821	4.496
-19.842	4.557
-19.884	4.579
-20.259	4.779
-20.140	4.729
-20.424	4.825
POLYLINE BLACK
-19.070	7.674
-19.244	7.536
-19.429	7.410
-19.593	7.261
-19.725	7.141
-19.843	7.007
-19.957	6.870
-20.006	6.810
-20.041	6.740
-20.080	6.674
-20.087	6.663
-20.090	6.641
-20.089	6.629
-20.079	6.544
-19.886	6.536
-19.830	6.544
-19.733	6.557
-19.639	6.592
-19.542	6.593
-19.137	6.598
-18.731	6.602
-18.328	6.563
-18.093	6.540
-17.868	6.456
-17.637	6.406
-17.614	6.401
-17.569	6.396
-17.566	6.431
-17.564	6.468
-17.605	6.541
-17.613	6.553
-17.674	6.652
-17.750	6.742
-17.808	6.843
-17.895	6.996
-17.964	7.160
-18.047	7.315
-18.069	7.357
-18.145	7.413
-18.176	7.429
-18.352	7.525
-18.531	7.608
-18.729	7.647
-18.895	7.679
-19.065	7.686
-19.231	7.718
-19.257	7.723
-19.178	7.724
-19.151	7.726
POLYLINE BLACK
-19.235	7.584
-19.045	7.508
-18.981	7.301
-18.832	7.177
-18.796	7.147
-18.744	7.121
-18.695	7.127
-18.529	7.150
-18.400	7.274
-18.243	7.322
POLYLINE BLACK
-18.744	7.026
-18.986	6.925
-19.156	6.715
-19.322	6.520
POLYLINE BLACK
-16.797	4.830
-16.999	4.258
-17.204	3.687
-17.405	3.115
-17.422	3.066
-17.361	3.027
-17.324	3.015
-17.156	2.964
-17.096	2.949
-16.907	2.954
-16.723	2.959
-16.554	3.017
-16.386	3.092
-16.309	3.127
-15.861	3.332
-15.783	3.474
-15.728	3.573
-15.737	3.728
-15.742	3.825
-15.756	4.113
-15.777	4.401
-15.798	4.689
-15.804	4.761
-15.876	4.789
-15.937	4.797
-15.954	4.799
-15.971	4.798
-15.988	4.799
-16.087	4.803
-16.186	4.803
-16.285	4.812
-16.616	4.844
-16.414	4.861
-16.664	4.846
-16.671	4.845
-16.679	4.844
-16.684	4.840
-16.718	4.815
-16.748	4.786
-16.780	4.759
POLYLINE BLACK
-18.849	3.871
-18.905	3.826
-18.964	3.785
-19.017	3.736
-19.050	3.704
-19.085	3.671
-19.106	3.629
-19.299	3.252
-19.477	2.866
-19.659	2.482
-19.687	2.423
-19.703	2.342
-19.642	2.296
-19.583	2.251
-19.525	2.228
-19.454	2.213
-19.148	2.147
-18.845	2.065
-18.537	2.016
-18.398	1.994
-18.257	2.005
-18.117	2.002
-18.094	2.001
-18.072	2.019
-18.060	2.038
-18.038	2.076
-18.041	2.124
-18.040	2.166
-18.032	2.581
-18.023	2.996
-18.019	3.411
-18.017	3.584
-18.329	3.669
-18.435	3.698
-18.524	3.723
-18.616	3.738
-18.707	3.758
-18.717	3.760
-18.726	3.764
-18.735	3.764
-18.779	3.764
-18.754	3.673
-18.752	3.661
-18.741	3.615
-18.729	3.569
-18.717	3.524
POLYLINE BLACK
-18.818	3.665
-18.828	3.488
-18.833	3.311
-18.849	3.135
-18.852	3.102
-18.861	3.069
-18.873	3.038
-18.968	2.788
-19.232	2.574
-19.403	2.413
-19.733	2.102
-19.502	2.395
-19.688	2.143
POLYLINE BLACK
-18.843	2.954
-18.522	2.579
-18.447	2.417
-18.283	2.021
POLYLINE BLACK
-17.573	5.726
-17.658	5.674
-17.750	5.631
-17.829	5.570
-17.983	5.452
-18.124	5.319
-18.270	5.191
-18.342	5.128
-18.202	5.037
-18.174	5.018
-18.120	4.979
-18.044	4.947
-17.981	4.935
-17.943	4.927
-17.797	4.891
-17.716	4.909
-17.678	4.918
-17.648	4.955
-17.639	4.991
-17.611	5.107
-17.596	5.202
-17.623	5.318
-17.632	5.357
-17.666	5.465
-17.710	5.486
-17.730	5.496
-17.753	5.499
-17.775	5.505
POLYLINE BLACK
-21.476	8.197
-21.509	7.632
-21.466	8.033
-21.650	7.241
-21.652	7.233
-21.650	7.225
-21.648	7.218
-21.630	7.155
-21.503	7.163
-21.459	7.176
-21.329	7.214
-21.198	7.251
-21.072	7.302
-20.962	7.347
-20.858	7.406
-20.753	7.462
-20.719	7.480
-20.680	7.507
-20.665	7.545
-20.644	7.598
-20.676	7.675
-20.702	7.715
-20.733	7.762
-20.964	8.154
-21.121	8.241
-21.138	8.250
-21.177	8.266
-21.197	8.266
-21.264	8.267
-21.332	8.263
-21.399	8.258
-21.408	8.257
-21.417	8.254
-21.426	8.250
-21.452	8.238
-21.481	8.212
-21.492	8.185
-21.514	8.130
-21.596	7.943
-21.605	7.840
POLYLINE BLACK
-27.629	9.135
-28.427	10.250
-28.204	9.912
-29.356	11.877
-29.585	12.268
-29.744	12.700
-30.003	13.071
-30.371	13.599
-30.852	14.043
-31.231	14.564
-32.111	15.774
-31.670	15.528
-32.254	16.072
POLYLINE BLACK
-22.893	4.051
-23.860	4.511
-23.094	4.165
-25.545	4.750
-25.905	4.835
-26.103	4.842
-26.454	5.004
POLYLINE BLACK
-23.004	4.030
-23.050	4.077
-23.094	4.128
-23.143	4.171
-23.175	4.199
-23.210	4.223
-23.247	4.243
-23.468	4.364
-23.688	4.487
-23.916	4.594
-24.011	4.639
-24.112	4.674
-24.215	4.697
-24.906	4.851
-25.601	4.981
-26.294	5.124
POLYLINE BLACK
-26.056	7.157
-26.131	7.206
-26.207	7.270
-26.302	7.271
-26.484	7.273
-26.596	7.071
-26.582	6.907
-26.559	6.640
-26.210	6.500
-25.983	6.599
-25.924	6.625
-25.889	6.687
-25.874	6.747
-25.817	6.975
-25.967	7.164
-26.171	7.248
-26.179	7.252
-26.189	7.256
-26.198	7.253
-26.279	7.229
-26.357	7.196
-26.437	7.168
POLYLINE BLACK
-26.135	7.260
-26.514	7.006
-26.369	7.119
-26.586	6.941
POLYLINE BLACK
-25.871	7.159
-26.091	7.084
-26.229	6.964
-26.399	6.816
POLYLINE BLACK
-25.846	6.948
-26.074	6.798
-25.944	6.890
-26.228	6.661
POLYLINE BLACK
-27.537	9.149
-27.443	8.907
-27.328	8.708
-27.305	8.457
-27.287	8.262
-27.336	8.057
-27.421	7.882
-27.452	7.819
-27.493	7.761
-27.531	7.702
-27.600	7.595
-27.874	7.069
-28.100	6.937
-28.125	6.923
-28.151	6.912
-28.177	6.902
-28.924	6.642
-28.022	6.952
-28.891	6.753
-28.969	6.735
-29.037	6.690
-29.110	6.659
POLYLINE BLACK
-26.383	4.954
-26.480	4.969
-26.601	5.001
-26.704	4.979
-27.572	4.793
-28.428	4.545
-29.304	4.399
-31.838	3.976
-30.779	4.557
-31.543	4.122
POLYLINE BLACK
-28.165	6.891
-28.236	6.887
-28.307	6.891
-28.377	6.879
-28.506	6.856
-28.631	6.810
-28.760	6.788
-28.816	6.778
-28.873	6.777
-28.929	6.781
-29.594	6.834
-30.259	6.886
-30.922	6.959
-31.561	7.073
-31.318	7.049
-31.646	7.075
POLYLINE BLACK
-34.532	6.786
-34.563	6.752
-34.623	6.706
-34.643	6.652
-34.689	6.526
-34.553	6.415
-34.436	6.426
-34.277	6.439
-34.227	6.652
-34.260	6.782
-34.269	6.821
-34.285	6.855
-34.308	6.887
-34.376	6.983
-34.497	6.879
-34.540	6.813
-34.553	6.793
-34.578	6.773
-34.574	6.749
-34.566	6.700
-34.529	6.661
-34.507	6.617
POLYLINE BLACK
-31.405	6.941
-31.436	6.945
POLYLINE BLACK
-31.476	7.029
-31.795	7.089
-32.030	7.092
-32.299	7.223
-32.349	7.248
-32.396	7.278
-32.442	7.310
-32.648	7.460
-32.844	7.625
-33.053	7.771
-33.248	7.906
-33.445	8.019
-33.675	8.077
-33.943	8.145
-34.159	8.144
-34.438	8.133
-34.513	8.131
-34.630	8.086
-34.690	8.052
-34.985	7.881
-35.162	7.775
-35.173	7.419
-35.174	7.374
-35.213	6.695
-35.143	6.435
-35.135	6.402
-35.114	6.373
-35.100	6.342
POLYLINE BLACK
-35.081	6.828
-35.126	6.632
-35.163	6.549
-35.161	6.367
-35.154	5.897
-34.669	5.406
-34.411	5.127
-34.239	4.940
-34.022	4.799
-33.851	4.611
-33.715	4.461
-33.613	4.284
-33.497	4.119
-33.398	3.978
-33.482	4.065
-33.399	3.986
POLYLINE BLACK
-33.715	5.911
-33.704	5.751
-33.685	5.591
-33.682	5.431
-33.680	5.306
-33.698	5.181
-33.701	5.056
-33.704	4.936
-33.533	4.976
-33.474	5.009
-33.431	5.034
-33.402	5.056
-33.372	5.094
-33.249	5.250
-33.377	5.513
-33.408	5.673
-33.425	5.765
-33.426	5.859
-33.445	5.951
-33.455	6.001
-33.540	5.930
-33.545	5.926
-33.567	5.906
-33.586	5.884
-33.606	5.863
POLYLINE BLACK
-33.602	5.817
-33.563	5.629
-33.580	5.502
-33.606	5.320
POLYLINE BLACK
-33.573	5.358
-33.422	5.235
-33.497	5.314
-33.368	5.102
POLYLINE BLACK
-33.384	4.183
-33.362	3.847
-33.397	3.740
-33.584	3.455
-33.656	3.345
-33.748	3.248
-33.811	3.133
-33.962	2.857
-34.026	2.680
-34.070	2.390
-34.130	1.997
-33.885	1.621
-33.807	1.259
-33.726	0.523
-33.785	0.790
-33.703	0.446
POLYLINE BLACK
-17.291	-11.245
-17.347	-11.330
POLYLINE BLACK
-17.389	-11.203
-17.389	-11.161
POLYLINE BLACK
-17.361	-11.104
-17.375	-11.133
POLYLINE BLACK
-33.749	0.687
-34.337	0.770
-33.905	0.691
-35.026	1.161
-35.092	1.189
-35.162	1.234
-35.196	1.134
-35.339	0.716
-35.478	0.296
-35.619	-0.124
POLYLINE BLACK
-31.323	4.216
-31.323	4.220
POLYLINE BLACK
-31.359	4.181
-31.355	4.187
POLYLINE BLACK
-31.351	4.187
-31.590	3.583
-31.344	4.243
-31.625	2.778
-31.659	2.604
-31.742	2.439
-31.759	2.263
-31.782	2.009
-31.878	0.988
-31.790	0.447
-31.761	0.268
-31.543	0.041
-31.433	-0.067
-31.324	-0.173
-31.184	-0.240
-31.104	-0.372
-31.003	-0.539
-30.830	-0.790
-30.875	-1.015
-30.899	-1.131
-31.006	-1.282
-31.052	-1.351
-31.098	-1.419
-31.172	-1.507
-31.254	-1.542
-31.276	-1.551
-31.299	-1.559
-31.323	-1.564
-31.465	-1.596
-31.610	-1.620
-31.753	-1.651
-32.146	-1.753
-31.714	-1.649
-32.058	-1.712
-32.168	-1.733
-32.244	-1.870
-32.278	-1.963
-32.303	-2.032
-32.293	-2.121
-32.345	-2.171
-32.377	-2.202
-32.433	-2.162
-32.477	-2.158
POLYLINE BLACK
-33.565	0.369
-33.560	0.372
POLYLINE BLACK
-33.556	0.377
-33.940	0.210
-34.326	0.047
-34.708	-0.124
-34.791	-0.161
-34.847	-0.268
-34.847	-0.356
-34.847	-0.375
-34.846	-0.395
-34.840	-0.414
-34.771	-0.650
-34.699	-0.886
-34.623	-1.120
-34.590	-1.222
-34.504	-1.319
-34.399	-1.349
-34.091	-1.440
-33.592	-1.150
-33.381	-1.084
-33.217	-1.033
-33.047	-1.007
-32.880	-0.970
-32.857	-0.965
-32.804	-0.970
-32.790	-0.937
-32.781	-0.917
-32.792	-0.885
-32.801	-0.869
-32.891	-0.722
-32.997	-0.584
-33.078	-0.431
-33.152	-0.292
-33.194	-0.138
-33.263	0.004
-33.431	0.283
-33.373	0.169
-33.454	0.335
POLYLINE BLACK
-33.560	0.144
-33.614	-0.207
-33.571	-0.030
-33.719	-0.430
-33.750	-0.515
-33.752	-0.474
-33.738	-0.536
POLYLINE BLACK
-33.921	-0.719
-33.920	-0.719
POLYLINE BLACK
-33.908	-0.710
-34.276	-0.879
-34.154	-0.765
-34.327	-0.980
POLYLINE BLACK
-33.412	-0.652
-33.022	-1.006
-33.217	-0.860
-32.838	-1.104
POLYLINE BLACK
-32.113	-1.996
-32.190	-2.608
-32.197	-3.276
-32.518	-3.826
-32.578	-3.928
-32.667	-4.052
-32.799	-4.057
-32.902	-4.061
-32.966	-3.999
-33.064	-3.951
POLYLINE BLACK
-32.716	-3.844
-32.774	-4.007
-32.793	-4.063
-32.967	-4.005
-33.002	-3.993
-33.038	-3.981
-33.070	-3.961
-33.198	-3.883
-33.327	-3.803
-33.447	-3.712
-33.505	-3.669
-33.556	-3.615
-33.602	-3.559
-33.831	-3.284
-34.055	-3.005
-34.271	-2.721
-34.354	-2.613
-34.412	-2.488
-34.498	-2.384
-34.747	-2.085
-35.222	-1.707
-35.334	-1.279
-35.392	-1.060
-35.446	-0.839
-35.474	-0.615
-35.494	-0.454
-35.476	-0.290
-35.477	-0.127
-35.477	-0.106
-35.461	-0.076
-35.479	-0.064
-35.500	-0.049
-35.529	-0.070
-35.554	-0.073
POLYLINE BLACK
-32.888	-1.489
-33.080	-1.637
-33.275	-1.781
-33.465	-1.932
-33.479	-1.942
-33.491	-1.972
-33.492	-1.989
-33.498	-2.098
-33.237	-2.173
-33.168	-2.190
-33.078	-2.213
-32.983	-2.222
-32.894	-2.193
-32.823	-2.170
-32.757	-2.107
-32.717	-2.047
-32.627	-1.903
-32.533	-1.762
-32.447	-1.615
-32.436	-1.597
-32.448	-1.572
-32.464	-1.562
-32.485	-1.548
-32.510	-1.546
-32.534	-1.545
-32.615	-1.542
-32.696	-1.540
-32.777	-1.538
POLYLINE BLACK
-33.359	0.413
-33.529	0.469
-33.693	0.542
-33.868	0.581
-34.024	0.616
-34.186	0.638
-34.346	0.632
-34.746	0.615
-35.035	0.592
-35.373	0.475
-35.386	0.471
-35.397	0.464
-35.409	0.457
-35.445	0.435
-35.481	0.411
-35.517	0.387
POLYLINE BLACK
-32.959	0.170
-33.057	0.169
POLYLINE BLACK
-33.460	0.285
-33.379	0.296
-33.298	0.302
-33.219	0.318
-33.107	0.341
-33.026	0.393
-32.928	0.450
-32.853	0.493
-32.728	0.609
-32.612	0.603
-32.460	0.595
-32.310	0.411
-32.176	0.333
-32.063	0.266
-31.944	0.209
-31.828	0.147
POLYLINE BLACK
-35.439	0.312
-35.485	0.666
POLYLINE BLACK
-35.877	2.817
-35.940	2.205
-35.673	1.694
-35.578	1.115
-35.542	0.900
-35.527	0.682
-35.502	0.465
POLYLINE BLACK
-33.864	0.710
-34.275	1.812
-34.001	1.042
-34.593	3.052
POLYLINE BLACK
-34.549	2.976
-34.634	3.655
-34.498	2.521
-34.610	3.946
-34.621	4.078
-34.715	4.283
-34.768	4.382
-34.888	4.607
-35.032	4.760
-35.264	4.860
-35.346	4.895
-35.446	4.899
-35.527	4.861
-35.693	4.784
-35.746	4.536
-35.792	4.391
-35.833	4.261
-35.869	4.129
-35.907	3.998
-35.916	3.967
-35.935	3.939
-35.935	3.907
-35.934	3.878
-35.914	3.852
-35.904	3.825
POLYLINE BLACK
-35.735	2.779
-35.784	2.752
-35.832	2.721
-35.883	2.697
-36.109	2.595
-36.662	2.642
-36.794	2.651
-36.929	2.659
-37.226	2.747
-37.337	2.797
-37.466	2.854
-37.584	2.932
-37.709	2.997
-37.738	3.012
-37.774	3.014
-37.798	3.035
-37.851	3.079
-37.890	3.137
-37.936	3.188
POLYLINE BLACK
-35.875	3.864
-36.153	4.014
-36.391	4.036
-36.707	4.024
-36.811	4.020
-36.913	3.996
-37.017	3.991
-37.196	3.982
-37.358	4.055
-37.528	4.103
POLYLINE BLACK
-37.434	4.097
-37.634	4.458
-37.834	4.846
-38.158	5.110
POLYLINE BLACK
-39.072	4.557
-39.120	5.403
-39.063	4.664
-39.343	6.274
-39.352	6.327
-39.352	6.381
-39.357	6.434
-39.373	6.519
-39.390	6.603
-39.407	6.688
POLYLINE BLACK
-38.031	5.081
-38.554	5.647
-38.402	5.453
-39.022	6.376
-39.110	6.506
-39.198	6.733
-39.331	6.863
-39.361	6.891
-39.395	6.914
-39.428	6.939
POLYLINE BLACK
-37.886	3.093
-37.877	3.093
POLYLINE BLACK
-37.865	2.976
-37.865	2.976
POLYLINE BLACK
-37.857	3.081
-38.194	3.452
POLYLINE BLACK
-37.943	3.148
-37.996	3.207
-38.054	3.261
-38.101	3.325
-38.201	3.459
-38.319	3.701
-38.473	3.823
-38.579	3.908
-38.698	3.976
-38.805	4.060
-38.853	4.099
-39.068	4.355
-39.069	4.356
POLYLINE BLACK
-39.030	4.585
-38.964	4.379
-38.898	4.173
-38.832	3.968
-38.720	3.582
-38.620	3.194
-38.496	2.812
-38.442	2.646
-38.366	2.489
-38.301	2.327
POLYLINE BLACK
-40.737	1.043
-40.764	1.065
POLYLINE BLACK
-41.013	3.831
-41.425	2.441
-41.471	2.946
-41.398	2.358
POLYLINE BLACK
-40.986	3.741
-40.273	2.410
-41.020	3.763
-40.258	2.504
-40.253	2.494
-40.037	2.198
-40.043	2.050
-40.043	2.031
-40.044	2.010
-40.050	1.991
-40.139	1.682
-40.249	1.379
-40.328	1.067
-40.503	0.369
-40.314	0.794
-40.425	0.555
POLYLINE BLACK
-40.829	1.194
-40.805	1.058
-40.787	0.853
-40.720	0.714
-40.693	0.658
-40.656	0.608
-40.624	0.555
POLYLINE BLACK
-41.036	3.738
-40.366	0.508
-40.789	1.555
-40.316	0.410
POLYLINE BLACK
-40.200	2.193
-40.433	1.802
-40.328	2.009
-40.513	1.571
POLYLINE BLACK
-40.900	6.068
-40.902	6.069
POLYLINE BLACK
-40.971	6.244
-41.073	6.133
-41.175	6.022
-41.277	5.911
-41.323	5.852
-41.366	5.791
-41.415	5.735
-41.587	5.538
-41.768	5.349
-41.939	5.152
-41.968	5.118
-41.910	5.094
-41.889	5.094
-41.684	5.088
-41.478	5.056
-41.292	5.154
-41.024	5.295
-40.741	5.944
-40.719	5.980
-40.687	6.035
-40.654	6.130
-40.726	6.172
-40.735	6.177
-40.745	6.183
-40.755	6.182
-40.802	6.175
-40.848	6.160
-40.894	6.149
POLYLINE BLACK
-40.936	6.164
-41.403	5.345
POLYLINE BLACK
-41.518	5.280
-41.639	5.296
-41.754	5.310
-41.867	5.259
-41.876	5.255
-41.882	5.248
-41.888	5.241
-41.917	5.209
-41.944	5.175
-41.972	5.142
POLYLINE BLACK
-41.405	5.418
-41.266	5.305
POLYLINE BLACK
-40.330	5.900
-40.546	5.782
-40.763	5.665
-40.977	5.545
-41.009	5.527
-41.038	5.501
-41.048	5.465
-41.058	5.427
-41.045	5.389
-41.030	5.355
-40.941	5.161
-40.856	4.965
-40.759	4.774
-40.733	4.722
-40.697	4.675
-40.660	4.630
-40.648	4.614
-40.623	4.612
-40.606	4.621
-40.577	4.636
-40.572	4.657
-40.552	4.682
-40.298	4.994
-40.040	5.303
-39.788	5.617
-39.745	5.670
-39.757	5.716
-39.822	5.731
-40.340	5.849
-40.124	5.852
-40.494	5.804
POLYLINE BLACK
-40.504	5.666
-40.529	5.265
POLYLINE BLACK
-40.605	5.175
-40.713	5.186
POLYLINE BLACK
-40.502	5.253
-40.328	4.897
POLYLINE BLACK
-41.489	2.469
-41.211	2.197
-41.311	2.175
-41.106	1.740
-40.951	1.409
-40.772	1.091
-40.605	0.766
POLYLINE BLACK
-45.780	9.666
-45.767	9.653
POLYLINE BLACK
-45.797	9.553
-45.667	9.430
-45.522	9.321
-45.408	9.183
-45.034	8.733
-44.913	8.389
-44.564	7.915
-43.679	6.711
-43.581	6.817
-42.928	5.619
-42.848	5.473
-42.810	5.307
-42.752	5.150
POLYLINE BLACK
-42.802	5.087
-42.588	4.586
-42.373	4.084
-42.159	3.583
-42.074	3.270
-42.028	2.945
-41.905	2.646
-41.629	1.979
-41.283	1.343
-40.965	0.694
-40.780	0.316
-40.967	0.795
-40.814	0.375
POLYLINE BLACK
-26.436	5.158
-26.267	7.243
POLYLINE BLACK
-42.661	10.263
-41.407	9.437
-41.954	9.849
-40.130	7.934
-39.490	7.262
-39.416	7.482
-39.568	7.136
POLYLINE BLACK
-43.467	8.672
-43.444	8.471
-43.411	8.271
-43.400	8.069
-43.395	7.984
-43.411	7.900
-43.419	7.816
-43.438	7.638
-43.525	7.459
-43.293	7.417
-43.197	7.399
-43.100	7.379
-43.003	7.376
-42.767	7.367
-42.532	7.378
-42.296	7.379
POLYLINE BLACK
-43.559	8.560
-43.015	8.252
-43.342	8.451
-42.411	7.720
-42.370	7.687
-42.349	7.607
-42.364	7.557
-42.367	7.547
-42.376	7.541
-42.383	7.533
POLYLINE BLACK
-42.782	6.998
-42.814	6.680
-42.849	6.362
-42.878	6.043
-42.891	5.892
-42.741	5.846
-42.615	5.863
-42.363	5.898
-41.992	6.108
-41.856	6.170
-41.840	6.177
-41.830	6.200
-41.829	6.215
-41.828	6.260
-41.872	6.310
-41.900	6.335
-42.311	6.714
-42.183	6.606
-42.625	6.892
POLYLINE BLACK
-42.662	6.870
-42.448	6.518
-42.571	6.701
-42.286	6.326
POLYLINE BLACK
-41.485	7.465
-41.499	7.458
POLYLINE BLACK
-41.744	7.933
-41.678	7.863
POLYLINE BLACK
-42.615	10.239
-42.657	10.312
-42.690	10.393
-42.742	10.460
-43.267	11.141
-44.289	12.055
-44.751	12.486
-45.696	13.368
-45.517	13.189
-46.559	13.840
POLYLINE BLACK
-45.816	9.571
-46.184	10.274
-46.066	10.138
-46.585	10.760
-46.718	10.919
-46.880	11.053
-47.001	11.221
-47.712	12.339
-47.388	11.888
-47.929	12.603
POLYLINE BLACK
-45.731	15.939
-45.745	15.911
POLYLINE BLACK
-48.196	-0.499
-48.202	-0.543
POLYLINE BLACK
-47.863	12.556
-47.972	12.679
-48.078	12.804
-48.189	12.925
-48.234	12.974
-48.290	13.014
-48.332	13.065
-48.463	13.228
-48.584	13.400
-48.615	13.611
-48.638	13.771
-48.569	14.147
-48.564	14.190
POLYLINE BLACK
-46.450	13.825
-46.854	14.125
-46.675	14.024
-47.124	14.233
-47.183	14.260
-47.245	14.280
-47.302	14.311
-47.327	14.325
-47.610	14.548
-47.738	14.536
-47.773	14.533
-47.806	14.522
-47.840	14.515
POLYLINE BLACK
-48.590	14.104
-48.691	14.147
-48.783	14.187
-48.893	14.170
-49.058	14.145
-49.142	13.959
-49.119	13.805
-49.085	13.578
-48.975	13.412
-48.970	13.176
-48.960	12.734
-48.954	12.291
-48.959	11.849
-48.960	11.760
-48.990	11.637
-49.029	11.553
-49.108	11.380
-49.203	11.095
-49.447	11.098
-49.752	11.102
-50.267	11.578
-50.408	11.676
-50.540	11.767
-50.696	11.799
-50.845	11.851
POLYLINE BLACK
-50.845	11.851
-50.929	11.898
-51.018	11.937
-51.097	11.992
-51.189	12.055
-51.278	12.123
-51.358	12.201
-51.980	12.820
-52.586	13.454
-53.201	14.080
POLYLINE BLACK
-52.689	15.468
-52.826	15.561
-52.966	15.624
-53.134	15.604
-53.217	15.595
-53.300	15.576
-53.383	15.567
-53.433	15.561
-53.574	15.586
-53.604	15.506
-53.611	15.489
-53.613	15.458
-53.607	15.441
-53.561	15.290
-53.516	15.139
-53.462	14.991
-53.393	14.807
-53.206	14.598
-53.109	14.467
POLYLINE BLACK
-52.715	15.444
-52.594	15.415
-52.470	15.390
-52.350	15.356
-52.151	15.299
-51.919	14.943
-51.830	14.842
-51.769	14.773
-51.747	14.782
-51.713	14.722
-51.651	14.615
-51.676	14.465
-51.728	14.360
-51.747	14.323
-51.845	14.016
-51.987	13.995
-52.150	13.970
-52.272	14.096
-52.413	14.149
-53.195	14.441
-52.805	14.195
-53.184	14.458
POLYLINE BLACK
-53.251	15.066
-53.163	15.127
-53.067	15.215
-52.951	15.223
-52.797	15.234
-52.638	15.182
-52.501	15.116
-52.384	15.060
-52.272	14.992
-52.155	14.933
-52.126	14.919
-52.092	14.913
-52.064	14.896
-52.023	14.870
-51.988	14.836
-51.950	14.806
POLYLINE BLACK
-47.742	14.609
-49.171	15.720
-48.070	14.960
-49.350	15.657
-49.598	15.792
-49.834	15.888
-49.914	16.160
-49.984	16.399
-49.948	16.648
-49.892	16.885
-49.799	17.278
-49.688	17.667
-49.597	18.060
-49.364	19.058
-49.582	18.703
-49.345	19.062
POLYLINE BLACK
-44.642	16.472
-44.597	16.388
POLYLINE BLACK
-53.194	13.948
-53.479	13.950
-53.691	14.086
-53.964	14.164
-54.253	14.246
-54.554	14.284
-54.837	14.380
-55.167	14.493
-55.468	14.679
-55.797	14.790
-57.462	15.351
-57.498	15.153
-59.053	15.860
-59.402	16.019
-59.718	16.243
-60.050	16.435
POLYLINE BLACK
-58.494	17.918
-58.634	17.643
-58.776	17.369
-58.912	17.092
-58.959	16.998
-58.749	16.872
-58.733	16.854
-58.658	16.766
-58.591	16.671
-58.527	16.575
-58.028	15.828
-58.803	16.859
-57.963	15.750
-57.952	15.735
-57.925	15.723
-57.906	15.728
-57.882	15.733
-57.864	15.756
-57.852	15.774
-57.810	15.837
-57.776	15.904
-57.730	15.964
-57.697	16.008
-57.661	16.050
-57.618	16.083
-57.387	16.262
-57.148	16.431
-56.909	16.598
-56.906	16.600
-56.624	16.738
-56.578	16.832
-56.532	16.925
-56.650	17.064
-56.698	17.113
-56.986	17.406
-57.284	17.690
-57.584	17.971
-57.608	17.993
-57.638	18.008
-57.668	18.022
-57.750	18.061
-57.876	18.088
-57.958	18.094
-58.034	18.099
-58.111	18.091
-58.187	18.089
-58.218	18.088
-58.249	18.077
-58.278	18.087
-58.331	18.104
-58.375	18.141
-58.423	18.168
POLYLINE BLACK
-58.305	18.007
-58.341	17.985
-58.379	17.966
-58.413	17.942
-58.475	17.899
-58.377	17.790
-58.357	17.767
-58.119	17.491
-58.227	17.579
-57.956	17.429
POLYLINE BLACK
-57.963	17.269
-57.961	16.065
POLYLINE BLACK
-57.819	17.159
-57.236	16.882
POLYLINE BLACK
-56.050	16.125
-56.191	16.014
-56.337	15.909
-56.474	15.792
-56.521	15.752
-56.559	15.703
-56.599	15.656
-56.730	15.503
-56.338	15.519
-56.325	15.519
-56.217	15.520
-56.110	15.540
-56.002	15.542
-55.965	15.543
-55.927	15.536
-55.891	15.528
-55.747	15.494
-55.636	15.424
-55.505	15.349
-55.417	15.298
-55.332	15.210
-55.219	15.248
-55.173	15.263
-55.128	15.308
-55.104	15.348
-55.020	15.492
-54.940	15.639
-54.861	15.786
-54.814	15.873
-54.905	15.953
-54.964	15.998
-55.180	16.157
-55.476	16.181
-55.734	16.199
-56.066	16.223
-55.953	16.148
-56.068	16.234
POLYLINE BLACK
-54.927	15.292
-54.890	14.507
POLYLINE BLACK
-54.796	15.339
-54.278	14.474
-54.706	15.220
-54.412	14.646
-54.366	14.557
-54.202	14.309
-54.196	14.168
-54.195	14.147
-54.230	14.194
-54.245	14.208
-54.280	14.240
-54.310	14.277
-54.345	14.307
-54.375	14.332
-54.407	14.355
-54.440	14.374
-54.464	14.389
-54.492	14.398
-54.518	14.410
-54.548	14.419
-54.581	14.422
-54.609	14.438
-54.673	14.474
-54.729	14.522
-54.789	14.564
POLYLINE BLACK
-57.201	16.057
-57.271	15.658
-57.276	15.718
-57.230	15.132
-57.226	15.087
-57.195	15.048
-57.178	15.006
POLYLINE BLACK
-57.153	16.316
-57.098	16.322
-57.042	16.331
-56.987	16.334
-56.836	16.343
-56.699	16.101
-56.660	15.990
-56.549	15.665
-56.451	15.337
-56.338	15.013
-56.334	15.004
-56.320	14.992
-56.312	14.997
-56.299	15.006
-56.298	15.026
-56.295	15.042
-56.286	15.076
-56.282	15.112
-56.276	15.147
POLYLINE BLACK
-57.041	16.173
-56.981	15.789
-56.783	15.454
-56.679	15.086
POLYLINE BLACK
-51.223	20.045
-51.797	18.430
-51.703	18.369
-52.337	17.272
-52.375	17.207
-52.441	17.126
-52.518	17.098
-52.596	17.069
-52.714	17.125
-52.759	17.190
-52.881	17.365
-52.982	17.554
-53.113	17.722
-53.203	17.837
-53.308	17.940
-53.418	18.037
-53.646	18.241
-53.902	18.413
-54.124	18.622
-54.411	18.893
-54.575	19.214
-54.798	19.534
-55.248	20.178
-55.671	20.843
-56.161	21.458
-56.659	22.082
-57.268	22.511
-57.885	23.000
POLYLINE BLACK
-58.752	21.389
-58.747	21.395
POLYLINE BLACK
-57.775	20.610
-57.921	20.244
-58.069	19.879
-58.214	19.512
-58.242	19.438
-58.204	19.372
-58.139	19.335
-57.977	19.242
-57.815	19.150
-57.650	19.062
-57.568	19.018
-57.453	19.041
-57.379	19.090
-57.348	19.110
-57.303	19.151
-57.286	19.182
-57.164	19.404
-57.046	19.628
-56.932	19.855
-56.860	20.001
-56.975	20.181
-57.061	20.288
-57.090	20.325
-57.203	20.454
-57.269	20.484
-57.515	20.598
-57.497	20.587
-57.687	20.622
POLYLINE BLACK
-57.426	20.545
-57.979	20.018
-57.783	20.250
-58.062	19.897
POLYLINE BLACK
-57.150	20.241
-57.764	19.861
-57.424	20.105
-58.132	19.458
POLYLINE BLACK
-57.047	19.856
-58.012	19.108
-57.683	19.429
-58.117	18.984
POLYLINE BLACK
-51.248	20.317
-51.308	20.430
-51.362	20.547
-51.427	20.657
-51.453	20.700
-51.486	20.740
-51.520	20.777
-51.830	21.107
-51.964	21.234
-52.409	21.459
-54.554	22.542
-53.680	21.867
-54.351	22.398
POLYLINE BLACK
-57.403	23.176
-57.303	23.140
-57.208	23.088
-57.104	23.067
-55.632	22.769
-56.572	23.101
-55.152	22.633
-53.880	22.214
-54.551	22.339
-53.972	22.241
POLYLINE BLACK
-57.183	23.186
-57.261	23.211
-57.337	23.243
-57.417	23.261
-57.473	23.274
-57.760	23.331
-57.840	23.267
-57.877	23.237
-57.887	23.178
-57.884	23.133
-57.873	22.958
-57.821	22.787
-57.670	22.682
-57.627	22.653
-57.581	22.627
-57.537	22.600
POLYLINE BLACK
-49.488	18.995
-49.357	19.008
-49.286	19.238
-49.139	19.253
-49.038	19.263
-48.952	19.193
-48.872	19.142
-48.729	19.051
-48.604	18.930
-48.450	18.859
-47.763	18.546
-47.050	18.294
-46.357	17.994
-45.259	17.516
-46.103	17.769
-45.290	17.553
POLYLINE BLACK
-56.391	22.890
-56.769	22.457
-56.614	22.660
-56.871	22.293
POLYLINE BLACK
-55.662	22.756
-56.461	21.990
POLYLINE BLACK
-54.446	22.360
-55.377	21.672
-54.814	22.115
-56.088	20.974
POLYLINE BLACK
-53.247	21.910
-54.277	21.316
-53.590	21.751
-55.166	20.406
POLYLINE BLACK
-52.534	21.428
-54.147	20.134
-53.497	20.740
-54.548	19.681
POLYLINE BLACK
-51.693	20.777
-53.751	19.105
POLYLINE BLACK
-53.613	19.256
-54.063	18.891
-53.815	19.071
-54.364	18.723
POLYLINE BLACK
-51.588	19.423
-51.584	19.423
POLYLINE BLACK
-51.584	19.413
-52.762	18.706
-52.197	19.105
-53.274	18.212
POLYLINE BLACK
-51.914	18.537
-52.597	18.007
-52.211	18.267
-53.091	17.786
POLYLINE BLACK
-59.649	27.280
-59.316	27.153
-58.983	27.025
-58.650	26.897
-58.041	26.614
-57.456	26.274
-56.824	26.048
-55.677	25.640
-54.464	25.434
-53.327	25.002
-49.463	23.537
-47.712	22.644
-44.355	20.589
-43.892	20.305
-43.475	19.954
-43.036	19.637
POLYLINE BLACK
-58.891	19.002
-59.103	18.590
-59.755	17.332
-59.850	17.112
-60.113	16.506
-60.099	16.591
-60.077	16.217
POLYLINE BLACK
-59.749	21.544
-60.935	20.139
-60.530	20.762
-61.109	19.776
POLYLINE BLACK
-59.749	21.994
-59.991	21.982
-60.233	21.981
-60.474	21.959
-60.787	21.929
-61.095	21.840
-61.408	21.838
-67.509	21.818
-60.259	22.062
-64.213	21.909
POLYLINE BLACK
-61.161	19.922
-62.133	19.075
-63.155	18.100
-64.345	17.593
POLYLINE BLACK
-63.368	12.377
-63.182	10.328
-63.241	11.216
-63.161	9.714
POLYLINE BLACK
-63.203	12.318
-63.345	12.233
-63.770	11.944
-64.005	11.899
-64.690	11.765
-65.589	11.839
-66.220	11.796
-66.773	11.758
-66.936	11.711
-67.333	11.611
POLYLINE BLACK
-69.223	12.389
-69.440	13.283
-69.381	12.912
-69.454	13.492
POLYLINE BLACK
-69.383	13.419
-69.399	15.047
-69.334	14.360
-69.487	15.488
POLYLINE BLACK
-69.455	15.612
-69.460	15.692
-69.465	15.772
-69.470	15.851
-69.520	16.625
-69.578	17.399
-69.619	18.173
-69.623	18.257
-69.606	18.341
-69.605	18.425
-69.605	18.451
-69.612	18.477
-69.616	18.504
-69.638	18.648
-69.660	18.793
-69.682	18.938
POLYLINE BLACK
-67.167	11.744
-67.387	11.811
-67.607	11.878
-67.827	11.946
-67.965	11.984
-68.099	12.042
-68.241	12.062
-68.439	12.090
-68.641	12.073
-68.841	12.090
-68.879	12.093
-68.917	12.107
-68.953	12.121
-69.167	12.201
-69.216	12.302
-69.352	12.484
POLYLINE BLACK
-70.449	20.233
-70.453	20.348
-70.451	20.464
-70.461	20.579
-70.469	20.677
-70.496	20.773
-70.505	20.871
-70.508	20.914
-70.506	20.958
-70.498	21.000
-70.447	21.244
-70.373	21.472
-70.144	21.597
-69.993	21.679
-69.826	21.649
-69.658	21.651
POLYLINE BLACK
-69.642	21.637
-69.447	21.607
-69.449	21.619
-69.246	21.525
-69.170	21.490
-69.101	21.440
-69.026	21.405
-68.939	21.365
-68.843	21.344
-68.759	21.300
-68.608	21.222
-68.541	21.163
-68.427	21.071
POLYLINE BLACK
-67.206	20.288
-67.149	20.269
-67.091	20.254
-67.036	20.231
-66.994	20.213
-66.950	20.194
-66.916	20.164
-66.489	19.793
-66.066	19.416
-65.653	19.028
-65.473	18.860
-65.313	18.671
-65.139	18.496
-65.042	18.398
-64.953	18.350
-64.884	18.233
-64.647	17.832
-64.881	18.178
-64.721	17.883
-64.700	17.845
-64.675	17.811
-64.649	17.777
-64.598	17.709
-64.541	17.688
-64.463	17.638
POLYLINE BLACK
-67.163	20.246
-67.226	20.296
-67.289	20.347
-67.352	20.397
-67.491	20.530
-67.618	20.676
-67.768	20.796
-68.004	20.983
-68.110	21.025
-68.329	21.128
POLYLINE BLACK
-68.372	21.107
-68.372	21.107
POLYLINE BLACK
-68.374	21.107
-68.035	21.311
-67.696	21.516
-67.357	21.721
-67.221	21.805
-67.089	21.896
-66.949	21.973
-66.918	21.990
-66.881	21.990
-66.848	21.999
POLYLINE BLACK
-67.271	20.261
-65.915	21.185
-67.415	20.187
-65.822	21.160
-65.113	21.592
-65.670	21.306
-65.360	21.462
POLYLINE BLACK
-70.364	20.216
-70.482	20.248
-70.602	20.269
-70.716	20.310
-70.876	20.369
-71.022	20.465
-71.185	20.515
-72.192	20.828
-71.953	20.639
-72.432	20.867
POLYLINE BLACK
-69.535	18.877
-69.952	18.933
-70.006	18.913
-70.378	19.059
-70.566	19.133
-70.743	19.234
-70.933	19.305
-71.254	19.425
-71.586	19.513
-71.908	19.630
-72.231	19.776
-72.104	19.729
-72.281	19.791
POLYLINE BLACK
-64.077	15.059
-64.272	15.047
-64.469	15.054
-64.663	15.024
-64.980	14.975
-65.425	14.837
-65.699	14.651
-65.730	14.629
-65.733	14.585
-65.720	14.553
-65.512	14.058
-65.305	13.562
-65.092	13.068
-65.075	13.028
-65.028	12.995
-64.985	12.992
-64.921	12.986
-64.814	13.038
-64.788	13.053
-64.332	13.311
-63.888	13.591
-63.434	13.853
-63.373	13.887
-63.307	13.910
-63.245	13.940
-63.238	13.944
-63.232	13.949
-63.227	13.955
-63.194	13.989
-63.210	14.037
-63.233	14.071
-63.967	15.127
-63.610	14.848
-64.099	15.194
POLYLINE BLACK
-63.973	15.048
-64.465	14.332
-64.326	14.622
-64.498	14.238
POLYLINE BLACK
-64.584	14.061
-64.935	14.194
-65.314	14.161
-65.679	14.134
POLYLINE BLACK
-64.697	14.037
-64.740	13.589
-64.732	13.793
-64.734	13.427
POLYLINE BLACK
-61.553	14.305
-61.516	14.533
-61.457	14.759
-61.441	14.990
-61.410	15.462
-61.416	15.935
-61.414	16.407
-61.413	16.580
-61.499	16.655
-61.664	16.694
-62.283	16.842
-62.905	16.980
-63.526	17.119
-63.547	17.124
-63.576	17.118
-63.590	17.101
-63.604	17.082
-63.605	17.049
-63.598	17.028
-63.391	16.369
-63.195	15.707
-62.969	15.054
-62.958	15.020
-62.820	14.654
-62.706	14.527
-62.616	14.426
-62.487	14.363
-62.350	14.358
-61.685	14.332
-61.880	14.279
-61.549	14.399
POLYLINE BLACK
-61.607	14.531
-62.066	15.375
-61.863	14.966
-62.224	15.753
POLYLINE BLACK
-61.821	16.344
-61.982	16.071
-61.994	16.005
-62.165	15.817
-62.194	15.786
-62.270	15.734
-62.299	15.713
POLYLINE BLACK
-62.444	16.037
-63.275	16.691
-62.896	16.467
-63.526	16.793
POLYLINE BLACK
-66.828	14.125
-66.833	14.284
-66.819	14.445
-66.842	14.603
-66.903	15.020
-66.997	15.431
-67.079	15.844
-67.085	15.874
-67.120	15.869
-67.138	15.858
-67.407	15.691
-67.639	15.582
-67.841	15.350
-67.949	15.225
-68.047	15.091
-68.143	14.956
-68.191	14.888
-68.257	14.781
-68.235	14.688
-68.210	14.585
-68.132	14.493
-68.074	14.413
-68.053	14.383
-67.742	13.825
-67.496	13.757
-67.382	13.725
-67.283	13.775
-67.184	13.836
-67.119	13.876
-67.055	13.922
-66.997	13.972
-66.811	14.134
-66.833	14.080
-66.804	14.207
POLYLINE BLACK
-67.499	14.434
-67.297	14.902
-67.365	14.691
-67.268	15.060
POLYLINE BLACK
-67.527	14.730
-67.559	14.734
-67.591	14.740
-67.624	14.742
-67.732	14.750
-67.836	14.643
-67.909	14.587
POLYLINE BLACK
-62.867	12.467
-63.097	12.555
-63.325	12.648
-63.558	12.730
-63.629	12.755
-63.706	12.766
-63.779	12.788
-63.786	12.790
-63.792	12.796
-63.797	12.801
-63.845	12.852
-63.751	12.956
-63.723	12.979
-63.558	13.118
-63.192	13.470
-62.895	13.607
-62.842	13.632
-62.758	13.664
-62.696	13.648
-62.631	13.632
-62.490	13.617
-62.428	13.548
-62.331	13.440
-62.530	13.163
-62.560	13.094
-62.605	12.979
-62.649	12.865
-62.693	12.751
-62.708	12.718
-62.713	12.723
-62.679	12.735
POLYLINE BLACK
-63.197	9.794
-63.133	9.530
-63.081	9.262
-63.004	9.002
-61.631	4.371
-62.066	4.990
-60.535	1.992
-60.155	1.247
-60.071	1.223
-59.675	0.508
-59.668	0.495
-59.678	0.477
-59.680	0.462
POLYLINE BLACK
-59.638	0.549
-59.403	0.267
-59.536	0.398
-59.237	0.161
POLYLINE BLACK
-59.200	0.103
-58.926	-0.542
-59.047	-0.354
-58.633	-0.933
-58.492	-1.129
-58.353	-1.327
-58.200	-1.513
-58.094	-1.643
-57.959	-1.748
-57.857	-1.881
-57.725	-2.053
-57.620	-2.244
-57.502	-2.425
POLYLINE BLACK
-59.972	16.030
-60.753	13.980
-59.917	16.338
-60.577	13.811
-60.687	13.390
-61.121	12.560
-61.062	12.062
-61.056	12.010
-61.049	11.957
-61.030	11.907
-60.430	10.342
-59.782	8.794
-59.206	7.219
-59.119	6.983
-59.098	6.728
-59.045	6.483
POLYLINE BLACK
-58.996	6.744
-58.918	6.298
-58.856	5.849
-58.762	5.407
-58.702	5.123
-58.609	4.846
-58.534	4.566
-58.276	3.599
-57.973	2.643
-57.763	1.665
-57.693	1.336
-57.722	0.994
-57.698	0.658
-57.684	0.464
-57.646	0.315
-57.676	0.130
-57.707	-0.065
-57.835	-0.289
-57.905	-0.445
POLYLINE BLACK
-57.804	-0.471
-57.330	-0.932
-56.928	-1.334
-56.512	-1.808
POLYLINE BLACK
-57.212	-4.133
-56.659	-3.668
-56.077	-3.513
-55.406	-3.283
POLYLINE BLACK
-57.574	8.405
-57.657	7.842
-57.638	8.142
-57.611	7.504
POLYLINE BLACK
-57.883	8.364
-57.706	8.458
-57.592	8.556
-57.411	8.586
-57.215	8.619
-56.913	8.452
-56.953	8.223
-56.985	8.042
-57.130	7.870
-57.255	7.745
-57.343	7.656
-57.441	7.584
-57.553	7.531
-57.718	7.454
-57.609	7.525
-57.755	7.464
-57.794	7.448
-57.830	7.426
-57.868	7.407
POLYLINE BLACK
-56.493	8.360
-56.495	8.275
-56.796	7.742
-56.570	7.587
-56.557	7.578
-56.542	7.570
-56.527	7.565
-56.396	7.524
-56.264	7.489
-56.132	7.451
POLYLINE BLACK
-56.590	7.984
-56.186	8.005
-56.372	7.983
-56.032	8.040
POLYLINE BLACK
-56.419	8.491
-56.080	8.469
-56.252	8.465
-55.901	8.506
POLYLINE BLACK
-55.246	8.561
-55.396	8.074
-55.337	8.326
-55.421	7.805
POLYLINE BLACK
-55.350	7.984
-55.374	7.907
-55.406	7.833
-55.423	7.754
-55.444	7.655
-55.294	7.652
-55.241	7.638
-55.201	7.628
-55.162	7.613
-55.123	7.600
POLYLINE BLACK
-55.506	8.021
-55.118	8.110
-55.321	8.042
-54.907	8.245
POLYLINE BLACK
-55.372	8.539
-54.817	8.565
POLYLINE BLACK
-54.356	8.520
-54.581	7.630
-54.544	7.962
-54.583	7.548
POLYLINE BLACK
-54.594	8.081
-54.533	8.200
-54.495	8.317
-54.403	8.411
-54.295	8.522
-54.101	8.609
-53.961	8.502
-53.910	8.463
-53.862	8.415
-53.845	8.351
-53.796	8.164
-54.062	7.921
-54.201	7.845
-54.249	7.818
-54.301	7.799
-54.352	7.776
POLYLINE BLACK
-54.590	7.716
-54.565	7.496
-54.634	7.519
-54.501	7.519
POLYLINE BLACK
-57.570	6.338
-57.527	5.825
-57.585	6.063
-57.410	5.619
POLYLINE BLACK
-57.920	6.360
-56.648	6.637
-57.136	6.707
-56.452	6.546
POLYLINE BLACK
-56.061	6.572
-56.140	6.275
-56.225	5.979
-56.298	5.680
-56.314	5.611
-56.260	5.521
-56.186	5.514
-55.453	5.447
-55.926	5.523
-55.633	5.474
POLYLINE BLACK
-56.356	5.947
-56.345	5.495
-56.388	5.723
-56.207	5.265
POLYLINE BLACK
-55.246	6.371
-55.385	5.396
-55.383	5.779
-55.365	5.228
POLYLINE BLACK
-54.598	6.364
-54.986	5.109
-54.875	5.608
-55.019	4.889
POLYLINE BLACK
-54.914	5.984
-54.749	6.136
-54.679	6.237
-54.499	6.326
-54.115	6.514
-54.059	6.233
-54.070	5.903
-54.079	5.628
-54.217	5.518
-54.465	5.428
-54.528	5.405
-54.596	5.396
-54.658	5.370
-54.673	5.363
-54.688	5.347
-54.687	5.331
-54.682	5.252
-54.522	5.221
-54.473	5.181
-54.308	5.049
-54.149	4.909
-53.987	4.773
POLYLINE BLACK
-53.205	6.286
-53.399	6.072
-53.417	6.083
-53.539	5.854
-53.574	5.787
-53.602	5.708
-53.609	5.631
-53.622	5.492
-53.570	5.264
-53.398	5.249
-53.140	5.226
-52.806	5.431
-52.640	5.621
-52.443	5.846
-52.561	6.256
-52.880	6.277
-53.092	6.291
-53.298	6.140
-53.469	6.051
POLYLINE BLACK
-51.994	6.535
-52.134	6.121
-52.289	5.711
-52.415	5.292
-52.420	5.276
-52.392	5.256
-52.376	5.261
-52.342	5.270
-52.320	5.304
-52.292	5.325
-52.257	5.351
-52.224	5.380
-52.186	5.402
-52.109	5.446
-52.038	5.469
-51.951	5.480
-51.841	5.493
-51.749	5.440
-51.672	5.369
-51.642	5.342
-51.621	5.303
-51.577	5.298
-51.476	5.288
-51.404	5.490
-51.389	5.538
-51.174	6.189
-51.155	6.035
-51.223	6.461
POLYLINE BLACK
-60.471	7.761
-60.471	7.760
POLYLINE BLACK
-60.434	7.761
-60.430	7.764
POLYLINE BLACK
-60.360	7.802
-60.555	7.789
-60.708	7.801
-60.885	7.734
-61.226	7.604
-61.536	7.273
-61.493	6.884
-61.463	6.615
-61.209	6.386
-60.984	6.270
-60.835	6.193
-60.678	6.130
-60.523	6.065
-60.507	6.058
-60.488	6.056
-60.471	6.055
-60.340	6.044
-60.247	6.151
-60.182	6.250
-59.958	6.585
-59.965	7.039
-60.120	7.403
-60.164	7.506
-60.242	7.549
-60.325	7.614
-60.396	7.669
-60.465	7.727
-60.535	7.783
POLYLINE BLACK
-57.183	-3.969
-57.351	-4.037
-57.416	-4.092
-57.546	-4.202
POLYLINE BLACK
-57.155	-3.985
-57.556	-4.089
-57.887	-4.163
-58.270	-4.301
-58.385	-4.342
-58.572	-4.475
-58.647	-4.537
-59.111	-4.919
-58.840	-4.789
-59.321	-5.036
-59.569	-5.164
-59.748	-5.046
-60.033	-4.992
-60.086	-4.981
-60.203	-4.994
-60.199	-5.071
-60.195	-5.146
-60.130	-5.209
-60.113	-5.277
-60.100	-5.334
-60.090	-5.392
-60.078	-5.450
POLYLINE BLACK
-57.513	-2.425
-58.121	-2.817
-58.708	-3.244
-59.337	-3.602
-59.619	-3.762
-59.942	-3.838
-60.236	-3.974
-60.276	-3.992
-60.925	-4.239
-61.035	-4.481
-61.135	-4.702
-61.072	-5.079
-61.055	-5.305
POLYLINE BLACK
-60.045	-4.965
-60.189	-5.230
-60.146	-5.250
-60.199	-5.590
-60.204	-5.623
-60.217	-5.655
-60.226	-5.687
POLYLINE BLACK
-61.147	-4.668
-61.169	-4.951
-61.190	-4.981
-61.403	-5.189
-61.560	-5.344
-61.729	-5.486
-61.882	-5.644
-63.118	-6.934
-62.715	-6.716
-64.161	-7.774
-64.180	-7.788
-64.183	-7.733
-64.195	-7.712
POLYLINE BLACK
-60.220	-5.611
-63.003	-8.330
-60.814	-6.023
-62.436	-8.047
-62.647	-8.311
-62.870	-8.565
-63.111	-8.802
-63.355	-9.043
-63.397	-9.061
-63.586	-9.158
POLYLINE BLACK
-64.073	-7.722
-66.871	-9.958
-64.618	-8.248
-66.890	-9.794
-66.926	-9.819
-66.947	-9.860
-66.976	-9.894
POLYLINE BLACK
-64.264	-9.549
-64.336	-9.522
-64.409	-9.476
-64.489	-9.476
-64.582	-9.476
-64.594	-9.635
-64.607	-9.682
-64.616	-9.717
-64.617	-9.754
-64.573	-9.757
-64.539	-9.759
-64.494	-9.744
-64.468	-9.735
-64.356	-9.698
-64.244	-9.661
-64.134	-9.618
-64.082	-9.598
-64.140	-9.544
-64.170	-9.542
-64.211	-9.538
-64.252	-9.538
-64.293	-9.536
POLYLINE BLACK
-65.006	-9.770
-65.047	-9.835
-65.337	-9.670
-65.445	-9.735
-65.483	-9.759
-65.501	-9.814
-65.504	-9.856
-65.506	-9.890
-65.579	-10.222
-65.443	-10.280
-65.366	-10.313
-65.243	-10.276
-65.183	-10.262
-65.113	-10.245
-65.029	-10.216
-64.966	-10.175
-64.895	-10.130
-64.895	-10.052
-64.921	-9.980
-64.936	-9.939
-64.967	-9.866
-65.012	-9.845
-65.017	-9.842
-65.007	-9.855
-65.005	-9.860
POLYLINE BLACK
-65.036	-9.877
-65.305	-10.126
-65.213	-10.018
-65.339	-10.176
POLYLINE BLACK
-65.875	-10.289
-65.920	-10.292
-66.007	-10.271
-66.058	-10.303
-66.133	-10.351
-66.116	-10.483
-66.098	-10.553
-66.086	-10.599
-66.042	-10.670
-66.026	-10.699
POLYLINE BLACK
-65.845	-10.326
-65.835	-10.346
-65.789	-10.409
-65.787	-10.451
-65.784	-10.559
-66.000	-10.582
-66.043	-10.594
POLYLINE BLACK
-63.564	-9.168
-63.828	-9.376
-63.725	-9.284
-64.088	-9.679
-64.184	-9.783
-64.169	-9.808
-64.274	-9.880
-64.313	-9.907
-64.355	-9.929
-64.398	-9.950
-64.462	-9.982
-64.527	-9.991
-64.572	-10.048
-64.664	-10.163
-64.608	-10.336
-64.751	-10.425
-64.838	-10.480
-64.943	-10.459
-65.034	-10.424
-65.100	-10.398
-65.146	-10.370
-65.220	-10.398
-65.322	-10.438
-65.428	-10.489
-65.498	-10.577
-65.565	-10.660
-65.576	-10.710
-65.647	-10.763
-65.695	-10.798
-65.756	-10.805
-65.813	-10.797
-65.865	-10.789
-65.896	-10.775
-65.946	-10.795
-66.180	-10.892
-66.197	-11.045
-66.344	-11.178
-66.594	-11.402
-66.543	-11.235
-66.577	-11.433
POLYLINE BLACK
-70.925	-12.718
-70.535	-12.665
-70.702	-12.720
-70.416	-12.587
POLYLINE BLACK
-70.842	-12.702
-69.707	-12.490
-69.044	-12.510
-68.151	-12.097
-68.020	-12.036
-67.902	-11.948
-67.771	-11.888
-67.409	-11.721
-67.040	-11.568
-66.671	-11.414
-66.443	-11.319
-66.406	-11.402
-66.486	-11.289
POLYLINE BLACK
-66.847	-9.762
-67.006	-9.765
-67.167	-9.791
-67.324	-9.770
-67.711	-9.719
-68.092	-9.627
-68.474	-9.547
-68.602	-9.520
-68.725	-9.462
-68.855	-9.449
-69.404	-9.393
-69.937	-9.356
-70.476	-9.471
POLYLINE BLACK
-72.629	-12.867
-71.957	-12.710
-71.255	-12.818
-70.576	-12.712
POLYLINE BLACK
-72.497	-12.820
-72.930	-12.614
-73.366	-12.455
-73.740	-12.152
-73.896	-12.025
-74.034	-11.878
-74.178	-11.738
-74.493	-11.431
-74.024	-11.859
-74.321	-11.592
POLYLINE BLACK
-68.049	-11.810
-68.718	-11.431
-68.623	-11.448
-69.433	-11.168
-69.505	-11.144
-69.582	-11.132
-69.657	-11.128
-70.146	-11.100
-70.636	-11.103
-71.124	-11.073
-71.204	-11.069
-71.285	-11.053
-71.359	-11.025
-71.678	-10.892
-71.999	-10.767
-72.314	-10.627
-72.448	-10.567
-72.420	-10.570
-72.359	-10.546
POLYLINE BLACK
-56.882	-1.183
-56.820	-1.191
-56.758	-1.203
-56.695	-1.206
-56.458	-1.216
-56.244	-1.071
-56.050	-0.962
-55.687	-0.757
-55.337	-0.526
-54.965	-0.339
-53.989	0.152
-52.996	0.609
-52.007	1.071
-51.966	1.090
-51.920	1.095
-51.875	1.103
-51.593	1.149
-51.302	0.970
-51.154	0.739
-51.125	0.694
-51.096	0.647
-51.079	0.596
-50.543	-1.097
-50.897	-0.487
-50.565	-1.044
POLYLINE BLACK
-55.477	-3.247
-54.838	-2.964
-54.792	-2.911
-53.990	-2.750
-53.031	-2.559
-53.176	-2.719
-52.660	-2.521
POLYLINE BLACK
-51.560	-0.970
-51.347	-1.257
-51.141	-1.549
-50.919	-1.830
-50.547	-2.300
-50.828	-1.834
-50.547	-2.280
-50.530	-2.309
-50.517	-2.345
-50.514	-2.379
-50.510	-2.415
-50.534	-2.448
-50.569	-2.456
-51.019	-2.567
-51.389	-2.766
-51.766	-2.422
-51.811	-2.382
-51.851	-2.300
-51.857	-2.242
-51.885	-1.996
-51.921	-1.749
-51.923	-1.501
-51.924	-1.337
-51.887	-1.175
-51.866	-1.012
-51.859	-0.958
-51.808	-0.930
-51.759	-0.928
-51.657	-0.923
-51.539	-0.963
-51.452	-0.982
POLYLINE BLACK
-51.697	-1.057
-51.637	-1.290
-51.374	-1.589
-51.365	-1.879
-51.365	-1.903
-51.387	-1.985
-51.387	-1.985
POLYLINE BLACK
-51.311	-2.130
-50.640	-2.177
POLYLINE BLACK
-51.399	-2.227
-51.485	-2.214
POLYLINE BLACK
-51.349	-2.085
-51.483	-2.241
-51.635	-2.371
-51.772	-2.521
POLYLINE BLACK
-53.909	-0.380
-54.116	-0.478
-54.325	-0.571
-54.530	-0.673
-54.551	-0.683
-54.569	-0.700
-54.586	-0.716
-54.691	-0.809
-54.530	-0.911
-54.469	-0.963
-54.430	-0.996
-54.390	-1.022
-54.338	-1.014
-54.245	-1.001
-54.142	-0.897
-54.090	-0.848
-54.043	-0.803
-54.000	-0.752
-53.961	-0.700
-53.947	-0.682
-53.868	-0.576
-53.873	-0.525
-53.888	-0.381
-54.380	-0.398
-54.385	-0.398
POLYLINE BLACK
-53.567	-2.069
-53.735	-2.048
-53.902	-2.023
-54.070	-2.007
-54.100	-2.005
-54.130	-2.010
-54.159	-2.014
-54.258	-2.026
-54.248	-2.099
-54.207	-2.169
-54.137	-2.289
-53.990	-2.487
-53.837	-2.508
-53.767	-2.518
-53.703	-2.487
-53.652	-2.442
-53.841	-2.160
-53.336	-2.302
-53.413	-2.187
-53.437	-2.151
-53.513	-2.139
-53.543	-2.126
-53.617	-2.093
-53.690	-2.056
-53.763	-2.020
POLYLINE BLACK
-55.260	-2.499
-55.502	-2.620
-55.746	-2.738
-55.986	-2.861
-56.011	-2.874
-56.045	-2.909
-56.041	-2.941
-56.034	-3.004
-55.906	-3.055
-55.869	-3.070
-55.773	-3.107
-55.674	-3.135
-55.576	-3.168
POLYLINE BLACK
-55.402	-2.495
-55.392	-2.509
-55.284	-2.645
-55.266	-2.722
-55.218	-2.920
-55.675	-3.105
-55.706	-3.125
POLYLINE BLACK
-45.983	-2.697
-45.984	-2.699
POLYLINE BLACK
-46.661	-2.873
-46.661	-2.873
POLYLINE BLACK
-47.004	-2.682
-46.833	-2.782
-46.646	-2.874
-46.442	-2.835
-46.272	-2.803
-46.213	-2.769
-46.072	-2.685
POLYLINE BLACK
-46.999	-2.692
-47.894	-2.167
-48.402	-1.855
-49.512	-1.345
-50.096	-1.077
-50.209	-1.059
-50.608	-0.981
POLYLINE BLACK
-52.879	-2.640
-52.834	-2.621
-52.791	-2.592
-52.743	-2.582
-52.044	-2.435
-51.744	-2.472
-50.911	-2.617
-50.542	-2.681
-50.184	-2.794
-49.828	-2.908
-49.420	-3.038
-49.012	-3.173
-48.622	-3.349
-48.361	-3.467
-48.124	-3.635
-47.882	-3.787
-47.713	-3.893
-47.563	-4.064
-47.348	-4.080
-47.002	-4.106
-46.654	-4.120
-46.307	-4.130
-46.262	-4.131
-46.216	-4.127
-46.173	-4.113
-44.826	-3.668
-45.826	-3.957
-45.382	-3.830
POLYLINE BLACK
-47.310	-2.481
-47.960	-3.855
-48.253	-3.439
-47.932	-3.873
POLYLINE BLACK
-49.496	-1.634
-49.730	-1.667
-49.822	-1.661
-50.010	-1.732
-50.072	-1.755
-50.182	-1.823
-50.160	-1.906
-50.130	-2.022
-49.965	-2.132
-49.872	-2.184
-49.782	-2.235
-49.693	-2.271
-49.593	-2.290
-49.469	-2.313
-49.321	-2.259
-49.212	-2.230
-49.129	-2.207
-49.097	-2.094
-49.102	-2.021
-49.111	-1.866
-49.361	-1.698
-49.432	-1.635
-49.438	-1.630
-49.445	-1.621
-49.454	-1.621
-49.460	-1.621
-49.445	-1.631
-49.441	-1.635
POLYLINE BLACK
-48.678	-2.782
-48.695	-2.780
-48.897	-2.745
-48.985	-2.765
-49.090	-2.789
-49.056	-2.915
-48.990	-2.965
-48.834	-3.079
-48.761	-3.100
-48.557	-3.178
-48.502	-3.199
-48.444	-3.207
-48.387	-3.189
-48.324	-3.169
-48.218	-3.130
-48.199	-3.055
-48.164	-2.927
-48.452	-2.727
-48.544	-2.710
-48.595	-2.700
-48.649	-2.713
-48.701	-2.715
POLYLINE BLACK
-45.944	-4.087
-45.460	-3.998
-45.733	-4.068
-45.049	-3.777
-44.255	-3.439
-44.195	-3.437
-43.354	-2.797
-42.985	-2.516
-42.664	-2.176
-42.300	-1.889
-40.119	-0.168
-42.137	-1.956
-40.974	-0.810
-40.958	-0.795
-40.713	-0.626
-40.701	-0.615
-40.312	-0.252
-40.369	-0.300
-40.107	0.099
-39.588	0.890
-39.545	0.558
-39.658	1.005
POLYLINE BLACK
-41.108	0.833
-41.726	0.359
-42.343	-0.115
-42.961	-0.590
-43.179	-0.719
-43.407	-0.832
-43.615	-0.977
-43.823	-1.122
-43.997	-1.312
-44.205	-1.456
-44.476	-1.644
-44.770	-1.795
-45.049	-1.969
-46.118	-2.635
-45.631	-2.379
-46.066	-2.605
POLYLINE BLACK
-43.158	-1.625
-43.251	-1.657
POLYLINE BLACK
-38.357	2.504
-38.362	2.452
-38.364	2.400
-38.374	2.349
-38.379	2.320
-38.385	2.290
-38.400	2.264
-38.508	2.075
-38.610	1.881
-38.741	1.708
-38.969	1.407
-39.229	1.132
-39.472	0.844
-39.498	0.812
-39.492	0.813
-39.509	0.765
POLYLINE BLACK
-44.494	-2.424
-44.237	-2.508
-44.257	-2.517
-43.861	-2.491
-43.589	-2.473
-43.319	-2.424
-43.048	-2.387
-43.041	-2.386
-43.024	-2.374
-43.019	-2.370
-42.990	-2.341
-42.971	-2.297
-42.968	-2.257
-42.953	-2.067
-42.961	-1.874
-42.934	-1.685
-42.913	-1.538
-42.813	-1.290
-42.766	-1.138
-42.749	-1.081
-42.783	-1.006
-42.816	-0.963
-42.924	-0.822
-43.091	-0.737
-43.237	-0.645
POLYLINE BLACK
-44.290	-2.356
-44.270	-2.218
-44.257	-2.079
-44.230	-1.942
-44.218	-1.884
-44.197	-1.828
-44.175	-1.773
-44.108	-1.599
-44.038	-1.428
-43.964	-1.257
-43.957	-1.241
-43.922	-1.195
-43.903	-1.184
-43.630	-1.034
-43.352	-0.892
-43.078	-0.741
-43.057	-0.729
-43.037	-0.713
-43.019	-0.696
-42.991	-0.671
-42.966	-0.642
-42.940	-0.615
POLYLINE BLACK
-44.189	-2.341
-43.916	-1.995
-43.787	-1.890
-43.625	-1.576
-43.602	-1.531
-43.589	-1.450
-43.580	-1.406
POLYLINE BLACK
-43.451	-1.358
-42.727	-1.099
POLYLINE BLACK
-43.531	-1.435
-43.606	-1.302
-43.572	-1.372
-43.631	-1.223
POLYLINE BLACK
-42.494	-0.575
-42.077	-0.353
-41.659	-0.132
-41.242	0.091
-41.100	0.168
-41.357	0.460
-41.360	0.465
-41.406	0.570
-41.382	0.526
-41.428	0.600
POLYLINE BLACK
-42.379	-0.512
-42.412	-0.431
-42.812	-0.720
-42.951	-0.619
-42.986	-0.594
-42.988	-0.549
-43.018	-0.519
-43.027	-0.510
-43.040	-0.504
-43.052	-0.497
POLYLINE BLACK
-42.551	-0.550
-41.620	0.157
-41.905	-0.135
-41.588	0.198
POLYLINE BLACK
-41.675	0.121
-41.616	0.525
-41.657	0.363
-41.582	0.614
POLYLINE BLACK
-41.533	0.205
-41.078	0.258
POLYLINE BLACK
-41.584	-0.501
-41.316	-0.556
-41.385	-0.558
-41.106	-0.549
-41.079	-0.549
-41.039	-0.539
-41.012	-0.526
-40.884	-0.466
-40.917	-0.297
-40.931	-0.186
-40.934	-0.162
-40.945	-0.097
-40.972	-0.075
-40.998	-0.054
-41.048	-0.054
-41.077	-0.064
-41.233	-0.117
-41.387	-0.176
-41.540	-0.235
-41.558	-0.241
-41.569	-0.267
-41.572	-0.284
-41.585	-0.368
-41.490	-0.515
-41.475	-0.549
POLYLINE BLACK
-41.451	-0.489
-41.101	-0.328
POLYLINE BLACK
-41.125	-0.295
-40.941	-0.343
-41.025	-0.329
-40.874	-0.344
POLYLINE BLACK
-41.160	-0.311
-41.146	-0.169
-41.150	-0.244
-41.148	-0.086

ELEVATION
STATIONS
0.000	0.000	0
-12.933	-5.232	1
-22.350	-2.087	2
-26.004	-1.702	3
-31.031	-3.158	4
-33.549	-4.648	5
-34.782	-2.799	6
-35.780	-1.140	7
-37.871	-1.472	8
-40.919	-4.469	9
-43.547	-0.112	10
-46.523	0.896	11
-52.666	2.625	12
-58.197	9.573	13
-63.539	4.349	14
-62.720	1.138	15
-57.478	-14.802	16
-57.538	-15.707	17
-60.631	-16.951	18
-63.714	-21.025	19
-66.869	-21.936	20
-70.543	-21.876	21
-72.872	-23.224	22
-75.873	-21.240	23
-52.770	-11.972	16.1
-45.916	-10.894	16.2
-39.604	-5.443	16.3
-41.372	-4.628	16.3.1
SHOTS
0.000	0.000	-12.933	-5.232
-12.933	-5.232	-22.350	-2.087
-22.350	-2.087	-19.104	-1.115
-22.350	-2.087	-23.381	-2.007
-22.350	-2.087	-21.652	0.920
-22.350	-2.087	-30.198	6.636
-22.350	-2.087	-25.783	-1.542
-22.350	-2.087	-26.004	-1.702
-26.004	-1.702	-26.214	-1.843
-26.004	-1.702	-26.074	-1.756
-26.004	-1.702	-26.208	-3.071
-26.004	-1.702	-31.031	-3.158
-31.031	-3.158	-26.725	-0.684
-31.031	-3.158	-26.632	-1.378
-31.031	-3.158	-28.204	-1.841
-31.031	-3.158	-31.306	-3.301
-31.031	-3.158	-31.100	-2.819
-31.031	-3.158	-35.008	-1.461
-31.031	-3.158	-34.280	-1.947
-31.031	-3.158	-35.136	-2.033
-31.031	-3.158	-33.227	-3.888
-31.031	-3.158	-33.549	-4.648
-33.549	-4.648	-35.224	-4.332
-33.549	-4.648	-32.720	-4.537
-33.549	-4.648	-31.808	-5.916
-33.549	-4.648	-33.481	-3.020
-33.549	-4.648	-31.749	-5.965
-33.549	-4.648	-32.029	-6.292
-33.549	-4.648	-31.233	-3.456
-33.549	-4.648	-32.967	-2.208
-33.549	-4.648	-34.782	-2.799
-34.782	-2.799	-35.780	-1.140
-35.780	-1.140	-34.693	-1.063
-35.780	-1.140	-35.298	-0.953
-35.780	-1.140	-35.972	-0.878
-35.780	-1.140	-37.871	-1.472
-37.871	-1.472	-37.362	-1.585
-37.871	-1.472	-37.963	-2.614
-37.871	-1.472	-37.899	-0.950
-37.871	-1.472	-40.919	-4.469
-40.919	-4.469	-42.698	-4.114
-40.919	-4.469	-39.468	-4.184
-40.919	-4.469	-41.941	-2.486
-40.919	-4.469	-39.247	-5.606
-40.919	-4.469	-43.547	-0.112
-43.547	-0.112	-42.819	-0.150
-43.547	-0.112	-45.745	-0.340
-43.547	-0.112	-43.719	-1.698
-43.547	-0.112	-49.707	1.999
-43.547	-0.112	-46.523	0.896
-46.523	0.896	-47.975	0.416
-46.523	0.896	-47.673	1.608
-46.523	0.896	-47.800	1.056
-46.523	0.896	-48.528	1.383
-46.523	0.896	-48.603	1.486
-46.523	0.896	-52.666	2.625
-52.666	2.625	-49.207	-0.536
-52.666	2.625	-53.314	2.904
-52.666	2.625	-52.396	4.882
-52.666	2.625	-52.260	3.018
-52.666	2.625	-49.940	6.093
-52.666	2.625	-50.100	3.789
-52.666	2.625	-58.602	6.539
-52.666	2.625	-53.678	2.300
-52.666	2.625	-58.197	9.573
-58.197	9.573	-68.405	11.944
-58.197	9.573	-59.541	9.055
-58.197	9.573	-59.557	8.305
-58.197	9.573	-58.217	10.178
-58.197	9.573	-58.136	10.258
-58.197	9.573	-58.252	9.671
-58.197	9.573	-58.291	9.643
-58.197	9.573	-63.539	4.349
-63.539	4.349	-60.043	3.778
-63.539	4.349	-69.082	2.758
-63.539	4.349	-64.454	4.228
-63.539	4.349	-63.939	5.729
-63.539	4.349	-61.452	3.753
-63.539	4.349	-63.447	1.274
-63.539	4.349	-70.546	3.907
-63.539	4.349	-69.657	3.964
-63.539	4.349	-69.749	3.551
-63.539	4.349	-62.624	1.182
-63.539	4.349	-63.031	2.510
-63.539	4.349	-62.720	1.138
-62.720	1.138	-61.310	0.948
-62.720	1.138	-61.284	0.901
-62.720	1.138	-62.389	1.983
-62.720	1.138	-63.528	1.537
-62.720	1.138	-61.874	-0.552
-62.720	1.138	-57.478	-14.802
-57.478	-14.802	-56.567	-14.451
-57.478	-14.802	-57.505	-12.815
-57.478	-14.802	-56.607	-15.007
-57.478	-14.802	-56.555	-14.414
-57.478	-14.802	-59.309	-11.274
-57.478	-14.802	-58.009	-12.477
-57.478	-14.802	-57.156	-12.910
-57.478	-14.802	-50.839	-12.267
-57.478	-14.802	-51.793	-11.939
-57.478	-14.802	-52.626	-13.108
-57.478	-14.802	-57.501	-14.907
-57.478	-14.802	-57.538	-15.707
-57.538	-15.707	-58.220	-15.330
-57.538	-15.707	-60.631	-16.951
-60.631	-16.951	-61.131	-16.873
-60.631	-16.951	-60.701	-18.688
-60.631	-16.951	-59.826	-17.393
-60.631	-16.951	-60.368	-18.078
-60.631	-16.951	-61.279	-17.223
-60.631	-16.951	-63.714	-21.025
-63.714	-21.025	-64.373	-20.849
-63.714	-21.025	-66.869	-21.936
-66.869	-21.936	-66.939	-21.775
-66.869	-21.936	-67.002	-20.803
-66.869	-21.936	-66.759	-22.764
-66.869	-21.936	-66.763	-21.741
-66.869	-21.936	-70.543	-21.876
-70.543	-21.876	-70.931	-22.690
-70.543	-21.876	-72.627	-22.972
-70.543	-21.876	-74.359	-22.934
-70.543	-21.876	-70.303	-22.041
-70.543	-21.876	-72.042	-21.935
-70.543	-21.876	-69.729	-19.950
-70.543	-21.876	-72.872	-23.224
-72.872	-23.224	-75.873	-21.240
-57.478	-14.802	-52.770	-11.972
-52.770	-11.972	-51.067	-11.409
-52.770	-11.972	-53.323	-11.810
-52.770	-11.972	-52.934	-11.960
-52.770	-11.972	-52.576	-13.553
-52.770	-11.972	-51.133	-11.773
-52.770	-11.972	-45.815	-10.793
-52.770	-11.972	-45.852	-10.804
-52.770	-11.972	-45.658	-10.797
-52.770	-11.972	-45.589	-10.788
-52.770	-11.972	-49.286	-11.300
-52.770	-11.972	-45.916	-10.894
-45.916	-10.894	-46.442	-10.847
-45.916	-10.894	-45.602	-8.108
-45.916	-10.894	-45.667	-11.094
-45.916	-10.894	-47.580	-10.848
-45.916	-10.894	-47.455	-11.710
-45.916	-10.894	-45.696	-12.270
-45.916	-10.894	-45.848	-12.271
-45.916	-10.894	-39.604	-5.443
-39.604	-5.443	-41.026	-5.257
-39.604	-5.443	-40.075	-3.145
-39.604	-5.443	-38.789	-7.029
-39.604	-5.443	-40.200	-6.989
-39.604	-5.443	-41.372	-4.628

