TRIP
DATE 2005-07-01 
DECLINATION     0.00
DATA
1	999	86.21	43.87	5.620	>
1		86.45	44.09	5.621	>
1		215.88	3.82	2.519	>
1		202.18	7.65	2.763	>
1		185.19	10.49	2.373	>
1		156.60	13.59	2.077	>
1		10.11	-30.52	1.475	>
1		349.58	-24.06	3.257	>
1		325.57	-17.06	2.226	>
1	2	359.58	-31.69	4.925	>
2	3	336.34	-79.44	13.103	>
3	4	89.76	-58.88	8.154	>
3		80.93	38.29	7.727	>
3		61.26	58.71	9.439	>
3		101.02	-6.30	8.724	>
3		97.52	-30.21	15.352	>
3		104.80	-14.78	9.013	>
3		103.37	-22.33	11.777	>
3		86.13	-75.69	6.470	>
3		96.46	-63.28	14.052	>
3		94.64	-57.08	14.519	>
5	4	300.92	50.33	6.369	>
5	6	85.56	17.66	2.779	>
6		30.83	-8.15	4.819	>
6		74.36	-16.00	6.668	>
6		94.90	-12.64	3.651	>
6		317.32	-33.63	2.539	>
6		282.85	-9.89	6.245	>
6	7	54.80	-78.74	17.224	>
6		34.88	-83.56	17.106	>
6		88.49	-66.12	14.819	>
6		65.24	-71.51	22.852	>
6		10.20	78.89	20.951	>
6		12.59	79.61	11.476	>
8	7	259.09	53.13	6.903	>
8	9	134.95	-3.73	6.210	>
8		295.44	22.71	3.639	>
8		316.35	20.93	4.695	>
8		54.44	8.27	0.653	>
8		231.07	18.23	1.535	>
8		200.12	10.60	3.023	>
8		168.17	14.35	2.884	>
8		203.77	37.00	6.914	>
8		181.48	74.23	6.973	>
8		150.40	45.22	0.216	>
8		136.16	5.47	6.934	>
9		64.67	39.95	1.241	>
9		32.16	7.89	2.143	>
9		37.63	-62.56	1.041	>
9		68.55	-24.56	2.931	>
9		77.54	12.32	6.916	>
9	10	70.34	2.68	5.603	>
10		138.29	-57.99	11.207	>
10		138.49	-25.75	8.646	>
10		130.03	8.67	3.145	>
10		155.70	-75.80	3.091	>
10	11	135.79	-57.91	11.471	>
11		187.09	0.24	5.947	>
11		153.29	7.77	1.287	>
11		68.16	22.44	2.272	>
11		204.05	-6.33	4.708	>
11		227.31	13.01	0.955	>
11		344.12	14.45	4.179	>
11		311.98	3.16	5.347	>
11		294.40	0.52	2.096	>
11		63.22	-82.33	3.645	>
11		179.53	-79.65	4.096	>
11		197.75	-58.00	9.203	>
11		186.51	-15.92	5.309	>
11		193.44	31.16	5.878	>
11		192.20	65.37	3.179	>
11		246.98	85.21	9.343	>
11		309.05	72.42	12.653	>
11		317.87	-7.84	5.234	>
11	12	223.49	-63.99	3.121	>
12		207.27	-7.72	3.348	>
12		206.14	-8.99	3.353	>
12		288.07	-8.41	2.839	>
12		344.59	-11.04	3.118	>
12		165.96	-16.90	3.801	>
12		95.82	-35.67	1.808	>
12	14	123.05	-84.49	30.278	>
14		14.92	6.62	3.403	>
14		279.27	18.56	6.939	>
14		120.66	-3.36	6.644	>
14		227.44	3.93	1.634	>
14		98.30	49.17	13.304	>
14		116.47	70.59	17.527	>
14		140.43	81.98	21.683	>
14		139.04	86.42	19.491	>
14		302.48	75.33	20.445	>
14		274.21	63.36	21.773	>
14		142.38	-53.63	2.304	>
14	15	113.57	-12.46	6.541	>
15	16	14.43	-3.67	2.481	>
16		115.25	-77.93	1.961	>
17	16	285.60	1.25	3.389	>
17		31.34	-71.29	2.997	>
17		208.74	86.06	8.053	>
17		67.68	-56.26	20.705	>
17		64.15	-62.74	22.684	>
17		72.76	-66.99	12.317	>

PLAN
STATIONS
0.000	0.000	1
-0.031	4.191	2
-0.995	6.391	3
3.219	6.409	4
6.707	4.320	5
9.347	4.525	6
12.094	6.463	7
16.161	7.247	8
20.546	2.869	9
25.817	4.752	10
30.066	0.384	11
29.124	-0.609	12
31.563	-2.196	14
37.417	-4.750	15
38.034	-2.352	16
41.297	-3.263	17
4.043	0.268	999
SHOTS
38.034	-2.352	41.297	-3.263
41.297	-3.263	41.797	-2.442
41.297	-3.263	41.031	-3.748
41.297	-3.263	51.936	1.105
41.297	-3.263	50.646	1.267
41.297	-3.263	45.895	-1.836
37.417	-4.750	38.034	-2.352
38.034	-2.352	38.405	-2.527
31.563	-2.196	37.417	-4.750
29.124	-0.609	31.563	-2.196
31.563	-2.196	32.433	1.070
31.563	-2.196	25.071	-1.136
31.563	-2.196	37.269	-5.578
31.563	-2.196	30.362	-3.299
31.563	-2.196	40.170	-3.452
31.563	-2.196	36.776	-4.792
31.563	-2.196	33.490	-4.528
31.563	-2.196	32.360	-3.114
31.563	-2.196	27.195	0.585
31.563	-2.196	21.826	-1.480
31.563	-2.196	32.397	-3.278
30.066	0.384	29.124	-0.609
29.124	-0.609	27.604	-3.558
29.124	-0.609	27.665	-3.582
29.124	-0.609	26.454	0.262
29.124	-0.609	28.311	2.341
29.124	-0.609	30.006	-4.137
29.124	-0.609	30.585	-0.758
25.817	4.752	30.066	0.384
30.066	0.384	29.332	-5.517
30.066	0.384	30.639	-0.755
30.066	0.384	32.015	1.165
30.066	0.384	28.159	-3.889
30.066	0.384	29.382	-0.247
30.066	0.384	28.959	4.276
30.066	0.384	26.097	3.955
30.066	0.384	28.157	1.250
30.066	0.384	30.500	0.603
30.066	0.384	30.072	-0.352
30.066	0.384	28.579	-4.261
30.066	0.384	29.487	-4.689
30.066	0.384	28.897	-4.508
30.066	0.384	29.786	-0.911
30.066	0.384	29.348	0.079
30.066	0.384	27.098	2.792
30.066	0.384	26.588	4.229
20.546	2.869	25.817	4.752
25.817	4.752	29.769	0.318
25.817	4.752	30.978	-1.080
25.817	4.752	28.198	2.752
25.817	4.752	26.129	4.061
16.161	7.247	20.546	2.869
20.546	2.869	21.406	3.276
20.546	2.869	21.676	4.666
20.546	2.869	20.839	3.249
20.546	2.869	23.027	3.844
20.546	2.869	27.144	4.327
12.094	6.463	16.161	7.247
16.161	7.247	13.130	8.689
16.161	7.247	13.134	10.420
16.161	7.247	16.687	7.623
16.161	7.247	15.027	6.331
16.161	7.247	15.139	4.457
16.161	7.247	16.734	4.512
16.161	7.247	13.936	2.194
16.161	7.247	16.112	5.353
16.161	7.247	16.236	7.115
16.161	7.247	20.942	2.268
9.347	4.525	12.094	6.463
6.707	4.320	9.347	4.525
9.347	4.525	11.792	8.621
9.347	4.525	15.519	6.253
9.347	4.525	12.896	4.221
9.347	4.525	7.914	6.079
9.347	4.525	3.349	5.893
9.347	4.525	10.445	6.100
9.347	4.525	15.345	4.683
9.347	4.525	15.928	7.560
9.347	4.525	10.062	8.497
9.347	4.525	9.798	6.544
3.219	6.409	6.707	4.320
-0.995	6.391	3.219	6.409
-0.031	4.191	-0.995	6.391
-0.995	6.391	4.994	7.347
-0.995	6.391	3.304	8.749
-0.995	6.391	7.516	4.734
-0.995	6.391	12.158	4.655
-0.995	6.391	7.431	4.165
-0.995	6.391	9.603	3.872
-0.995	6.391	0.601	6.499
-0.995	6.391	5.283	5.680
-0.995	6.391	6.870	5.752
0.000	0.000	-0.031	4.191
0.000	0.000	4.043	0.268
0.000	0.000	4.030	0.250
0.000	0.000	-1.473	-2.036
0.000	0.000	-1.034	-2.536
0.000	0.000	-0.211	-2.324
0.000	0.000	0.802	-1.853
0.000	0.000	0.223	1.251
0.000	0.000	-0.538	2.925
0.000	0.000	-1.203	1.755
POLYLINE BLUE
36.945	3.900
POLYLINE GREEN
41.315	-2.840
41.365	-2.810
41.385	-2.800
POLYLINE GREEN
41.275	-2.890
41.275	-2.870
41.295	-2.870
41.315	-2.850
41.365	-2.850
41.385	-2.840
POLYLINE GREEN
41.325	-2.940
41.355	-2.920
41.375	-2.920
POLYLINE GREEN
41.275	-2.980
41.315	-2.970
41.355	-2.960
POLYLINE GREEN
41.295	-3.050
41.295	-3.030
41.345	-3.020
41.365	-3.000
POLYLINE GREEN
41.305	-3.110
41.355	-3.100
41.395	-3.070
POLYLINE GREEN
41.365	-3.170
41.405	-3.140
41.405	-3.120
POLYLINE GREEN
41.405	-3.240
41.445	-3.210
POLYLINE GREEN
41.315	-2.810
41.315	-2.860
41.325	-2.890
41.295	-3.000
41.345	-3.170
41.425	-3.250
41.465	-3.260
41.485	-3.260
POLYLINE GREEN
42.635	-3.710
42.595	-3.740
42.575	-3.810
42.595	-3.860
42.615	-3.880
42.625	-3.920
42.665	-3.940
POLYLINE GREEN
42.475	-3.880
42.555	-3.900
POLYLINE GREEN
42.475	-3.830
42.495	-3.840
42.535	-3.830
POLYLINE GREEN
42.465	-3.920
42.455	-3.790
42.455	-3.740
42.495	-3.700
POLYLINE GREEN
42.335	-3.680
POLYLINE GREEN
42.375	-3.810
42.355	-3.870
42.355	-3.920
POLYLINE GREEN
42.125	-3.930
42.155	-3.780
42.155	-3.760
42.175	-3.790
42.175	-3.810
42.205	-3.850
42.245	-3.770
42.255	-3.730
POLYLINE GREEN
41.955	-3.880
42.025	-3.900
42.065	-3.840
42.065	-3.770
42.005	-3.730
41.955	-3.740
41.945	-3.760
41.995	-3.880
POLYLINE GREEN
41.805	-3.880
41.855	-3.960
POLYLINE GREEN
41.715	-3.740
41.715	-3.800
41.735	-3.890
41.755	-3.940
41.845	-3.820
41.915	-3.680
POLYLINE GREEN
41.525	-4.130
41.525	-4.060
41.495	-3.980
41.495	-3.950
41.485	-3.900
41.455	-3.780
41.385	-3.570
41.385	-3.540
41.365	-3.480
41.365	-3.450
41.335	-3.540
41.305	-3.620
41.305	-3.650
41.405	-3.430
41.435	-3.480
41.485	-3.530
41.505	-3.560
41.535	-3.570
41.585	-3.640
POLYLINE GREEN
38.055	-2.900
38.055	-2.960
38.115	-2.960
38.295	-3.080
38.355	-3.050
38.415	-3.110
38.595	-3.050
38.655	-3.110
38.835	-3.110
38.895	-3.170
39.165	-3.170
39.285	-3.200
39.405	-3.230
39.525	-3.260
39.645	-3.260
39.825	-3.320
40.215	-3.320
40.275	-3.290
40.335	-3.350
40.515	-3.350
40.575	-3.290
40.635	-3.350
40.695	-3.320
40.755	-3.350
40.875	-3.290
40.935	-3.320
41.055	-3.290
41.385	-3.290
41.625	-3.230
41.685	-3.170
41.805	-3.170
42.105	-2.960
42.345	-2.900
42.555	-2.960
42.735	-2.990
42.795	-3.050
42.855	-3.050
42.915	-3.110
43.065	-3.110
43.125	-3.170
POLYLINE GREEN
42.315	-2.210
42.045	-2.180
41.835	-2.240
41.685	-2.450
41.475	-2.600
41.445	-2.690
41.205	-2.900
41.085	-2.900
40.665	-3.020
40.245	-2.960
40.035	-2.870
39.915	-2.780
39.765	-2.690
39.585	-2.660
39.555	-2.600
39.435	-2.600
39.195	-2.510
38.955	-2.510
38.745	-2.450
38.685	-2.480
38.655	-2.420
38.595	-2.450
38.235	-2.360
38.115	-2.360
38.055	-2.330
POLYLINE GREEN
38.115	-3.030
38.115	-2.950
37.995	-2.910
37.955	-2.830
37.915	-2.990
37.795	-3.150
37.715	-3.430
37.755	-3.750
37.755	-3.870
37.795	-4.030
37.755	-4.350
37.755	-4.590
37.475	-4.870
37.395	-4.870
37.315	-4.950
37.155	-4.950
36.995	-4.990
36.835	-4.950
36.715	-4.950
36.595	-4.830
36.195	-4.670
36.075	-4.670
35.915	-4.510
35.755	-4.470
35.675	-4.390
35.515	-4.350
35.355	-4.310
35.195	-4.350
35.115	-4.310
34.875	-4.390
34.595	-4.430
34.435	-4.390
34.275	-4.430
33.875	-4.190
33.555	-3.990
33.355	-3.990
33.195	-3.950
33.115	-3.990
32.875	-3.910
32.675	-3.950
32.515	-3.950
32.355	-3.990
32.195	-4.030
32.035	-4.070
31.835	-4.110
31.435	-4.270
31.275	-4.230
30.875	-4.150
30.715	-3.990
POLYLINE GREEN
38.295	-2.370
37.935	-2.250
37.755	-2.250
37.395	-2.610
37.335	-3.270
37.335	-3.750
37.395	-3.930
37.335	-4.170
37.035	-4.290
36.915	-4.170
36.735	-4.230
36.015	-3.870
35.775	-3.810
35.175	-3.450
35.055	-3.510
34.995	-3.390
34.815	-3.390
34.455	-3.210
34.275	-3.210
34.095	-3.030
33.795	-2.910
33.435	-2.490
33.255	-1.890
33.255	-1.710
33.195	-1.470
33.195	-1.170
33.255	-0.930
33.255	-0.450
33.195	-0.210
33.135	0.030
32.955	0.510
32.355	1.110
32.235	1.170
31.995	1.110
31.755	1.110
30.975	0.870
30.855	0.870
30.315	0.450
30.195	0.450
30.015	0.150
28.935	-1.050
28.095	-1.230
27.615	-1.230
26.895	-0.990
26.655	-0.990
26.295	-0.750
26.055	-0.690
25.935	-0.750
25.815	-0.690
25.575	-0.750
POLYLINE GREEN
38.415	-2.430
POLYLINE GREEN
25.755	-2.340
25.815	-2.310
POLYLINE GREEN
25.635	-2.190
POLYLINE GREEN
25.515	-2.100
25.695	-1.950
POLYLINE GREEN
25.335	-2.040
25.395	-2.070
25.515	-1.950
POLYLINE GREEN
25.935	-0.600
25.995	-0.780
POLYLINE GREEN
25.755	-0.690
25.785	-0.840
POLYLINE GREEN
25.455	-0.750
25.515	-0.900
POLYLINE GREEN
25.245	-0.930
25.245	-0.990
25.305	-1.020
POLYLINE GREEN
25.185	-1.170
25.245	-1.230
25.305	-1.200
POLYLINE GREEN
25.065	-1.320
25.125	-1.380
25.245	-1.350
POLYLINE GREEN
25.095	-1.620
25.185	-1.620
25.245	-1.590
POLYLINE GREEN
25.155	-1.860
25.275	-1.830
25.395	-1.740
POLYLINE GREEN
25.485	-0.690
25.185	-1.020
25.095	-1.320
25.095	-1.560
25.125	-1.680
POLYLINE GREEN
25.125	-1.530
25.125	-1.770
25.545	-2.310
25.785	-2.370
25.905	-2.430
26.025	-2.370
26.385	-2.490
26.625	-2.430
26.985	-2.430
27.105	-2.490
27.585	-2.490
28.125	-2.610
28.305	-2.550
28.425	-2.610
28.545	-2.550
28.665	-2.670
29.025	-2.670
29.145	-2.730
29.385	-2.730
30.105	-3.150
30.465	-3.690
30.885	-4.050
POLYLINE BLACK
30.240	-1.605
30.135	-1.680
POLYLINE BLACK
30.240	-1.425
30.210	-1.425
30.150	-1.455
POLYLINE BLACK
30.135	-1.320
30.105	-1.335
30.060	-1.335
30.030	-1.350
POLYLINE BLACK
30.045	-1.245
30.000	-1.260
POLYLINE BLACK
29.925	-1.155
29.880	-1.170
29.820	-1.215
POLYLINE BLACK
29.745	-1.065
29.730	-1.095
29.730	-1.140
POLYLINE BLACK
29.655	-1.065
29.610	-1.125
29.625	-1.155
POLYLINE BLACK
29.520	-1.020
29.490	-1.080
POLYLINE BLACK
29.445	-0.960
29.430	-0.990
29.400	-1.005
29.385	-1.050
POLYLINE BLACK
29.295	-0.765
29.280	-0.795
29.220	-0.840
POLYLINE BLACK
29.010	-0.735
29.040	-0.795
POLYLINE BLACK
28.905	-0.810
28.965	-0.855
28.995	-0.855
POLYLINE BLACK
28.860	-0.930
28.920	-0.945
28.950	-0.930
POLYLINE BLACK
28.860	-1.095
28.980	-1.065
POLYLINE BLACK
28.935	-1.230
29.085	-1.215
POLYLINE BLACK
30.255	-1.710
30.240	-1.590
30.195	-1.500
30.195	-1.455
30.180	-1.395
30.150	-1.365
30.135	-1.320
29.985	-1.140
29.835	-1.065
29.805	-1.065
29.790	-1.035
29.715	-1.035
29.595	-1.005
29.565	-1.005
29.505	-0.990
29.490	-0.960
29.460	-0.960
29.445	-0.930
29.355	-0.870
29.355	-0.840
29.295	-0.795
29.250	-0.735
29.250	-0.705
29.220	-0.675
29.190	-0.675
29.160	-0.645
29.100	-0.645
29.070	-0.630
28.965	-0.690
28.905	-0.795
28.890	-0.825
28.890	-0.930
28.905	-1.020
28.905	-1.095
28.935	-1.155
28.935	-1.185
28.980	-1.290
28.980	-1.320
28.995	-1.350
28.965	-1.335
POLYLINE BLACK
30.310	-1.545
30.220	-1.560
30.190	-1.560
30.160	-1.545
POLYLINE BLACK
30.340	-1.455
30.310	-1.455
30.250	-1.440
POLYLINE BLACK
30.325	-1.305
30.265	-1.290
POLYLINE BLACK
30.400	-1.170
30.370	-1.170
30.340	-1.155
POLYLINE BLACK
30.415	-1.050
30.385	-1.035
POLYLINE BLACK
30.475	-0.915
30.445	-0.930
30.385	-0.915
POLYLINE BLACK
30.520	-0.840
30.415	-0.810
POLYLINE BLACK
30.535	-0.720
30.475	-0.720
30.445	-0.705
POLYLINE BLACK
30.520	-0.585
POLYLINE BLACK
30.580	-0.495
30.520	-0.495
30.490	-0.465
POLYLINE BLACK
30.580	-0.405
30.550	-0.405
POLYLINE BLACK
30.625	-0.255
30.580	-0.270
30.520	-0.255
POLYLINE BLACK
30.610	-0.120
30.580	-0.120
POLYLINE BLACK
30.670	0.045
30.640	0.015
30.565	0.015
POLYLINE BLACK
30.625	0.165
30.595	0.180
30.565	0.165
POLYLINE BLACK
30.625	0.375
30.565	0.330
POLYLINE BLACK
30.565	0.480
30.535	0.450
POLYLINE BLACK
30.415	0.585
30.400	0.510
30.385	0.480
POLYLINE BLACK
30.295	0.495
30.325	0.465
30.325	0.435
POLYLINE BLACK
30.205	0.465
30.250	0.405
POLYLINE BLACK
30.085	0.420
30.115	0.375
30.115	0.345
30.145	0.330
POLYLINE BLACK
29.995	0.225
30.055	0.195
POLYLINE BLACK
29.935	0.075
29.995	0.090
POLYLINE BLACK
29.920	0.000
29.950	-0.045
29.980	-0.045
POLYLINE BLACK
29.875	-0.165
29.935	-0.180
POLYLINE BLACK
29.800	-0.255
29.860	-0.270
29.890	-0.270
29.920	-0.300
POLYLINE BLACK
29.785	-0.360
29.815	-0.375
29.830	-0.420
POLYLINE BLACK
29.680	-0.540
29.740	-0.555
POLYLINE BLACK
29.545	-0.645
29.560	-0.675
29.635	-0.690
POLYLINE BLACK
29.470	-0.750
29.485	-0.780
POLYLINE BLACK
29.350	-0.810
29.410	-0.855
29.410	-0.900
POLYLINE BLACK
29.290	-0.915
29.320	-0.960
POLYLINE BLACK
29.170	-0.945
29.200	-0.990
29.230	-1.005
29.245	-1.065
POLYLINE BLACK
30.280	-1.575
30.430	-1.155
30.460	-1.035
30.550	-0.795
30.610	-0.555
30.640	-0.435
30.700	-0.045
30.700	0.405
30.640	0.555
30.580	0.555
30.460	0.645
30.370	0.555
30.250	0.555
30.100	0.405
29.950	0.225
29.950	0.135
29.800	-0.315
29.590	-0.615
29.140	-1.035
POLYLINE BLACK
30.610	-1.065
30.400	-1.395
30.250	-1.785
30.250	-1.875
30.220	-1.995
30.190	-2.325
30.160	-2.445
30.160	-2.595
30.130	-2.715
30.070	-2.775
30.070	-2.925
29.950	-3.315
29.890	-3.705
29.830	-4.035
29.770	-4.365
29.710	-4.635
29.620	-4.875
29.620	-4.965
29.530	-5.205
29.500	-5.415
29.380	-5.535
29.320	-5.535
29.050	-5.655
28.930	-5.445
28.780	-5.265
28.510	-4.755
28.510	-4.665
28.450	-4.545
28.450	-4.455
28.210	-3.945
28.000	-3.645
27.970	-3.525
27.970	-3.375
28.330	-2.475
28.510	-2.235
28.600	-2.025
28.780	-1.725
28.780	-1.665
29.080	-1.245
29.230	-0.795
29.290	-0.735
POLYLINE BLACK
28.060	4.785
POLYLINE BLACK
28.930	4.245
29.230	4.065
29.440	4.065
29.620	4.035
29.680	3.975
29.830	3.975
30.040	3.945
30.100	3.945
30.160	3.885
30.340	3.855
30.370	3.795
30.580	3.735
30.640	3.675
30.790	3.645
31.210	3.285
31.390	2.985
31.600	2.715
31.660	2.565
31.720	2.505
31.720	2.445
31.810	2.265
31.840	2.145
31.930	1.905
32.020	1.455
32.050	1.335
32.050	1.065
31.990	0.885
31.900	0.735
31.810	0.615
31.810	0.555
31.600	0.315
31.360	0.015
31.030	-0.405
30.910	-0.495
30.730	-0.795
30.730	-0.855
30.670	-0.915
30.640	-1.035
30.580	-1.185
POLYLINE BLACK
28.960	4.245
28.870	4.185
28.540	4.095
28.240	4.035
27.880	4.125
27.250	4.305
27.070	4.335
27.010	4.395
26.830	4.395
26.560	4.335
26.230	4.125
26.050	3.885
26.020	3.765
25.990	3.645
25.990	3.345
26.050	3.075
26.440	2.655
26.500	2.655
26.740	2.445
26.950	2.295
27.400	2.055
27.460	2.055
27.550	1.935
27.640	1.905
27.850	1.605
27.970	1.395
28.270	1.185
28.360	1.155
28.390	1.095
28.450	1.095
28.750	0.915
28.960	0.705
29.020	0.555
29.170	0.405
29.350	0.105
29.380	-0.045
29.410	-0.165
29.410	-0.405
29.350	-0.585
29.380	-0.645
29.290	-0.825
29.290	-0.915
POLYLINE GRAY
25.130	4.295
25.230	4.295
25.280	4.305
POLYLINE GRAY
25.060	4.135
25.180	4.195
POLYLINE GRAY
25.170	4.085
25.220	4.155
POLYLINE GRAY
25.310	4.065
25.310	4.145
POLYLINE GRAY
25.470	4.085
25.440	4.145
25.440	4.165
POLYLINE GRAY
25.580	4.165
25.540	4.245
POLYLINE GRAY
25.680	4.225
25.650	4.265
POLYLINE GRAY
25.810	4.285
25.780	4.355
POLYLINE GRAY
25.950	4.325
25.930	4.345
POLYLINE GRAY
26.070	4.285
26.090	4.355
POLYLINE GRAY
26.260	4.255
26.270	4.315
POLYLINE GRAY
26.400	4.185
26.420	4.205
26.420	4.245
POLYLINE GRAY
26.570	4.115
26.590	4.185
POLYLINE GRAY
26.700	4.045
26.690	4.085
26.680	4.125
POLYLINE GRAY
26.870	4.235
26.830	4.225
26.780	4.245
POLYLINE GRAY
26.750	4.325
26.690	4.325
26.670	4.335
POLYLINE GRAY
26.710	4.465
26.640	4.415
26.620	4.415
POLYLINE GRAY
26.570	4.475
26.520	4.465
POLYLINE GRAY
26.400	4.565
26.370	4.495
POLYLINE GRAY
26.240	4.605
26.210	4.565
POLYLINE GRAY
26.070	4.695
26.040	4.595
POLYLINE GRAY
25.870	4.705
25.860	4.655
25.860	4.625
POLYLINE GRAY
25.720	4.655
25.710	4.605
POLYLINE GRAY
25.610	4.615
25.630	4.555
POLYLINE GRAY
25.530	4.625
25.520	4.585
25.530	4.545
POLYLINE GRAY
25.400	4.555
25.420	4.505
POLYLINE GRAY
25.290	4.505
25.320	4.455
POLYLINE GRAY
25.180	4.445
25.210	4.415
25.220	4.385
25.240	4.375
POLYLINE GRAY
26.820	4.375
26.740	4.455
26.700	4.455
26.640	4.515
26.360	4.595
26.180	4.655
26.040	4.695
25.800	4.695
25.720	4.675
25.680	4.635
25.640	4.655
25.540	4.615
25.500	4.635
25.400	4.555
25.320	4.535
25.280	4.495
25.240	4.495
25.100	4.315
25.100	4.315
25.060	4.135
25.140	4.055
25.280	4.055
25.380	4.035
25.400	4.075
25.500	4.095
25.720	4.235
25.780	4.235
25.980	4.315
26.040	4.315
26.240	4.235
26.300	4.235
26.520	4.115
26.560	4.115
26.640	4.055
26.740	4.075
26.820	4.095
26.860	4.135
26.880	4.235
26.860	4.315
26.760	4.375
26.720	4.475
POLYLINE GRAY
19.495	4.480
20.455	4.780
20.815	4.960
21.055	4.900
21.175	4.960
21.295	4.840
21.535	4.840
21.655	4.660
21.655	4.780
21.835	4.600
22.075	4.540
22.135	4.420
22.375	4.480
22.795	4.360
22.915	4.420
23.155	4.360
23.395	4.360
24.295	4.720
24.595	4.780
25.015	4.900
25.075	5.020
25.315	5.080
25.435	5.140
25.675	5.140
25.975	5.200
26.095	5.320
26.455	5.320
26.875	5.380
27.295	4.900
27.295	4.360
28.075	3.280
28.315	2.800
28.255	2.560
28.075	2.440
27.715	2.500
27.595	2.620
27.475	2.620
26.995	2.980
26.815	3.160
26.575	3.220
26.275	3.520
26.155	3.460
26.035	3.580
25.795	3.640
25.435	3.460
25.195	3.400
24.355	2.800
24.235	2.800
24.115	2.680
23.875	2.620
23.635	2.440
23.395	2.380
22.255	2.020
21.775	1.960
21.355	1.960
21.235	1.840
20.515	1.840
20.395	1.900
20.275	1.840
19.795	2.020
18.955	2.620
18.895	2.740
18.775	2.740
18.475	3.160
18.295	3.340
POLYLINE GRAY
23.015	3.335
23.075	3.290
POLYLINE GRAY
22.955	3.140
23.090	3.215
POLYLINE GRAY
23.150	3.095
23.150	3.200
23.180	3.230
POLYLINE GRAY
23.330	3.170
23.330	3.245
POLYLINE GRAY
23.540	3.140
23.570	3.230
POLYLINE GRAY
23.705	3.095
23.735	3.170
POLYLINE GRAY
23.885	2.990
23.915	3.095
POLYLINE GRAY
24.170	3.005
24.080	3.065
24.065	3.095
POLYLINE GRAY
24.260	3.125
24.215	3.125
24.155	3.140
POLYLINE GRAY
24.245	3.275
24.155	3.290
POLYLINE GRAY
24.020	3.425
23.990	3.350
POLYLINE GRAY
23.870	3.395
23.840	3.350
23.810	3.335
POLYLINE GRAY
23.615	3.440
23.585	3.410
23.570	3.365
POLYLINE GRAY
23.435	3.455
23.420	3.395
POLYLINE GRAY
23.210	3.425
23.210	3.365
23.225	3.335
POLYLINE GRAY
23.285	3.500
23.345	3.470
23.525	3.470
23.615	3.440
23.675	3.470
23.735	3.440
23.945	3.470
24.245	3.410
24.245	3.170
24.275	3.050
24.215	2.990
24.035	2.960
23.915	2.990
23.855	2.990
23.795	3.050
23.735	3.050
23.675	3.110
23.615	3.110
23.555	3.170
23.495	3.140
23.465	3.200
23.195	3.110
23.045	3.110
22.985	3.170
22.985	3.290
23.165	3.410
23.375	3.440
23.435	3.500
POLYLINE BROWN
9.890	4.415
POLYLINE BROWN
10.040	4.415
10.070	4.475
POLYLINE BROWN
10.130	4.325
10.175	4.385
POLYLINE BROWN
10.325	4.235
10.370	4.295
POLYLINE BROWN
10.340	4.100
10.355	4.130
10.385	4.130
10.445	4.205
POLYLINE BROWN
10.430	3.935
10.460	3.980
10.505	3.995
10.535	4.025
POLYLINE BROWN
10.490	3.830
10.595	3.875
POLYLINE BROWN
10.490	3.695
10.550	3.725
10.610	3.725
POLYLINE BROWN
9.830	4.415
9.965	4.400
10.025	4.370
10.055	4.370
10.085	4.355
10.100	4.325
10.190	4.265
10.220	4.220
10.280	4.175
10.280	4.130
10.340	4.070
10.340	4.040
10.415	3.920
10.415	3.890
10.445	3.845
10.445	3.815
10.535	3.680
10.535	3.650
10.520	3.620
10.535	3.560
10.535	3.515
POLYLINE BROWN
7.295	6.455
POLYLINE BROWN
8.435	4.310
8.435	4.460
POLYLINE BROWN
9.785	4.415
9.845	4.460
POLYLINE BROWN
9.605	4.445
9.680	4.535
POLYLINE BROWN
9.455	4.415
9.590	4.580
POLYLINE BROWN
9.230	4.400
9.245	4.460
POLYLINE BROWN
9.080	4.325
9.095	4.355
POLYLINE BROWN
8.900	4.295
8.945	4.400
POLYLINE BROWN
8.645	4.310
8.660	4.340
8.660	4.385
8.705	4.460
POLYLINE BROWN
8.210	4.325
8.240	4.370
8.240	4.400
8.285	4.460
POLYLINE BROWN
8.030	4.475
8.030	4.445
8.090	4.565
POLYLINE BROWN
7.700	4.430
7.745	4.535
7.760	4.610
POLYLINE BROWN
7.505	4.445
7.565	4.550
POLYLINE BROWN
7.385	4.505
7.445	4.580
POLYLINE BROWN
7.250	4.580
7.310	4.640
POLYLINE BROWN
7.130	4.730
7.250	4.790
POLYLINE BROWN
7.100	4.880
7.160	4.925
7.190	4.925
POLYLINE BROWN
7.100	5.045
7.190	5.075
POLYLINE BROWN
7.085	5.225
7.115	5.225
7.145	5.240
7.190	5.240
POLYLINE BROWN
7.130	5.390
7.250	5.420
POLYLINE BROWN
9.875	4.415
9.755	4.430
9.725	4.445
9.680	4.445
9.650	4.460
9.620	4.445
9.590	4.460
9.335	4.430
9.230	4.385
9.185	4.385
9.125	4.370
9.050	4.325
9.020	4.325
8.945	4.280
8.870	4.280
8.810	4.265
8.750	4.295
8.690	4.280
8.630	4.295
8.600	4.295
8.540	4.310
8.465	4.310
8.345	4.355
8.270	4.355
8.210	4.370
8.150	4.370
8.090	4.385
8.015	4.385
7.895	4.415
7.835	4.415
7.760	4.445
7.730	4.430
7.640	4.430
7.580	4.460
7.550	4.445
7.475	4.460
7.445	4.460
7.385	4.475
7.370	4.505
7.310	4.520
7.190	4.625
7.190	4.655
7.145	4.715
7.115	4.850
7.115	4.880
7.070	5.045
7.070	5.105
7.055	5.135
7.070	5.165
7.070	5.270
7.100	5.465
7.145	5.555
POLYLINE BROWN
-0.120	8.515
POLYLINE BROWN
0.645	7.015
0.645	6.985
0.600	6.835
0.600	6.775
POLYLINE BROWN
1.365	6.640
1.320	6.565
POLYLINE BROWN
1.230	6.715
1.215	6.670
POLYLINE BROWN
1.020	6.865
1.035	6.805
1.005	6.730
POLYLINE BROWN
0.930	6.940
0.840	6.865
0.825	6.835
POLYLINE BROWN
0.630	6.985
0.645	6.955
POLYLINE BROWN
0.405	6.970
0.420	6.895
0.450	6.790
POLYLINE BROWN
0.255	6.865
0.285	6.790
0.345	6.775
POLYLINE BROWN
0.210	6.625
0.285	6.610
0.315	6.625
POLYLINE BROWN
0.210	6.415
0.240	6.415
0.375	6.460
POLYLINE BROWN
0.360	6.235
0.465	6.325
POLYLINE BROWN
0.555	6.115
0.615	6.175
POLYLINE BROWN
0.765	5.995
0.825	6.055
POLYLINE BROWN
0.885	5.860
0.945	5.965
POLYLINE GRAY
12.705	6.045
12.750	6.150
POLYLINE GRAY
12.540	6.090
12.585	6.150
POLYLINE GRAY
12.375	6.165
12.435	6.225
POLYLINE GRAY
12.210	6.270
12.285	6.300
12.300	6.330
POLYLINE GRAY
12.180	6.420
12.210	6.420
12.315	6.480
POLYLINE GRAY
12.180	6.615
12.210	6.585
12.240	6.585
POLYLINE GRAY
12.210	6.735
12.285	6.735
12.315	6.705
POLYLINE GRAY
12.120	6.900
12.135	6.870
12.300	6.885
POLYLINE GRAY
14.670	4.500
14.630	4.660
14.750	5.100
14.910	5.340
14.990	5.500
14.990	5.560
15.050	5.740
15.050	5.800
15.090	5.860
15.110	6.080
15.110	6.160
15.090	6.260
14.850	6.500
14.730	6.540
14.650	6.600
14.590	6.600
14.550	6.640
14.510	6.640
14.430	6.700
14.250	6.660
14.170	6.660
13.950	6.580
13.490	6.260
13.310	6.220
13.050	6.160
13.010	6.120
12.830	6.120
12.730	6.100
12.590	6.120
12.510	6.140
12.430	6.160
12.350	6.180
12.230	6.220
12.130	6.320
12.150	6.480
12.130	6.520
POLYLINE GRAY
14.790	4.740
POLYLINE GRAY
14.590	4.240
14.670	4.400
14.690	4.520
POLYLINE GRAY
14.470	4.080
14.570	4.200
POLYLINE GRAY
14.310	3.980
14.390	4.060
14.470	4.120
POLYLINE GRAY
13.950	3.460
14.050	3.660
POLYLINE GRAY
13.730	2.920
13.750	3.000
13.750	3.040
13.830	3.140
POLYLINE GRAY
13.710	2.540
13.630	2.660
13.630	2.740
POLYLINE GRAY
14.050	2.140
13.970	2.220
13.870	2.260
POLYLINE GRAY
14.810	2.300
14.590	2.180
14.490	2.180
14.450	2.140
POLYLINE GRAY
15.210	2.740
15.030	2.480
POLYLINE GRAY
15.430	3.340
15.350	3.040
POLYLINE GRAY
15.270	3.860
15.350	3.640
POLYLINE GRAY
15.170	4.200
15.210	4.120
15.210	4.060
POLYLINE GRAY
15.540	4.330
15.530	4.350
15.550	4.360
15.570	4.340
15.560	4.320
15.570	4.280
15.580	4.320
15.620	4.320
15.630	4.270
15.640	4.230
15.640	4.260
15.680	4.320
15.700	4.310
15.700	4.280
15.720	4.260
15.730	4.170
15.740	4.150
POLYLINE GRAY
15.410	4.520
15.470	4.510
15.480	4.490
15.460	4.460
15.460	4.440
15.440	4.420
15.480	4.410
15.500	4.390
15.430	4.340
15.380	4.270
POLYLINE GRAY
15.230	4.530
15.260	4.580
15.290	4.600
POLYLINE GRAY
15.140	4.630
15.180	4.680
POLYLINE GRAY
15.070	4.670
15.150	4.740
POLYLINE GRAY
14.970	4.740
15.050	4.810
POLYLINE GRAY
14.900	4.810
14.970	4.860
14.980	4.880
POLYLINE GRAY
14.850	4.840
14.900	4.900
POLYLINE GRAY
14.750	4.920
15.270	4.520
15.350	4.520
POLYLINE GRAY
17.150	7.200
17.910	6.600
18.230	6.440
18.790	5.720
19.350	4.960
19.470	4.840
19.630	4.560
POLYLINE GRAY
15.150	4.200
15.150	4.360
15.430	4.720
15.470	4.640
15.630	4.680
15.710	4.640
15.790	4.680
15.870	4.600
16.030	4.600
16.390	4.480
16.630	4.480
16.630	4.400
16.790	4.280
16.870	4.280
16.990	4.200
17.390	4.080
17.950	3.800
18.230	3.560
18.350	3.360
18.510	3.120
18.630	3.080
18.670	3.000
POLYLINE GRAY
12.150	6.480
12.190	6.560
12.190	6.960
12.470	7.600
12.950	8.200
13.190	8.440
13.230	8.600
13.150	9.040
13.110	9.360
13.030	9.800
13.030	10.440
13.190	10.560
13.670	10.720
13.990	10.720
14.230	10.600
14.390	10.640
14.670	10.520
14.830	10.480
14.950	10.480
15.270	10.280
15.670	9.680
15.830	9.400
15.870	9.240
16.150	8.600
16.350	8.280
16.550	7.880
16.790	7.680
16.790	7.560
16.990	7.360
17.110	7.240
POLYLINE BROWN
8.110	3.520
8.150	3.440
8.230	3.520
8.670	3.520
9.030	3.600
9.150	3.600
9.310	3.560
9.470	3.600
9.590	3.560
9.790	3.600
9.870	3.560
10.070	3.600
10.390	3.600
10.590	3.560
10.830	3.560
10.990	3.520
11.190	3.560
11.270	3.520
11.590	3.560
12.270	3.560
12.510	3.520
12.790	3.520
12.870	3.480
13.030	3.520
13.230	3.480
13.550	3.520
13.830	3.600
13.910	3.560
14.310	3.720
14.750	4.080
15.070	4.760
15.110	4.920
15.310	5.480
15.350	5.840
15.390	5.920
POLYLINE BROWN
7.750	6.120
8.230	6.640
8.750	6.920
9.110	7.320
9.590	7.560
9.750	7.720
10.070	7.920
10.230	7.960
10.590	8.160
10.630	8.280
10.710	8.280
10.790	8.360
10.870	8.360
11.030	8.520
11.190	8.560
11.550	8.680
11.750	8.720
11.990	8.720
12.190	8.680
12.230	8.600
12.870	8.320
13.110	8.280
13.190	8.200
13.270	8.200
13.350	8.120
13.430	8.120
13.990	7.680
14.270	7.400
14.350	7.400
15.070	6.600
15.470	6.160
15.470	6.080
15.550	6.040
POLYLINE BROWN
7.700	6.010
7.780	6.090
7.780	6.010
7.660	6.010
7.340	5.690
6.860	5.490
6.620	5.450
6.460	5.490
6.300	5.450
6.220	5.410
6.140	5.490
5.980	5.490
5.860	5.530
5.780	5.490
5.700	5.610
5.620	5.570
5.460	5.610
5.380	5.690
5.300	5.650
5.220	5.730
5.060	5.770
4.860	5.810
4.700	5.850
4.380	5.930
4.300	6.010
4.140	6.010
4.100	6.090
3.900	6.210
3.820	6.210
3.740	6.290
3.660	6.290
3.580	6.370
3.420	6.410
3.340	6.330
2.980	6.370
2.820	6.410
2.660	6.450
2.500	6.490
2.340	6.490
2.020	6.370
1.420	6.570
0.860	6.970
0.820	7.050
0.580	7.090
0.340	7.010
0.260	6.890
0.220	6.730
0.180	6.570
0.220	6.410
0.340	6.210
0.500	6.170
0.820	5.930
0.980	5.890
1.180	5.810
1.500	5.570
1.580	5.570
1.660	5.490
1.740	5.530
1.860	5.410
2.100	5.330
2.220	5.170
2.380	5.130
2.460	5.050
2.580	5.050
2.740	4.970
2.980	4.690
3.060	4.690
3.140	4.610
3.220	4.610
3.500	4.410
3.580	4.410
3.580	4.330
3.900	4.170
4.100	4.130
4.460	3.970
4.780	3.770
4.860	3.810
4.900	3.730
5.060	3.730
5.140	3.690
5.300	3.730
5.580	3.690
5.900	3.650
5.980	3.690
6.140	3.650
6.300	3.610
6.420	3.650
6.740	3.530
6.820	3.570
6.980	3.490
7.140	3.530
7.300	3.530
7.460	3.490
7.620	3.530
7.700	3.450
7.940	3.530
8.020	3.490
8.180	3.570
POLYLINE BLUE
2.520	11.330
POLYLINE ORANGE
-0.320	7.890
-0.360	7.890
-0.500	7.730
-0.520	7.650
-0.640	7.290
-0.660	7.170
-0.700	7.110
-0.700	7.070
-0.760	6.990
-0.780	6.910
-0.860	6.770
POLYLINE ORANGE
1.540	5.030
1.480	4.970
1.420	4.970
1.360	4.910
1.030	4.910
0.700	5.000
0.400	5.210
0.340	5.210
0.280	5.270
0.160	5.270
0.070	5.300
-0.050	5.270
-0.050	5.180
POLYLINE ORANGE
6.250	5.780
5.980	6.020
5.920	6.020
5.890	6.080
5.650	6.110
5.500	6.110
5.290	5.990
5.110	5.810
4.810	5.540
4.690	5.420
4.180	5.210
4.000	5.210
3.880	5.150
3.730	5.180
3.550	5.120
3.490	5.150
3.370	5.090
3.190	5.150
3.040	5.150
2.860	5.210
2.530	5.210
2.410	5.180
2.260	5.150
2.140	5.180
2.020	5.150
1.750	5.120
1.540	5.060
1.390	4.910
1.330	4.880
POLYLINE ORANGE
7.480	6.650
7.420	7.370
7.300	7.850
7.300	8.030
7.180	8.390
6.820	8.750
6.700	8.750
6.400	8.930
6.160	8.930
6.040	8.990
5.920	8.930
5.740	8.990
5.260	8.750
4.960	8.150
4.900	7.910
4.840	7.790
POLYLINE BLUE
5.090	6.960
POLYLINE BLUE
6.690	6.480
6.910	6.300
6.970	6.200
7.070	6.320
7.090	6.360
6.970	6.340
6.730	6.420
6.590	6.540
POLYLINE BLUE
6.570	6.000
6.750	5.620
6.790	5.580
6.790	5.540
6.830	5.500
6.990	5.680
6.950	5.720
6.910	5.720
6.870	5.760
6.790	5.780
6.750	5.820
6.670	5.820
6.610	5.840
6.530	5.940
POLYLINE BLUE
7.210	5.320
7.310	5.200
7.330	5.120
7.390	4.960
7.450	4.900
7.550	4.740
7.630	4.600
7.710	4.740
7.550	4.820
7.510	4.820
7.310	5.020
7.310	5.060
7.250	5.160
7.190	5.280
POLYLINE BLUE
7.210	4.740
7.210	4.680
7.230	4.600
7.230	4.500
7.310	4.140
7.430	4.280
7.390	4.380
7.310	4.500
7.290	4.580
7.210	4.660
7.170	4.760
POLYLINE BLUE
7.730	3.780
7.730	3.740
7.930	3.360
7.970	3.180
8.050	3.060
8.070	2.980
8.090	2.940
8.090	2.980
8.250	3.080
8.270	3.120
8.190	3.200
8.050	3.400
7.790	3.680
7.750	3.760
POLYLINE BLUE
7.690	2.500
7.750	2.560
POLYLINE BLUE
7.710	2.460
POLYLINE BLUE
7.690	2.480
7.570	2.760
7.570	2.860
7.490	3.080
7.490	3.160
7.550	3.020
7.590	2.980
7.590	2.940
7.650	2.860
7.730	2.680
7.750	2.600
7.770	2.500
POLYLINE BLUE
7.480	6.380
7.390	6.500
POLYLINE BLUE
7.840	5.540
7.840	5.660
7.810	5.750
POLYLINE BLUE
8.110	4.880
8.020	5.000
7.960	5.180
POLYLINE BLUE
8.470	3.680
8.320	3.770
8.200	3.920
8.170	4.010
POLYLINE BLUE
6.490	5.600
6.280	5.780
POLYLINE BLUE
6.910	4.790
6.790	4.970
POLYLINE BLUE
7.240	3.950
7.090	4.190
POLYLINE BLUE
7.330	2.690
7.210	2.960
7.210	3.110
POLYLINE ORANGE
4.920	7.900
4.800	7.700
4.560	7.500
4.280	7.380
4.200	7.300
3.960	7.300
3.880	7.260
3.720	7.300
3.480	7.220
2.680	7.220
2.600	7.180
2.280	7.300
2.160	7.380
2.000	7.420
1.760	7.540
1.520	7.540
1.440	7.500
1.280	7.540
1.080	7.540
0.840	7.620
0.800	7.700
0.840	7.940
0.680	8.260
0.440	8.340
0.360	8.420
-0.040	8.180
-0.480	7.820
-0.480	7.740
POLYLINE ORANGE
-0.440	4.020
-0.640	4.180
-0.720	4.180
-0.960	4.380
-1.240	4.660
-1.320	4.940
-1.280	5.380
-1.280	5.620
-1.160	6.220
-1.080	6.460
-0.960	6.620
-0.680	7.100
-0.560	7.180
-0.440	7.380
-0.440	7.500
-0.280	7.660
-0.160	7.860
POLYLINE ORANGE
0.160	4.300
0.120	4.400
0.080	4.440
0.080	4.480
0.040	4.540
0.040	4.580
-0.080	4.780
-0.140	4.900
-0.140	4.980
-0.160	5.060
-0.100	5.160
0.020	5.260
POLYLINE GREEN
0.520	4.170
0.480	4.160
POLYLINE GREEN
0.580	4.080
0.540	4.070
0.520	4.080
POLYLINE GREEN
0.650	3.990
0.610	3.980
0.590	3.970
POLYLINE GREEN
0.740	3.920
0.670	3.890
0.650	3.870
POLYLINE GREEN
0.840	3.830
0.800	3.800
0.780	3.800
POLYLINE GREEN
0.990	3.750
0.990	3.730
0.920	3.700
POLYLINE GREEN
0.940	3.640
0.930	3.660
POLYLINE GREEN
0.730	3.670
0.760	3.710
0.760	3.740
POLYLINE GREEN
0.550	3.710
0.550	3.760
POLYLINE GREEN
0.420	3.740
0.440	3.820
POLYLINE GREEN
0.290	3.790
0.300	3.830
0.300	3.870
POLYLINE GREEN
0.180	3.820
0.220	3.900
POLYLINE GREEN
0.110	3.860
0.110	3.900
0.130	3.950
POLYLINE GREEN
0.010	3.850
0.010	3.900
0.050	3.960
POLYLINE GREEN
-0.090	3.920
-0.080	3.960
-0.080	3.990
POLYLINE GREEN
-0.210	3.940
-0.190	3.970
-0.190	4.010
POLYLINE GREEN
-0.280	3.950
-0.270	4.010
-0.260	4.030
POLYLINE GREEN
-0.390	4.010
-0.350	4.050
-0.350	4.070
POLYLINE GREEN
0.540	4.190
0.660	4.010
0.800	3.870
0.920	3.790
1.000	3.770
1.100	3.670
1.140	3.610
0.980	3.630
0.940	3.610
0.860	3.650
0.820	3.630
0.660	3.670
0.620	3.710
0.440	3.710
0.320	3.750
0.280	3.790
0.240	3.790
0.120	3.870
0.040	3.890
-0.200	3.970
-0.240	3.950
-0.380	4.010
-0.420	3.990
-0.460	4.030
POLYLINE GREEN
-0.120	4.250
-0.040	4.270
0.000	4.250
0.040	4.270
0.120	4.270
0.180	4.250
0.260	4.290
0.540	4.210
0.840	4.110
1.100	3.970
1.220	3.910
1.260	3.910
1.300	3.870
1.480	3.830
1.640	3.730
1.640	3.670
1.720	3.550
1.740	3.450
1.760	3.370
1.760	3.270
1.780	3.230
1.760	3.170
1.780	3.130
1.780	2.970
1.740	2.810
1.720	2.710
1.720	2.590
1.680	2.530
1.660	2.450
1.580	2.210
1.500	2.030
1.500	1.970
1.420	1.810
1.400	1.710
1.160	1.430
0.980	1.270
0.940	1.270
0.880	1.210
0.800	1.210
0.620	1.110
0.540	1.090
0.420	1.050
0.280	1.050
0.200	1.030
0.040	1.010
-0.140	0.970
-0.220	0.950
-0.300	0.950
-0.340	0.930
-0.460	0.970
-0.500	1.010
-0.580	1.010
-0.760	1.190
-0.840	1.310
-0.940	1.410
-0.940	1.470
-1.000	1.630
-1.000	1.690
-1.080	1.890
-1.080	1.950
-1.120	2.090
-1.140	2.250
-1.140	2.430
-1.080	2.650
-1.060	2.730
-1.000	2.830
-0.920	2.990
-0.860	3.050
-0.640	3.270
-0.620	3.330
-0.480	3.470
-0.460	3.550
-0.440	3.630
-0.440	3.890
-0.460	3.970
-0.460	4.070
-0.500	4.190
-0.660	4.430
-0.660	4.550
-0.560	4.650
-0.500	4.670
-0.420	4.650
POLYLINE GREEN
-0.020	4.270
-0.100	4.250
-0.140	4.230
-0.220	4.250
-0.320	4.450
-0.320	4.550
-0.380	4.690
-0.460	4.710
-0.500	4.710
POLYLINE GREEN
-1.560	5.930
POLYLINE BLUE
0.220	1.150
0.260	1.160
0.280	1.170
POLYLINE BLUE
0.270	1.050
0.300	1.060
0.340	1.050
POLYLINE BLUE
0.260	0.940
0.310	0.940
0.350	0.960
POLYLINE BLUE
0.320	0.840
0.360	0.830
0.400	0.830
POLYLINE BLUE
0.300	0.720
0.350	0.710
0.410	0.710
POLYLINE BLUE
0.240	0.650
0.300	0.610
0.350	0.610
0.370	0.600
POLYLINE BLUE
0.210	0.540
0.270	0.500
0.300	0.500
0.320	0.480
POLYLINE BLUE
0.170	0.420
0.230	0.400
0.240	0.380
POLYLINE BLUE
0.100	0.330
0.120	0.330
0.180	0.280
0.200	0.280
POLYLINE BLUE
0.020	0.240
0.030	0.210
0.050	0.210
0.090	0.180
POLYLINE BLUE
-0.060	0.180
-0.040	0.160
-0.020	0.160
0.070	0.090
POLYLINE BLUE
0.300	1.220
0.420	0.920
0.440	0.820
0.420	0.780
0.420	0.680
0.380	0.540
0.380	0.500
0.280	0.380
0.220	0.240
0.020	0.060
-0.060	0.020
POLYLINE BLUE
-0.790	6.870
POLYLINE BLUE
-0.550	2.990
-0.750	2.950
-0.830	2.990
-0.910	2.950
-0.990	2.990
-1.310	2.870
-1.470	2.710
-1.630	2.590
-1.670	2.430
-1.790	1.990
-1.790	1.870
-1.630	1.350
-1.110	0.830
-0.830	0.670
-0.710	0.550
-0.630	0.550
-0.470	0.390
-0.070	0.110
0.050	-0.010
0.130	-0.050
POLYLINE BLUE
2.010	0.550
1.610	1.070
1.370	1.190
1.290	1.190
1.210	1.270
0.890	1.190
0.730	1.230
0.570	1.190
0.330	1.190
POLYLINE BLUE
3.290	0.910
3.290	0.990
POLYLINE BLUE
3.130	0.830
3.010	0.830
2.970	0.910
POLYLINE BLUE
3.170	0.550
3.010	0.510
2.930	0.510
2.890	0.590
POLYLINE BLUE
3.410	0.310
3.250	0.310
3.170	0.270
POLYLINE BLUE
3.490	0.510
3.530	0.310
3.610	0.190
3.650	0.030
POLYLINE BLUE
3.610	0.670
POLYLINE BLUE
3.410	1.030
3.490	0.990
3.650	1.030
POLYLINE BLUE
2.050	-1.290
1.970	-1.250
1.850	-1.450
1.850	-1.530
POLYLINE BLUE
2.010	-1.050
1.850	-1.090
1.730	-1.010
1.650	-1.050
1.610	-0.970
POLYLINE BLUE
2.090	-0.730
1.650	-0.610
POLYLINE BLUE
2.170	-0.450
1.930	-0.290
POLYLINE BLUE
2.210	-0.170
2.050	-0.130
1.970	-0.090
POLYLINE BLUE
2.250	0.390
2.010	0.430
1.930	0.510
1.850	0.510
POLYLINE BLUE
2.130	0.630
1.890	0.790
1.810	0.790
POLYLINE BLUE
2.130	0.750
2.170	0.470
2.170	-0.250
2.130	-0.450
2.090	-0.610
1.970	-1.050
1.930	-1.250
POLYLINE BLUE
3.530	1.270
2.970	1.070
2.850	0.830
2.850	0.470
3.170	0.150
3.330	0.110
3.450	0.110
3.650	0.310
3.730	0.550
3.730	0.990
3.610	1.270
3.490	1.310
POLYLINE BLUE
4.570	0.550
4.570	0.470
4.650	0.470
POLYLINE BLUE
4.450	0.790
4.530	0.830
POLYLINE BLUE
4.370	1.070
4.530	1.070
POLYLINE BLUE
4.170	1.430
4.410	1.390
POLYLINE BLUE
4.210	1.430
4.210	1.190
4.370	0.710
4.370	0.590
4.410	0.430
4.490	0.350
POLYLINE BLUE
7.450	1.090
7.450	1.570
7.390	1.810
7.390	1.990
7.330	2.230
POLYLINE BLUE
7.390	0.970
6.790	1.630
6.670	1.930
6.370	2.230
5.890	2.710
5.770	2.770
5.230	2.530
5.110	2.530
4.990	2.410
4.810	2.410
4.330	1.810
4.150	1.570
4.150	1.450
4.030	1.330
3.790	1.510
3.550	1.510
3.370	1.390
3.250	1.390
3.130	1.210
2.890	1.210
2.650	1.150
2.530	1.150
2.170	0.910
2.110	0.790
POLYLINE BLUE
9.550	-1.130
9.730	-0.590
9.730	0.850
9.430	1.750
9.070	2.530
8.650	3.130
8.470	3.310
POLYLINE BLUE
9.550	0.010
POLYLINE BLUE
4.270	0.310
4.750	-0.590
5.230	-1.250
6.790	-2.090
7.330	-2.150
7.450	-2.270
7.990	-2.330
8.230	-2.330
8.770	-2.150
9.010	-1.970
9.190	-1.670
9.370	-1.490
9.430	-1.310
9.550	-1.250
9.670	-0.770
POLYLINE BLUE
-1.490	-1.210
-1.450	-1.530
-1.410	-1.650
-1.490	-1.890
-1.370	-2.210
-1.290	-2.290
-1.290	-2.370
-0.930	-2.650
-0.770	-2.690
-0.610	-2.730
-0.530	-2.810
-0.450	-2.770
-0.210	-2.850
0.110	-2.770
0.310	-2.730
0.390	-2.650
0.470	-2.650
0.550	-2.570
0.710	-2.530
0.790	-2.450
0.870	-2.450
1.310	-2.090
1.550	-1.930
1.870	-1.530
2.310	-1.090
2.350	-0.930
2.470	-0.730
2.590	-0.930
2.830	-1.170
2.910	-1.170
2.990	-1.250
3.070	-1.250
3.190	-1.370
3.310	-1.370
3.670	-1.490
3.830	-1.450
4.150	-0.970
4.230	-0.650
4.230	-0.450
4.270	-0.290
4.190	0.030
4.110	0.310
4.110	0.390
POLYLINE BLUE
0.070	-0.010
-0.090	-0.090
-0.210	-0.050
-0.690	-0.290
-0.890	-0.530
-0.970	-0.530
-1.410	-0.970
-1.490	-1.210
-1.490	-1.370
POLYLINE BLUE
0.045	0.300
POLYLINE BLACK
-0.285	0.420

ELEVATION
STATIONS
0.000	0.000	1
4.191	-2.587	2
6.593	-15.468	3
10.807	-22.449	4
14.872	-27.351	5
17.520	-26.508	6
20.882	-43.401	7
25.024	-48.923	8
31.221	-49.327	9
36.818	-49.065	10
42.912	-58.784	11
44.281	-61.589	12
47.191	-91.727	14
53.578	-93.138	15
56.054	-93.297	16
59.441	-93.371	17
4.052	3.895	999
SHOTS
56.054	-93.297	59.441	-93.371
59.441	-93.371	59.711	-96.210
59.441	-93.371	59.309	-85.337
59.441	-93.371	68.589	-110.588
59.441	-93.371	67.301	-113.536
59.441	-93.371	63.513	-104.708
53.578	-93.138	56.054	-93.297
56.054	-93.297	56.457	-95.215
47.191	-91.727	53.578	-93.138
44.281	-61.589	47.191	-91.727
47.191	-91.727	46.321	-91.335
47.191	-91.727	41.192	-89.518
47.191	-91.727	53.774	-92.117
47.191	-91.727	46.700	-91.615
47.191	-91.727	55.579	-81.660
47.191	-91.727	53.007	-75.196
47.191	-91.727	49.890	-70.256
47.191	-91.727	48.289	-72.274
47.191	-91.727	42.013	-71.949
47.191	-91.727	38.676	-72.266
47.191	-91.727	48.388	-93.582
42.912	-58.784	44.281	-61.589
44.281	-61.589	47.467	-62.039
44.281	-61.589	47.442	-62.113
44.281	-61.589	45.484	-62.004
44.281	-61.589	42.698	-62.186
44.281	-61.589	46.235	-62.694
44.281	-61.589	43.383	-62.643
36.818	-49.065	42.912	-58.784
42.912	-58.784	47.700	-58.759
42.912	-58.784	43.736	-58.610
42.912	-58.784	42.355	-57.917
42.912	-58.784	47.325	-59.303
42.912	-58.784	43.839	-58.569
42.912	-58.784	39.345	-57.741
42.912	-58.784	37.585	-58.489
42.912	-58.784	40.962	-58.765
42.912	-58.784	42.755	-62.396
42.912	-58.784	43.442	-62.813
42.912	-58.784	47.306	-66.588
42.912	-58.784	46.993	-60.240
42.912	-58.784	47.267	-55.743
42.912	-58.784	44.044	-55.894
42.912	-58.784	43.617	-49.474
42.912	-58.784	39.117	-46.722
42.912	-58.784	37.729	-59.498
31.221	-49.327	36.818	-49.065
36.818	-49.065	42.753	-58.568
36.818	-49.065	44.598	-52.821
36.818	-49.065	39.911	-48.591
36.818	-49.065	37.531	-52.062
25.024	-48.923	31.221	-49.327
31.221	-49.327	32.167	-48.530
31.221	-49.327	32.495	-49.033
31.221	-49.327	31.584	-50.251
31.221	-49.327	33.885	-50.545
31.221	-49.327	37.928	-47.851
20.882	-43.401	25.024	-48.923
25.024	-48.923	22.327	-47.518
25.024	-48.923	22.664	-47.246
25.024	-48.923	25.613	-48.829
25.024	-48.923	23.734	-48.443
25.024	-48.923	23.483	-48.367
25.024	-48.923	25.059	-48.208
25.024	-48.923	21.867	-44.762
25.024	-48.923	24.610	-42.212
25.024	-48.923	25.072	-48.770
25.024	-48.923	28.756	-48.262
17.520	-26.508	20.882	-43.401
14.872	-27.351	17.520	-26.508
17.520	-26.508	21.875	-27.191
17.520	-26.508	23.562	-28.346
17.520	-26.508	20.297	-27.307
17.520	-26.508	16.428	-27.914
17.520	-26.508	11.633	-27.581
17.520	-26.508	18.727	-43.506
17.520	-26.508	23.514	-40.058
17.520	-26.508	24.299	-48.180
17.520	-26.508	18.514	-5.949
17.520	-26.508	18.113	-15.220
10.807	-22.449	14.872	-27.351
6.593	-15.468	10.807	-22.449
4.191	-2.587	6.593	-15.468
6.593	-15.468	5.084	-10.680
6.593	-15.468	7.044	-7.402
6.593	-15.468	1.683	-16.426
6.593	-15.468	-0.238	-23.193
6.593	-15.468	1.195	-17.768
6.593	-15.468	0.062	-19.943
6.593	-15.468	6.056	-21.737
6.593	-15.468	3.440	-28.020
6.593	-15.468	2.874	-27.656
0.000	0.000	4.191	-2.587
0.000	0.000	4.052	3.895
0.000	0.000	0.153	3.911
0.000	0.000	-2.001	0.168
0.000	0.000	-2.511	0.368
0.000	0.000	-2.319	0.432
0.000	0.000	-1.872	0.488
0.000	0.000	1.245	-0.749
0.000	0.000	2.936	-1.328
0.000	0.000	1.783	-0.653
POLYLINE GREEN
27.630	-70.640
27.570	-70.760
27.570	-70.640
27.510	-70.820
27.630	-70.880
27.750	-70.760
27.690	-70.640
27.570	-70.700
27.570	-70.820
POLYLINE GREEN
27.030	-67.760
27.510	-67.040
27.930	-66.920
28.410	-67.100
28.710	-67.460
28.770	-67.700
28.770	-67.880
28.590	-68.420
27.930	-69.080
27.570	-69.440
27.510	-69.740
27.630	-69.860
27.870	-69.920
POLYLINE GREEN
33.090	-71.840
32.190	-72.320
31.950	-72.380
31.650	-72.620
31.530	-72.620
POLYLINE GREEN
30.210	-71.420
30.390	-71.360
30.930	-71.480
31.530	-71.480
32.130	-71.840
32.310	-71.840
32.550	-71.780
32.790	-71.840
33.090	-71.780
32.490	-71.420
32.310	-71.480
32.070	-71.420
POLYLINE GREEN
38.010	-69.920
38.430	-70.040
POLYLINE GREEN
37.350	-70.580
37.710	-69.920
37.890	-69.380
38.070	-69.140
38.190	-69.140
38.250	-69.560
38.250	-70.400
POLYLINE GREEN
36.150	-69.560
36.210	-69.860
36.210	-70.160
36.270	-70.400
36.090	-69.200
36.270	-69.020
36.870	-69.320
36.990	-69.620
36.810	-70.160
36.390	-70.880
36.270	-70.940
POLYLINE GREEN
34.410	-69.920
34.290	-70.100
34.290	-70.520
34.590	-70.820
35.010	-70.640
35.070	-70.280
35.070	-70.160
34.950	-69.860
34.710	-69.620
34.470	-69.860
34.350	-70.280
POLYLINE GREEN
31.770	-69.380
31.770	-69.560
32.010	-70.280
32.190	-70.580
32.490	-70.700
32.730	-70.340
32.910	-70.760
33.150	-70.460
33.510	-69.680
33.570	-69.500
POLYLINE GREEN
61.530	-103.880
61.650	-104.300
61.890	-104.300
62.010	-104.240
61.950	-104.360
62.370	-104.420
62.610	-104.600
63.090	-104.480
63.750	-104.360
63.990	-104.420
64.170	-104.420
64.290	-104.360
64.530	-104.540
64.650	-104.540
65.070	-104.900
65.310	-105.020
65.490	-105.200
65.910	-105.260
66.150	-105.620
66.270	-106.160
POLYLINE GREEN
51.690	-88.940
51.810	-88.880
POLYLINE GREEN
54.450	-94.400
54.450	-94.520
54.570	-94.520
54.630	-94.760
54.990	-94.880
55.350	-95.180
55.350	-95.180
55.170	-95.360
55.530	-95.300
55.590	-95.420
55.830	-95.480
56.130	-95.360
56.250	-95.480
56.370	-95.480
56.670	-95.240
57.030	-95.540
57.390	-95.480
57.750	-95.600
57.990	-95.420
58.230	-95.480
58.470	-95.420
58.950	-95.540
59.070	-95.480
59.310	-95.660
59.430	-95.600
59.490	-95.780
59.850	-96.020
60.210	-96.320
60.390	-96.320
60.630	-96.680
60.630	-97.040
60.750	-97.040
60.810	-97.160
60.750	-97.580
60.810	-97.820
60.870	-97.940
60.810	-98.240
60.870	-98.480
60.870	-98.900
60.750	-99.200
60.570	-99.440
60.990	-99.380
61.050	-99.500
60.810	-99.800
60.990	-99.920
61.110	-99.920
61.170	-100.040
61.050	-100.220
61.050	-100.340
61.170	-100.340
61.350	-100.640
61.350	-101.000
61.470	-101.540
61.470	-101.960
61.530	-102.200
61.710	-102.440
61.590	-102.800
61.950	-103.160
61.890	-103.400
61.710	-103.760
61.710	-103.940
61.890	-104.120
POLYLINE GREEN
50.490	-93.380
50.490	-93.620
50.610	-93.680
50.850	-93.500
50.910	-93.740
51.210	-93.680
51.450	-93.740
52.110	-93.620
52.470	-93.680
52.710	-93.620
52.710	-93.740
52.830	-93.740
52.830	-93.920
53.490	-94.100
53.670	-94.280
53.790	-94.220
53.970	-94.400
POLYLINE GREEN
43.170	-91.580
42.990	-91.820
43.050	-91.940
43.230	-91.940
43.350	-92.060
43.290	-92.300
43.830	-92.360
44.190	-92.360
44.730	-92.060
44.850	-92.060
44.730	-92.300
45.270	-92.480
45.390	-92.540
45.810	-92.420
45.810	-92.540
46.050	-92.600
46.530	-92.480
46.890	-92.420
47.010	-92.300
47.190	-92.540
47.490	-92.420
47.790	-92.420
47.790	-92.540
47.670	-92.660
47.850	-92.780
48.090	-92.660
48.030	-92.780
48.330	-92.960
48.690	-92.960
48.810	-93.200
49.050	-93.260
49.350	-93.260
49.470	-93.380
49.710	-93.380
49.950	-93.440
50.070	-93.320
50.310	-93.320
50.550	-93.380
POLYLINE GREEN
39.030	-80.720
38.970	-80.840
39.210	-80.840
39.150	-81.080
39.030	-81.380
39.150	-81.260
39.210	-81.380
39.150	-81.500
39.450	-82.040
39.570	-81.980
39.570	-82.100
39.690	-81.980
39.870	-82.220
39.870	-82.460
39.750	-82.700
39.870	-82.700
39.870	-83.120
39.990	-83.120
40.050	-83.420
40.170	-83.540
40.110	-83.780
40.170	-84.020
40.170	-84.560
40.290	-84.920
40.230	-85.220
40.410	-85.460
40.410	-85.820
40.470	-86.000
40.350	-86.360
40.350	-86.660
40.470	-86.660
40.710	-87.080
40.710	-87.320
41.130	-87.740
41.310	-87.920
41.370	-88.040
41.310	-88.340
41.790	-88.340
41.730	-88.640
41.490	-88.880
41.490	-89.000
41.610	-89.060
42.150	-88.940
41.910	-89.360
41.910	-89.480
42.090	-89.480
42.510	-89.300
42.150	-89.900
42.150	-90.080
42.330	-90.260
42.450	-90.200
42.330	-90.560
42.450	-90.800
42.450	-90.980
42.690	-91.040
42.750	-91.160
42.690	-91.460
42.810	-91.520
POLYLINE GREEN
32.310	-72.020
32.250	-72.140
32.310	-72.320
32.550	-72.260
32.550	-72.260
32.610	-72.380
32.850	-72.260
33.090	-72.440
33.150	-72.200
33.330	-72.320
33.390	-72.200
33.390	-72.320
33.510	-72.440
33.750	-72.260
33.810	-72.380
33.930	-72.380
33.990	-72.260
33.990	-72.380
34.110	-72.500
34.170	-72.380
34.470	-72.320
34.590	-72.260
34.710	-72.320
34.830	-72.200
35.130	-72.260
35.370	-72.200
35.610	-72.200
35.850	-72.260
35.970	-72.380
36.270	-72.380
36.390	-72.500
36.690	-72.500
36.690	-72.380
36.750	-72.500
36.870	-72.440
36.870	-72.560
36.990	-72.500
37.470	-72.800
37.410	-73.040
37.530	-73.160
37.650	-73.160
37.650	-73.280
37.770	-73.400
37.770	-73.640
37.890	-73.640
37.890	-73.760
38.190	-73.820
38.430	-73.820
38.250	-74.060
38.250	-74.180
38.670	-74.060
38.430	-74.540
38.730	-74.480
38.850	-74.420
38.790	-74.600
38.610	-74.780
38.610	-74.900
38.730	-74.960
38.670	-75.380
39.210	-75.440
39.030	-75.740
39.030	-75.860
39.270	-75.860
39.270	-76.040
39.150	-76.280
39.270	-76.340
39.270	-76.460
39.090	-76.760
39.210	-77.000
39.030	-77.300
39.030	-77.540
39.090	-77.780
38.970	-78.140
39.150	-78.380
38.970	-78.800
39.090	-78.920
39.330	-78.920
39.330	-79.100
39.150	-79.340
39.210	-79.460
39.330	-79.460
39.390	-79.640
39.150	-79.880
39.090	-80.060
39.090	-80.660
39.210	-80.780
POLYLINE BLUE
60.660	-100.310
60.720	-100.430
60.720	-100.370
60.960	-100.910
60.960	-101.150
61.020	-101.390
61.020	-101.930
61.080	-102.170
61.080	-103.010
61.260	-103.790
61.320	-104.030
61.320	-104.210
61.500	-104.990
61.620	-104.930
61.740	-104.990
61.980	-104.870
62.160	-104.930
62.280	-104.870
62.400	-104.990
62.520	-104.870
62.760	-104.870
63.000	-104.810
63.120	-104.690
63.480	-104.870
63.720	-104.930
64.500	-105.110
64.980	-105.110
65.160	-105.170
POLYLINE BLUE
54.540	-77.510
54.720	-77.870
54.720	-78.050
54.960	-78.590
55.080	-78.710
55.080	-78.830
55.200	-78.950
55.380	-79.670
55.320	-79.970
55.380	-80.090
55.320	-80.330
55.320	-80.690
55.440	-81.230
55.620	-81.590
55.680	-81.830
56.040	-82.550
56.160	-82.670
56.220	-83.270
56.340	-83.750
56.940	-84.290
57.360	-84.590
57.480	-84.590
57.540	-84.710
57.540	-84.710
58.080	-84.710
58.500	-84.590
58.620	-84.650
58.740	-84.590
59.280	-85.310
59.520	-85.370
59.640	-85.490
59.880	-85.490
60.240	-85.610
60.360	-85.550
60.900	-85.670
61.140	-85.670
61.260	-85.790
61.800	-85.850
62.400	-86.030
62.520	-85.970
62.640	-86.090
62.880	-86.150
63.420	-86.330
63.660	-86.390
POLYLINE BLUE
55.960	-95.510
56.960	-95.810
57.560	-95.810
57.960	-95.710
58.560	-95.710
59.360	-96.010
59.760	-96.010
60.260	-96.710
60.360	-97.110
60.360	-98.110
60.460	-98.510
60.460	-98.910
60.560	-99.110
60.460	-99.610
60.860	-100.410
60.860	-100.610
POLYLINE BLUE
49.360	-93.710
50.260	-93.710
50.660	-93.810
52.460	-93.810
53.660	-94.410
54.360	-95.010
54.560	-95.010
54.760	-95.210
55.160	-95.210
55.360	-95.410
55.760	-95.410
55.960	-95.510
56.160	-95.410
56.560	-95.510
POLYLINE BLUE
36.660	-72.310
37.760	-73.910
38.160	-74.610
38.260	-75.010
38.560	-76.310
38.560	-76.710
38.660	-77.110
38.660	-79.210
38.560	-79.610
38.560	-80.310
38.660	-80.710
38.860	-81.910
38.860	-82.210
38.960	-82.410
39.560	-82.310
39.660	-82.810
39.960	-84.310
39.960	-85.810
40.060	-86.210
40.060	-86.810
40.260	-87.510
40.460	-87.510
40.760	-87.910
40.860	-88.210
41.060	-88.210
41.360	-89.110
41.260	-89.310
41.660	-90.410
41.760	-90.810
42.560	-92.310
42.760	-92.310
43.160	-92.610
43.560	-92.710
43.760	-92.810
44.260	-92.710
44.860	-92.710
45.060	-92.910
45.460	-92.910
46.060	-92.710
46.660	-92.910
46.860	-92.810
47.260	-92.910
47.660	-92.910
47.760	-93.110
47.960	-93.110
48.160	-93.310
48.360	-93.310
48.660	-93.610
49.260	-93.810
49.460	-93.710
49.660	-93.910
POLYLINE BLUE
38.660	-72.310
38.460	-72.410
38.060	-72.310
37.860	-72.410
37.160	-71.710
POLYLINE BLUE
45.580	-66.450
45.180	-67.150
45.480	-68.450
45.880	-69.250
46.080	-70.050
46.580	-71.150
47.180	-71.550
47.280	-71.750
47.680	-71.850
47.880	-72.050
48.080	-72.050
48.180	-72.250
48.380	-72.250
49.480	-71.050
49.780	-70.550
50.080	-70.250
50.480	-70.150
51.580	-71.050
52.380	-72.550
52.380	-72.950
52.580	-73.150
52.680	-73.750
52.880	-73.950
52.880	-74.250
53.280	-75.050
53.280	-75.250
53.480	-75.550
53.580	-75.950
54.380	-76.950
54.580	-77.450
54.880	-77.850
POLYLINE BLUE
43.080	-62.750
43.080	-62.950
43.380	-62.950
43.680	-63.450
43.880	-64.450
43.880	-65.450
43.780	-65.850
43.680	-66.750
43.480	-67.350
43.380	-68.250
43.080	-69.150
43.080	-69.450
42.980	-69.850
42.680	-71.050
42.380	-71.750
41.780	-72.050
40.680	-72.250
39.880	-72.250
39.680	-72.350
39.080	-72.150
38.280	-72.350
37.880	-72.450
POLYLINE BLUE
46.600	-59.940
46.440	-60.500
46.440	-60.620
46.400	-60.820
46.240	-61.620
46.240	-62.140
46.200	-62.300
46.200	-63.300
46.160	-63.500
46.160	-63.620
46.120	-63.780
46.120	-64.060
45.760	-65.380
45.760	-65.500
45.600	-65.860
45.520	-66.180
45.400	-66.540
45.400	-66.900
POLYLINE BLUE
42.240	-59.940
42.480	-59.980
42.600	-60.420
42.760	-60.900
42.880	-61.420
42.880	-61.540
43.000	-62.060
43.000	-62.380
43.040	-62.580
43.040	-62.740
43.120	-62.740
43.200	-62.820
43.360	-62.860
43.360	-62.940
43.400	-62.860
43.400	-62.940
43.640	-62.860
POLYLINE BLUE
46.720	-55.500
46.440	-55.860
46.440	-55.940
46.360	-56.020
46.360	-56.620
46.400	-56.780
46.400	-56.980
46.440	-57.140
46.520	-57.460
46.600	-57.780
46.680	-58.220
46.720	-58.580
46.720	-59.140
46.680	-59.300
46.640	-59.460
46.600	-59.740
46.520	-60.180
46.520	-60.300
POLYLINE BLUE
44.680	-53.300
44.720	-53.380
44.680	-53.540
44.640	-53.900
44.640	-54.020
44.680	-54.180
44.680	-54.300
44.840	-54.660
45.200	-55.180
45.400	-55.380
45.640	-55.380
45.720	-55.420
45.880	-55.380
45.960	-55.420
46.200	-55.300
POLYLINE BLUE
39.960	-47.060
40.160	-47.180
40.320	-47.220
40.400	-47.300
40.480	-47.300
40.560	-47.380
40.640	-47.380
41.000	-47.740
41.360	-48.100
41.440	-48.100
41.840	-48.380
41.880	-48.460
42.040	-48.500
42.320	-48.900
42.360	-49.060
42.440	-49.140
42.480	-49.300
42.560	-49.460
42.960	-49.740
43.040	-49.820
43.120	-49.820
43.240	-50.020
43.320	-50.060
43.360	-50.180
43.880	-50.700
44.320	-51.500
44.400	-51.700
44.520	-51.860
44.560	-52.020
44.680	-52.460
44.720	-52.700
44.680	-52.900
44.680	-53.220
44.600	-53.460
44.520	-53.540
44.520	-53.540
44.520	-53.540
POLYLINE BLUE
34.160	-47.660
34.320	-47.540
34.400	-47.540
34.560	-47.380
34.640	-47.420
35.120	-47.100
35.280	-47.100
35.360	-47.020
35.720	-47.020
35.840	-46.900
36.000	-46.860
36.160	-46.740
36.280	-46.780
36.440	-46.740
36.520	-46.660
36.760	-46.660
37.040	-46.580
37.200	-46.620
37.520	-46.660
37.960	-46.740
38.120	-46.700
38.440	-46.740
38.600	-46.700
38.880	-46.700
39.080	-46.780
39.240	-46.700
39.320	-46.780
39.480	-46.820
39.800	-46.900
39.840	-46.980
39.920	-46.940
40.160	-47.100
40.240	-47.100
POLYLINE BLACK
31.720	-45.800
POLYLINE BLUE
35.560	-49.820
35.680	-49.940
35.740	-50.180
36.160	-50.840
36.220	-51.080
36.400	-51.440
36.400	-51.620
36.520	-51.740
36.580	-51.980
36.640	-52.100
36.640	-51.920
36.580	-51.680
36.520	-51.200
36.400	-50.540
36.400	-49.640
36.460	-49.340
36.040	-49.640
35.920	-49.520
35.800	-49.640
35.680	-49.640
35.620	-49.760
35.500	-49.760
35.380	-49.880
POLYLINE BLUE
36.220	-54.800
35.920	-54.740
35.560	-54.560
35.320	-54.560
35.200	-54.440
34.900	-54.440
34.720	-54.380
34.540	-54.020
34.540	-53.480
34.600	-53.180
34.600	-52.340
34.420	-51.680
34.360	-51.440
34.240	-51.140
33.940	-50.840
33.820	-50.780
33.820	-50.660
33.580	-50.660
33.340	-50.600
32.980	-50.600
32.740	-50.540
32.500	-50.480
32.320	-50.540
32.080	-50.480
31.780	-50.480
31.660	-50.420
31.420	-50.480
31.060	-50.480
31.000	-50.600
30.760	-50.540
30.460	-50.540
30.100	-50.360
29.980	-50.420
29.740	-50.360
29.080	-50.360
POLYLINE BLUE
37.360	-47.840
37.120	-47.840
36.820	-48.080
36.580	-48.140
36.460	-48.260
36.640	-48.260
36.880	-48.440
37.300	-48.440
37.420	-48.500
37.900	-48.200
38.020	-47.960
37.960	-47.780
37.720	-47.720
37.480	-47.660
37.000	-47.780
36.880	-47.720
POLYLINE BLUE
36.100	-54.800
36.220	-54.800
36.340	-54.920
36.580	-54.920
36.580	-55.040
36.880	-55.160
37.060	-55.700
37.180	-56.480
37.180	-56.720
37.540	-57.860
37.540	-58.040
37.900	-59.240
38.140	-59.780
38.380	-59.720
38.800	-59.600
38.920	-59.660
39.160	-59.600
39.520	-59.600
39.760	-59.540
40.060	-59.540
40.180	-59.480
40.420	-59.540
40.900	-59.540
41.560	-59.780
42.040	-59.840
42.400	-59.900
POLYLINE BLUE
32.380	-38.600
POLYLINE BLUE
25.840	-42.020
25.840	-42.140
26.080	-42.380
26.380	-43.400
26.980	-44.720
26.980	-44.900
27.040	-45.140
27.040	-45.380
26.920	-45.860
26.980	-45.980
26.920	-46.160
26.980	-46.400
27.100	-46.880
27.880	-47.660
28.240	-47.900
28.480	-48.140
28.600	-48.140
29.080	-48.440
29.620	-48.440
29.920	-48.500
30.400	-48.620
30.820	-48.800
31.000	-48.800
31.240	-48.860
31.480	-48.860
31.900	-48.800
32.140	-48.800
32.560	-48.680
32.740	-48.680
33.220	-48.560
33.520	-48.140
34.300	-47.540
34.360	-47.420
POLYLINE BLUE
14.800	-45.360
14.900	-45.760
POLYLINE BLUE
15.000	-44.060
14.900	-44.260
POLYLINE BLUE
15.600	-42.560
15.400	-42.960
POLYLINE BLUE
24.000	-48.560
24.400	-48.660
24.600	-48.560
POLYLINE BLUE
22.500	-48.660
23.200	-48.660
POLYLINE BLUE
20.700	-48.460
21.300	-48.660
POLYLINE BLUE
19.000	-48.460
19.400	-48.460
POLYLINE BLUE
17.200	-47.760
17.400	-48.160
17.600	-48.260
POLYLINE BLUE
15.600	-46.960
15.600	-47.160
15.800	-47.160
POLYLINE BLUE
16.700	-41.660
16.200	-41.960
POLYLINE BLUE
16.700	-43.760
16.900	-43.560
POLYLINE BLUE
16.300	-44.860
POLYLINE BLUE
17.000	-45.660
POLYLINE BLUE
18.100	-46.660
17.900	-46.460
POLYLINE BLUE
19.700	-47.060
19.400	-47.060
19.200	-46.960
POLYLINE BLUE
21.600	-46.960
20.900	-47.160
POLYLINE BLUE
23.400	-47.160
23.200	-47.260
POLYLINE BLUE
25.200	-47.860
24.700	-47.560
POLYLINE BLUE
21.700	-44.260
21.700	-45.560
21.600	-45.960
21.800	-47.060
21.800	-47.460
21.900	-47.860
22.100	-48.860
22.300	-49.060
23.000	-49.060
23.600	-49.260
24.000	-49.660
25.100	-49.860
25.500	-49.960
25.700	-50.060
25.900	-49.960
26.300	-50.060
26.600	-50.060
27.200	-50.260
27.900	-50.060
28.100	-50.160
28.300	-50.060
28.500	-50.160
28.700	-50.060
29.300	-50.360
POLYLINE BLUE
10.740	-6.770
9.840	-5.270
9.540	-5.270
8.490	-4.070
POLYLINE BLUE
15.990	-5.420
15.990	-5.720
15.090	-7.970
15.090	-8.270
14.640	-8.570
14.340	-9.320
13.290	-9.170
11.940	-7.820
11.940	-7.520
10.440	-6.170
POLYLINE BLUE
24.240	-30.920
24.240	-30.470
24.090	-30.170
24.240	-29.870
24.090	-28.520
24.090	-26.570
23.790	-24.770
23.640	-24.170
23.190	-22.970
23.190	-22.520
22.440	-20.870
22.290	-20.270
21.540	-18.470
21.240	-17.270
20.790	-16.670
20.790	-16.370
20.490	-16.070
20.490	-15.620
20.040	-14.720
19.890	-14.120
19.590	-13.820
19.590	-13.370
18.990	-11.570
18.990	-10.370
18.840	-9.320
18.840	-7.670
18.990	-7.070
18.990	-6.320
19.140	-6.020
POLYLINE BLUE
23.940	-31.670
23.940	-32.870
23.790	-33.620
23.790	-35.420
23.640	-36.470
23.640	-36.920
23.790	-37.520
23.940	-38.720
23.940	-40.070
23.790	-40.370
23.940	-40.970
23.940	-41.270
24.840	-41.720
25.440	-41.870
26.040	-42.020
POLYLINE BLUE
13.890	-28.370
14.940	-31.070
15.090	-31.820
15.690	-33.170
15.690	-33.620
15.840	-34.220
16.140	-35.720
16.440	-36.620
16.440	-37.520
16.740	-38.870
16.890	-39.470
17.040	-40.220
17.190	-41.570
17.190	-42.620
17.490	-43.820
18.090	-43.820
18.690	-43.970
19.590	-43.820
20.190	-44.120
20.790	-43.970
21.390	-44.120
21.690	-43.970
21.990	-44.120
POLYLINE BLUE
17.340	-27.170
16.740	-27.770
15.240	-28.370
14.940	-28.220
14.640	-28.370
14.340	-28.220
13.740	-28.370
13.140	-28.370
12.540	-28.220
11.640	-28.220
11.040	-28.070
10.740	-27.770
10.440	-27.920
8.940	-27.020
8.340	-27.020
7.740	-26.720
7.290	-27.020
5.790	-27.020
5.640	-26.420
5.640	-25.220
6.090	-23.570
6.390	-22.220
POLYLINE BLUE
-1.960	-1.520
POLYLINE BLUE
6.840	-22.520
POLYLINE BLUE
3.540	-18.320
3.740	-19.320
3.640	-20.420
3.640	-22.420
4.640	-22.520
4.840	-22.620
5.340	-22.520
5.740	-22.520
5.940	-22.420
6.140	-22.520
6.540	-22.420
6.940	-22.320
POLYLINE BLUE
3.440	-4.720
3.440	-6.120
3.640	-7.920
3.740	-8.820
3.740	-11.920
3.840	-12.320
3.840	-14.320
3.740	-14.720
3.740	-15.220
3.640	-15.720
3.740	-16.720
3.740	-18.520
3.640	-18.320
POLYLINE BLUE
3.000	3.540
POLYLINE BLUE
7.400	-3.160
7.300	-2.760
6.600	-2.060
5.200	-1.460
4.800	-1.460
4.400	-1.660
3.800	-2.460
POLYLINE BLUE
14.400	11.840
POLYLINE BLUE
3.900	-2.360
3.800	-1.960
3.600	-1.160
3.500	-0.660
2.700	0.340
2.500	0.240
1.700	0.440
1.300	0.440
0.700	0.640
POLYLINE BLUE
1.400	3.640
0.900	3.140
0.300	3.240
0.100	3.440
-0.100	3.340
-0.100	3.540
-0.500	3.940
-0.600	3.340
-0.600	2.540
-0.500	2.340
POLYLINE BLUE
4.800	6.840
4.900	6.340
4.400	4.940
4.200	4.740
4.000	4.740
3.400	4.240
3.000	4.340
2.400	4.040
1.600	3.840
1.200	3.640
POLYLINE BLUE
8.600	-3.860
8.900	-2.960
8.900	-2.060
9.000	-1.560
9.000	-0.160
8.500	0.340
7.700	0.840
7.400	1.340
7.400	2.840
7.500	3.340
7.400	3.940
7.400	4.440
7.300	4.840
7.300	5.340
7.400	6.040
7.400	7.640
7.600	8.540
POLYLINE BLUE
5.000	1.140
5.800	0.940
6.100	0.640
6.100	0.040
6.400	-0.260
6.800	-0.560
7.000	-0.560
7.700	-0.960
8.000	-1.860
8.000	-2.260
7.700	-3.260
POLYLINE BLUE
5.000	1.140
4.700	0.840
4.500	0.240
4.100	0.040
3.900	0.240
POLYLINE BLUE
0.900	0.540
1.600	1.240
1.700	1.540
2.400	2.040
2.800	2.140
3.800	1.640
4.200	1.640
4.100	1.240
3.800	0.340
POLYLINE BLUE
-0.360	-0.320
0.160	-0.840
0.280	-1.480
0.400	-1.840
0.400	-1.960
0.520	-2.400
0.520	-2.400
0.520	-2.720
0.560	-2.880
0.520	-3.160
0.560	-3.320
0.560	-3.760
0.600	-3.960
0.600	-4.160
0.640	-4.320
0.640	-4.480
0.680	-4.640
0.680	-4.840
0.960	-4.840
1.200	-4.800
1.320	-4.800
1.480	-4.720
1.680	-4.720
1.760	-4.760
2.040	-4.640
2.200	-4.680
2.520	-4.640
2.880	-4.600
2.960	-4.560
3.040	-4.600
3.320	-4.560
3.480	-4.560
3.640	-4.520
POLYLINE BLUE
-2.280	2.160
-2.280	1.920
-2.240	1.720
-2.240	1.560
-2.120	1.280
-2.160	1.040
-2.080	0.520
-2.080	0.360
-2.040	0.200
-2.040	0.040
-2.000	-0.160
-2.000	-0.280
-1.960	-0.360
-1.640	-0.320
-1.440	-0.320
-1.120	-0.240
-0.920	-0.240
-0.760	-0.280
-0.600	-0.240
-0.280	-0.240
POLYLINE BLUE
-2.960	5.080
POLYLINE BLUE
-3.040	5.000
