TRIP
DATE 2005-07-01 
DECLINATION     0.00
DATA
1.1	1.2	110.75	-80.90	10.032	>
1.2		246.65	0.78	1.618	>
1.2		290.62	5.44	1.361	>
1.2		165.33	-5.07	1.573	>
1.2		194.53	-4.40	1.850	>
1.2		293.26	3.27	1.314	>
1.2		264.51	-88.53	2.043	>
1.2	1.3	174.95	-16.43	3.314	>
1.3		51.50	-0.72	1.118	>
1.3		58.24	-70.56	2.106	>
1.3	1.4	104.34	7.53	2.509	>
1.4		253.99	-0.82	0.838	>
1.4		168.86	3.39	3.786	>
1.4		120.53	-3.81	0.947	>
1.4		94.60	-84.08	1.450	>
1.4		246.46	79.92	4.938	>
1.4	1.5	54.91	-24.70	1.610	>
1.5		22.33	3.90	0.794	>
1.5	1.6	59.71	-78.12	2.677	>
1.6		175.45	-82.15	1.939	>
1.6	1.7	333.01	6.72	5.083	>
1.7		322.67	0.28	1.647	>
1.7		255.23	0.98	0.698	>
1.7		100.99	-82.46	11.515	>
1.7		276.26	70.23	2.954	>

PLAN
STATIONS
0.000	0.000	1.1
1.483	-0.562	1.2
1.763	-3.728	1.3
4.173	-4.344	1.4
5.370	-3.503	1.5
5.846	-3.225	1.6
3.555	1.273	1.7
SHOTS
5.846	-3.225	3.555	1.273
3.555	1.273	2.556	2.583
3.555	1.273	2.880	1.095
3.555	1.273	5.038	0.985
3.555	1.273	2.562	1.382
5.370	-3.503	5.846	-3.225
5.846	-3.225	5.867	-3.489
4.173	-4.344	5.370	-3.503
5.370	-3.503	5.671	-2.770
1.763	-3.728	4.173	-4.344
4.173	-4.344	3.368	-4.575
4.173	-4.344	4.903	-8.052
4.173	-4.344	4.987	-4.824
4.173	-4.344	4.322	-4.356
4.173	-4.344	3.381	-4.689
1.483	-0.562	1.763	-3.728
1.763	-3.728	2.638	-3.032
1.763	-3.728	2.359	-3.359
0.000	0.000	1.483	-0.562
1.483	-0.562	-0.002	-1.203
1.483	-0.562	0.215	-0.085
1.483	-0.562	1.880	-2.078
1.483	-0.562	1.020	-2.348
1.483	-0.562	0.278	-0.044
1.483	-0.562	1.431	-0.567
POLYLINE BLACK
8.784	1.180
8.904	1.100
9.024	1.100
9.344	0.900
9.544	0.500
9.584	0.340
9.184	1.020
9.264	1.140
9.904	1.620
10.064	1.780
POLYLINE BLACK
8.784	1.420
8.704	1.420
8.624	1.140
8.624	0.780
8.784	0.620
POLYLINE BLACK
8.824	0.420
POLYLINE BLACK
8.424	1.460
8.344	1.660
8.384	1.380
8.704	0.460
8.784	0.380
POLYLINE BLACK
8.544	0.820
8.184	0.700
8.104	0.420
8.144	0.260
8.224	0.180
8.384	0.140
8.544	0.220
8.584	0.300
8.504	0.700
POLYLINE BLACK
7.304	0.540
7.104	0.580
6.864	0.420
6.784	0.140
6.784	-0.100
6.984	-0.300
7.184	-0.220
7.344	-0.060
7.344	0.180
7.464	0.380
7.344	0.540
7.344	0.300
7.504	-0.100
7.584	-0.140
7.624	0.020
7.624	0.140
7.664	0.220
7.624	0.380
7.664	0.580
7.704	0.660
7.904	0.460
8.024	0.060
8.064	-0.180
7.944	0.220
7.904	0.540
7.944	0.820
8.024	0.900
8.184	0.740
8.344	0.140
8.384	-0.020
POLYLINE BLACK
4.984	0.020
5.264	-0.740
5.264	-0.620
5.184	-0.260
5.304	0.020
5.384	0.020
5.544	-0.260
5.584	-0.500
5.544	-0.340
5.584	-0.140
5.664	0.140
5.824	-0.020
5.984	-0.580
6.184	-0.620
6.384	-0.500
6.584	-0.140
6.584	0.260
6.424	0.420
6.224	0.380
6.064	0.100
6.064	-0.100
6.224	-0.340
6.544	-0.500
6.704	-0.500
6.864	-0.420
POLYLINE BLACK
2.524	2.600
2.564	2.640
2.604	2.640
2.644	2.680
2.744	2.680
2.824	2.700
3.104	2.700
3.044	2.680
2.944	2.700
2.884	2.680
2.844	2.700
2.664	2.620
POLYLINE BLACK
3.084	1.640
2.944	1.500
2.824	1.440
2.784	1.440
3.084	1.600
3.044	1.620
2.964	1.560
2.884	1.520
3.004	1.600
3.084	1.620
2.964	1.540
3.084	1.620
2.904	1.540
POLYLINE BLACK
2.864	1.120
2.764	1.280
2.684	1.460
2.684	1.500
2.644	1.540
2.624	1.620
2.524	1.880
2.524	1.940
2.504	2.020
2.504	2.320
2.484	2.420
2.484	2.500
2.564	2.640
POLYLINE BLACK
3.604	1.190
3.784	0.920
3.814	0.830
4.024	0.620
4.174	0.350
4.504	-0.340
4.594	-0.490
4.834	-0.970
4.894	-1.030
4.924	-1.150
5.254	-1.870
5.314	-1.930
5.344	-2.080
5.524	-2.590
5.614	-2.770
5.644	-2.890
5.764	-3.160
5.764	-3.280
POLYLINE BLACK
2.914	1.070
3.334	0.650
3.664	0.200
3.724	0.170
3.754	0.080
3.844	-0.010
3.994	-0.220
3.994	-0.280
4.174	-0.520
4.474	-1.150
4.654	-1.570
4.714	-1.630
4.744	-1.750
4.834	-1.960
POLYLINE BLACK
5.828	-3.226
5.792	-3.262
5.762	-3.274
5.756	-3.286
5.732	-3.292
5.696	-3.316
5.660	-3.352
5.630	-3.382
5.618	-3.382
5.546	-3.430
5.480	-3.460
5.468	-3.472
5.432	-3.472
5.420	-3.484
5.396	-3.490
5.324	-3.538
5.312	-3.544
POLYLINE BLACK
5.132	-3.274
5.150	-3.334
5.150	-3.358
5.114	-3.472
5.102	-3.484
5.096	-3.508
5.096	-3.466
POLYLINE BLACK
5.150	-3.340
5.156	-3.352
5.156	-3.406
5.132	-3.442
5.114	-3.472
POLYLINE BLACK
5.366	-3.502
5.330	-3.526
5.276	-3.580
5.228	-3.610
5.216	-3.628
POLYLINE BLACK
5.372	-3.496
5.306	-3.550
5.264	-3.598
5.252	-3.598
5.204	-3.640
POLYLINE BLACK
5.642	-2.800
5.654	-2.794
5.660	-2.836
POLYLINE BLACK
5.594	-2.806
5.606	-2.806
POLYLINE BLACK
5.576	-2.806
POLYLINE BLACK
5.642	-2.776
5.594	-2.818
5.582	-2.818
POLYLINE BLACK
5.105	-3.415
5.195	-3.175
5.270	-3.070
5.300	-3.070
5.630	-2.785
5.645	-2.890
5.645	-2.920
POLYLINE BLACK
4.700	-3.760
4.715	-3.730
4.775	-3.700
4.805	-3.700
4.835	-3.670
4.940	-3.625
5.105	-3.490
5.135	-3.415
POLYLINE BLACK
5.315	-3.490
5.195	-3.655
5.105	-3.715
4.985	-3.865
4.955	-3.880
4.880	-4.000
4.835	-4.060
4.835	-4.090
4.775	-4.150
4.775	-4.195
4.730	-4.285
4.730	-4.375
POLYLINE BLACK
4.850	-4.735
4.850	-4.555
4.745	-4.405
POLYLINE BLACK
4.090	-4.230
4.310	-4.190
4.490	-3.950
4.690	-3.790
4.750	-3.730
POLYLINE BLACK
1.470	-2.660
1.860	-2.720
1.980	-2.780
1.980	-2.870
1.860	-2.990
1.800	-3.140
1.620	-3.140
1.440	-2.960
1.320	-2.780
1.500	-2.600
POLYLINE BLACK
3.810	-4.880
3.930	-4.970
3.870	-5.060
3.780	-5.090
3.720	-5.210
3.630	-5.060
3.570	-4.820
3.630	-4.700
POLYLINE BLACK
3.630	-4.730
POLYLINE BLACK
4.620	-5.210
4.830	-5.390
4.680	-5.570
4.620	-5.570
4.470	-5.390
4.620	-5.210
POLYLINE BLACK
4.530	-5.690
4.590	-5.780
4.980	-5.960
4.980	-6.020
4.890	-6.110
4.710	-6.380
4.590	-6.350
4.380	-6.140
4.350	-6.080
4.590	-5.630
4.650	-5.570
POLYLINE BLACK
4.440	-6.470
4.560	-6.530
4.950	-6.620
5.130	-6.740
5.100	-6.860
4.890	-7.310
4.830	-7.370
4.770	-7.370
4.440	-6.950
4.170	-6.680
4.140	-6.620
4.530	-6.230
POLYLINE BLACK
2.550	-3.830
2.700	-3.770
2.820	-3.650
2.910	-3.620
POLYLINE BLACK
2.610	-3.980
POLYLINE BLACK
2.940	-3.620
3.450	-3.890
3.180	-4.190
3.150	-4.280
2.760	-4.100
POLYLINE BLACK
2.700	-3.500
2.820	-3.380
3.150	-3.620
3.330	-3.710
3.480	-3.830
POLYLINE BLACK
2.550	-3.800
POLYLINE BLACK
3.300	-3.560
POLYLINE BLACK
4.200	-4.730
4.260	-4.730
4.500	-4.910
4.650	-4.910
4.500	-5.150
4.350	-5.360
4.230	-5.390
4.230	-5.330
3.990	-5.000
3.930	-4.940
4.170	-4.640
4.230	-4.610
POLYLINE BLACK
4.110	-5.360
4.380	-5.570
4.410	-5.690
4.200	-6.020
4.200	-6.080
4.140	-6.080
3.840	-5.780
3.810	-5.660
3.870	-5.510
4.080	-5.240
POLYLINE BLACK
3.270	-4.550
3.360	-4.700
3.450	-4.940
3.450	-5.000
POLYLINE BLACK
4.770	-7.910
4.860	-8.030
5.040	-8.030
5.250	-7.580
5.250	-7.370
5.190	-6.950
5.130	-6.410
5.070	-6.170
5.070	-6.080
5.040	-5.930
5.040	-5.840
4.920	-5.390
4.920	-5.270
4.890	-5.150
4.860	-4.880
4.890	-4.730
POLYLINE BLACK
3.420	-4.880
3.420	-4.970
3.750	-5.720
3.780	-5.840
4.020	-6.380
4.050	-6.500
4.320	-6.950
4.320	-7.010
4.950	-8.000
4.950	-8.090
POLYLINE BLACK
1.760	-3.670
1.940	-3.810
2.040	-3.910
2.120	-3.930
2.160	-3.970
2.200	-3.970
2.240	-4.010
2.320	-4.030
2.500	-4.070
2.540	-4.070
2.620	-4.130
2.660	-4.130
2.820	-4.250
2.900	-4.270
2.980	-4.350
3.040	-4.350
3.160	-4.450
3.240	-4.490
3.300	-4.590
3.380	-4.670
POLYLINE BLACK
2.400	-4.050
POLYLINE BLACK
2.580	-3.020
2.800	-3.260
2.860	-3.360
3.220	-3.700
3.400	-3.840
3.540	-3.920
3.600	-3.980
3.720	-4.060
3.960	-4.240
4.040	-4.260
4.180	-4.380
4.220	-4.380
POLYLINE BLACK
2.730	1.210
POLYLINE BLACK
2.930	1.170
POLYLINE BLACK
2.810	1.030
2.850	1.050
2.870	0.970
2.930	0.870
POLYLINE BLACK
2.750	0.970
2.790	0.990
2.850	0.830
2.910	0.730
POLYLINE BLACK
2.830	0.670
2.750	0.830
POLYLINE BLACK
2.510	1.150
2.570	1.010
2.670	0.870
2.730	0.770
2.790	0.690
POLYLINE BLACK
2.010	-0.030
2.070	-0.050
2.190	0.070
2.230	0.190
2.290	0.030
2.370	-0.030
2.430	0.050
2.450	0.170
2.450	0.210
2.410	0.250
2.390	0.330
2.490	0.190
2.530	0.170
2.550	0.290
2.510	0.450
2.550	0.470
2.550	0.410
2.670	0.310
2.710	0.310
2.730	0.470
2.730	0.590
2.670	0.730
2.630	0.730
2.550	0.570
2.550	0.490
2.610	0.410
POLYLINE BLACK
1.870	0.110
1.970	0.110
2.130	-0.010
2.250	-0.170
2.310	-0.230
POLYLINE BLACK
1.810	-0.070
1.770	-0.210
1.870	-0.210
2.010	-0.110
2.050	-0.110
2.130	-0.190
2.150	-0.310
2.150	-0.470
2.090	-0.530
2.030	-0.510
1.990	-0.410
POLYLINE BLACK
1.230	0.430
1.310	0.370
1.410	0.310
1.770	-0.010
1.710	0.330
1.670	0.430
1.730	0.430
1.910	0.290
1.910	0.290
1.810	0.630
2.030	0.470
2.110	0.410
2.170	0.490
2.190	0.630
2.130	0.810
2.310	0.650
2.370	0.770
2.330	0.890
2.330	0.950
2.290	1.010
2.290	1.050
2.250	1.070
2.170	1.050
2.110	1.050
2.030	0.990
2.070	0.830
2.150	0.710
POLYLINE BLACK
1.570	0.050
1.570	-0.050
1.530	-0.170
1.450	-0.170
1.370	-0.090
1.370	-0.030
1.350	0.010
1.410	0.110
POLYLINE BLACK
1.410	-1.430
1.510	-1.470
1.690	-1.610
1.730	-1.610
1.690	-1.710
1.630	-1.790
1.570	-1.890
1.570	-1.930
1.450	-2.110
1.390	-2.190
1.270	-2.110
1.030	-1.830
1.050	-1.710
1.110	-1.590
1.310	-1.390
POLYLINE BLACK
1.190	-0.750
1.190	-0.790
1.150	-0.890
1.070	-0.970
0.950	-0.930
0.790	-0.710
0.790	-0.530
0.930	-0.230
POLYLINE BLACK
1.230	-0.870
POLYLINE BLACK
1.270	-0.590
1.290	-0.630
1.270	-0.670
POLYLINE BLACK
0.950	-0.290
0.990	-0.310
1.010	-0.370
1.110	-0.430
1.190	-0.430
1.250	-0.470
1.290	-0.570
POLYLINE BLACK
0.730	-1.690
0.650	-1.590
0.650	-1.550
0.470	-1.410
0.730	-1.010
0.810	-0.950
0.890	-0.950
1.070	-1.170
1.150	-1.350
1.130	-1.430
0.970	-1.570
0.930	-1.570
0.790	-1.710
0.770	-1.750
POLYLINE BLACK
1.010	-1.630
POLYLINE BLACK
0.390	0.090
0.570	0.110
0.650	0.130
0.890	0.050
1.130	-0.050
1.170	-0.090
1.210	-0.090
1.330	-0.210
1.370	-0.210
1.490	-0.430
1.510	-0.570
1.510	-0.670
POLYLINE BLACK
1.450	-0.650
1.470	-0.730
1.510	-0.770
1.530	-0.850
1.590	-0.950
1.610	-1.030
1.690	-1.170
1.710	-1.250
1.810	-1.610
1.810	-1.770
1.830	-1.850
1.830	-1.990
1.810	-2.070
1.810	-2.130
POLYLINE BLACK
0.830	-0.550
0.650	-0.570
0.450	-0.610
0.370	-0.630
0.330	-0.630
0.370	-0.610
POLYLINE BLACK
0.910	-2.350
0.890	-2.270
0.790	-2.070
0.530	-1.770
0.410	-1.670
0.370	-1.670
0.370	-1.630
0.270	-1.530
0.190	-1.450
0.090	-1.270
0.030	-1.190
0.030	-1.050
0.010	-0.970
0.010	-0.890
0.050	-0.710
0.070	-0.470
0.210	-0.270
0.330	0.030
POLYLINE BLACK
1.800	-2.010
1.920	-2.280
2.070	-2.460
2.310	-2.760
2.310	-2.820
2.580	-2.970
2.610	-3.060
POLYLINE BLACK
0.930	-2.310
1.020	-2.490
1.050	-2.640
1.140	-2.820
1.170	-2.940
1.260	-3.150
1.410	-3.330
1.650	-3.630
POLYLINE BLACK
-1.245	1.815

ELEVATION
STATIONS
0.000	0.000	1.1
1.586	-9.906	1.2
4.764	-10.843	1.3
7.251	-10.514	1.4
8.714	-11.187	1.5
9.265	-13.807	1.6
14.314	-13.212	1.7
SHOTS
9.265	-13.807	14.314	-13.212
14.314	-13.212	15.935	-13.204
14.314	-13.212	14.462	-13.200
14.314	-13.212	13.382	-24.627
14.314	-13.212	14.862	-10.432
8.714	-11.187	9.265	-13.807
9.265	-13.807	9.085	-15.728
7.251	-10.514	8.714	-11.187
8.714	-11.187	9.343	-11.133
4.764	-10.843	7.251	-10.514
7.251	-10.514	6.528	-10.526
7.251	-10.514	7.294	-10.290
7.251	-10.514	7.858	-10.577
7.251	-10.514	7.372	-11.956
7.251	-10.514	6.536	-5.652
1.586	-9.906	4.764	-10.843
4.764	-10.843	4.835	-10.857
4.764	-10.843	4.966	-12.829
0.000	0.000	1.586	-9.906
1.586	-9.906	0.886	-9.884
1.586	-9.906	0.231	-9.777
1.586	-9.906	3.131	-10.045
1.586	-9.906	3.323	-10.048
1.586	-9.906	0.275	-9.831
1.586	-9.906	1.539	-11.948
POLYLINE BLACK
26.950	-14.600
26.500	-13.850
27.250	-14.900
27.550	-14.900
28.150	-15.350
POLYLINE BLACK
26.800	-14.600
26.650	-15.350
26.650	-15.800
26.800	-16.100
26.950	-15.800
POLYLINE BLACK
23.950	-11.900
POLYLINE BLACK
23.800	-16.100
25.450	-18.350
25.000	-16.550
25.150	-16.250
26.200	-17.300
26.050	-15.950
25.900	-15.350
25.750	-15.050
25.750	-15.950
26.650	-17.450
26.950	-17.450
POLYLINE BLACK
22.900	-15.200
23.350	-15.950
24.100	-17.900
24.550	-18.650
24.850	-19.400
POLYLINE BLACK
23.650	-17.600
23.200	-17.600
22.900	-17.750
22.750	-18.200
23.050	-19.100
23.650	-19.250
POLYLINE BLACK
21.700	-20.450
22.000	-20.000
22.000	-19.550
21.850	-18.950
22.300	-20.000
22.600	-20.000
POLYLINE BLACK
20.650	-18.950
21.100	-20.000
21.400	-20.600
POLYLINE BLACK
20.350	-19.550
19.600	-19.700
19.300	-19.700
POLYLINE BLACK
19.600	-17.150
19.600	-17.750
20.200	-20.000
20.500	-21.350
POLYLINE BLACK
18.250	-19.100
17.650	-19.100
17.050	-19.550
17.350	-20.300
18.550	-21.200
18.400	-21.650
17.800	-21.800
17.350	-21.650
17.050	-21.950
POLYLINE BLACK
12.200	-24.700
12.600	-24.800
13.000	-24.700
13.200	-24.800
14.100	-24.600
14.300	-24.800
14.500	-24.800
13.800	-24.700
13.400	-24.800
12.900	-24.700
POLYLINE BLACK
9.600	-15.500
10.300	-15.300
10.500	-15.400
11.200	-15.300
11.600	-15.300
11.800	-15.400
12.000	-15.300
12.700	-15.400
13.100	-15.400
POLYLINE BLACK
14.200	-10.600
14.400	-10.500
15.200	-11.000
15.500	-11.400
15.500	-11.700
15.600	-11.900
15.500	-12.100
15.700	-12.700
15.700	-13.400
POLYLINE BLACK
9.100	-11.100
9.900	-11.000
10.300	-11.000
10.700	-10.900
11.300	-10.900
12.200	-10.700
12.800	-10.700
13.000	-10.600
13.200	-10.700
14.400	-10.500
14.800	-10.600
POLYLINE BLACK
7.660	-12.020
8.020	-12.380
8.220	-12.980
8.260	-13.140
8.300	-13.300
8.420	-13.820
8.460	-14.020
8.580	-14.500
8.580	-14.700
8.700	-14.940
8.700	-15.060
8.860	-15.540
9.020	-15.580
9.180	-15.620
9.380	-15.580
9.540	-15.580
9.780	-15.500
9.940	-15.500
POLYLINE BLACK
7.660	-12.020
POLYLINE BLACK
8.520	-9.900
8.640	-10.140
8.640	-10.320
8.880	-10.680
9.120	-10.800
9.300	-11.100
9.300	-11.220
POLYLINE BLACK
7.380	-5.760
7.440	-6.000
7.740	-7.080
7.920	-7.620
7.920	-7.800
8.100	-8.160
8.100	-8.340
8.340	-9.060
8.400	-9.420
8.640	-9.840
8.700	-10.080
8.760	-10.200
POLYLINE BLACK
7.320	-5.580
POLYLINE BLACK
7.260	-5.520
POLYLINE BLACK
7.020	-11.880
7.200	-11.820
7.680	-12.000
7.860	-12.240
POLYLINE BLACK
6.780	-12.060
6.960	-11.880
7.320	-11.700
7.560	-11.700
POLYLINE BLACK
2.660	0.640
2.960	-0.260
2.960	-0.760
3.160	-1.060
3.360	-1.860
3.860	-3.360
4.260	-4.660
4.560	-5.160
4.660	-5.460
POLYLINE BLACK
7.520	-5.500
7.440	-5.460
7.280	-5.540
7.080	-5.540
7.000	-5.500
6.640	-5.580
6.240	-5.660
6.080	-5.700
5.920	-5.820
5.760	-5.860
5.600	-5.900
5.360	-5.900
5.200	-5.820
5.120	-5.860
4.840	-5.700
4.600	-5.460
4.400	-5.340
POLYLINE BLACK
3.960	-12.660
4.620	-12.660
4.980	-12.540
5.100	-12.540
5.280	-12.420
5.520	-12.420
5.640	-12.360
5.760	-12.420
6.060	-12.360
6.180	-12.240
6.420	-12.240
6.660	-12.120
6.840	-12.120
7.080	-12.000
POLYLINE BLACK
3.000	-2.820
2.940	-3.060
2.940	-3.240
3.120	-3.480
3.360	-3.900
3.480	-4.020
3.600	-4.020
3.660	-3.720
3.600	-3.480
3.300	-2.760
3.660	-3.300
4.080	-3.540
4.140	-3.420
3.840	-2.760
3.480	-2.100
3.600	-2.100
4.380	-2.940
4.440	-3.060
3.900	-1.920
3.900	-1.800
4.260	-2.160
4.800	-2.640
4.920	-2.700
4.980	-2.580
4.680	-1.620
4.440	-1.380
4.200	-1.560
4.200	-1.680
4.560	-2.280
4.680	-2.340
4.800	-2.280
4.800	-2.100
4.260	-1.320
3.960	-1.020
4.260	-1.200
5.040	-1.980
5.160	-1.800
5.040	-1.680
4.980	-1.200
4.800	-0.900
4.680	-0.840
4.500	-1.020
4.740	-1.500
5.280	-1.980
5.400	-1.980
5.460	-1.800
5.340	-1.680
5.340	-1.500
5.040	-0.900
5.580	-1.560
5.400	-1.200
5.280	-1.080
POLYLINE BLACK
1.440	-5.460
1.920	-5.940
1.800	-5.640
1.440	-5.100
1.380	-4.860
1.500	-4.740
1.920	-5.040
2.280	-5.580
1.860	-4.860
1.800	-4.500
1.860	-4.380
2.700	-5.160
2.820	-5.160
2.940	-5.040
2.940	-4.740
2.820	-4.560
2.820	-4.140
2.640	-3.840
2.460	-3.660
2.400	-3.900
2.400	-4.080
2.820	-4.560
3.060	-4.620
3.180	-4.680
3.480	-4.560
POLYLINE BLACK
1.020	-5.100
POLYLINE BLACK
-0.900	-1.020
-0.720	-1.620
-0.720	-1.980
-0.600	-2.520
-0.600	-2.760
-0.300	-4.500
-0.240	-4.800
-0.240	-5.040
-0.120	-5.700
-0.120	-5.940
-0.060	-6.240
-0.060	-6.720
0.000	-7.200
0.000	-7.620
0.060	-7.920
0.060	-8.280
0.120	-8.640
0.120	-9.120
0.360	-9.900
POLYLINE BLACK
4.200	-12.660
4.080	-12.600
3.780	-12.600
3.660	-12.660
3.420	-12.600
3.060	-12.540
2.880	-12.600
2.760	-12.480
2.520	-12.480
2.400	-12.360
2.220	-12.360
1.860	-12.120
1.740	-12.120
1.020	-11.520
0.900	-11.220
0.720	-10.980
0.660	-10.680
0.360	-10.200
0.360	-9.960
0.300	-9.540
