TRIP
DATE 2022-08-11
DECLINATION 0.0
DATA
0		207.03	16.12	6.746	>
0		207.02	16.00	6.747	>
0		206.98	15.98	6.679	>
0	1	207.01	16.03	6.724	>
1		136.53	-0.40	1.422	>
1		286.91	-7.19	5.067	>
1		286.96	-7.16	5.072	>
1		286.95	-7.29	5.070	>
1		286.44	-7.05	5.051	>
1		286.41	-7.03	5.047	>
1		286.33	-7.09	5.051	>
1	2	286.39	-7.05	5.050	>
2		197.19	4.65	1.337	>
2		152.90	13.26	2.436	>
2		130.81	11.65	1.429	>
2		269.52	-9.54	5.138	>
2		269.51	-9.59	5.135	>
2		269.51	-9.43	5.092	>
2	3	269.51	-9.52	5.122	>
3		165.59	7.86	0.907	>
3		344.78	-5.75	1.740	>
3		198.92	15.19	2.192	>
3		290.91	-10.38	3.007	>
3		255.17	5.97	4.758	>
3		255.05	5.71	4.759	>
3		255.11	5.78	4.764	>
3	4	255.11	5.82	4.760	>
4		170.65	6.20	1.085	>
4		207.84	24.19	3.892	>
4		235.74	18.64	2.647	>
4		277.79	0.05	4.923	>
4		277.68	0.01	4.925	>
4		277.70	0.05	4.920	>
4	5	277.73	0.04	4.923	>
5		326.79	23.67	0.651	>
5		355.65	8.55	2.492	>
5		39.62	14.47	1.436	>
5		58.71	-1.58	3.726	>
5		87.67	3.36	3.040	>
5		183.76	8.46	2.427	>
5		137.86	11.81	2.339	>
5		231.73	7.36	4.371	>
5		231.77	7.53	4.372	>
5		231.93	7.59	4.389	>
5	6	231.81	7.49	4.377	>
6		354.65	-6.77	2.030	>
6		140.61	20.08	1.144	>
6		310.45	12.91	2.943	>
6		154.84	20.32	2.077	>
6		216.89	31.76	1.703	>
6		39.87	-14.45	1.838	>
6		333.15	6.80	1.424	>
6		252.31	27.48	4.170	>
6		252.08	27.45	4.174	>
6		252.29	27.38	4.187	>
6	7	252.23	27.44	4.177	>
7		127.90	-1.76	1.861	>
7		301.99	-14.44	0.830	>
7		197.10	9.06	3.141	>
7		197.33	8.96	1.295	>
7		197.28	8.85	3.110	>
7		197.31	8.91	3.139	>
7		197.44	8.81	3.113	>
7	8	197.34	8.85	3.121	>
8		65.14	-7.08	2.436	>
8		95.22	13.16	2.799	>
8		104.83	17.14	3.671	>
8		117.93	19.86	4.192	>
8		153.83	26.42	6.241	>
8		165.25	24.79	3.286	>
8		163.50	25.68	5.624	>
8		295.40	-7.49	1.104	>
8		186.26	25.88	2.836	>
8		261.83	6.61	3.517	>
8		261.88	6.60	3.546	>
8		261.80	6.69	3.548	>
8	9	261.84	6.63	3.537	>
9		126.55	21.17	3.189	>
9		148.93	26.30	2.468	>
9		183.36	31.14	2.050	>
9		224.01	23.59	3.792	>
9		245.67	17.87	1.407	>
9		358.91	3.56	1.181	>
9		206.71	8.74	0.817	>
9		259.65	4.92	5.505	>
9		260.51	5.19	5.554	>
9		259.56	5.11	5.551	>
9	10	259.91	5.07	5.537	>
10		109.33	6.94	2.042	>
10		115.82	10.88	3.825	>
10		134.51	9.42	2.595	>
10		156.02	9.45	3.169	>
10		169.76	4.76	2.080	>
10		188.93	4.26	2.744	>
10		212.31	3.99	4.440	>
10		212.21	3.90	4.440	>
10		212.32	3.93	4.423	>
10	11	212.28	3.94	4.434	>
11		84.89	-2.47	1.916	>
11		118.71	7.65	3.051	>
11		330.27	2.24	2.886	>
11		356.10	-1.36	2.660	>
11		116.87	8.09	3.063	>
11		118.61	5.46	5.331	>
11		156.92	24.38	2.331	>
11		157.15	24.79	2.336	>
11		156.74	24.77	2.353	>
11	12	156.94	24.65	2.340	>
12		321.60	-3.08	1.766	>
12		246.72	7.77	0.991	>
12		83.16	-12.43	3.698	>
12		282.04	25.25	3.493	>
12		282.10	25.42	3.500	>
12		281.84	25.46	3.499	>
12	13	281.99	25.37	3.497	>
13		191.35	0.24	1.518	>
13		130.55	6.82	2.223	>
13		105.26	4.49	3.752	>
13		59.47	-1.94	2.285	>
13		30.84	2.81	1.342	>
13		180.93	-27.83	2.672	>
13		201.29	-42.81	2.971	>
13		241.07	-38.37	2.143	>
13		161.87	-23.36	1.533	>
13		213.96	-49.81	6.585	>
13		213.93	-49.81	6.584	>
13		213.89	-49.78	6.584	>
13	14	213.93	-49.80	6.584	>
14		52.95	48.86	2.974	>
14		9.44	43.19	3.678	>
14		64.35	24.76	1.146	>
14		355.80	14.09	1.480	>
14		112.05	-34.91	5.602	>
14		107.51	-46.82	2.930	>
14		67.06	-75.94	2.305	>
14		296.88	-37.44	5.003	>
14		38.77	-31.50	5.016	>
14		311.67	-25.16	3.693	>
14		324.21	-23.70	4.992	>
14		345.66	-23.18	3.798	>
14		98.84	-18.91	4.877	>
14		78.70	-14.30	5.182	>
14		59.77	-15.21	5.196	>
14		166.53	-72.78	26.564	>
14		146.95	-28.49	11.304	>
14		127.84	-30.53	5.904	>
14		136.81	-27.31	7.988	>
14		141.16	-25.61	10.873	>
14		191.53	-34.04	3.558	>
14		174.57	-35.61	5.309	>

PLAN
STATIONS
0.000	0.000	0
-2.935	-5.758	1
-7.743	-4.343	2
-12.794	-4.386	3
-17.370	-5.603	4
-22.248	-4.942	5
-25.660	-7.625	6
-29.190	-8.756	7
-30.109	-11.700	8
-33.587	-12.198	9
-39.016	-13.165	10
-41.379	-16.905	11
-40.546	-18.862	12
-43.637	-18.206	13
-46.009	-21.732	14
SHOTS
0.000	0.000	-2.935	-5.758
-2.935	-5.758	-1.957	-6.790
-2.935	-5.758	-7.743	-4.343
-7.743	-4.343	-8.136	-5.616
-7.743	-4.343	-6.662	-6.454
-7.743	-4.343	-6.683	-5.258
-7.743	-4.343	-12.794	-4.386
-12.794	-4.386	-12.570	-5.257
-12.794	-4.386	-13.248	-2.716
-12.794	-4.386	-13.480	-6.388
-12.794	-4.386	-15.557	-3.331
-12.794	-4.386	-17.370	-5.603
-17.370	-5.603	-17.195	-6.668
-17.370	-5.603	-19.029	-8.743
-17.370	-5.603	-19.444	-7.015
-17.370	-5.603	-22.248	-4.942
-22.248	-4.942	-22.575	-4.443
-22.248	-4.942	-22.435	-2.484
-22.248	-4.942	-21.362	-3.871
-22.248	-4.942	-19.066	-3.007
-22.248	-4.942	-19.216	-4.818
-22.248	-4.942	-22.406	-7.337
-22.248	-4.942	-20.712	-6.639
-22.248	-4.942	-25.660	-7.625
-25.660	-7.625	-25.848	-5.618
-25.660	-7.625	-24.978	-8.455
-25.660	-7.625	-27.842	-5.764
-25.660	-7.625	-24.831	-9.388
-25.660	-7.625	-26.529	-8.783
-25.660	-7.625	-24.519	-6.259
-25.660	-7.625	-26.298	-6.363
-25.660	-7.625	-29.190	-8.756
-29.190	-8.756	-27.722	-9.899
-29.190	-8.756	-29.871	-8.330
-29.190	-8.756	-30.102	-11.721
-29.190	-8.756	-29.571	-9.977
-29.190	-8.756	-30.109	-11.700
-30.109	-11.700	-27.915	-10.683
-30.109	-11.700	-27.395	-11.948
-30.109	-11.700	-26.718	-12.597
-30.109	-11.700	-26.625	-13.546
-30.109	-11.700	-27.643	-16.715
-30.109	-11.700	-29.349	-14.584
-30.109	-11.700	-28.670	-16.560
-30.109	-11.700	-31.098	-11.230
-30.109	-11.700	-30.387	-14.236
-30.109	-11.700	-33.587	-12.198
-33.587	-12.198	-31.197	-13.969
-33.587	-12.198	-32.444	-14.094
-33.587	-12.198	-33.689	-13.950
-33.587	-12.198	-36.001	-14.698
-33.587	-12.198	-34.807	-12.750
-33.587	-12.198	-33.609	-11.020
-33.587	-12.198	-33.950	-12.920
-33.587	-12.198	-39.016	-13.165
-39.016	-13.165	-37.103	-13.836
-39.016	-13.165	-35.635	-14.801
-39.016	-13.165	-37.191	-14.960
-39.016	-13.165	-37.746	-16.021
-39.016	-13.165	-38.648	-15.205
-39.016	-13.165	-39.441	-15.868
-39.016	-13.165	-41.379	-16.905
-41.379	-16.905	-39.472	-16.735
-41.379	-16.905	-38.727	-18.358
-41.379	-16.905	-42.809	-14.401
-41.379	-16.905	-41.559	-14.252
-41.379	-16.905	-38.673	-18.276
-41.379	-16.905	-36.720	-19.447
-41.379	-16.905	-40.546	-18.862
-40.546	-18.862	-41.641	-17.480
-40.546	-18.862	-41.448	-19.250
-40.546	-18.862	-36.960	-18.432
-40.546	-18.862	-43.637	-18.206
-43.637	-18.206	-43.935	-19.694
-43.637	-18.206	-41.959	-19.640
-43.637	-18.206	-40.028	-19.190
-43.637	-18.206	-41.669	-17.045
-43.637	-18.206	-42.949	-17.055
-43.637	-18.206	-43.675	-20.568
-43.637	-18.206	-44.428	-20.236
-43.637	-18.206	-45.107	-19.018
-43.637	-18.206	-43.199	-19.543
-43.637	-18.206	-46.009	-21.732
-46.009	-21.732	-44.447	-20.553
-46.009	-21.732	-45.569	-19.086
-46.009	-21.732	-45.071	-21.281
-46.009	-21.732	-46.114	-20.300
-46.009	-21.732	-41.751	-23.456
-46.009	-21.732	-44.097	-22.335
-46.009	-21.732	-45.493	-21.514
-46.009	-21.732	-49.552	-19.936
-46.009	-21.732	-43.330	-18.397
-46.009	-21.732	-48.506	-19.509
-46.009	-21.732	-48.682	-18.024
-46.009	-21.732	-46.873	-18.349
-46.009	-21.732	-41.450	-22.441
-46.009	-21.732	-41.085	-20.747
-46.009	-21.732	-41.677	-19.207
-46.009	-21.732	-44.177	-29.380
-46.009	-21.732	-40.591	-30.059
-46.009	-21.732	-41.993	-24.852
-46.009	-21.732	-41.151	-26.906
-46.009	-21.732	-39.860	-29.369
-46.009	-21.732	-46.598	-24.621
-46.009	-21.732	-45.600	-26.029
POLYLINE BLACK
-1.905	-6.804
-2.027	-6.758
-2.145	-6.702
-2.270	-6.668
-2.434	-6.623
-2.604	-6.602
-2.771	-6.569
-3.199	-6.431
-3.624	-6.284
-4.055	-6.156
-5.009	-5.872
-4.087	-6.323
-5.645	-5.691
-5.956	-5.564
-6.240	-5.380
-6.540	-5.227
-6.549	-5.222
-6.572	-5.222
-6.582	-5.225
-6.640	-5.238
-6.675	-5.323
-6.668	-5.376
-6.605	-5.836
-6.665	-5.280
-6.559	-5.834
-6.545	-5.908
-6.539	-5.984
-6.539	-6.060
-6.539	-6.145
-6.549	-6.229
-6.557	-6.312
-6.566	-6.394
-6.645	-6.442
-6.711	-6.474
-6.783	-6.509
-6.869	-6.519
-6.944	-6.482
-7.156	-6.377
-7.372	-6.277
-7.572	-6.150
-7.889	-5.950
-7.822	-5.915
-8.050	-5.683
-8.097	-5.635
-8.154	-5.598
-8.205	-5.555
POLYLINE BLACK
0.023	0.126
0.018	0.058
0.023	0.018
-0.001	-0.041
-0.017	-0.082
-0.043	-0.119
-0.055	-0.161
-0.081	-0.253
-0.094	-0.349
-0.113	-0.443
POLYLINE BLACK
0.025	-0.030
-0.085	-0.248
POLYLINE BLACK
-8.185	-5.619
-8.213	-5.586
-8.239	-5.551
-8.269	-5.520
-8.457	-5.330
-8.942	-5.272
-9.087	-5.253
-9.810	-5.159
-10.538	-5.098
-11.266	-5.052
-11.502	-5.037
-11.740	-5.050
-11.976	-5.070
-12.151	-5.085
-12.396	-5.115
-12.560	-5.223
-12.590	-5.243
-12.648	-5.312
-12.656	-5.321
POLYLINE BLACK
-13.182	-2.717
-13.063	-2.777
-11.854	-3.404
-11.646	-3.461
-10.833	-3.684
-10.006	-3.848
-9.179	-4.010
-7.564	-4.326
-9.206	-3.813
-7.662	-4.353
POLYLINE BLACK
-7.711	-4.320
-5.618	-4.752
-7.461	-4.336
-5.634	-4.837
-5.075	-4.991
-4.508	-5.113
-3.951	-5.274
-3.775	-5.325
-3.606	-5.395
-3.439	-5.471
-2.897	-5.718
-3.188	-5.700
-2.920	-5.704
POLYLINE BLACK
-2.987	-5.678
-2.923	-5.393
-2.874	-5.103
-2.795	-4.821
-2.725	-4.571
-2.626	-4.329
-2.541	-4.082
-2.409	-3.529
-2.297	-2.970
-2.145	-2.421
-1.997	-1.890
-1.636	-0.442
-1.208	0.281
POLYLINE BLACK
-1.918	-6.778
-1.894	-6.711
-1.869	-6.644
-1.844	-6.577
-0.689	-3.516
-1.728	-6.497
-0.678	-2.560
-0.517	-1.958
-0.055	-0.889
-0.014	-0.267
-0.008	-0.164
-0.011	-0.061
-0.015	0.041
-0.016	0.074
-0.024	0.107
-0.029	0.139
POLYLINE BLACK
-1.477	-1.201
-1.454	-1.100
-1.423	-0.999
-1.351	-0.920
-1.309	-0.874
-1.214	-0.799
-1.145	-0.814
-1.069	-0.831
-1.026	-0.941
-1.009	-1.004
-1.001	-1.032
-0.987	-1.206
-0.939	-1.280
-0.889	-1.355
-0.768	-1.333
-0.717	-1.274
-0.709	-1.266
-0.703	-1.257
-0.697	-1.248
-0.674	-1.212
-0.653	-1.175
-0.630	-1.139
POLYLINE BLACK
-1.717	-2.423
-1.691	-2.389
-1.655	-2.322
-1.609	-2.293
-1.579	-2.273
-1.547	-2.270
-1.513	-2.278
-1.464	-2.289
-1.438	-2.332
-1.430	-2.379
-1.419	-2.452
-1.412	-2.526
-1.399	-2.599
-1.389	-2.653
-1.323	-2.625
-1.300	-2.600
-1.254	-2.548
-1.209	-2.495
-1.164	-2.442
POLYLINE BLACK
-2.256	-4.241
-2.249	-4.203
-2.246	-4.164
-2.236	-4.126
-2.221	-4.071
-2.186	-4.008
-2.139	-3.973
-2.077	-3.926
-1.995	-3.984
-1.968	-4.043
-1.962	-4.056
-1.955	-4.069
-1.954	-4.083
-1.938	-4.206
-1.930	-4.329
-1.916	-4.452
-1.900	-4.584
-1.738	-4.471
-1.704	-4.410
-1.686	-4.377
-1.671	-4.344
-1.654	-4.311
POLYLINE BLACK
-2.821	-5.316
-2.746	-5.286
-2.694	-5.255
-2.618	-5.248
-2.488	-5.236
-2.397	-5.301
-2.389	-5.435
-2.384	-5.531
-2.418	-5.632
-2.396	-5.726
-2.389	-5.758
-2.351	-5.767
-2.324	-5.756
-2.270	-5.735
-2.216	-5.714
-2.165	-5.688
-2.119	-5.664
-2.077	-5.635
-2.033	-5.608
POLYLINE BLACK
-4.251	-5.271
-4.213	-5.281
-4.175	-5.288
-4.138	-5.301
-4.116	-5.309
-4.095	-5.321
-4.075	-5.333
-4.027	-5.363
-3.973	-5.413
-4.015	-5.472
-4.064	-5.540
-4.117	-5.605
-4.164	-5.674
-4.197	-5.722
-4.208	-5.835
-4.142	-5.863
-4.106	-5.879
-4.040	-5.870
-4.010	-5.870
POLYLINE BLACK
-5.730	-4.943
-5.693	-4.933
-5.657	-4.922
-5.620	-4.914
-5.551	-4.900
-5.464	-4.963
-5.475	-5.037
-5.482	-5.079
-5.499	-5.107
-5.524	-5.145
-5.576	-5.224
-5.568	-5.190
-5.625	-5.261
-5.675	-5.324
-5.672	-5.430
-5.578	-5.440
-5.530	-5.445
-5.483	-5.448
-5.435	-5.452
POLYLINE BLACK
-9.440	-4.219
-9.397	-4.221
-9.354	-4.220
-9.312	-4.227
-9.215	-4.241
-9.131	-4.274
-9.119	-4.380
-9.115	-4.419
-9.116	-4.456
-9.126	-4.494
-9.147	-4.573
-9.230	-4.690
-9.253	-4.733
-9.277	-4.775
-9.243	-4.830
-9.194	-4.833
-9.131	-4.836
-9.068	-4.835
-9.006	-4.835
POLYLINE BLACK
-10.688	-4.088
-10.649	-4.084
-10.610	-4.079
-10.571	-4.078
-10.539	-4.077
-10.492	-4.092
-10.464	-4.103
-10.333	-4.157
-10.329	-4.259
-10.396	-4.376
-10.430	-4.435
-10.461	-4.450
-10.508	-4.510
-10.604	-4.632
-10.566	-4.726
-10.414	-4.764
-10.344	-4.781
-10.282	-4.759
-10.214	-4.743
POLYLINE BLACK
-11.669	-3.981
-11.543	-4.032
-11.545	-4.022
-11.437	-4.100
-11.381	-4.141
-11.317	-4.230
-11.362	-4.299
-11.401	-4.358
-11.553	-4.446
-11.568	-4.457
-11.580	-4.467
-11.596	-4.493
-11.602	-4.507
-11.634	-4.577
-11.613	-4.650
-11.561	-4.704
-11.553	-4.712
-11.545	-4.721
-11.535	-4.727
-11.467	-4.768
-11.397	-4.806
-11.329	-4.846
POLYLINE BLACK
-13.129	-2.719
-13.808	-2.791
-13.836	-2.745
-14.331	-2.903
-14.489	-2.953
-14.643	-3.016
-14.801	-3.067
-14.901	-3.098
-15.004	-3.117
-15.104	-3.149
-15.567	-3.300
-15.077	-3.178
-15.464	-3.268
POLYLINE BLACK
-12.689	-5.236
-12.728	-5.300
-12.767	-5.365
-12.807	-5.429
-12.915	-5.611
-13.023	-5.794
-13.133	-5.975
-13.165	-6.028
-13.202	-6.078
-13.235	-6.131
-13.267	-6.180
-13.301	-6.261
-13.354	-6.305
-13.410	-6.352
-13.362	-6.305
-13.425	-6.343
-13.452	-6.360
-13.477	-6.380
-13.503	-6.398
POLYLINE BLACK
-19.450	-6.967
-19.424	-7.216
-19.423	-7.469
-19.371	-7.714
-19.305	-8.023
-19.194	-8.320
-19.100	-8.622
-19.082	-8.679
-19.043	-8.732
-18.995	-8.769
-18.846	-8.884
-18.593	-8.578
-18.540	-8.527
-18.428	-8.421
-18.305	-8.326
-18.211	-8.204
-17.910	-7.815
-17.637	-7.405
-17.359	-6.999
-17.205	-6.727
-17.284	-6.848
-17.129	-6.631
POLYLINE BLACK
-17.124	-6.652
-17.095	-6.607
-17.068	-6.560
-17.035	-6.519
-16.959	-6.423
-16.845	-6.341
-16.728	-6.303
-16.684	-6.288
-16.638	-6.276
-16.591	-6.270
-16.367	-6.237
-16.142	-6.218
-15.918	-6.184
-15.734	-6.157
-15.596	-6.095
-15.413	-6.117
-13.376	-6.358
-14.252	-6.383
-13.383	-6.344
POLYLINE BLACK
-15.434	-3.209
-15.477	-3.232
-15.526	-3.247
-15.564	-3.279
-15.791	-3.472
-16.015	-3.669
-16.225	-3.881
-16.316	-3.973
-16.388	-4.083
-16.465	-4.187
-16.617	-4.393
-16.757	-4.609
-16.912	-4.813
-17.018	-4.950
-17.142	-5.072
-17.247	-5.210
-17.332	-5.320
-17.387	-5.475
-17.441	-5.599
POLYLINE BLACK
-17.441	-5.599
-17.445	-5.608
POLYLINE BLACK
-17.393	-5.558
-17.429	-5.566
-17.465	-5.577
-17.501	-5.582
-17.529	-5.586
-17.575	-5.580
-17.601	-5.571
-18.050	-5.410
-18.499	-5.252
-18.945	-5.083
-19.028	-5.052
-19.219	-4.921
-19.249	-4.831
-19.255	-4.815
-19.259	-4.787
-19.255	-4.770
-19.203	-4.542
-19.129	-4.319
-19.093	-4.088
-19.065	-3.906
-19.076	-3.721
-19.063	-3.537
-19.056	-3.448
-19.038	-3.359
-19.034	-3.270
-19.028	-3.130
-19.010	-3.015
-19.126	-2.936
-19.286	-2.828
-19.627	-2.898
-19.785	-2.972
-20.108	-3.123
-20.428	-3.284
-20.743	-3.452
-20.910	-3.541
-20.892	-3.595
-21.057	-3.697
-21.131	-3.742
-21.212	-3.776
-21.292	-3.810
-21.341	-3.830
-21.426	-3.854
-21.480	-3.829
-21.502	-3.818
-21.522	-3.799
-21.534	-3.778
-21.574	-3.710
-21.615	-3.642
-21.649	-3.571
-21.690	-3.484
-21.710	-3.385
-21.760	-3.303
-21.855	-3.147
-21.965	-3.001
-22.082	-2.862
-22.186	-2.737
-22.307	-2.628
-22.422	-2.513
-22.434	-2.500
-22.455	-2.483
-22.474	-2.478
-22.552	-2.459
-22.616	-2.599
-22.623	-2.657
-22.648	-2.855
-22.752	-3.330
-22.710	-3.632
-22.700	-3.701
-22.676	-3.768
-22.668	-3.837
-22.588	-4.578
-22.686	-4.129
-22.587	-4.538
POLYLINE BLACK
-19.434	-7.022
-19.529	-6.867
-19.664	-6.752
-19.840	-6.700
-19.903	-6.681
-19.968	-6.659
-20.034	-6.656
-20.217	-6.650
-20.642	-6.617
-20.902	-6.697
-20.944	-6.710
-20.983	-6.728
-21.023	-6.746
-21.298	-6.872
-21.573	-6.999
-21.846	-7.129
-21.897	-7.154
-21.943	-7.188
-21.995	-7.211
-22.090	-7.253
-22.188	-7.287
-22.284	-7.324
-22.309	-7.334
-22.336	-7.339
-22.359	-7.351
-22.401	-7.374
-22.440	-7.402
-22.480	-7.428
POLYLINE BLACK
-24.520	-6.279
-25.428	-5.797
-24.458	-6.295
-25.677	-5.739
-25.746	-5.708
-25.828	-5.620
-25.878	-5.573
POLYLINE BLACK
-25.785	-5.649
-25.822	-5.628
-25.858	-5.604
-25.897	-5.587
-25.928	-5.573
-25.960	-5.562
-25.994	-5.555
-26.171	-5.519
-26.348	-5.475
-26.528	-5.458
-26.762	-5.436
-26.995	-5.463
-27.222	-5.521
-27.977	-5.712
-27.547	-5.651
-27.920	-5.698
POLYLINE BLACK
-26.317	-6.303
-26.360	-6.302
-26.404	-6.303
-26.447	-6.299
-26.576	-6.286
-26.628	-6.220
-26.610	-6.089
-26.604	-6.050
-26.592	-6.006
-26.555	-5.984
-26.530	-5.968
-26.499	-5.967
-26.470	-5.969
-26.355	-5.976
-26.270	-6.071
-26.277	-6.186
-26.282	-6.260
-26.327	-6.315
-26.364	-6.379
POLYLINE BLACK
-26.434	-5.980
-26.340	-5.436
-26.078	-4.940
-25.801	-4.466
POLYLINE BLACK
-26.575	-5.799
-26.564	-5.827
-26.555	-5.920
-26.508	-5.941
-26.444	-5.970
-26.295	-5.857
-26.245	-5.826
POLYLINE BLACK
-26.112	-3.571
-26.083	-3.676
-26.049	-3.780
-26.027	-3.886
-26.026	-3.892
-26.040	-3.895
-26.045	-3.892
-26.062	-3.881
-26.074	-3.863
-26.086	-3.847
-26.118	-3.803
-26.149	-3.758
-26.179	-3.711
-26.207	-3.666
-26.217	-3.615
-26.215	-3.562
-26.211	-3.415
-25.918	-3.341
-25.857	-3.314
POLYLINE BLACK
-26.131	-3.843
-26.054	-3.687
-26.030	-3.672
-25.880	-3.615
POLYLINE BLACK
-25.725	-3.580
-25.693	-3.593
-25.766	-3.717
-25.708	-3.740
-25.680	-3.752
-25.616	-3.718
-25.599	-3.712
POLYLINE BLACK
-25.725	-3.437
-25.716	-3.449
POLYLINE BLACK
-25.495	-3.088
-25.502	-3.597
-25.552	-3.409
-25.462	-3.670
POLYLINE BLACK
-25.403	-3.485
-25.403	-3.529
-25.406	-3.574
-25.405	-3.618
-25.404	-3.666
-25.360	-3.676
-25.323	-3.660
-25.243	-3.627
-25.245	-3.469
-25.335	-3.451
-25.350	-3.448
-25.367	-3.447
-25.382	-3.453
-25.404	-3.463
-25.411	-3.488
-25.413	-3.511
-25.419	-3.615
-25.312	-3.686
-25.216	-3.679
-25.092	-3.670
-25.154	-3.512
-25.058	-3.462
-25.024	-3.445
-24.990	-3.436
-24.953	-3.432
-24.924	-3.430
-24.884	-3.439
-24.854	-3.424
-24.821	-3.408
-24.796	-3.317
-24.832	-3.326
-24.846	-3.329
-24.857	-3.340
-24.867	-3.349
-24.933	-3.407
-24.942	-3.512
-24.884	-3.580
-24.847	-3.623
-24.763	-3.605
-24.725	-3.608
POLYLINE BLACK
-24.677	-2.854
-24.659	-3.526
POLYLINE BLACK
-24.471	-3.147
-24.511	-3.214
-24.551	-3.282
-24.593	-3.349
-24.601	-3.362
-24.635	-3.389
-24.632	-3.415
-24.629	-3.441
-24.593	-3.454
-24.573	-3.461
-24.480	-3.492
-24.386	-3.522
-24.292	-3.553
POLYLINE BLACK
-27.287	-4.547
-26.805	-5.401
-27.309	-4.478
-26.854	-5.414
-26.838	-5.446
-26.812	-5.473
-26.791	-5.503
POLYLINE BLACK
-27.076	-5.576
-26.995	-5.625
-26.914	-5.674
-26.833	-5.724
-26.826	-5.725
-26.819	-5.727
-26.812	-5.727
-26.713	-5.729
-26.672	-5.490
-26.657	-5.427
POLYLINE BLACK
-28.469	-3.944
-28.451	-3.973
-28.406	-4.063
-28.414	-4.030
-28.422	-3.996
-28.578	-3.763
-28.475	-3.687
-28.450	-3.669
-28.423	-3.660
-28.392	-3.662
-28.362	-3.665
-28.333	-3.676
-28.307	-3.690
-28.266	-3.711
-28.243	-3.731
-28.212	-3.764
-28.193	-3.783
-28.186	-3.822
-28.160	-3.824
-28.140	-3.825
-28.165	-3.786
-28.169	-3.767
-28.173	-3.749
-28.221	-3.617
-28.200	-3.565
-28.192	-3.543
-28.171	-3.532
-28.149	-3.529
-28.057	-3.516
-28.023	-3.585
-27.977	-3.653
POLYLINE BLACK
-27.917	-3.346
-27.912	-3.430
-27.908	-3.545
-27.809	-3.573
-27.788	-3.578
-27.768	-3.576
-27.749	-3.566
-27.629	-3.499
-27.667	-3.289
-27.721	-3.195
-27.774	-3.104
-27.901	-3.176
-27.923	-3.259
-27.945	-3.338
-27.944	-3.411
-27.940	-3.492
POLYLINE BLACK
-27.683	-3.222
-27.675	-3.232
-27.641	-3.296
-27.607	-3.305
-27.538	-3.324
-27.474	-3.169
-27.461	-3.147
POLYLINE BLACK
-27.521	-2.890
-27.485	-2.947
-27.450	-3.004
-27.415	-3.062
-27.405	-3.078
-27.437	-3.032
-27.445	-3.015
-27.454	-2.997
-27.462	-2.979
-27.467	-2.960
-27.476	-2.927
-27.484	-2.891
-27.478	-2.856
-27.466	-2.784
-27.399	-2.744
-27.348	-2.700
POLYLINE BLACK
-27.265	-2.618
-27.237	-2.666
-27.211	-2.715
-27.181	-2.761
-27.155	-2.799
-27.160	-2.740
-27.160	-2.738
-27.161	-2.669
-27.168	-2.601
-27.168	-2.532
-27.167	-2.518
-27.155	-2.503
-27.142	-2.500
-27.083	-2.486
-27.023	-2.571
-26.996	-2.608
-26.988	-2.620
-26.984	-2.639
-26.970	-2.644
-26.962	-2.647
-26.957	-2.631
-26.955	-2.623
-26.947	-2.579
-26.964	-2.522
-26.921	-2.491
-26.910	-2.483
-26.895	-2.478
-26.881	-2.477
-26.856	-2.475
-26.839	-2.477
-26.815	-2.484
-26.793	-2.491
-26.773	-2.508
-26.760	-2.527
-26.727	-2.572
-26.697	-2.619
-26.666	-2.666
POLYLINE BLACK
-26.702	-2.244
-26.589	-2.454
-26.670	-2.447
-26.534	-2.423
POLYLINE BLACK
-26.690	-1.912
-26.698	-1.917
POLYLINE BLACK
-26.461	-1.304
-26.101	-2.175
POLYLINE BLACK
-26.434	-2.035
-26.091	-1.839
POLYLINE BLACK
-26.064	-1.631
-26.038	-1.717
-25.973	-2.053
-25.808	-1.929
-25.792	-1.917
-25.778	-1.902
-25.768	-1.883
-25.763	-1.875
-25.759	-1.865
-25.757	-1.855
-25.753	-1.845
-25.751	-1.835
-25.750	-1.824
-25.750	-1.820
-25.754	-1.809
-25.755	-1.813
-25.768	-1.931
-25.672	-2.054
-25.628	-2.149
-25.609	-2.188
-25.624	-2.244
-25.643	-2.279
-25.697	-2.379
-25.738	-2.412
-25.847	-2.495
-25.876	-2.518
-25.911	-2.530
-25.944	-2.547
POLYLINE BLACK
-24.533	-6.310
-24.460	-6.252
-24.390	-6.190
-24.314	-6.136
-24.069	-5.964
-23.970	-5.951
-23.778	-5.739
-23.449	-5.376
-23.143	-4.993
-22.815	-4.628
-22.779	-4.588
-22.734	-4.559
-22.690	-4.529
-22.636	-4.491
-22.578	-4.459
-22.522	-4.424
POLYLINE BLACK
-24.869	-8.446
-24.848	-8.413
-24.830	-8.378
-24.807	-8.346
-24.793	-8.328
-24.778	-8.308
-24.758	-8.296
-24.615	-8.204
-24.475	-8.102
-24.319	-8.034
-23.403	-7.636
-23.137	-7.482
-22.342	-7.400
POLYLINE BLACK
-24.946	-8.387
-24.911	-8.895
-24.950	-8.454
-24.794	-9.364
-24.791	-9.380
-24.792	-9.405
-24.806	-9.419
-24.864	-9.476
-25.129	-9.316
-25.131	-9.315
-25.212	-9.271
-25.286	-9.213
-25.370	-9.177
-25.937	-8.937
-25.914	-8.961
-26.338	-8.845
-26.347	-8.842
-26.356	-8.838
-26.365	-8.836
-26.425	-8.823
-26.486	-8.813
-26.547	-8.801
POLYLINE BLACK
-24.462	-6.570
-24.425	-6.576
-24.364	-6.570
-24.332	-6.603
-24.267	-6.669
-24.350	-6.956
-24.358	-7.010
-24.363	-7.039
-24.346	-7.074
-24.328	-7.095
-24.228	-7.218
-24.089	-7.059
-24.007	-7.000
POLYLINE BLACK
-23.762	-6.091
-23.752	-6.010
-23.747	-5.930
-23.657	-5.909
-23.626	-5.902
-23.593	-5.903
-23.568	-5.925
-23.512	-5.972
-23.505	-6.091
-23.504	-6.149
-23.503	-6.236
-23.514	-6.323
-23.514	-6.410
-23.514	-6.467
-23.490	-6.535
-23.420	-6.527
-23.413	-6.526
-23.407	-6.523
-23.400	-6.520
-23.345	-6.494
-23.289	-6.467
-23.234	-6.441
POLYLINE BLACK
-22.886	-5.272
-22.873	-5.250
-22.846	-5.183
-22.812	-5.157
-22.741	-5.100
-22.641	-5.184
-22.636	-5.260
-22.633	-5.307
-22.630	-5.354
-22.632	-5.401
-22.635	-5.448
-22.666	-5.569
-22.647	-5.644
-22.642	-5.663
-22.630	-5.682
-22.615	-5.695
-22.525	-5.767
-22.434	-5.699
-22.347	-5.656
POLYLINE BLACK
-21.624	-4.779
-21.569	-4.779
-21.523	-4.772
-21.473	-4.788
-21.349	-4.828
-21.320	-4.960
-21.354	-5.075
-21.383	-5.172
-21.470	-5.244
-21.488	-5.343
-21.494	-5.379
-21.485	-5.412
-21.471	-5.446
-21.444	-5.516
-21.353	-5.516
-21.292	-5.502
-21.228	-5.487
-21.165	-5.468
-21.101	-5.451
POLYLINE BLACK
-20.184	-5.079
-20.146	-5.072
-20.087	-5.045
-20.044	-5.066
-19.972	-5.102
-19.959	-5.234
-19.992	-5.298
-20.016	-5.346
-20.186	-5.550
-20.132	-5.664
-20.099	-5.733
-19.989	-5.743
-19.928	-5.759
POLYLINE BLACK
-19.071	-5.212
-19.036	-5.224
-18.990	-5.231
-18.960	-5.258
-18.942	-5.275
-18.930	-5.298
-18.925	-5.321
-18.895	-5.468
-19.015	-5.594
-19.078	-5.711
-19.087	-5.728
-19.093	-5.748
-19.098	-5.767
-19.133	-5.903
-19.048	-5.932
-18.920	-5.923
-18.876	-5.920
-18.829	-5.904
-18.787	-5.892
POLYLINE BLACK
-17.186	-5.268
-17.137	-5.256
-17.088	-5.240
-17.038	-5.231
-16.965	-5.217
-16.801	-5.242
-16.806	-5.348
-16.807	-5.374
-16.808	-5.401
-16.813	-5.428
-16.846	-5.581
-16.860	-5.543
-16.861	-5.664
-16.862	-5.774
-16.738	-5.796
-16.653	-5.776
-16.638	-5.772
-16.624	-5.767
-16.610	-5.761
-16.552	-5.737
-16.496	-5.711
-16.439	-5.686
POLYLINE BLACK
-16.164	-4.865
-16.098	-4.859
-16.033	-4.848
-15.968	-4.845
-15.845	-4.839
-15.751	-4.869
-15.750	-5.001
-15.750	-5.107
-15.800	-5.206
-15.793	-5.312
-15.785	-5.447
-15.687	-5.547
-15.547	-5.497
-15.491	-5.477
-15.453	-5.444
-15.403	-5.411
POLYLINE BLACK
-14.875	-4.559
-14.827	-4.550
-14.780	-4.539
-14.731	-4.533
-14.692	-4.527
-14.650	-4.537
-14.615	-4.556
-14.492	-4.625
-14.587	-4.815
-14.611	-4.898
-14.616	-4.915
-14.660	-5.032
-14.665	-5.090
-14.673	-5.197
-14.533	-5.230
-14.452	-5.210
-14.445	-5.208
-14.439	-5.205
-14.433	-5.202
-14.379	-5.176
-14.325	-5.150
-14.272	-5.124
POLYLINE BLACK
-13.609	-4.316
-13.547	-4.290
-13.464	-4.247
-13.420	-4.322
-13.402	-4.351
-13.395	-4.383
-13.396	-4.417
-13.397	-4.432
-13.400	-4.446
-13.403	-4.461
-13.418	-4.530
-13.437	-4.598
-13.449	-4.667
-13.453	-4.693
-13.452	-4.720
-13.451	-4.747
-13.447	-4.847
-13.400	-4.873
-13.305	-4.869
-13.285	-4.868
-13.265	-4.867
-13.245	-4.861
-13.206	-4.851
-13.168	-4.835
-13.129	-4.821
POLYLINE BLACK
-12.625	-3.918
-12.599	-3.920
-12.547	-3.917
-12.515	-3.933
-12.485	-3.948
-12.468	-3.980
-12.462	-4.012
-12.429	-4.174
-12.535	-4.305
-12.592	-4.452
-12.609	-4.495
-12.617	-4.558
-12.614	-4.605
-12.610	-4.668
-12.592	-4.743
-12.529	-4.772
-12.519	-4.776
-12.509	-4.781
-12.499	-4.781
-12.432	-4.779
-12.366	-4.770
-12.300	-4.765
POLYLINE BLACK
-18.367	-5.512
-18.285	-5.495
-18.213	-5.482
-18.177	-5.568
-18.163	-5.604
-18.156	-5.649
-18.167	-5.687
-18.210	-5.828
-18.338	-5.994
-18.394	-6.091
-18.399	-6.100
-18.403	-6.122
-18.403	-6.132
-18.404	-6.201
-18.319	-6.285
-18.246	-6.270
-18.197	-6.260
-18.148	-6.246
-18.099	-6.235
POLYLINE BLACK
-26.498	-8.732
-26.563	-8.762
-26.632	-8.782
-26.692	-8.821
-26.920	-8.972
-27.161	-9.212
-27.331	-9.417
-27.480	-9.598
-27.612	-9.794
-27.752	-9.982
POLYLINE BLACK
-27.892	-5.660
-28.079	-5.722
-28.199	-5.798
-28.333	-5.942
-28.505	-6.128
-28.699	-6.296
-28.840	-6.506
-29.192	-7.032
-29.504	-7.585
-29.805	-8.142
-30.057	-8.607
-30.127	-8.957
-30.323	-9.429
-30.369	-9.540
-30.437	-9.642
-30.483	-9.754
-30.642	-10.139
-30.770	-10.537
-30.937	-10.918
-31.288	-11.721
-31.065	-11.017
-31.159	-11.324
POLYLINE BLACK
-27.717	-9.927
-27.803	-10.055
-27.836	-10.083
-27.884	-10.222
-27.911	-10.300
-27.927	-10.396
-27.921	-10.478
-27.904	-10.753
-27.913	-10.908
-27.817	-11.134
-27.717	-11.370
-27.639	-11.392
-27.482	-11.660
-27.311	-11.949
-27.345	-12.009
-27.176	-12.206
-27.148	-12.238
-27.116	-12.268
-27.082	-12.294
-26.943	-12.403
-26.796	-12.503
-26.656	-12.612
-26.630	-12.632
-26.599	-12.679
-26.586	-12.709
-26.512	-12.873
-26.574	-13.089
-26.573	-13.246
-26.569	-13.523
-26.522	-13.547
-26.557	-13.752
-26.573	-13.847
-26.651	-13.917
-26.662	-14.013
-26.771	-15.033
-26.659	-15.024
-27.011	-15.835
-27.091	-16.018
-27.192	-16.192
-27.294	-16.363
-27.399	-16.539
-27.633	-16.801
-27.872	-16.766
-28.124	-16.730
-28.071	-16.689
-28.410	-16.576
-28.461	-16.559
-28.516	-16.559
-28.569	-16.553
-28.626	-16.547
-28.687	-16.557
-28.730	-16.511
-28.914	-16.315
-29.037	-15.987
-29.121	-15.786
-29.169	-15.671
-29.200	-15.548
-29.218	-15.425
-29.259	-15.154
-29.267	-14.880
-29.298	-14.608
-29.301	-14.585
-29.310	-14.562
-29.321	-14.542
-29.338	-14.512
-29.362	-14.486
-29.383	-14.458
POLYLINE BLACK
-31.104	-11.247
-31.456	-11.341
-31.446	-11.362
-31.841	-11.355
-31.958	-11.352
-32.077	-11.346
-32.192	-11.319
-33.802	-10.936
-32.907	-11.029
-33.626	-10.966
POLYLINE BLACK
-29.402	-14.546
-29.432	-14.516
-29.459	-14.483
-29.491	-14.456
-29.585	-14.378
-29.768	-14.284
-29.891	-14.272
-30.047	-14.258
-30.205	-14.254
-30.362	-14.248
-30.448	-14.244
-30.466	-14.260
-30.541	-14.238
-30.666	-14.201
-30.677	-14.160
-30.821	-14.085
-30.880	-14.054
-31.191	-13.956
-31.199	-13.954
-31.525	-13.880
-31.809	-13.948
-32.153	-13.992
-32.296	-14.010
-32.435	-14.054
-32.578	-14.066
-32.730	-14.080
-32.883	-14.082
-33.034	-14.069
-33.900	-13.991
-33.444	-13.928
-33.779	-13.981
POLYLINE BLACK
-33.782	-13.984
-33.903	-13.740
-33.969	-13.608
-33.972	-13.348
-33.973	-13.262
-33.964	-13.175
-33.965	-13.089
-33.965	-13.037
-33.995	-12.933
-34.005	-12.891
POLYLINE BLACK
-34.802	-12.759
-35.233	-12.748
-35.088	-12.739
-35.847	-12.954
-35.985	-12.993
-36.119	-13.051
-36.246	-13.120
-36.406	-13.207
-36.557	-13.312
-36.704	-13.419
-36.861	-13.534
-36.995	-13.651
-37.101	-13.812
-37.110	-13.826
-37.108	-13.845
-37.111	-13.862
POLYLINE BLACK
-34.011	-12.923
-34.054	-12.949
-34.098	-12.974
-34.139	-13.003
-34.161	-13.019
-34.181	-13.036
-34.198	-13.057
-34.394	-13.310
-34.577	-13.573
-34.777	-13.823
-35.029	-14.138
-35.292	-14.444
-35.555	-14.749
-35.589	-14.788
-35.649	-14.826
-35.701	-14.836
-35.817	-14.860
-35.968	-14.790
-36.071	-14.757
POLYLINE BLACK
-34.831	-12.762
-35.138	-13.217
-35.069	-13.156
-35.672	-13.665
-35.750	-13.731
-36.004	-13.878
-36.141	-13.908
-36.290	-13.940
-36.442	-13.963
-36.594	-13.981
-36.669	-13.990
-36.779	-13.977
-36.852	-13.954
-36.939	-13.928
-37.002	-13.885
-37.080	-13.840
POLYLINE BLACK
-36.023	-14.778
-36.062	-14.757
-36.098	-14.734
-36.138	-14.716
-36.264	-14.660
-36.424	-14.678
-36.553	-14.702
-36.658	-14.721
-36.762	-14.745
-36.864	-14.775
-36.898	-14.785
-36.931	-14.801
-36.962	-14.820
-37.066	-14.885
-37.173	-14.954
-37.258	-15.045
-37.333	-15.124
-37.383	-15.356
-37.405	-15.408
-37.463	-15.543
-37.527	-15.675
-37.597	-15.803
-37.874	-16.310
-37.642	-15.815
-37.750	-16.052
POLYLINE BLACK
-37.681	-16.057
-38.169	-15.745
-37.912	-15.929
-38.551	-15.359
-38.569	-15.343
-38.583	-15.324
-38.601	-15.308
-38.633	-15.278
-38.685	-15.271
-38.727	-15.276
-38.754	-15.280
-38.799	-15.292
-38.821	-15.309
-38.983	-15.432
-39.147	-15.552
-39.300	-15.685
-39.451	-15.816
-39.444	-15.825
-39.506	-15.961
POLYLINE BLACK
-33.647	-10.959
-34.371	-10.987
-34.085	-10.958
-35.445	-11.474
-36.358	-11.820
-37.261	-12.194
-38.150	-12.598
-38.426	-12.724
-38.672	-12.907
-38.934	-13.059
-39.029	-13.114
-38.983	-13.068
-39.041	-13.144
POLYLINE BLACK
-38.988	-13.020
-39.026	-13.054
-39.059	-13.094
-39.101	-13.122
-39.170	-13.167
-39.244	-13.201
-39.319	-13.235
-39.643	-13.383
-39.975	-13.514
-40.297	-13.666
-41.478	-14.226
-39.459	-13.445
-41.649	-14.212
-41.710	-14.234
-41.758	-14.272
-41.825	-14.272
-42.006	-14.273
-42.186	-14.256
-42.366	-14.258
-42.413	-14.259
-42.459	-14.270
-42.504	-14.281
-42.653	-14.319
-42.711	-14.335
-42.825	-14.399
POLYLINE BLACK
-39.443	-15.798
-39.486	-16.237
-39.513	-16.194
-39.442	-16.606
-39.434	-16.653
-39.413	-16.697
-39.399	-16.742
POLYLINE BLACK
-39.549	-16.697
-39.535	-16.746
-39.524	-16.796
-39.507	-16.844
-39.498	-16.868
-39.486	-16.892
-39.471	-16.913
-39.339	-17.102
-39.192	-17.279
-39.067	-17.472
-38.955	-17.645
-38.867	-17.833
-38.763	-18.011
-38.739	-18.052
-38.708	-18.088
-38.684	-18.129
-38.656	-18.178
-38.641	-18.256
-38.629	-18.306
POLYLINE BLACK
-42.805	-14.322
-42.876	-14.416
-42.895	-14.477
-42.864	-14.595
-42.848	-14.652
-42.828	-14.709
-42.804	-14.763
-42.733	-14.926
-42.671	-15.093
-42.581	-15.245
-42.400	-15.549
-42.200	-15.842
-41.992	-16.128
-41.042	-17.429
-41.689	-16.414
-41.344	-16.963
POLYLINE BLACK
-41.385	-16.933
-41.407	-17.017
-41.423	-17.103
-41.451	-17.185
-41.482	-17.276
-41.521	-17.364
-41.560	-17.451
-41.583	-17.503
-41.664	-17.434
-41.678	-17.409
-41.712	-17.347
-41.676	-17.222
-41.673	-17.178
-41.668	-17.117
-41.756	-17.067
-41.796	-17.050
-42.029	-16.948
-42.293	-16.931
-42.544	-16.949
-42.635	-16.955
-42.772	-17.024
-42.837	-17.046
-42.886	-17.062
-42.937	-17.072
-42.987	-17.085
POLYLINE BLACK
-38.648	-18.171
-38.220	-18.256
-37.793	-18.347
-37.364	-18.426
-37.242	-18.448
-37.120	-18.379
-37.002	-18.406
-36.954	-18.416
-37.020	-18.476
-37.025	-18.484
-37.062	-18.539
-37.049	-18.631
-37.028	-18.686
-36.963	-18.856
-36.891	-19.024
-36.814	-19.189
-36.794	-19.232
-36.764	-19.270
-36.737	-19.309
-36.728	-19.323
-36.716	-19.334
-36.707	-19.348
-36.684	-19.386
-36.669	-19.446
-36.690	-19.489
-36.699	-19.507
-36.718	-19.522
-36.738	-19.527
-36.782	-19.536
-36.829	-19.537
-36.872	-19.529
-38.715	-19.222
-36.791	-19.567
-38.347	-19.171
-38.470	-19.139
-38.599	-19.130
-38.726	-19.121
-39.125	-19.092
-39.586	-19.026
-39.982	-19.169
-40.031	-19.187
-40.075	-19.217
-40.121	-19.241
POLYLINE BLACK
-40.112	-19.312
-40.174	-19.309
-40.237	-19.306
-40.299	-19.303
-40.394	-19.307
-40.489	-19.320
-40.584	-19.316
-40.687	-19.312
-40.789	-19.286
-40.892	-19.277
-41.001	-19.268
-41.105	-19.311
-41.220	-19.296
-41.326	-19.283
-41.382	-19.233
-41.493	-19.281
-41.628	-19.340
-41.769	-19.525
-41.838	-19.585
-41.885	-19.626
-41.960	-19.668
-42.026	-19.664
-43.977	-19.553
-41.484	-19.660
-42.950	-19.625
-43.058	-19.622
-43.145	-19.532
-43.249	-19.618
-43.301	-19.661
-43.335	-19.792
-43.354	-19.838
-43.408	-19.967
-43.466	-20.094
-43.519	-20.223
-43.561	-20.325
-43.596	-20.430
-43.639	-20.532
-43.647	-20.549
-43.654	-20.568
-43.669	-20.580
-43.675	-20.584
-43.681	-20.571
-43.687	-20.567
-43.697	-20.475
-43.697	-20.382
-43.718	-20.292
-43.743	-20.185
-43.783	-20.082
-43.824	-19.980
-43.862	-19.886
-43.907	-19.795
-43.953	-19.704
-43.965	-19.681
-43.993	-19.684
-44.011	-19.697
-44.090	-19.756
-44.117	-19.865
-44.182	-19.937
-44.240	-20.001
-44.307	-20.058
-44.365	-20.123
-44.411	-20.173
-44.483	-20.339
-44.497	-20.366
POLYLINE BLACK
-43.015	-17.023
-43.086	-17.060
-43.154	-17.085
-43.210	-17.143
-43.562	-17.512
-43.897	-17.897
-44.256	-18.258
-44.494	-18.499
-44.445	-18.399
-44.628	-18.529
-44.647	-18.542
-44.664	-18.559
-44.680	-18.576
-44.998	-18.925
-44.913	-18.804
-45.057	-19.028
POLYLINE BLACK
-44.485	-20.376
-44.465	-20.459
-44.451	-20.485
-44.455	-20.563
-44.456	-20.597
-44.467	-20.649
-44.483	-20.680
-44.551	-20.809
-44.595	-20.911
-44.694	-21.008
-44.759	-21.073
-44.994	-21.224
-45.008	-21.237
-45.051	-21.275
-45.078	-21.328
-45.112	-21.374
POLYLINE BLACK
-45.077	-19.023
-45.319	-19.015
-45.177	-19.011
-45.455	-19.046
-45.491	-19.051
-45.519	-19.052
-45.549	-19.074
-45.593	-19.107
-45.625	-19.155
-45.652	-19.202
-45.732	-19.341
-45.812	-19.480
-45.881	-19.625
-45.908	-19.682
-45.918	-19.745
-45.938	-19.806
-45.973	-19.914
-46.001	-20.024
-46.046	-20.129
-46.076	-20.197
-46.122	-20.257
-46.160	-20.321
POLYLINE RED
-46.870	-18.404
-47.058	-18.257
-47.107	-18.305
-47.370	-18.214
-47.493	-18.171
-47.606	-18.103
-47.730	-18.061
-47.925	-17.995
-48.124	-17.939
-48.324	-17.888
-48.458	-17.854
-48.633	-17.874
-48.719	-17.995
-48.739	-18.023
-48.764	-18.069
-48.769	-18.103
-48.777	-18.144
-48.808	-18.322
-48.788	-18.394
-48.722	-18.642
-48.634	-18.883
-48.573	-19.132
-48.544	-19.252
-48.534	-19.376
-48.518	-19.498
-48.516	-19.512
-48.523	-19.545
-48.529	-19.557
-48.624	-19.791
-49.204	-19.786
-49.257	-19.798
-49.308	-19.810
-49.428	-19.852
-49.476	-19.895
-49.520	-19.934
-49.555	-19.980
-49.595	-20.022
POLYLINE RED
-41.668	-19.366
-41.696	-19.325
-41.720	-19.281
-41.751	-19.243
-41.910	-19.048
-42.296	-18.848
-42.427	-18.783
-42.745	-18.628
-43.080	-18.511
-43.409	-18.381
-43.433	-18.371
-43.461	-18.368
-43.487	-18.366
-43.903	-18.338
-44.318	-18.310
-44.733	-18.282
-44.950	-18.285
-45.168	-18.302
-45.384	-18.291
-45.821	-18.269
-46.076	-18.163
-46.478	-18.231
-47.225	-18.357
-46.678	-18.326
-46.902	-18.338
POLYLINE RED
-46.674	-24.651
-46.525	-24.847
-46.376	-25.042
-46.228	-25.238
-46.053	-25.445
-45.872	-25.646
-45.705	-25.859
-45.564	-26.092
-45.634	-25.996
-45.506	-26.154
POLYLINE RED
-40.592	-29.952
-40.377	-29.839
-40.037	-29.737
-39.899	-29.511
-39.863	-29.453
-39.844	-29.373
-39.825	-29.312
POLYLINE RED
-39.879	-29.174
-39.886	-29.107
POLYLINE RED
-39.833	-29.309
-40.160	-28.593
-40.090	-28.592
-40.477	-28.115
-40.690	-27.852
-40.812	-27.798
-40.925	-27.525
-41.010	-27.321
-41.086	-27.114
-41.155	-26.905
-41.246	-26.634
-41.157	-26.733
-41.284	-26.524
-41.842	-25.603
-41.552	-26.256
-42.041	-24.887
-42.057	-24.843
-42.064	-24.761
-42.056	-24.710
-42.047	-24.648
-42.029	-24.586
-42.020	-24.524
-41.999	-24.365
-42.000	-24.203
-41.966	-24.047
-41.924	-23.854
-41.855	-23.667
-41.794	-23.480
-41.787	-23.458
-41.773	-23.438
-41.761	-23.418
-41.706	-23.328
-41.676	-23.308
-41.650	-23.195
-41.599	-22.974
-41.574	-22.747
-41.517	-22.527
-41.487	-22.408
-41.420	-22.300
-41.389	-22.181
-41.273	-21.734
-41.168	-21.283
-41.075	-20.829
-41.060	-20.761
-41.061	-20.689
-41.068	-20.620
-41.094	-20.345
-41.163	-20.186
-41.276	-19.925
-41.293	-19.885
-41.315	-19.846
-41.342	-19.812
-41.777	-19.262
-41.440	-19.773
-41.769	-19.241
POLYLINE GRAY
-49.574	-19.988
-49.584	-20.030
-49.597	-20.072
-49.604	-20.115
-49.614	-20.180
-49.606	-20.273
-49.590	-20.334
-49.483	-20.729
-49.451	-20.890
-49.278	-21.208
-49.224	-21.309
-49.152	-21.399
-49.101	-21.501
-48.970	-21.762
-48.874	-22.040
-48.732	-22.295
-48.496	-22.717
-48.255	-23.138
-47.971	-23.528
-47.662	-23.951
-47.288	-24.394
-46.854	-24.714
-46.802	-24.752
-46.743	-24.780
-46.687	-24.813
POLYLINE GRAY
-40.509	-29.935
-40.573	-29.921
-40.639	-29.914
-40.701	-29.893
-41.064	-29.768
-41.817	-29.282
-41.915	-29.213
-43.051	-28.410
-43.064	-28.161
-44.190	-27.171
-44.537	-26.866
-44.917	-26.603
-45.281	-26.319
POLYLINE GRAY
-49.120	-22.641
-49.106	-22.634
-49.043	-22.586
-49.004	-22.588
-48.980	-22.590
-48.963	-22.608
-48.954	-22.628
-48.903	-22.739
-48.956	-22.840
-48.972	-22.957
-48.979	-23.003
-48.973	-23.054
-48.962	-23.099
-48.953	-23.139
-48.906	-23.172
-48.867	-23.159
-48.823	-23.144
-48.780	-23.129
-48.737	-23.114
POLYLINE GRAY
-48.778	-23.761
-48.808	-23.745
POLYLINE GRAY
-43.850	-28.201
-43.815	-28.176
-43.781	-28.149
-43.745	-28.126
-43.664	-28.074
-43.614	-28.223
-43.614	-28.277
-43.614	-28.369
-43.698	-28.561
-43.702	-28.577
-43.718	-28.636
-43.724	-28.745
-43.632	-28.715
-43.624	-28.713
-43.617	-28.709
-43.610	-28.705
-43.571	-28.683
-43.531	-28.660
-43.492	-28.638
POLYLINE GRAY
-43.472	-29.364
-43.484	-29.368
POLYLINE BLACK
-44.333	-29.541
-44.973	-30.571
POLYLINE BLACK
-44.571	-29.568
-44.522	-29.526
-44.474	-29.483
-44.424	-29.443
-44.400	-29.424
-44.358	-29.394
-44.322	-29.400
-44.260	-29.410
-44.222	-29.509
-44.226	-29.564
-44.230	-29.631
-44.240	-29.698
-44.247	-29.764
POLYLINE BLACK
-46.666	-30.668
-46.695	-30.693
-46.724	-30.719
-46.753	-30.745
-46.752	-30.751
-46.755	-30.760
-46.751	-30.765
-46.739	-30.778
-46.684	-30.789
-46.676	-30.792
-46.632	-30.809
-46.604	-30.849
-46.588	-30.891
-46.549	-30.995
-46.646	-31.103
-46.743	-31.125
-46.781	-31.133
-46.806	-31.133
-46.844	-31.128
-46.907	-31.119
-46.927	-31.084
-46.990	-31.040
POLYLINE BLACK
-46.408	-30.479
-46.309	-30.849
-46.355	-30.623
-46.319	-31.166
POLYLINE BLACK
-46.498	-30.775
-46.355	-30.762
-46.439	-30.767
-46.247	-30.769
POLYLINE BLACK
-46.084	-31.047
-46.078	-30.956
-46.079	-30.862
-46.032	-30.782
-46.027	-30.773
-46.013	-30.750
-45.998	-30.752
-45.980	-30.754
-45.967	-30.791
-45.965	-30.800
-45.951	-30.852
-45.941	-30.905
-45.931	-30.958
-45.923	-30.996
-45.927	-31.024
-45.903	-31.053
-45.859	-31.105
-45.787	-31.105
-45.747	-31.051
-45.739	-31.040
-45.719	-30.993
-45.692	-30.990
-45.662	-30.987
-45.627	-31.051
-45.615	-31.063
-45.593	-31.084
-45.552	-31.121
-45.517	-31.122
-45.463	-31.124
-45.443	-31.036
-45.435	-31.004
-45.425	-30.966
-45.414	-30.914
-45.418	-30.870
-45.423	-30.802
-45.511	-30.754
-45.570	-30.791
-45.615	-30.818
-45.649	-30.898
-45.668	-30.930
POLYLINE BLACK
-45.488	-30.858
-45.474	-30.905
-45.464	-30.952
-45.448	-30.998
-45.437	-31.030
-45.392	-31.124
-45.341	-31.105
-45.284	-31.085
-45.249	-30.968
-45.235	-30.928
-45.229	-30.908
-45.224	-30.887
-45.221	-30.866
-45.219	-30.854
-45.220	-30.816
-45.220	-30.828
-45.222	-30.866
-45.254	-31.079
-45.178	-31.112
-45.135	-31.130
-45.062	-31.090
-45.034	-31.081
POLYLINE BLACK
-45.373	-30.565
-45.003	-30.567
POLYLINE BLACK
-44.351	-30.689
-44.347	-30.820
-44.349	-30.952
-44.339	-31.083
-44.339	-31.091
-44.327	-31.072
-44.322	-31.065
-44.314	-31.052
-44.310	-31.037
-44.302	-31.025
-44.286	-31.000
-44.249	-30.995
-44.223	-31.006
-44.158	-31.034
-44.095	-31.067
-44.029	-31.094
-44.016	-31.099
-44.000	-31.087
-43.995	-31.077
-43.934	-30.979
-44.046	-30.742
-44.067	-30.683
POLYLINE BLACK
-43.450	-30.857
-43.440	-30.893
-43.431	-30.930
-43.419	-30.966
-43.401	-31.020
-43.319	-31.093
-43.264	-31.041
-43.232	-31.011
-43.218	-30.957
-43.209	-30.916
-43.198	-30.861
-43.204	-30.785
-43.248	-30.743
-43.302	-30.693
-43.397	-30.736
-43.433	-30.788
-43.471	-30.842
-43.473	-30.888
-43.495	-30.959
POLYLINE BLACK
-43.178	-30.394
-43.142	-30.840
-43.179	-30.649
-43.096	-30.971
POLYLINE BLACK
-42.961	-30.800
-42.954	-30.885
-42.951	-30.976
-42.861	-31.010
-42.836	-31.019
-42.807	-31.026
-42.781	-31.017
-42.706	-30.992
-42.687	-30.837
-42.693	-30.776
-42.702	-30.665
-42.852	-30.604
-42.946	-30.649
-42.994	-30.673
-43.022	-30.727
-43.052	-30.767
POLYLINE BLACK
-42.806	-30.497
-42.813	-30.359
-42.801	-30.338
-42.744	-30.218
POLYLINE BLACK
-42.500	-30.423
-42.492	-30.439
-42.545	-30.742
-42.421	-30.761
-42.380	-30.768
-42.321	-30.741
-42.289	-30.732
POLYLINE BLACK
-42.491	-30.229
-42.215	-30.225
POLYLINE BLACK
-45.219	-31.430
-45.249	-31.445
-45.279	-31.460
-45.308	-31.475
-45.312	-31.481
-45.318	-31.487
-45.318	-31.494
-45.322	-31.535
-45.217	-31.587
-45.211	-31.591
-45.185	-31.607
-45.156	-31.619
-45.130	-31.635
-45.092	-31.659
-45.101	-31.719
-45.127	-31.749
-45.182	-31.811
-45.323	-31.752
-45.371	-31.707
-45.395	-31.686
-45.415	-31.661
-45.437	-31.639
POLYLINE BLACK
-44.779	-31.331
-44.776	-31.619
-44.792	-31.494
-44.749	-31.707
POLYLINE BLACK
-44.902	-31.493
-44.520	-31.479
POLYLINE BLACK
-44.318	-31.477
-44.335	-31.538
-44.386	-31.655
-44.301	-31.697
-44.281	-31.707
-44.255	-31.715
-44.235	-31.699
-44.180	-31.654
-44.190	-31.489
-44.192	-31.424
POLYLINE BLACK
-44.036	-31.649
-43.956	-31.851
-43.749	-31.678
-43.793	-31.529
-43.809	-31.472
-43.894	-31.413
-43.948	-31.458
-43.954	-31.463
-43.961	-31.468
-43.964	-31.475
-43.990	-31.532
-44.011	-31.590
-44.034	-31.647
POLYLINE BLACK
-43.737	-31.259
-43.719	-31.729
POLYLINE BLACK
-43.567	-31.413
-43.553	-31.450
-43.541	-31.488
-43.523	-31.523
-43.516	-31.537
-43.496	-31.535
-43.486	-31.530
-43.451	-31.512
-43.410	-31.416
-43.368	-31.438
-43.351	-31.448
-43.344	-31.472
-43.338	-31.488
-43.322	-31.525
-43.293	-31.624
-43.255	-31.668
-43.209	-31.721
-43.190	-31.592
-43.153	-31.619
-43.141	-31.628
-43.120	-31.682
-43.116	-31.689
-43.082	-31.742
-43.000	-31.672
-42.973	-31.656
POLYLINE BLACK
-43.074	-31.384
-43.117	-31.338
POLYLINE BLACK
-43.554	-31.384
-43.472	-31.873
-43.550	-31.586
-43.447	-31.471
-43.426	-31.447
-43.396	-31.433
-43.371	-31.414
POLYLINE BLACK
-25.175	-7.810
-25.162	-7.858
-25.155	-7.915
-25.109	-7.943
-25.037	-7.987
-24.921	-7.945
-24.935	-7.848
-24.946	-7.773
-25.031	-7.734
-25.092	-7.777
-25.118	-7.795
-25.143	-7.815
-25.169	-7.834
POLYLINE BLACK
-25.098	-7.922
-25.231	-8.207
POLYLINE BLACK
-25.447	-8.145
-25.174	-8.265
-25.294	-8.198
-25.081	-8.336
POLYLINE BLACK
-25.778	-8.261
-25.788	-8.292
-25.801	-8.322
-25.809	-8.354
-25.816	-8.382
-25.796	-8.398
-25.770	-8.400
-25.691	-8.407
-25.607	-8.322
-25.637	-8.241
-25.644	-8.224
-25.658	-8.200
-25.680	-8.200
-25.708	-8.200
-25.736	-8.204
-25.763	-8.206
POLYLINE BLACK
-25.753	-8.406
-25.860	-8.595
POLYLINE BLACK
-26.068	-8.589
-25.909	-8.618
-25.860	-8.644
-25.728	-8.715
POLYLINE RED
-45.529	-21.766
-45.572	-21.662
-45.607	-21.553
-45.658	-21.452
-45.765	-21.241
-45.960	-21.063
-46.181	-20.977
-46.293	-20.934
-46.387	-20.948
-46.510	-20.947
POLYLINE RED
-48.731	-35.347
-48.741	-35.344
POLYLINE RED
-48.793	-35.310
-48.808	-35.316
POLYLINE BLACK
-46.179	-20.266
-46.453	-20.899
-46.341	-20.668
-46.490	-20.969
POLYLINE BLACK
-45.133	-21.389
-45.191	-21.478
-45.248	-21.570
-45.309	-21.658
-45.322	-21.676
-45.337	-21.694
-45.355	-21.708
-45.402	-21.744
-45.453	-21.773
-45.501	-21.806
POLYLINE BLACK
-53.563	-21.617
-53.525	-21.761
-53.483	-21.905
-53.448	-22.050
-53.443	-22.067
-53.441	-22.086
-53.446	-22.103
-53.447	-22.109
-53.458	-22.111
-53.464	-22.109
-53.479	-22.103
-53.491	-22.092
-53.502	-22.081
-53.573	-22.008
-53.612	-21.932
-53.636	-21.833
-53.642	-21.811
-53.665	-21.714
-53.636	-21.684
-53.616	-21.664
-53.579	-21.684
-53.561	-21.694
-53.505	-21.726
-53.450	-21.762
-53.393	-21.794
-53.387	-21.798
-53.379	-21.799
-53.372	-21.800
-53.309	-21.810
-53.270	-21.732
-53.260	-21.682
-53.253	-21.645
-53.252	-21.606
-53.244	-21.569
-53.225	-21.482
-53.127	-21.645
-53.120	-21.663
-53.085	-21.752
-53.054	-21.842
-53.021	-21.932
POLYLINE BLACK
-52.848	-21.499
-52.842	-21.558
-52.846	-21.606
-52.823	-21.658
-52.731	-21.863
-52.477	-21.777
-52.501	-21.561
-52.512	-21.452
-52.589	-21.322
-52.714	-21.381
-52.740	-21.393
-52.761	-21.408
-52.780	-21.429
-52.829	-21.485
-52.834	-21.563
-52.850	-21.633
POLYLINE BLACK
-52.409	-21.374
-52.405	-21.361
-52.393	-21.290
-52.369	-21.265
-52.315	-21.210
-52.212	-21.304
-52.205	-21.369
-52.199	-21.424
-52.200	-21.458
-52.211	-21.511
-52.217	-21.540
-52.230	-21.567
-52.234	-21.596
-52.236	-21.604
-52.234	-21.613
-52.229	-21.619
-52.212	-21.639
-52.111	-21.610
-52.104	-21.609
-51.970	-21.597
-52.092	-21.643
-51.915	-21.557
POLYLINE BLACK
-52.257	-20.967
-52.221	-21.013
POLYLINE BLACK
-51.851	-21.049
-51.836	-21.163
-51.816	-21.277
-51.807	-21.392
-51.806	-21.399
-51.821	-21.385
-51.825	-21.379
-51.836	-21.362
-51.844	-21.342
-51.851	-21.323
-51.858	-21.304
-51.863	-21.285
-51.867	-21.265
-51.870	-21.246
-51.876	-21.192
-51.865	-21.168
-51.857	-21.150
-51.839	-21.151
-51.824	-21.162
-51.797	-21.181
-51.771	-21.202
-51.749	-21.227
-51.663	-21.324
-51.592	-21.451
-51.481	-21.529
-51.432	-21.563
-51.383	-21.571
-51.370	-21.500
-51.361	-21.448
-51.348	-21.395
-51.346	-21.342
-51.342	-21.191
-51.352	-21.041
-51.355	-20.890
POLYLINE BLACK
-50.974	-21.508
-50.959	-21.365
-50.948	-21.220
-50.929	-21.077
-50.923	-21.037
-50.912	-20.998
-50.900	-20.959
-50.870	-20.857
-50.773	-20.994
-50.758	-21.022
-50.701	-21.131
-50.656	-21.247
-50.604	-21.359
POLYLINE BLACK
-50.942	-21.255
-50.647	-21.255
POLYLINE BLACK
-54.216	-23.216
-53.908	-23.892
POLYLINE BLACK
-54.326	-23.241
-54.009	-23.081
POLYLINE BLACK
-53.803	-23.154
-53.757	-23.231
-53.712	-23.309
-53.666	-23.387
-53.661	-23.404
-53.639	-23.425
-53.650	-23.440
-53.659	-23.452
-53.678	-23.427
-53.689	-23.417
-53.728	-23.383
-53.761	-23.344
-53.785	-23.298
-53.892	-23.095
-53.590	-22.933
-53.502	-23.171
-53.481	-23.228
-53.489	-23.295
-53.513	-23.351
-53.520	-23.366
-53.528	-23.381
-53.537	-23.394
-53.540	-23.399
-53.594	-23.462
-53.596	-23.470
-53.598	-23.477
-53.589	-23.484
-53.582	-23.484
-53.514	-23.484
-53.447	-23.471
-53.380	-23.471
-53.309	-23.470
-53.238	-23.476
-53.167	-23.479
POLYLINE BLACK
-53.210	-22.932
-53.162	-23.116
-53.107	-23.298
-53.065	-23.484
-53.062	-23.500
-53.089	-23.459
-53.095	-23.443
-53.127	-23.368
-53.157	-23.292
-53.181	-23.213
-53.196	-23.163
-53.216	-23.072
-53.210	-23.008
-53.204	-22.938
-53.117	-22.943
-53.072	-22.971
-53.014	-23.007
-52.969	-23.071
-52.936	-23.125
-52.874	-23.227
-52.823	-23.335
-52.767	-23.440
POLYLINE BLACK
-53.201	-23.406
-52.976	-23.280
POLYLINE BLACK
-52.829	-22.899
-52.780	-22.990
-52.735	-23.082
-52.683	-23.171
-52.679	-23.177
-52.669	-23.179
-52.663	-23.177
-52.628	-23.167
-52.626	-23.083
-52.550	-23.092
-52.522	-23.096
-52.494	-23.099
-52.467	-23.107
-52.427	-23.118
-52.390	-23.138
-52.350	-23.149
-52.328	-23.154
-52.322	-23.133
-52.323	-23.118
-52.326	-23.096
-52.331	-23.074
-52.339	-23.053
-52.386	-22.926
-52.496	-22.779
-52.557	-22.684
POLYLINE BLACK
-52.330	-22.645
-52.256	-22.775
-52.177	-22.902
-52.108	-23.035
-52.100	-23.050
-52.132	-23.012
-52.145	-23.000
-52.197	-22.926
-52.252	-22.855
-52.302	-22.779
-52.325	-22.743
-52.359	-22.675
-52.354	-22.627
-52.348	-22.560
-52.272	-22.517
-52.227	-22.480
POLYLINE BLACK
-52.172	-22.865
-51.972	-22.682
POLYLINE BLACK
-52.105	-23.081
-51.976	-23.034
-52.047	-23.064
-51.896	-22.984
POLYLINE BLACK
-51.918	-22.321
-51.836	-22.418
-51.752	-22.514
-51.672	-22.613
-51.658	-22.631
-51.624	-22.690
-51.636	-22.670
-51.696	-22.572
-51.775	-22.476
-51.809	-22.363
-51.833	-22.279
-51.810	-22.209
-51.728	-22.175
-51.694	-22.162
-51.656	-22.155
-51.622	-22.171
-51.600	-22.181
-51.583	-22.199
-51.571	-22.219
-51.518	-22.304
-51.612	-22.416
-51.655	-22.478
-51.667	-22.495
-51.698	-22.526
-51.680	-22.551
-51.670	-22.566
-51.648	-22.569
-51.633	-22.572
-51.530	-22.591
-51.428	-22.609
-51.325	-22.627
POLYLINE BLACK
-51.277	-22.049
-51.303	-22.088
-51.329	-22.126
-51.354	-22.166
-51.445	-22.317
-51.071	-22.310
-51.132	-22.451
-51.163	-22.524
-51.245	-22.543
-51.310	-22.586
POLYLINE BLACK
-51.077	-22.186
-51.052	-22.232
-51.035	-22.279
-50.996	-22.314
-50.966	-22.343
-50.925	-22.360
-50.884	-22.366
-50.702	-22.390
-50.617	-22.132
-50.750	-22.024
-50.795	-21.988
-50.879	-21.975
-50.924	-22.020
-50.931	-22.027
-50.942	-22.034
-50.943	-22.044
-50.954	-22.103
-50.954	-22.163
-50.959	-22.223
POLYLINE BLACK
-50.667	-21.883
-50.645	-21.939
-50.624	-21.996
-50.602	-22.053
-50.591	-22.095
-50.598	-22.148
-50.568	-22.181
-50.552	-22.199
-50.558	-22.133
-50.550	-22.111
-50.538	-22.078
-50.518	-22.051
-50.495	-22.026
-50.388	-21.913
-50.303	-22.121
-50.253	-21.949
-50.246	-21.928
-50.242	-21.890
-50.246	-21.869
-50.265	-21.787
-50.289	-21.706
-50.310	-21.624
POLYLINE BLACK
-50.127	-22.074
-50.134	-21.894
-50.147	-21.713
-50.148	-21.532
-50.148	-21.526
-50.136	-21.525
-50.131	-21.528
-50.118	-21.534
-50.107	-21.545
-50.098	-21.556
-50.059	-21.602
-50.022	-21.649
-49.989	-21.699
-49.943	-21.770
-49.904	-21.845
-49.861	-21.918
POLYLINE BLACK
-50.213	-21.868
-50.056	-21.840
POLYLINE BLACK
-49.668	-21.478
-49.696	-21.470
-49.758	-21.433
-49.793	-21.462
-49.822	-21.484
-49.828	-21.535
-49.831	-21.565
-49.835	-21.602
-49.836	-21.647
-49.825	-21.684
-49.808	-21.746
-49.755	-21.853
-49.681	-21.860
-49.601	-21.867
-49.524	-21.782
-49.475	-21.743
POLYLINE BLACK
-50.132	-21.053
-49.982	-21.224
-50.054	-21.154
-49.923	-21.269
POLYLINE BLACK
-49.849	-20.766
-49.832	-20.738
-49.815	-20.711
-49.798	-20.683
-49.791	-20.679
-49.786	-20.673
-49.779	-20.672
-49.761	-20.671
-49.745	-20.693
-49.739	-20.704
-49.679	-20.809
-49.701	-20.913
-49.697	-21.029
-49.696	-21.052
-49.692	-21.076
-49.687	-21.098
-49.670	-21.173
-49.533	-21.355
-49.447	-21.316
-49.396	-21.292
-49.376	-21.197
-49.362	-21.160
POLYLINE BLACK
-49.314	-21.578
-49.295	-21.663
-49.273	-21.647
-49.332	-21.658

ELEVATION
STATIONS
0.000	0.000	0
-2.935	1.857	1
-7.743	1.237	2
-12.794	0.390	3
-17.370	0.873	4
-22.248	0.876	5
-25.660	1.447	6
-29.190	3.372	7
-30.109	3.852	8
-33.587	4.261	9
-39.016	4.750	10
-41.379	5.055	11
-40.546	6.031	12
-43.637	7.529	13
-46.009	2.500	14
SHOTS
0.000	0.000	-2.935	1.857
-2.935	1.857	-1.957	1.847
-2.935	1.857	-7.743	1.237
-7.743	1.237	-8.136	1.345
-7.743	1.237	-6.662	1.796
-7.743	1.237	-6.683	1.526
-7.743	1.237	-12.794	0.390
-12.794	0.390	-12.570	0.514
-12.794	0.390	-13.248	0.216
-12.794	0.390	-13.480	0.964
-12.794	0.390	-15.557	-0.152
-12.794	0.390	-17.370	0.873
-17.370	0.873	-17.195	0.990
-17.370	0.873	-19.029	2.467
-17.370	0.873	-19.444	1.719
-17.370	0.873	-22.248	0.876
-22.248	0.876	-22.575	1.137
-22.248	0.876	-22.435	1.247
-22.248	0.876	-21.362	1.235
-22.248	0.876	-19.066	0.774
-22.248	0.876	-19.216	1.054
-22.248	0.876	-22.406	1.233
-22.248	0.876	-20.712	1.355
-22.248	0.876	-25.660	1.447
-25.660	1.447	-25.848	1.208
-25.660	1.447	-24.978	1.840
-25.660	1.447	-27.842	2.104
-25.660	1.447	-24.831	2.168
-25.660	1.447	-26.529	2.343
-25.660	1.447	-24.519	0.988
-25.660	1.447	-26.298	1.615
-25.660	1.447	-29.190	3.372
-29.190	3.372	-27.722	3.315
-29.190	3.372	-29.871	3.165
-29.190	3.372	-30.102	3.867
-29.190	3.372	-29.571	3.574
-29.190	3.372	-30.109	3.852
-30.109	3.852	-27.915	3.552
-30.109	3.852	-27.395	4.489
-30.109	3.852	-26.718	4.934
-30.109	3.852	-26.625	5.276
-30.109	3.852	-27.643	6.629
-30.109	3.852	-29.349	5.230
-30.109	3.852	-28.670	6.289
-30.109	3.852	-31.098	3.708
-30.109	3.852	-30.387	5.090
-30.109	3.852	-33.587	4.261
-33.587	4.261	-31.197	5.412
-33.587	4.261	-32.444	5.354
-33.587	4.261	-33.689	5.321
-33.587	4.261	-36.001	5.778
-33.587	4.261	-34.807	4.692
-33.587	4.261	-33.609	4.334
-33.587	4.261	-33.950	4.385
-33.587	4.261	-39.016	4.750
-39.016	4.750	-37.103	4.997
-39.016	4.750	-35.635	5.472
-39.016	4.750	-37.191	5.175
-39.016	4.750	-37.746	5.271
-39.016	4.750	-38.648	4.923
-39.016	4.750	-39.441	4.954
-39.016	4.750	-41.379	5.055
-41.379	5.055	-39.472	4.972
-41.379	5.055	-38.727	5.461
-41.379	5.055	-42.809	5.167
-41.379	5.055	-41.559	4.992
-41.379	5.055	-38.673	5.486
-41.379	5.055	-36.720	5.562
-41.379	5.055	-40.546	6.031
-40.546	6.031	-41.641	5.936
-40.546	6.031	-41.448	6.165
-40.546	6.031	-36.960	5.235
-40.546	6.031	-43.637	7.529
-43.637	7.529	-43.935	7.536
-43.637	7.529	-41.959	7.793
-43.637	7.529	-40.028	7.823
-43.637	7.529	-41.669	7.452
-43.637	7.529	-42.949	7.595
-43.637	7.529	-43.675	6.282
-43.637	7.529	-44.428	5.510
-43.637	7.529	-45.107	6.199
-43.637	7.529	-43.199	6.922
-43.637	7.529	-46.009	2.500
-46.009	2.500	-44.447	4.740
-46.009	2.500	-45.569	5.017
-46.009	2.500	-45.071	2.980
-46.009	2.500	-46.114	2.861
-46.009	2.500	-41.751	-0.706
-46.009	2.500	-44.097	0.364
-46.009	2.500	-45.493	0.264
-46.009	2.500	-49.552	-0.541
-46.009	2.500	-43.330	-0.120
-46.009	2.500	-48.506	0.930
-46.009	2.500	-48.682	0.494
-46.009	2.500	-46.873	1.005
-46.009	2.500	-41.450	0.920
-46.009	2.500	-41.085	1.220
-46.009	2.500	-41.677	1.137
-46.009	2.500	-44.177	-22.873
-46.009	2.500	-40.591	-2.892
-46.009	2.500	-41.993	-0.499
-46.009	2.500	-41.151	-1.165
-46.009	2.500	-39.860	-2.200
-46.009	2.500	-46.598	0.509
-46.009	2.500	-45.600	-0.591
POLYLINE BLACK
0.158	0.355
-3.290	2.359
0.333	0.485
-1.450	1.561
-1.655	1.684
-1.878	1.776
-2.093	1.883
POLYLINE BLACK
-2.070	1.882
-2.273	1.996
-2.401	2.097
-2.616	2.148
-2.834	2.200
-3.110	2.203
-3.321	2.179
-4.040	2.096
-4.759	2.007
-5.473	1.884
-5.811	1.826
-6.138	1.717
-6.472	1.637
-6.504	1.629
-6.537	1.628
-6.569	1.619
-6.604	1.610
-6.636	1.592
-6.671	1.583
-6.697	1.577
-6.713	1.612
-6.715	1.630
-6.720	1.661
-6.723	1.692
-6.723	1.724
-6.724	1.771
-6.699	1.838
-6.766	1.846
-6.776	1.847
-6.787	1.848
-6.796	1.846
-7.460	1.692
-7.081	1.783
-7.725	1.567
-7.884	1.513
-7.885	1.538
-7.998	1.471
-8.063	1.432
-8.113	1.363
-8.161	1.310
POLYLINE BLACK
-0.359	-0.321
-0.452	-0.217
-0.541	-0.109
-0.638	-0.009
-0.662	0.016
-0.690	0.035
-0.719	0.052
-1.116	0.275
-1.514	0.496
-1.917	0.709
-2.546	1.043
-1.905	0.605
-2.720	1.178
-2.882	1.292
-2.956	1.397
-3.150	1.442
-3.259	1.467
-3.434	1.452
-3.518	1.439
-3.843	1.381
-4.168	1.323
-4.493	1.265
-4.630	1.219
-4.762	1.154
-4.904	1.129
-5.431	1.036
-5.965	0.989
-6.494	0.910
-6.745	0.872
-6.992	0.809
-7.243	0.780
-7.432	0.758
-7.623	0.766
-7.813	0.754
-7.829	0.753
-7.847	0.752
-7.861	0.743
-7.903	0.714
-7.938	0.675
-7.976	0.642
POLYLINE BLACK
-15.510	-0.115
-15.115	-0.213
-15.315	-0.178
-14.535	-0.120
-14.256	-0.100
-13.815	-0.046
-13.517	0.034
-13.352	0.079
-13.217	0.232
-13.041	0.231
-12.965	0.231
-12.890	0.222
-12.814	0.218
-12.668	0.200
-12.523	0.167
-12.375	0.164
-11.804	0.154
-11.179	0.287
-10.627	0.340
-10.421	0.360
-10.213	0.351
-10.007	0.365
-9.398	0.406
-8.790	0.451
-8.182	0.504
-8.045	0.515
-7.986	0.557
-7.894	0.646
POLYLINE BLACK
-13.470	1.042
-13.409	1.026
-13.350	1.002
-13.288	0.994
-12.952	0.950
-12.783	0.998
-12.415	1.002
-12.153	1.004
-11.892	0.981
-11.630	0.989
-11.504	0.992
-11.379	1.021
-11.254	1.037
-11.065	1.061
-10.877	1.092
-10.688	1.110
-10.572	1.120
-10.455	1.117
-10.338	1.121
-10.016	1.165
-9.696	1.221
-9.372	1.252
-9.184	1.270
-8.994	1.250
-8.805	1.267
-8.253	1.317
-8.313	1.307
-7.993	1.410
POLYLINE BLACK
-13.377	1.058
-13.453	1.065
-13.530	1.071
-13.607	1.077
-13.811	1.108
-14.013	1.163
-14.219	1.168
-14.828	1.184
-15.438	1.157
-16.047	1.141
-16.258	1.135
-16.471	1.129
-16.681	1.101
-16.812	1.084
-16.937	1.034
-17.065	1.005
-17.075	1.002
-17.086	1.004
-17.095	1.005
-17.228	1.022
-17.306	1.205
-17.375	1.283
-17.424	1.339
-17.478	1.392
-17.537	1.438
-17.794	1.638
-17.784	1.569
-18.085	1.760
-18.200	1.833
-18.315	1.908
-18.415	2.000
-18.502	2.079
-18.554	2.190
-18.640	2.270
-18.736	2.359
-18.849	2.427
-18.956	2.503
-19.010	2.542
-19.075	2.453
-19.094	2.417
-19.136	2.343
-19.113	2.319
-19.165	2.217
-19.349	1.857
-19.321	1.901
-19.484	1.708
POLYLINE BLACK
-19.046	0.813
-19.012	0.792
-18.981	0.768
-18.946	0.750
-18.923	0.737
-18.897	0.728
-18.872	0.720
-18.747	0.680
-18.620	0.648
-18.496	0.606
-18.235	0.517
-17.981	0.403
-17.716	0.325
-16.582	-0.007
-16.323	-0.032
-15.250	-0.234
POLYLINE BLACK
-19.214	0.785
-21.666	0.693
-19.493	0.729
-21.161	0.789
-21.530	0.802
-21.900	0.788
-22.269	0.804
-22.422	0.810
-22.573	0.842
-22.726	0.854
-23.353	0.906
-23.981	0.949
-24.609	0.997
POLYLINE BLACK
-19.451	1.827
-19.357	1.657
-19.263	1.488
-19.169	1.319
-19.164	1.300
-19.156	1.281
-19.152	1.262
-19.148	1.242
-19.144	1.222
-19.146	1.202
-19.152	1.146
-19.166	1.091
-19.176	1.036
POLYLINE BLACK
-19.280	1.092
-19.605	1.236
-19.618	1.251
-20.081	1.376
-20.152	1.395
-20.226	1.395
-20.299	1.403
-20.385	1.412
-20.472	1.416
-20.559	1.425
-20.592	1.429
-20.624	1.440
-20.657	1.443
-20.721	1.449
-20.756	1.428
-20.825	1.424
-20.906	1.420
-20.986	1.427
-21.067	1.423
-21.134	1.420
-21.208	1.392
-21.261	1.351
-21.299	1.321
-21.325	1.281
-21.370	1.260
-21.409	1.242
-21.449	1.239
-21.491	1.238
-21.518	1.237
-21.544	1.241
-21.570	1.242
-21.770	1.251
-21.970	1.257
-22.170	1.268
-22.273	1.274
-22.291	1.292
-22.378	1.281
-22.447	1.272
-22.557	1.222
-22.583	1.151
-22.595	1.121
-22.602	1.090
-22.611	1.060
POLYLINE BLACK
-24.945	1.810
-24.672	1.809
-24.715	1.764
-24.408	1.665
-22.458	1.037
-23.608	1.469
-22.497	1.037
POLYLINE BLACK
-24.963	1.839
-24.870	2.121
-24.918	2.000
-24.826	2.207
POLYLINE BLACK
-24.805	2.240
-25.958	2.248
-24.373	2.222
-25.500	2.289
-25.720	2.302
-25.941	2.286
-26.162	2.302
-26.258	2.309
-26.351	2.341
-26.447	2.356
-26.486	2.362
-26.520	2.353
-26.557	2.345
-26.567	2.342
-26.576	2.337
-26.586	2.337
-26.609	2.335
-26.632	2.337
-26.656	2.337
POLYLINE BLACK
-29.411	5.302
-29.311	5.545
-29.299	5.601
-29.079	5.871
-28.955	6.023
-28.808	6.154
-28.669	6.292
-28.654	6.305
-28.636	6.315
-28.619	6.324
-28.511	6.380
-28.410	6.362
-28.301	6.389
-28.250	6.401
-28.202	6.421
-28.154	6.441
-27.886	6.555
-28.007	6.536
-27.723	6.605
-27.669	6.618
-27.594	6.622
-27.545	6.589
-27.533	6.581
-27.520	6.574
-27.512	6.563
-27.290	6.243
-27.085	5.910
-26.856	5.595
-26.783	5.496
-26.691	5.413
-26.608	5.321
-26.591	5.302
-26.582	5.295
-26.572	5.271
-26.539	5.191
-26.587	5.069
-26.623	4.998
-26.655	4.934
-26.701	4.878
-26.764	4.844
-26.998	4.716
-27.235	4.594
-27.468	4.465
-27.503	4.445
-27.524	4.401
-27.537	4.366
-27.640	4.084
-27.736	3.800
-27.844	3.519
-27.847	3.510
-27.902	3.445
-27.902	3.408
-27.902	3.385
-27.885	3.364
-27.866	3.353
-27.754	3.286
-27.731	3.291
-27.598	3.289
POLYLINE BLACK
-27.658	3.292
-26.930	2.743
-27.315	3.069
-26.533	2.283
POLYLINE BLACK
-31.215	5.472
-31.024	5.354
-31.043	5.350
-30.786	5.282
-30.681	5.254
-30.570	5.246
-30.464	5.219
-30.393	5.201
-30.327	5.163
-30.254	5.149
-30.029	5.103
-29.820	5.097
-29.601	5.162
-29.579	5.169
-29.557	5.180
-29.537	5.192
-29.463	5.235
-29.392	5.282
-29.320	5.327
POLYLINE BLACK
-32.416	5.390
-32.333	5.392
-32.249	5.393
-32.166	5.395
-32.030	5.409
-31.894	5.437
-31.757	5.437
-31.186	5.391
-31.400	5.391
-31.117	5.395
POLYLINE BLACK
-33.754	5.304
-33.299	5.284
-32.836	5.242
-32.385	5.318
POLYLINE BLACK
-33.712	5.303
-34.368	5.553
-33.666	5.299
-35.274	5.634
-35.483	5.677
-35.687	5.742
-35.895	5.792
-35.920	5.798
-35.970	5.793
-35.994	5.785
-36.016	5.778
-36.035	5.767
-36.056	5.758
POLYLINE BLACK
-35.956	5.760
-35.921	5.730
-35.882	5.703
-35.849	5.670
-35.770	5.592
-35.817	5.620
-35.762	5.557
-35.716	5.504
-35.606	5.449
-35.557	5.419
POLYLINE BLACK
-46.168	2.884
-46.580	2.575
POLYLINE BLACK
-46.882	2.468
-47.182	2.198
POLYLINE BLACK
-47.347	2.074
-47.552	1.965
-47.719	1.807
-47.870	1.631
POLYLINE BLACK
-48.286	1.376
-48.331	1.239
-48.428	1.161
-48.511	1.046
-48.556	0.984
-48.574	0.932
-48.603	0.864
POLYLINE BLACK
-48.637	0.557
-48.678	0.434
POLYLINE BLACK
-48.943	0.189
-48.987	0.162
-49.032	0.138
-49.074	0.108
-49.095	0.093
-49.114	0.075
-49.131	0.056
-49.238	-0.063
-49.350	-0.177
-49.447	-0.304
-49.487	-0.357
-49.508	-0.421
-49.539	-0.479
POLYLINE BLACK
-49.341	-0.928
-49.090	-1.515
POLYLINE BLACK
-48.846	-2.228
-48.586	-2.594
-48.787	-2.282
-48.586	-2.686
-48.563	-2.733
-48.501	-2.787
-48.468	-2.820
POLYLINE BLACK
-48.208	-3.542
-48.208	-3.542
-48.155	-3.874
-48.105	-3.979
-48.087	-4.017
-48.063	-4.053
-48.042	-4.089
POLYLINE BLACK
-47.648	-4.996
-47.428	-5.472
-47.552	-5.257
-47.287	-5.649
POLYLINE BLACK
-47.188	-6.015
-47.118	-6.553
-47.162	-6.349
-47.093	-6.636
POLYLINE BLACK
-47.016	-7.369
-46.887	-7.657
-46.951	-7.490
-46.840	-7.877
POLYLINE BLACK
-46.751	-8.616
-46.656	-9.396
POLYLINE BLACK
-46.444	-10.263
-46.278	-10.775
-46.328	-10.559
-46.261	-10.904
POLYLINE BLACK
-46.115	-11.903
-45.982	-12.387
-46.015	-12.194
-45.975	-12.473
POLYLINE BLACK
-45.752	-13.435
-45.612	-13.764
-45.677	-13.571
-45.590	-14.025
POLYLINE BLACK
-45.539	-15.266
-45.433	-15.568
-45.494	-15.363
-45.422	-15.898
POLYLINE BLACK
-45.249	-16.776
-45.126	-17.224
POLYLINE BLACK
-44.979	-18.206
-44.875	-18.917
POLYLINE BLACK
-44.734	-19.797
-44.579	-20.634
POLYLINE BLACK
-44.471	-21.733
-44.170	-22.964
POLYLINE BLACK
-43.985	-22.712
-43.784	-21.963
-43.823	-22.255
-43.781	-21.849
POLYLINE BLACK
-43.626	-20.947
-43.632	-20.263
-43.654	-20.539
-43.607	-20.116
POLYLINE BLACK
-43.583	-18.999
-43.646	-18.803
-43.665	-18.609
-43.658	-18.407
POLYLINE BLACK
-43.823	-17.557
-43.918	-16.611
POLYLINE BLACK
-43.973	-15.299
-43.961	-14.484
POLYLINE BLACK
-43.986	-13.170
-44.087	-12.559
-44.068	-12.830
-44.075	-12.360
POLYLINE BLACK
-44.018	-11.694
-44.090	-11.131
-44.082	-11.343
-44.088	-11.056
POLYLINE BLACK
-44.015	-10.127
-44.112	-9.675
-44.082	-9.875
-44.120	-9.529
POLYLINE BLACK
-44.137	-8.373
-44.180	-7.808
POLYLINE BLACK
-44.308	-6.684
-44.372	-6.277
POLYLINE BLACK
-44.502	-5.301
-44.623	-4.756
-44.596	-4.998
-44.618	-4.580
POLYLINE BLACK
-44.786	-3.796
-44.829	-3.456
POLYLINE BLACK
-44.974	-2.421
-45.119	-1.795
-45.038	-2.010
-45.139	-1.756
POLYLINE BLACK
-45.203	-1.327
-45.755	-0.167
-45.287	-1.078
-45.524	-0.696
-45.547	-0.659
-45.567	-0.620
-45.589	-0.581
POLYLINE BLACK
-45.500	-0.207
-45.538	-0.050
-45.510	0.065
-45.482	0.221
POLYLINE BLACK
-45.311	0.264
-44.974	0.081
-45.120	0.139
-44.889	0.059
POLYLINE BLACK
-44.459	0.221
-44.325	0.162
-44.407	0.190
-44.210	0.154
POLYLINE BLACK
-44.089	0.250
-44.049	0.297
POLYLINE BLACK
-43.944	0.169
-43.704	-0.084
-43.817	0.023
-43.614	-0.158
POLYLINE BLACK
-43.425	-0.574
-43.132	-0.812
POLYLINE BLACK
-42.555	-1.515
-42.412	-1.747
-42.513	-1.601
-42.218	-1.924
POLYLINE BLACK
-41.806	-2.429
-41.682	-2.584
-41.686	-2.600
-41.531	-2.719
-41.490	-2.750
-41.445	-2.774
-41.402	-2.802
POLYLINE BLACK
-40.885	-3.070
-40.623	-2.948
-40.740	-3.015
-40.531	-2.875
POLYLINE BLACK
-40.051	-2.468
-39.830	-2.225
POLYLINE BLACK
-41.057	1.185
-41.520	1.195
-41.349	1.234
-41.582	1.167
POLYLINE BLACK
-41.592	1.025
-41.449	0.932
-41.385	0.832
-41.316	0.682
POLYLINE BLACK
-41.219	0.458
-41.046	0.174
-41.108	0.297
-41.016	0.098
POLYLINE BLACK
-40.874	-0.220
-40.580	-0.810
POLYLINE BLACK
-40.415	-1.295
-40.278	-1.596
POLYLINE BLACK
-40.029	-1.992
-39.928	-2.160
POLYLINE BLACK
-40.338	-2.836
-40.214	-2.737
POLYLINE BLACK
-44.978	2.944
-44.763	2.797
POLYLINE BLACK
-44.452	2.594
-44.112	2.447
POLYLINE BLACK
-43.749	2.304
-43.333	2.206
POLYLINE BLACK
-42.561	1.950
-42.328	1.886
-42.448	1.930
-42.205	1.809
POLYLINE BLACK
-41.539	1.653
-41.172	1.436
POLYLINE BLACK
-44.850	3.156
-44.779	3.500
POLYLINE BLACK
-44.648	3.954
-44.547	4.288
-44.605	4.131
-44.479	4.425
POLYLINE BLACK
-44.000	7.589
-44.607	6.958
-44.582	7.047
-45.010	6.406
-45.100	6.271
-45.189	5.839
-45.200	5.808
-45.579	4.744
-45.181	6.248
-45.616	4.674
-46.183	2.619
-45.829	3.518
-46.118	2.799
POLYLINE BLACK
-43.994	7.641
-43.729	7.682
-42.844	7.874
-42.328	7.867
-42.280	7.867
-42.142	7.828
-42.115	7.825
-42.065	7.819
-42.015	7.820
-41.966	7.819
-41.792	7.816
-41.619	7.816
-41.446	7.814
-41.225	7.810
-41.004	7.793
-40.783	7.801
-40.654	7.805
-40.528	7.839
-40.399	7.850
-40.332	7.856
-40.107	7.827
-40.066	7.818
-40.059	7.816
-40.059	7.804
-40.063	7.798
-40.088	7.757
-40.203	7.717
-40.241	7.711
-40.670	7.646
-41.102	7.597
-41.530	7.530
-41.623	7.516
-41.688	7.492
-41.766	7.449
-41.771	7.446
-41.776	7.441
-41.780	7.436
-41.795	7.421
-41.809	7.406
-41.823	7.390
POLYLINE BLACK
-35.934	5.798
-35.990	5.769
-36.044	5.735
-36.103	5.712
-36.284	5.639
-36.656	5.604
-36.775	5.585
POLYLINE BLACK
-36.728	5.623
-36.731	5.616
POLYLINE BLACK
-41.783	7.500
-41.185	7.305
-41.262	7.346
-40.489	6.960
-40.257	6.845
-40.043	6.697
-39.810	6.583
-39.508	6.449
-39.205	6.315
-38.903	6.181
-38.802	6.142
-38.698	6.109
-38.600	6.064
-38.477	6.008
-38.365	5.928
-38.240	5.878
-37.987	5.776
-37.651	5.746
-37.395	5.693
-36.573	5.522
-37.330	5.636
-36.575	5.536
POLYLINE BLACK
-44.471	4.490
-44.377	4.963
-44.394	4.779
-44.389	5.383
-44.388	5.490
-44.420	5.522
-44.360	5.615
-44.279	5.741
-44.085	5.828
-43.995	5.912
-43.860	6.037
-43.739	6.176
-43.617	6.313
-43.593	6.341
-43.576	6.374
-43.558	6.406
-43.516	6.482
-43.482	6.563
-43.436	6.637
-43.355	6.768
-43.220	6.846
-43.107	6.945
POLYLINE BLACK
-42.023	6.432
-41.929	6.410
-41.834	6.392
-41.742	6.364
-41.707	6.354
-41.675	6.336
-41.643	6.318
-41.616	6.303
-41.591	6.285
-41.567	6.265
-41.544	6.246
-41.524	6.224
-41.504	6.202
-41.443	6.131
-41.500	6.120
-41.553	6.087
-41.576	6.072
-41.604	6.046
-41.618	6.023
-41.651	5.971
-41.698	5.835
-41.781	5.801
-41.942	5.735
-42.111	5.687
-42.266	5.610
-42.499	5.494
-42.692	5.276
-42.873	5.104
POLYLINE BLACK
-43.101	7.015
-42.710	6.729
-42.740	6.724
-42.191	6.493
-41.748	6.355
-41.907	6.421
-41.698	6.330
POLYLINE BLACK
-42.809	5.223
-42.809	5.222
POLYLINE BLACK
-42.475	5.075
-41.940	4.966
-42.570	5.085
-41.931	5.003
-41.813	4.988
-41.822	4.963
-41.732	4.968
-41.492	4.983
-41.628	5.002
-41.439	4.956
POLYLINE BLACK
-24.574	1.007
-24.656	1.031
-24.737	1.065
-24.821	1.079
-25.684	1.219
-25.364	1.089
-25.906	1.262
-25.971	1.283
-26.014	1.371
-26.056	1.410
-26.063	1.417
-26.216	1.558
-26.289	1.581
-26.792	1.738
-27.298	1.886
-27.801	2.042
-27.884	2.067
-27.845	2.195
-27.919	2.237
-28.237	2.416
-28.547	2.612
-28.877	2.767
-29.133	2.887
-29.413	2.952
-29.675	3.060
-29.701	3.070
-29.906	3.163
-29.977	3.238
-30.017	3.279
-30.012	3.294
-30.050	3.345
-30.083	3.388
-30.133	3.431
-30.180	3.456
-30.496	3.623
-30.572	3.598
-31.006	3.721
-31.031	3.728
-31.054	3.742
-31.078	3.751
-31.120	3.765
-31.162	3.776
-31.204	3.789
POLYLINE BLACK
-42.804	5.225
-42.700	5.181
POLYLINE BLACK
-42.650	5.103
-42.590	5.076
-42.560	5.054
-42.501	5.047
-42.472	5.043
-42.455	5.047
-42.430	5.043
-42.382	5.035
-42.335	5.027
-42.287	5.019
POLYLINE BLACK
-41.283	4.932
-40.797	4.812
-41.646	5.030
-40.673	4.720
-40.545	4.680
-40.411	4.660
-40.281	4.625
-39.803	4.499
-40.159	4.539
-39.387	4.404
-39.266	4.383
-39.142	4.387
-39.020	4.373
-38.864	4.356
-38.711	4.320
-38.555	4.309
-38.198	4.283
-37.840	4.290
-37.483	4.261
-37.367	4.251
-37.257	4.203
-37.141	4.193
-36.977	4.179
-36.811	4.201
-36.647	4.189
-36.502	4.179
-36.361	4.138
-36.217	4.126
-35.714	4.085
-35.209	4.079
-34.707	4.028
-34.476	4.005
-34.250	3.945
-34.022	3.904
-33.250	3.821
-32.480	3.722
-31.707	3.654
-31.415	3.629
-31.432	3.675
-31.209	3.693
-31.172	3.696
-31.135	3.692
-31.098	3.691

