TRIP
DATE 2022-08-07
DECLINATION 0.0
DATA
0		46.93	-17.25	1.959	>
0		46.84	-17.27	1.959	>
0		46.57	-17.20	1.960	>
0	1	46.78	-17.24	1.959	>
1		272.42	-14.73	3.689	>
1		272.44	-14.79	3.688	>
1		272.42	-14.80	3.688	>
1	2	272.43	-14.77	3.688	>
2		330.51	-37.42	3.598	>
2		330.50	-37.50	3.616	>
2		330.24	-37.45	3.611	>
2	3	330.42	-37.45	3.608	>
3		330.16	-14.00	1.427	>
3		193.03	-11.94	0.804	>
3		264.24	-82.27	5.952	>
3		102.08	55.20	1.931	>
3		135.19	-30.81	0.953	>
3		260.26	-79.60	5.869	>
3		255.30	-22.24	0.536	>
3		255.45	-22.08	0.528	>
3		254.77	-22.07	2.887	>
3		255.02	-22.40	2.889	>
3		255.03	-22.34	2.890	>
3	4	254.94	-22.27	2.889	>
4		134.55	6.88	0.468	>
4		322.86	-18.72	0.262	>
4		268.34	-77.23	4.701	>
4		126.90	75.50	0.626	>
4		16.42	-72.99	1.271	>
4		226.35	-31.81	1.908	>
4		226.25	-31.92	1.906	>
4		226.38	-31.90	1.911	>
4	5	226.33	-31.88	1.908	>
5		6.13	-0.71	1.140	>
5		331.82	54.11	0.733	>
5		286.17	-80.06	3.454	>
5		302.53	-59.29	2.235	>
5		298.71	-59.00	2.252	>
5		301.06	-58.71	2.233	>
5	6	300.77	-59.00	2.240	>
6		198.17	2.99	0.362	>
6		258.45	79.05	2.074	>
6		228.22	-79.44	2.185	>
6		315.47	-84.69	3.144	>
6		351.60	-84.38	5.400	>
6		285.97	-6.96	4.940	>
6		285.91	-7.03	5.040	>
6		285.75	-6.92	4.918	>
6		285.87	-7.10	4.965	>
6		285.95	-6.66	4.825	>
6		285.85	-6.75	4.825	>
6		285.84	-6.78	4.823	>
6	7	285.88	-6.73	4.824	>
7		20.06	-4.03	0.570	>
7		355.02	59.27	1.502	>
7		14.61	-79.28	2.200	>
7		42.18	-85.81	1.193	>
7		316.48	-84.89	5.119	>
7		109.35	-34.91	2.371	>
7		304.72	0.74	3.165	>
7		304.85	0.55	3.177	>
7		304.78	0.47	3.173	>
7	8	304.78	0.59	3.172	>
8		192.07	-10.68	0.621	>
8		216.45	13.71	1.405	>
8		240.22	-78.45	1.242	>
8		206.65	51.87	1.538	>
8		263.83	-76.08	6.432	>
8		266.28	0.85	4.110	>
8		266.52	0.64	4.110	>
8		265.73	0.66	0.692	>
8		265.28	0.72	4.094	>
8		265.35	0.87	4.100	>
8		265.24	0.87	4.093	>
8	9	265.29	0.82	4.096	>
9		131.80	4.98	0.854	>
9		144.24	61.39	0.210	>
9		16.16	-78.71	1.273	>
9		153.82	55.38	0.807	>
9		202.79	-9.83	1.717	>
9		202.66	-9.90	1.716	>
9		202.79	-9.90	1.719	>
9	10	202.75	-9.88	1.717	>
10		324.95	6.65	1.384	>
10		301.09	36.33	0.670	>
10		306.86	-47.04	1.397	>
10		256.03	3.59	2.271	>
10		255.98	3.63	2.277	>
10		256.13	3.57	2.280	>
10	11	256.05	3.59	2.276	>
11		138.67	3.76	0.886	>
11		164.36	-79.62	1.415	>
11		152.33	59.49	0.988	>
11		240.42	-26.22	2.144	>
11		240.36	-26.17	2.129	>
11		240.36	-26.30	2.133	>
11	12	240.38	-26.23	2.135	>
12		105.77	-6.85	0.291	>
12		81.70	-83.10	1.708	>
12		199.93	84.06	1.610	>
12		54.34	-49.93	1.002	>
12		55.09	-77.65	1.673	>
12		200.53	-20.73	1.799	>
12		199.97	-20.28	1.794	>
12		200.05	-20.18	1.798	>
12	13	200.18	-20.40	1.797	>
13		68.99	11.46	0.362	>
13		89.63	-77.44	1.372	>
13		91.51	74.16	2.252	>
13		150.56	-6.34	1.764	>
13		151.03	-6.30	1.762	>
13		151.34	-6.71	1.757	>
13	14	150.97	-6.45	1.761	>
14		269.81	-8.40	0.549	>
14		315.21	-78.91	1.886	>
14		227.11	75.53	2.840	>
14		219.29	-3.60	2.559	>
14		219.34	-3.65	2.559	>
14		219.28	-3.64	2.562	>
14	15	219.30	-3.63	2.560	>
15		350.98	-0.98	0.383	>
15		239.60	-85.70	1.976	>
15		280.48	62.47	1.736	>
15		259.87	-39.07	1.657	>
15		261.54	-39.27	1.657	>
15		261.86	-39.37	1.660	>
15	16	261.09	-39.23	1.658	>
16		150.39	2.93	0.236	>
16		216.33	-82.62	3.995	>
16		272.11	79.94	3.240	>
16		210.37	-61.17	3.831	>
16		209.67	-61.06	3.812	>
16		212.63	-61.00	3.799	>
16	17	210.89	-61.07	3.814	>
17		81.34	-67.13	0.907	>
17		6.41	-4.44	1.187	>
17		38.49	0.55	1.721	>
17		60.43	-0.95	1.878	>
17		84.55	-1.49	1.248	>
17		115.66	-0.05	0.430	>
17		1.79	76.61	5.501	>
17		336.95	-1.26	1.932	>
17		324.16	-0.95	2.122	>
17		338.80	-4.44	1.993	>
17		325.65	-1.60	2.124	>

PLAN
STATIONS
0.000	0.000	0
1.364	1.281	1
-2.200	1.433	2
-3.614	3.924	3
-6.195	3.229	4
-7.367	2.110	5
-8.358	2.700	6
-12.967	4.011	7
-15.572	5.820	8
-19.653	5.484	9
-20.307	3.924	10
-22.512	3.376	11
-24.177	2.429	12
-24.758	0.848	13
-23.909	-0.682	14
-25.527	-2.659	15
-26.796	-2.858	16
-27.743	-4.441	17
SHOTS
0.000	0.000	1.364	1.281
1.364	1.281	-2.200	1.433
-2.200	1.433	-3.614	3.924
-3.614	3.924	-4.303	5.125
-3.614	3.924	-3.791	3.157
-3.614	3.924	-4.411	3.843
-3.614	3.924	-2.536	3.693
-3.614	3.924	-3.037	3.343
-3.614	3.924	-4.658	3.744
-3.614	3.924	-4.094	3.798
-3.614	3.924	-4.087	3.801
-3.614	3.924	-6.195	3.229
-6.195	3.229	-5.864	2.903
-6.195	3.229	-6.345	3.427
-6.195	3.229	-7.233	3.199
-6.195	3.229	-6.070	3.135
-6.195	3.229	-6.090	3.586
-6.195	3.229	-7.367	2.110
-7.367	2.110	-7.245	3.243
-7.367	2.110	-7.570	2.489
-7.367	2.110	-7.940	2.276
-7.367	2.110	-8.358	2.700
-8.358	2.700	-8.471	2.356
-8.358	2.700	-8.744	2.621
-8.358	2.700	-8.657	2.433
-8.358	2.700	-8.562	2.907
-8.358	2.700	-8.436	3.223
-8.358	2.700	-13.073	4.049
-8.358	2.700	-13.169	4.071
-8.358	2.700	-13.057	4.026
-8.358	2.700	-13.098	4.047
-8.358	2.700	-12.967	4.011
-12.967	4.011	-12.772	4.545
-12.967	4.011	-13.033	4.776
-12.967	4.011	-12.863	4.407
-12.967	4.011	-12.908	4.076
-12.967	4.011	-13.281	4.342
-12.967	4.011	-11.132	3.367
-12.967	4.011	-15.572	5.820
-15.572	5.820	-15.699	5.223
-15.572	5.820	-16.382	4.722
-15.572	5.820	-15.787	5.697
-15.572	5.820	-15.997	4.971
-15.572	5.820	-17.110	5.654
-15.572	5.820	-19.672	5.554
-15.572	5.820	-19.674	5.571
-15.572	5.820	-16.262	5.769
-15.572	5.820	-19.653	5.484
-19.653	5.484	-19.019	4.917
-19.653	5.484	-19.594	5.402
-19.653	5.484	-19.584	5.723
-19.653	5.484	-19.451	5.072
-19.653	5.484	-20.307	3.924
-20.307	3.924	-21.097	5.049
-20.307	3.924	-20.769	4.202
-20.307	3.924	-21.069	4.495
-20.307	3.924	-22.512	3.376
-22.512	3.376	-21.928	2.712
-22.512	3.376	-22.443	3.130
-22.512	3.376	-22.279	2.932
-22.512	3.376	-24.177	2.429
-24.177	2.429	-23.899	2.351
-24.177	2.429	-23.974	2.459
-24.177	2.429	-24.234	2.273
-24.177	2.429	-23.653	2.805
-24.177	2.429	-23.883	2.634
-24.177	2.429	-24.758	0.848
-24.758	0.848	-24.427	0.975
-24.758	0.848	-24.460	0.850
-24.758	0.848	-24.143	0.832
-24.758	0.848	-23.909	-0.682
-23.909	-0.682	-24.452	-0.684
-23.909	-0.682	-24.164	-0.425
-23.909	-0.682	-24.429	-1.165
-23.909	-0.682	-25.527	-2.659
-25.527	-2.659	-25.587	-2.281
-25.527	-2.659	-25.655	-2.734
-25.527	-2.659	-26.316	-2.513
-25.527	-2.659	-26.796	-2.858
-26.796	-2.858	-26.679	-3.063
-26.796	-2.858	-27.100	-3.271
-26.796	-2.858	-27.361	-2.837
-26.796	-2.858	-27.743	-4.441
-27.743	-4.441	-27.394	-4.388
-27.743	-4.441	-27.611	-3.265
-27.743	-4.441	-26.672	-3.094
-27.743	-4.441	-26.110	-3.514
-27.743	-4.441	-26.501	-4.322
-27.743	-4.441	-27.355	-4.627
-27.743	-4.441	-27.703	-3.167
-27.743	-4.441	-28.499	-2.664
-27.743	-4.441	-28.985	-2.721
-27.743	-4.441	-28.462	-2.588
-27.743	-4.441	-28.941	-2.688
POLYLINE BLACK
-4.290	5.202
-4.355	5.184
-4.421	5.167
-4.486	5.146
-4.531	5.131
-4.570	5.106
-4.607	5.076
-4.758	4.951
-4.905	4.821
-5.058	4.697
-5.108	4.657
-5.163	4.622
-5.216	4.585
-5.348	4.460
-5.475	4.328
-5.614	4.210
-6.142	3.762
-5.538	4.458
-6.337	3.613
-6.415	3.530
-6.465	3.424
-6.528	3.330
POLYLINE BROWN
-4.536	4.974
-4.431	4.857
-4.362	4.789
-4.276	4.663
-4.254	4.631
-4.237	4.595
-4.217	4.561
POLYLINE BROWN
-4.586	4.939
-4.608	4.784
-4.639	4.739
-4.761	4.632
-5.163	4.280
-4.938	4.509
-5.132	4.306
POLYLINE BROWN
-2.770	-9.439
-2.853	-9.445
POLYLINE BROWN
-5.112	4.344
-4.927	4.379
-4.741	4.414
-4.556	4.449
-4.478	4.473
-4.402	4.504
-4.323	4.522
-4.284	4.531
-4.243	4.528
-4.203	4.531
POLYLINE BROWN
-4.164	4.181
-4.046	3.812
-4.103	3.951
-4.018	3.754
POLYLINE BROWN
-4.178	4.169
-4.397	3.874
-4.402	3.830
-4.626	3.621
-4.658	3.592
-4.694	3.567
-4.728	3.540
POLYLINE BROWN
-4.708	3.519
-3.352	3.921
-4.687	3.506
-4.064	3.732
-4.037	3.741
-4.008	3.745
-3.980	3.751
POLYLINE BROWN
-5.629	3.872
-5.596	3.959
-5.589	4.005
-5.540	4.070
-5.471	4.161
-5.400	4.153
-5.307	4.101
-5.244	4.065
-5.197	4.015
-5.123	4.012
-4.999	4.007
-4.956	4.043
-4.851	4.106
POLYLINE BROWN
-5.756	3.317
-5.741	3.391
-5.740	3.433
-5.708	3.494
-5.664	3.575
-5.572	3.638
-5.477	3.607
-5.438	3.594
-5.408	3.566
-5.372	3.548
-5.317	3.522
-5.249	3.499
-5.186	3.508
-5.033	3.530
-4.906	3.767
-4.838	3.863
POLYLINE BLACK
-5.838	3.014
-5.911	2.942
-5.980	2.867
-6.055	2.799
-6.078	2.779
-6.105	2.764
-6.130	2.749
-6.294	2.648
-6.450	2.535
-6.622	2.449
-7.478	2.025
-7.151	2.323
-7.558	1.979
POLYLINE BLACK
-5.938	2.883
-5.887	2.927
-5.837	2.974
-5.784	3.016
-5.660	3.112
-5.497	3.124
-5.346	3.101
-5.243	3.086
-5.144	3.047
-5.040	3.038
-4.814	3.017
-4.587	3.013
-4.360	3.009
-4.280	3.008
-4.031	3.085
-4.006	3.090
-3.904	3.108
-3.754	3.122
-3.657	3.060
-3.621	3.038
-3.574	3.000
-3.551	2.964
-3.361	2.677
-3.180	2.383
-2.990	2.095
-2.950	2.034
-2.898	1.980
-2.859	1.918
-2.819	1.855
-2.793	1.769
-2.768	1.699
POLYLINE BLACK
-4.382	5.211
-4.291	5.219
-4.201	5.231
-4.110	5.235
-4.083	5.236
-4.055	5.234
-4.029	5.227
-3.856	5.180
-3.684	5.131
-3.515	5.075
-3.452	5.054
-3.355	4.977
-3.312	4.937
-3.281	4.907
-3.251	4.875
-3.227	4.839
-3.090	4.641
-2.953	4.443
-2.828	4.237
-2.722	4.061
-2.771	4.089
-2.715	3.956
-2.700	3.918
-2.682	3.903
-2.656	3.873
-2.601	3.811
-2.529	3.742
-2.498	3.662
-2.279	3.093
-2.302	3.165
-2.214	2.808
POLYLINE BLACK
-7.407	2.164
-7.580	2.071
-7.713	2.062
-7.895	2.131
-8.467	2.347
-8.308	2.266
-8.563	2.403
POLYLINE BLACK
-3.020	10.194
-3.030	10.148
POLYLINE BLACK
-6.503	3.477
-6.526	3.448
-6.547	3.416
-6.572	3.389
-6.675	3.275
-6.991	3.254
-7.124	3.246
-7.243	3.240
-7.278	3.262
-7.376	3.231
-7.575	3.167
-7.775	3.102
-7.971	3.030
-8.162	2.959
-8.259	2.885
-8.436	2.854
-8.462	2.850
-8.490	2.850
-8.517	2.850
-8.591	2.849
-8.666	2.851
-8.741	2.851
POLYLINE BLACK
-7.770	3.144
-7.949	3.094
-8.233	3.066
-8.335	2.879
-8.396	2.766
-8.429	2.616
-8.371	2.496
-8.359	2.471
-8.334	2.440
-8.313	2.424
-8.199	2.334
-8.121	2.288
-7.977	2.274
-7.971	2.273
-7.493	2.173
-7.382	2.297
-7.261	2.431
-7.248	2.759
-7.233	2.863
-7.218	2.966
-7.224	3.143
-7.317	3.217
-7.411	3.292
-7.533	3.274
-7.641	3.250
-7.648	3.248
-7.654	3.244
-7.660	3.241
-7.711	3.211
-7.763	3.181
-7.814	3.151
POLYLINE BLACK
-8.073	2.784
-7.546	2.760
POLYLINE BLACK
-8.609	2.419
-8.654	2.441
-8.697	2.468
-8.745	2.485
-8.848	2.521
-9.271	2.599
-9.301	2.608
-10.016	2.819
-10.966	3.175
-11.764	3.330
-11.809	3.339
-12.275	3.367
-12.448	3.439
-12.585	3.496
-12.720	3.588
-12.830	3.684
-13.059	3.884
-13.004	3.894
-13.184	4.003
-13.242	4.038
-13.329	4.054
-13.387	4.071
POLYLINE BLACK
-8.707	2.880
-8.756	2.902
-8.802	2.930
-8.853	2.946
-10.859	3.586
-10.233	3.270
-12.218	4.223
-12.335	4.280
-12.438	4.362
-12.545	4.435
-12.695	4.538
-12.842	4.645
-12.988	4.754
-13.005	4.766
-13.034	4.810
-13.041	4.827
-13.060	4.875
-13.073	4.925
-13.090	4.975
POLYLINE BLACK
-11.197	3.651
-11.229	3.526
-11.218	3.582
-11.234	3.483
POLYLINE BLACK
-11.124	3.641
-11.147	3.508
POLYLINE BLACK
-11.218	3.414
-11.239	3.345
-11.229	3.386
-11.242	3.291
POLYLINE BLACK
-11.152	3.417
-11.169	3.277
-11.166	3.337
-11.167	3.238
POLYLINE BLACK
-11.045	3.608
-11.041	3.513
-11.039	3.559
-11.052	3.468
POLYLINE BLACK
-11.043	3.345
-11.067	3.190
POLYLINE BLACK
-12.973	4.755
-13.016	4.798
-13.059	4.842
-13.101	4.885
-13.150	4.939
-13.197	4.994
-13.248	5.046
-13.269	5.068
-13.294	5.086
-13.317	5.106
POLYLINE BLACK
-13.086	4.798
-13.124	4.856
-13.160	4.916
-13.202	4.971
-13.308	5.112
-13.624	5.317
-13.681	5.355
-13.741	5.395
-13.805	5.432
-13.874	5.455
-14.056	5.514
-14.246	5.546
-14.429	5.600
-14.602	5.651
-14.766	5.726
-14.940	5.769
-15.526	5.911
-15.449	5.799
-15.737	5.934
-15.742	5.936
-15.747	5.940
-15.752	5.944
-15.781	5.967
-15.811	5.991
-15.840	6.014
POLYLINE BLACK
-13.450	4.050
-13.647	4.203
-13.841	4.361
-14.042	4.509
-14.071	4.530
-14.105	4.545
-14.138	4.558
-14.370	4.643
-14.605	4.720
-14.837	4.802
-15.177	4.922
-14.937	4.874
-15.642	5.002
-15.722	5.017
-15.805	5.021
-15.887	5.017
-15.990	5.010
-16.094	4.993
-16.195	4.969
-16.568	4.854
-16.427	4.885
-16.611	4.847
POLYLINE BLACK
-16.431	4.904
-16.479	4.892
-16.527	4.871
-16.577	4.868
-17.168	4.833
-17.760	4.782
-18.352	4.793
-18.561	4.796
-18.762	4.876
-18.968	4.911
-18.987	4.915
-19.007	4.914
-19.026	4.910
-19.111	4.892
-19.195	4.870
-19.279	4.847
-19.297	4.842
-19.315	4.835
-19.331	4.826
-19.359	4.810
-19.385	4.791
-19.412	4.773
POLYLINE BLACK
-15.288	6.230
-15.344	6.210
POLYLINE BLACK
-15.856	6.048
-16.543	5.954
-16.514	5.951
-17.605	5.906
-17.963	5.891
-18.326	5.958
-18.679	5.902
-19.081	5.839
-19.461	5.674
-19.849	5.550
-19.892	5.537
-19.931	5.515
-19.969	5.492
-20.002	5.472
-20.030	5.445
-20.061	5.422
POLYLINE BLACK
-19.330	5.339
-19.298	5.357
-19.268	5.376
-19.235	5.392
-19.169	5.424
-19.078	5.423
-19.017	5.380
-18.994	5.363
-18.971	5.345
-18.950	5.326
-18.901	5.280
-18.887	5.242
-18.816	5.240
-18.623	5.236
-18.468	5.354
-18.315	5.456
POLYLINE BLACK
-18.182	5.019
-18.168	5.061
-18.160	5.110
-18.133	5.148
-18.077	5.226
-17.909	5.260
-17.817	5.235
-17.780	5.224
-17.759	5.212
-17.728	5.190
-17.703	5.172
-17.702	5.163
-17.679	5.153
-17.625	5.131
-17.568	5.174
-17.524	5.195
POLYLINE BLACK
-17.575	5.719
-17.475	5.735
-17.374	5.748
-17.282	5.696
-17.241	5.674
-17.217	5.650
-17.169	5.648
-17.057	5.645
-16.962	5.699
-16.864	5.746
POLYLINE BLACK
-17.081	5.005
-17.039	5.055
-17.021	5.088
-16.971	5.119
-16.880	5.176
-16.744	5.193
-16.651	5.134
-16.611	5.109
-16.591	5.070
-16.557	5.038
-16.513	4.997
-16.443	4.961
-16.388	5.003
-16.362	5.022
-16.339	5.044
-16.315	5.064
POLYLINE BLACK
-16.753	5.346
-16.733	5.393
-16.724	5.428
-16.693	5.464
-16.654	5.508
-16.539	5.598
-16.472	5.559
-16.416	5.526
-16.348	5.431
-16.325	5.409
-16.271	5.356
-16.178	5.331
-16.104	5.333
-15.955	5.337
-15.805	5.555
-15.731	5.638
POLYLINE BLACK
-15.207	5.390
-15.136	5.463
-15.066	5.523
-14.962	5.532
-14.922	5.535
-14.879	5.532
-14.842	5.513
-14.833	5.508
-14.824	5.502
-14.816	5.496
-14.768	5.457
-14.725	5.414
-14.676	5.377
-14.644	5.353
-14.597	5.328
-14.556	5.318
-14.437	5.287
-14.379	5.346
-14.279	5.410
POLYLINE BLACK
-14.998	5.023
-14.910	5.047
-14.806	5.073
-14.718	5.030
-14.649	4.996
-14.608	4.948
-14.522	4.943
-14.436	4.938
-14.315	4.997
-14.261	5.015
POLYLINE BLACK
-13.944	4.880
-13.838	4.933
-13.725	4.972
-13.621	4.897
-13.572	4.861
-13.537	4.802
-13.475	4.785
-13.434	4.773
-13.380	4.808
-13.350	4.818
POLYLINE BLACK
-13.819	4.527
-13.769	4.590
-13.717	4.653
-13.630	4.633
-13.607	4.627
-13.580	4.614
-13.565	4.595
-13.556	4.582
-13.487	4.464
-13.434	4.428
-13.388	4.397
-13.332	4.407
-13.279	4.408
POLYLINE BLACK
-12.492	3.915
-12.431	3.927
-12.362	3.944
-12.303	3.910
-12.275	3.893
-12.189	3.825
-12.140	3.812
-12.091	3.799
-12.038	3.813
-11.990	3.821
POLYLINE BLACK
-12.392	3.524
-12.303	3.583
-12.191	3.627
-12.084	3.586
-12.061	3.577
-12.038	3.567
-12.016	3.554
-11.972	3.529
-11.963	3.511
-11.922	3.501
-11.879	3.490
-11.833	3.504
-11.791	3.511
POLYLINE BLACK
-10.610	3.200
-10.531	3.216
-10.406	3.254
-10.330	3.196
-10.304	3.176
-10.297	3.153
-10.273	3.127
-10.243	3.093
-10.204	3.067
-10.164	3.047
-10.071	3.001
-10.020	3.012
-9.915	3.018
POLYLINE BLACK
-9.524	2.839
-9.493	2.864
-9.463	2.891
-9.430	2.913
-9.350	2.968
-9.273	2.961
-9.211	2.886
-9.154	2.817
-9.120	2.695
-9.028	2.666
-8.963	2.644
-8.890	2.693
-8.835	2.712
POLYLINE BLACK
-19.333	4.825
-19.396	4.805
-19.450	4.796
-19.503	4.759
-19.726	4.604
-19.845	4.327
-19.991	4.111
-20.028	4.055
-20.089	4.007
-20.145	3.973
-20.185	3.948
-20.229	3.930
-20.270	3.905
-20.306	3.883
-20.339	3.831
-20.362	3.801
POLYLINE BLACK
-19.981	5.506
-20.151	5.396
-20.208	5.342
-20.396	5.281
-20.497	5.248
-20.600	5.225
-20.704	5.202
-20.760	5.189
-20.818	5.187
-20.874	5.173
-20.946	5.155
-21.017	5.118
-21.077	5.075
-21.236	4.959
-21.437	4.604
-21.473	4.553
POLYLINE BLACK
-20.689	4.833
-20.689	4.870
-20.692	4.907
-20.690	4.944
-20.687	5.003
-20.635	5.096
-20.562	5.074
-20.459	5.041
-20.400	4.975
-20.311	4.911
-20.271	4.883
-20.207	4.869
-20.160	4.882
-20.081	4.903
-20.020	5.090
-20.013	5.103
POLYLINE BLACK
-20.507	4.355
-20.500	4.389
-20.495	4.423
-20.486	4.456
-20.481	4.474
-20.465	4.499
-20.452	4.512
-20.394	4.573
-20.316	4.565
-20.241	4.546
-20.189	4.533
-20.008	4.455
-19.917	4.477
-19.837	4.496
-19.800	4.588
-19.761	4.646
POLYLINE BLACK
-21.289	5.054
-21.288	5.019
POLYLINE BLACK
-21.394	4.659
-21.578	4.444
-21.751	4.218
-21.947	4.014
-22.052	3.904
-22.185	3.825
-22.293	3.718
-22.358	3.654
-22.401	3.571
-22.463	3.505
-22.559	3.404
-22.701	3.321
-22.823	3.263
-22.973	3.192
-23.285	3.140
-23.392	3.104
-23.812	2.966
-24.114	2.707
-24.394	2.373
POLYLINE BLACK
-20.198	4.018
-21.530	2.990
-20.574	3.690
-21.187	3.285
-21.248	3.245
-21.304	3.196
-21.368	3.159
-21.456	3.109
-21.552	3.074
-21.640	3.024
-21.730	2.973
-21.811	2.908
-21.900	2.855
-21.929	2.839
-21.959	2.823
-21.991	2.817
-22.395	2.744
-22.806	2.711
-23.205	2.617
-23.589	2.527
-23.900	2.334
-24.240	2.151
POLYLINE RED
-24.110	2.231
-24.135	2.329
-24.158	2.427
-24.227	2.504
-24.241	2.520
-24.258	2.532
-24.273	2.547
POLYLINE BLACK
-24.347	2.456
-24.373	2.424
-24.402	2.394
-24.425	2.360
-24.539	2.190
-24.568	1.914
-24.598	1.753
-24.652	1.460
-24.670	1.160
-24.736	0.868
-24.775	0.693
-24.853	0.528
-24.912	0.358
POLYLINE BLACK
-24.120	2.198
-24.138	2.158
-24.162	2.119
-24.173	2.076
-24.306	1.597
-24.237	1.106
-24.188	0.620
-24.179	0.529
-24.165	0.438
-24.142	0.349
-23.880	-0.658
-23.999	0.073
-23.894	-0.727
POLYLINE BLACK
-24.761	0.830
-24.799	0.759
-24.831	0.718
-24.846	0.642
-24.899	0.372
-24.808	0.079
-24.721	-0.167
-24.717	-0.179
-24.533	-0.506
-24.513	-0.663
-24.494	-0.810
-24.576	-0.957
-24.626	-1.086
POLYLINE BLACK
-21.568	4.152
-21.510	4.154
-21.448	4.163
-21.408	4.115
-21.384	4.086
-21.372	4.059
-21.337	4.043
-21.206	3.984
-21.142	4.104
-21.087	4.203
POLYLINE BLACK
-21.929	3.198
-21.886	3.258
-21.846	3.319
-21.802	3.378
-21.745	3.455
-21.667	3.448
-21.581	3.430
-21.541	3.422
-21.507	3.401
-21.468	3.421
-21.395	3.459
-21.374	3.534
-21.349	3.605
POLYLINE BLACK
-23.085	2.823
-23.008	2.865
-22.942	2.890
-22.855	2.883
-22.824	2.881
-22.794	2.866
-22.764	2.869
-22.723	2.873
-22.686	2.893
-22.646	2.905
POLYLINE BLACK
-23.797	2.591
-23.781	2.647
-23.776	2.691
-23.745	2.739
-23.702	2.806
-23.619	2.883
-23.532	2.869
-23.494	2.863
-23.471	2.839
-23.439	2.820
-23.375	2.783
-23.309	2.823
-23.250	2.848
POLYLINE BLACK
-24.510	1.373
-24.518	1.424
-24.549	1.547
-24.509	1.599
-24.481	1.635
-24.433	1.615
-24.396	1.630
-24.338	1.654
-24.305	1.708
-24.265	1.754
POLYLINE BLACK
-24.428	0.660
-24.462	0.712
-24.539	0.803
-24.496	0.872
-24.476	0.904
-24.436	0.919
-24.409	0.942
-24.355	0.987
-24.326	1.041
-24.285	1.100
POLYLINE BLACK
-24.577	-0.917
-24.738	-1.152
-24.893	-1.392
-25.061	-1.623
-25.118	-1.702
-25.191	-1.768
-25.252	-1.845
-25.304	-1.911
-25.409	-2.091
-25.506	-2.170
-25.588	-2.239
-25.787	-2.319
-25.841	-2.342
-25.935	-2.380
-26.141	-2.386
-26.202	-2.398
-26.278	-2.414
-26.350	-2.443
-26.424	-2.467
-26.567	-2.514
-26.706	-2.571
-26.851	-2.609
-26.929	-2.629
-27.012	-2.627
-27.092	-2.642
-27.227	-2.667
-27.304	-2.751
-27.398	-2.840
POLYLINE BLACK
-23.909	-0.525
-23.908	-0.613
-23.902	-0.701
-23.905	-0.789
-23.911	-0.963
-24.024	-1.167
-24.110	-1.294
-24.341	-1.637
-24.589	-1.968
-24.835	-2.300
-24.862	-2.336
-24.894	-2.369
-24.930	-2.396
-25.101	-2.529
-25.363	-2.685
-25.558	-2.755
-25.744	-2.820
-25.938	-2.860
-26.131	-2.902
-26.271	-2.932
-26.415	-2.945
-26.556	-2.970
-26.570	-2.973
-26.583	-2.979
-26.595	-2.987
-26.622	-3.004
-26.647	-3.025
-26.673	-3.044
POLYLINE BLACK
-26.787	-2.789
-26.898	-2.827
-27.010	-2.860
-27.118	-2.901
-27.147	-2.912
-27.174	-2.927
-27.199	-2.945
-27.346	-3.054
-27.491	-3.165
-27.634	-3.280
-27.653	-3.295
-27.670	-3.314
-27.683	-3.335
-27.798	-3.519
-27.832	-3.634
-27.839	-3.855
-27.841	-3.933
-27.839	-4.011
-27.829	-4.087
-27.827	-4.099
-27.788	-4.354
-27.745	-4.427
-27.688	-4.527
-27.613	-4.659
-27.506	-4.721
-27.470	-4.742
-27.420	-4.755
-27.382	-4.760
-27.196	-4.785
-27.061	-4.722
-26.910	-4.606
-26.621	-4.384
-26.448	-4.225
-26.243	-3.937
-26.176	-3.843
-26.115	-3.724
-26.085	-3.608
-26.070	-3.551
-26.065	-3.447
-26.092	-3.392
-26.099	-3.378
-26.241	-3.042
-26.349	-2.938
-26.451	-2.838
-26.601	-2.776
-26.745	-2.794
-26.808	-2.802
-26.838	-2.823
-26.900	-2.851
POLYLINE BLACK
-27.366	-3.553
-26.580	-3.771
-26.838	-3.632
-26.524	-3.814
POLYLINE BLACK
-27.291	-2.653
-27.442	-2.777
-27.506	-2.896
-27.587	-3.078
-27.691	-3.312
-27.678	-3.287
-27.724	-3.480
POLYLINE BLACK
-27.812	-3.752
-27.912	-3.606
-28.013	-3.459
-28.113	-3.313
-28.139	-3.273
-28.163	-3.233
-28.189	-3.195
-28.227	-3.141
-28.274	-3.093
-28.307	-3.037
-28.409	-2.864
-28.498	-2.685
-28.594	-2.509
POLYLINE BLACK
-29.127	-2.332
-29.118	-2.378
-29.116	-2.427
-29.101	-2.472
-28.954	-2.916
-28.299	-3.776
-28.254	-3.841
-28.083	-4.090
-27.936	-4.234
-27.738	-4.445

ELEVATION
STATIONS
0.000	0.000	0
1.364	-0.581	1
-2.200	-1.521	2
-3.614	-3.716	3
-6.195	-4.810	4
-7.367	-5.818	5
-8.358	-7.738	6
-12.967	-8.303	7
-15.572	-8.271	8
-19.653	-8.212	9
-20.307	-8.507	10
-22.512	-8.364	11
-24.177	-9.308	12
-24.758	-9.934	13
-23.909	-10.132	14
-25.527	-10.294	15
-26.796	-11.343	16
-27.743	-14.681	17
SHOTS
0.000	0.000	1.364	-0.581
1.364	-0.581	-2.200	-1.521
-2.200	-1.521	-3.614	-3.716
-3.614	-3.716	-4.303	-4.061
-3.614	-3.716	-3.791	-3.882
-3.614	-3.716	-4.411	-9.613
-3.614	-3.716	-2.536	-2.130
-3.614	-3.716	-3.037	-4.204
-3.614	-3.716	-4.658	-9.488
-3.614	-3.716	-4.094	-3.918
-3.614	-3.716	-4.087	-3.914
-3.614	-3.716	-6.195	-4.810
-6.195	-4.810	-5.864	-4.754
-6.195	-4.810	-6.345	-4.894
-6.195	-4.810	-7.233	-9.395
-6.195	-4.810	-6.070	-4.204
-6.195	-4.810	-6.090	-6.026
-6.195	-4.810	-7.367	-5.818
-7.367	-5.818	-7.245	-5.832
-7.367	-5.818	-7.570	-5.224
-7.367	-5.818	-7.940	-9.220
-7.367	-5.818	-8.358	-7.738
-8.358	-7.738	-8.471	-7.719
-8.358	-7.738	-8.744	-5.702
-8.358	-7.738	-8.657	-9.886
-8.358	-7.738	-8.562	-10.869
-8.358	-7.738	-8.436	-13.112
-8.358	-7.738	-13.073	-8.337
-8.358	-7.738	-13.169	-8.355
-8.358	-7.738	-13.057	-8.331
-8.358	-7.738	-13.098	-8.352
-8.358	-7.738	-12.967	-8.303
-12.967	-8.303	-12.772	-8.343
-12.967	-8.303	-13.033	-7.012
-12.967	-8.303	-12.863	-10.465
-12.967	-8.303	-12.908	-9.493
-12.967	-8.303	-13.281	-13.402
-12.967	-8.303	-11.132	-9.660
-12.967	-8.303	-15.572	-8.271
-15.572	-8.271	-15.699	-8.386
-15.572	-8.271	-16.382	-7.938
-15.572	-8.271	-15.787	-9.488
-15.572	-8.271	-15.997	-7.061
-15.572	-8.271	-17.110	-14.514
-15.572	-8.271	-19.672	-8.210
-15.572	-8.271	-19.674	-8.225
-15.572	-8.271	-16.262	-8.263
-15.572	-8.271	-19.653	-8.212
-19.653	-8.212	-19.019	-8.138
-19.653	-8.212	-19.594	-8.028
-19.653	-8.212	-19.584	-9.461
-19.653	-8.212	-19.451	-7.548
-19.653	-8.212	-20.307	-8.507
-20.307	-8.507	-21.097	-8.347
-20.307	-8.507	-20.769	-8.110
-20.307	-8.507	-21.069	-9.529
-20.307	-8.507	-22.512	-8.364
-22.512	-8.364	-21.928	-8.306
-22.512	-8.364	-22.443	-9.756
-22.512	-8.364	-22.279	-7.513
-22.512	-8.364	-24.177	-9.308
-24.177	-9.308	-23.899	-9.343
-24.177	-9.308	-23.974	-11.004
-24.177	-9.308	-24.234	-7.707
-24.177	-9.308	-23.653	-10.075
-24.177	-9.308	-23.883	-10.942
-24.177	-9.308	-24.758	-9.934
-24.758	-9.934	-24.427	-9.862
-24.758	-9.934	-24.460	-11.273
-24.758	-9.934	-24.143	-7.768
-24.758	-9.934	-23.909	-10.132
-23.909	-10.132	-24.452	-10.212
-23.909	-10.132	-24.164	-11.983
-23.909	-10.132	-24.429	-7.382
-23.909	-10.132	-25.527	-10.294
-25.527	-10.294	-25.587	-10.301
-25.527	-10.294	-25.655	-12.265
-25.527	-10.294	-26.316	-8.755
-25.527	-10.294	-26.796	-11.343
-26.796	-11.343	-26.679	-11.331
-26.796	-11.343	-27.100	-15.305
-26.796	-11.343	-27.361	-8.153
-26.796	-11.343	-27.743	-14.681
-27.743	-14.681	-27.394	-15.517
-27.743	-14.681	-27.611	-14.773
-27.743	-14.681	-26.672	-14.664
-27.743	-14.681	-26.110	-14.712
-27.743	-14.681	-26.501	-14.714
-27.743	-14.681	-27.355	-14.681
-27.743	-14.681	-27.703	-9.330
-27.743	-14.681	-28.499	-14.723
-27.743	-14.681	-28.985	-14.716
-27.743	-14.681	-28.462	-14.835
-27.743	-14.681	-28.941	-14.741
POLYLINE BLACK
-2.472	-2.076
-3.698	-2.893
-3.177	-2.435
-3.963	-3.271
-4.658	-4.010
-4.408	-3.683
-4.721	-4.112
POLYLINE BLACK
-2.098	-2.575
-2.246	-2.801
-2.390	-3.030
-2.543	-3.253
-2.640	-3.396
-2.751	-3.529
-2.850	-3.670
-2.863	-3.690
-2.870	-3.713
-2.879	-3.735
-2.917	-3.833
-3.003	-4.115
-3.101	-4.231
-3.693	-4.933
-3.570	-4.788
-4.207	-5.302
POLYLINE GRAY
-4.832	-9.600
-4.750	-9.570
-4.665	-9.546
-4.586	-9.509
-4.222	-9.335
-4.026	-9.187
-3.808	-8.820
-2.174	-6.073
-3.487	-8.236
-2.564	-6.220
-2.344	-5.741
-2.059	-5.294
-1.841	-4.814
-0.599	-2.070
-1.528	-3.809
-1.072	-2.964

