TRIP
DATE 2024-08-13
DECLINATION 0.0
DATA
0		344.06	-68.47	18.040	>
0		335.97	-67.12	18.893	>
0		200.24	63.86	7.762	>
0		200.16	63.99	7.814	>
0		200.20	63.85	7.766	>
0	1	200.20	63.90	7.781	>
1		200.21	63.84	7.773	>
1		222.98	25.94	3.448	>
1		223.42	26.04	3.445	>
1		223.52	26.04	3.452	>
1	2	223.31	26.01	3.448	>
2		155.45	3.66	0.549	>
2		153.62	87.46	2.695	>
2		173.74	-56.27	1.251	>
2		304.08	-8.79	0.439	>
2		293.52	-77.73	1.036	>
2		304.34	83.88	3.172	>
2		175.65	17.67	3.021	>
2		175.46	17.88	3.021	>
2		175.60	17.74	3.023	>
2	3	175.57	17.76	3.022	>
3		301.62	-5.59	0.357	>
3		293.87	-74.92	1.469	>
3		227.35	81.02	3.261	>
3		206.15	69.72	3.181	>
3		205.75	69.62	3.170	>
3		206.13	69.78	3.199	>
3	4	206.01	69.71	3.183	>
4		74.72	3.91	0.639	>
4		32.29	69.33	0.370	>
4		134.19	25.64	2.879	>
4		134.10	25.80	2.885	>
4		134.06	25.57	2.888	>
4	5	134.12	25.67	2.884	>
5		41.52	5.30	0.663	>
5		10.33	57.82	0.224	>
5		220.05	-79.19	4.024	>
5		132.32	19.27	1.394	>
5		132.97	19.19	1.393	>
5		132.83	19.28	1.394	>
5	6	132.71	19.24	1.394	>
6		280.78	0.33	0.548	>
6		232.81	-35.07	3.403	>
6		232.51	-35.21	3.393	>
6		232.82	-35.20	3.409	>
6	7	232.71	-35.16	3.402	>
7		29.56	81.49	2.170	>
7		149.34	-86.89	1.788	>
7		111.14	-1.51	0.395	>
7		332.28	-88.88	1.793	>
7		101.81	-2.85	0.399	>
7		219.84	77.12	2.120	>
7		133.01	0.69	2.173	>
7		132.63	0.66	2.185	>
7		133.07	0.60	2.171	>
7	8	132.91	0.65	2.176	>
8		237.62	2.35	0.394	>
8		310.85	75.69	2.749	>
8		234.16	13.80	1.907	>
8		344.84	7.95	0.379	>
8		254.60	72.19	2.261	>
8		181.66	-86.21	1.344	>
8		245.26	11.19	1.266	>
8		245.15	11.46	1.270	>
8		248.38	18.14	1.268	>
8	9	234.34	13.95	1.932	>
9		114.31	9.82	0.439	>
9		196.40	76.79	3.642	>
9		133.59	-86.33	1.416	>
9		175.89	50.29	1.310	>
9		176.74	50.37	1.309	>
9		178.75	52.93	1.309	>
9	10	177.13	51.20	1.309	>
10		211.00	52.61	3.021	>
10		211.27	52.59	3.007	>
10		212.23	53.75	3.018	>
10	11	211.50	52.98	3.015	>
11		349.10	80.30	0.400	>
11		287.30	23.33	0.662	>
11		27.50	-81.96	4.575	>
11		213.24	-3.98	0.388	>
11		230.47	-0.50	4.700	>
11		230.32	-0.58	4.695	>
11		230.35	-0.47	4.702	>
11	12	230.38	-0.52	4.699	>
12		158.73	-0.60	0.814	>
12		247.41	76.11	1.208	>
12		168.66	-80.29	4.706	>
12		228.09	26.87	3.006	>
12	13	228.30	26.75	3.007	>
13		201.46	-4.63	0.173	>
13		210.73	0.69	2.981	>
13		210.92	-0.16	2.977	>
13		211.05	-0.13	2.978	>
13	14	210.90	0.13	2.979	>
14		329.10	-7.19	0.520	>
14		11.72	70.92	0.594	>
14		196.48	-81.42	4.719	>
14		211.76	9.91	4.264	>
14		211.44	9.97	4.265	>
14		211.54	10.09	4.262	>
14	15	211.58	9.99	4.264	>
15		256.51	-3.81	0.893	>
15		257.01	-3.60	0.905	>
15	16	257.87	-2.96	0.915	>

PLAN
STATIONS
0.000	0.000	0
-1.182	-3.213	1
-3.308	-5.468	2
-3.085	-8.337	3
-3.570	-9.329	4
-1.703	-11.139	5
-0.737	-12.031	6
-2.949	-13.716	7
-1.355	-15.197	8
-2.879	-16.290	9
-2.838	-17.110	10
-3.786	-18.658	11
-7.406	-21.654	12
-9.410	-23.440	13
-10.940	-25.996	14
-13.139	-29.573	15
-14.032	-29.765	16
SHOTS
0.000	0.000	-1.819	6.367
0.000	0.000	-2.991	6.709
0.000	0.000	-1.182	-3.213
-1.182	-3.213	-2.366	-6.428
-1.182	-3.213	-3.308	-5.468
-3.308	-5.468	-3.080	-5.966
-3.308	-5.468	-3.255	-5.575
-3.308	-5.468	-3.232	-6.158
-3.308	-5.468	-3.667	-5.225
-3.308	-5.468	-3.510	-5.380
-3.308	-5.468	-3.587	-5.277
-3.308	-5.468	-3.085	-8.337
-3.085	-8.337	-3.388	-8.151
-3.085	-8.337	-3.435	-8.182
-3.085	-8.337	-3.460	-8.682
-3.085	-8.337	-3.570	-9.329
-3.570	-9.329	-2.955	-9.161
-3.570	-9.329	-3.500	-9.219
-3.570	-9.329	-1.703	-11.139
-1.703	-11.139	-1.266	-10.644
-1.703	-11.139	-1.682	-11.021
-1.703	-11.139	-2.189	-11.716
-1.703	-11.139	-0.737	-12.031
-0.737	-12.031	-1.275	-11.929
-0.737	-12.031	-2.949	-13.716
-2.949	-13.716	-2.791	-13.436
-2.949	-13.716	-2.900	-13.799
-2.949	-13.716	-2.581	-13.858
-2.949	-13.716	-2.965	-13.685
-2.949	-13.716	-2.559	-13.797
-2.949	-13.716	-3.252	-14.079
-2.949	-13.716	-1.355	-15.197
-1.355	-15.197	-1.688	-15.408
-1.355	-15.197	-1.869	-14.753
-1.355	-15.197	-2.857	-16.282
-1.355	-15.197	-1.453	-14.835
-1.355	-15.197	-2.022	-15.381
-1.355	-15.197	-1.358	-15.286
-1.355	-15.197	-2.483	-15.717
-1.355	-15.197	-2.485	-15.720
-1.355	-15.197	-2.475	-15.641
-1.355	-15.197	-2.879	-16.290
-2.879	-16.290	-2.484	-16.468
-2.879	-16.290	-3.114	-17.088
-2.879	-16.290	-2.813	-16.353
-2.879	-16.290	-2.838	-17.110
-2.838	-17.110	-3.786	-18.658
-3.786	-18.658	-3.799	-18.591
-3.786	-18.658	-4.366	-18.477
-3.786	-18.658	-3.491	-18.090
-3.786	-18.658	-3.998	-18.981
-3.786	-18.658	-7.406	-21.654
-7.406	-21.654	-7.110	-22.412
-7.406	-21.654	-7.673	-21.765
-7.406	-21.654	-7.250	-22.432
-7.406	-21.654	-9.401	-23.445
-7.406	-21.654	-9.410	-23.440
-9.410	-23.440	-9.474	-23.601
-9.410	-23.440	-10.940	-25.996
-10.940	-25.996	-11.205	-25.553
-10.940	-25.996	-10.901	-25.806
-10.940	-25.996	-11.140	-26.671
-10.940	-25.996	-13.139	-29.573
-13.139	-29.573	-14.005	-29.781
-13.139	-29.573	-14.019	-29.776
-13.139	-29.573	-14.032	-29.765
POLYLINE BLACK
-0.495	-3.625
-0.695	-4.142
-0.561	-3.846
-0.939	-4.492
POLYLINE BLACK
-1.424	-3.096
-1.773	-3.599
-1.226	-2.835
-1.970	-3.696
-2.075	-3.818
-2.153	-3.961
-2.250	-4.089
-2.325	-4.188
-2.311	-4.121
-2.393	-4.219
-2.679	-4.561
-2.966	-4.903
-3.238	-5.256
-3.593	-5.714
-3.261	-5.371
-3.395	-5.508
POLYLINE BLACK
-1.764	-2.966
-1.795	-2.951
-1.827	-2.938
-1.857	-2.921
-1.874	-2.911
-1.908	-2.880
-1.917	-2.863
-1.996	-2.717
-2.069	-2.570
-2.145	-2.423
POLYLINE BLACK
-2.615	-1.907
-2.777	-1.548
POLYLINE BLACK
-3.026	-1.069
-3.121	-0.505
-3.059	-0.765
-3.200	-0.286
POLYLINE BLACK
0.949	-13.435
0.960	-13.403
POLYLINE BLACK
-0.511	-3.533
-0.796	-3.602
-1.070	-3.544
-1.334	-3.428
-1.403	-3.397
-1.477	-3.370
-1.534	-3.319
-1.578	-3.280
-1.596	-3.219
-1.628	-3.168
POLYLINE BLACK
-1.565	-3.523
-1.394	-3.153
-1.493	-3.349
-1.262	-2.939
POLYLINE BLACK
-0.876	-3.596
-0.877	-3.319
-0.890	-3.466
-0.824	-3.158
POLYLINE BLACK
-0.563	-3.585
-0.488	-3.452
-0.535	-3.530
-0.417	-3.356
POLYLINE BLACK
2.838	-0.216
2.684	-0.566
2.750	-0.376
2.650	-0.789
POLYLINE BLACK
2.254	-1.624
2.136	-1.904
2.188	-1.762
2.097	-2.052
POLYLINE BLACK
1.575	-2.657
1.382	-2.838
1.464	-2.746
1.325	-2.928
POLYLINE BLACK
0.699	-3.356
0.419	-3.327
0.143	-3.418
-0.125	-3.492
POLYLINE BLACK
2.514	0.296
1.813	0.777
2.086	0.560
1.669	0.911
POLYLINE BLACK
1.022	1.621
0.553	2.455
POLYLINE BLACK
0.386	-1.718
1.106	-1.916
POLYLINE BLACK
-1.095	-4.524
-1.106	-4.525
POLYLINE BLACK
0.271	3.019
-0.148	3.724
-0.014	3.428
-0.198	3.874
POLYLINE BLACK
-0.532	4.897
-0.896	5.160
-0.636	4.957
-1.221	5.606
POLYLINE BLACK
-1.356	6.159
-1.516	6.310
-1.534	6.595
-1.701	6.754
POLYLINE BLACK
-2.671	0.202
-2.066	0.734
POLYLINE BLACK
-1.690	1.287
-1.683	1.602
-1.678	1.407
-1.742	1.871
POLYLINE BLACK
-1.659	2.841
-1.803	3.197
-1.726	3.060
-1.857	3.269
POLYLINE BLACK
-4.987	-13.341
-4.987	-13.330
POLYLINE BLUE
0.616	-1.843
0.591	-1.898
0.563	-1.952
0.542	-2.009
0.532	-2.037
0.528	-2.067
0.522	-2.096
0.497	-2.213
0.473	-2.331
0.449	-2.448
POLYLINE BLUE
0.657	-1.906
1.608	-2.007
1.268	-1.921
1.701	-2.041
POLYLINE BLACK
2.494	-0.769
1.607	-0.581
POLYLINE BLACK
2.347	0.421
1.680	-0.090
POLYLINE BLACK
1.408	0.953
1.302	0.755
1.110	0.641
0.918	0.536
POLYLINE BLACK
1.805	-2.114
1.796	-2.068
1.789	-2.022
1.777	-1.976
1.741	-1.838
1.512	-1.706
1.453	-1.664
1.290	-1.547
1.117	-1.443
0.949	-1.332
POLYLINE BLACK
0.803	-3.106
0.271	-2.208
POLYLINE BLACK
-0.303	-3.659
-0.240	-2.934
-0.265	-3.417
-0.323	-2.208
POLYLINE BLACK
-2.264	-2.511
-1.393	-1.785
-1.682	-2.089
-1.315	-1.687
POLYLINE BLACK
-2.869	-1.468
-2.440	-1.211
-2.750	-1.389
-1.909	-0.988
POLYLINE BLACK
-2.734	0.223
-1.669	-0.122
POLYLINE BLACK
-1.607	0.995
-0.713	0.738
-1.054	0.821
-0.595	0.713
POLYLINE BLACK
-2.285	3.655
-2.294	3.723
-2.300	3.792
-2.313	3.859
-2.319	3.889
-2.327	3.920
-2.342	3.947
-2.492	4.218
-2.652	4.483
-2.807	4.751
POLYLINE BLUE
-0.198	-0.925
-0.160	-0.887
-0.124	-0.840
-0.074	-0.816
0.135	-0.713
0.413	-0.750
0.631	-0.769
0.747	-0.779
0.967	-0.860
1.003	-0.993
1.031	-1.097
0.957	-1.206
0.885	-1.273
0.814	-1.338
0.676	-1.444
0.572	-1.478
0.341	-1.551
0.107	-1.617
-0.128	-1.677
-0.226	-1.702
-0.436	-1.727
-0.521	-1.639
-0.541	-1.619
-0.551	-1.587
-0.553	-1.559
-0.562	-1.410
-0.548	-1.280
-0.462	-1.151
-0.337	-0.964
-0.098	-0.859
0.116	-0.822
0.284	-0.793
0.455	-0.775
0.626	-0.763
0.691	-0.758
0.827	-0.755
0.886	-0.817
0.912	-0.846
0.920	-0.883
0.923	-0.920
0.935	-1.073
0.703	-1.184
0.624	-1.233
0.519	-1.299
0.410	-1.362
0.295	-1.408
0.038	-1.508
-0.234	-1.539
-0.506	-1.558
-0.525	-1.559
-0.791	-1.550
-0.782	-1.489
-0.781	-1.480
-0.775	-1.472
-0.768	-1.467
-0.732	-1.442
-0.696	-1.418
-0.656	-1.400
-0.429	-1.298
-0.200	-1.198
0.032	-1.108
0.154	-1.060
0.261	-1.055
0.379	-1.103
0.391	-1.108
0.406	-1.120
0.413	-1.131
0.448	-1.188
0.377	-1.271
0.345	-1.306
0.241	-1.424
0.075	-1.446
-0.074	-1.468
-0.207	-1.488
-0.343	-1.491
-0.479	-1.496
-0.516	-1.497
-0.553	-1.493
-0.590	-1.486
-0.597	-1.485
-0.603	-1.480
-0.607	-1.474
-0.634	-1.431
-0.519	-1.332
-0.500	-1.317
-0.472	-1.296
-0.444	-1.273
-0.411	-1.261
-0.239	-1.196
-0.065	-1.133
0.113	-1.086
0.219	-1.058
0.330	-1.050
0.439	-1.035
0.490	-1.028
0.541	-1.051
0.555	-1.103
0.573	-1.170
0.544	-1.232
0.497	-1.281
0.268	-1.518
-0.089	-1.958
-0.424	-1.616
-0.488	-1.551
-0.546	-1.462
-0.548	-1.367
-0.550	-1.309
-0.529	-1.251
-0.498	-1.203
-0.299	-0.893
0.296	-1.010
0.546	-1.044
0.662	-1.060
0.774	-1.097
0.887	-1.129
0.895	-1.132
0.901	-1.139
0.905	-1.146
0.940	-1.215
0.709	-1.305
0.689	-1.311
0.213	-1.436
0.104	-1.461
-0.366	-1.487
-0.410	-1.489
-0.453	-1.482
-0.496	-1.477
-0.508	-1.475
-0.521	-1.465
-0.526	-1.454
-0.552	-1.388
-0.408	-1.262
-0.366	-1.234
-0.081	-1.041
0.400	-1.044
0.732	-1.060
0.799	-1.064
0.866	-1.077
0.932	-1.094
0.939	-1.096
0.944	-1.108
0.941	-1.114
0.934	-1.126
0.920	-1.132
0.908	-1.137
0.845	-1.163
0.783	-1.193
0.717	-1.208
0.559	-1.244
0.399	-1.274
0.238	-1.287
0.133	-1.295
0.028	-1.278
-0.077	-1.272
-0.092	-1.271
-0.111	-1.267
-0.122	-1.254
-0.169	-1.201
-0.056	-1.071
-0.017	-1.043
0.149	-0.924
0.384	-0.919
0.575	-0.905
0.640	-0.901
0.733	-0.915
0.785	-0.959
0.891	-1.051
0.605	-1.306
0.548	-1.340
0.349	-1.456
0.086	-1.610
-0.156	-1.673
-0.294	-1.710
-0.418	-1.709
-0.561	-1.699
-0.635	-1.695
-0.739	-1.673
-0.777	-1.600
-0.839	-1.483
-0.784	-1.355
-0.706	-1.260
-0.466	-0.971
-0.141	-0.884
0.212	-0.788
0.293	-0.766
0.436	-0.741
0.479	-0.843
0.497	-0.884
0.479	-0.927
0.446	-0.955
0.325	-1.060
0.207	-1.170
0.078	-1.265
-0.075	-1.378
-0.266	-1.452
-0.443	-1.510
-0.520	-1.536
-0.608	-1.551
-0.687	-1.528
-0.701	-1.523
-0.730	-1.514
-0.737	-1.496
-0.752	-1.456
-0.656	-1.403
-0.648	-1.400
-0.219	-1.215
0.107	-1.073
0.571	-1.079
0.632	-1.080
0.694	-1.090
0.755	-1.100
0.813	-1.109
0.881	-1.135
0.880	-1.205
0.880	-1.249
0.854	-1.306
0.817	-1.331
0.648	-1.444
0.478	-1.557
0.301	-1.657
0.082	-1.782
-0.137	-1.838
-0.387	-1.834
-0.464	-1.833
-0.592	-1.834
-0.627	-1.744
-0.640	-1.712
-0.641	-1.675
-0.640	-1.641
-0.636	-1.466
-0.460	-1.364
-0.327	-1.289
-0.092	-1.157
0.119	-1.109
0.388	-1.049
0.434	-1.038
0.482	-1.036
0.529	-1.035
0.539	-1.035
0.550	-1.038
0.555	-1.046
0.581	-1.080
0.452	-1.159
0.439	-1.163
0.248	-1.227
0.057	-1.295
-0.140	-1.337
-0.297	-1.371
-0.459	-1.378
-0.619	-1.391
-0.627	-1.391
-0.642	-1.383
-0.638	-1.376
-0.627	-1.360
-0.607	-1.352
-0.589	-1.345
-0.527	-1.318
-0.465	-1.290
-0.399	-1.275
-0.067	-1.197
0.266	-1.128
0.601	-1.066
0.608	-1.064
0.606	-1.085
0.599	-1.088
0.372	-1.210
0.147	-1.340
-0.093	-1.437
-0.288	-1.516
-0.496	-1.559
-0.699	-1.615
-0.709	-1.618
-0.744	-1.621
-0.751	-1.602
-0.772	-1.543
-0.597	-1.434
-0.591	-1.430
-0.371	-1.289
-0.155	-1.142
0.074	-1.015
0.187	-0.954
0.310	-0.914
0.430	-0.868
0.458	-0.861
0.487	-0.854
0.516	-0.847
0.517	-0.849
0.522	-0.852
0.521	-0.855
0.515	-0.864
0.507	-0.871
0.498	-0.877
0.407	-0.935
0.318	-0.998
0.221	-1.045
-0.054	-1.178
-0.232	-1.245
-0.520	-1.288
-0.590	-1.299
-0.661	-1.300
-0.732	-1.301
-0.738	-1.301
-0.745	-1.297
-0.748	-1.291
-0.757	-1.278
-0.742	-1.253
-0.736	-1.245
-0.690	-1.182
-0.630	-1.131
-0.556	-1.103
-0.428	-1.055
-0.269	-1.041
-0.139	-1.046
0.111	-1.056
0.361	-1.082
0.610	-1.110
0.669	-1.117
0.726	-1.137
0.784	-1.151
0.799	-1.155
0.814	-1.166
0.812	-1.183
0.808	-1.221
0.744	-1.269
0.729	-1.280
0.679	-1.318
0.627	-1.353
0.573	-1.384
0.538	-1.404
0.502	-1.423
0.462	-1.432
0.041	-1.524
-0.009	-1.537
-0.370	-1.522
-0.437	-1.519
-0.581	-1.473
-0.549	-1.376
-0.544	-1.361
-0.530	-1.336
-0.519	-1.327
-0.347	-1.183
-0.257	-1.114
-0.047	-1.023
0.038	-0.986
0.127	-0.962
0.215	-0.935
0.316	-0.905
0.363	-0.946
0.346	-1.048
0.342	-1.074
0.331	-1.103
0.316	-1.125
0.226	-1.259
-0.104	-1.455
-0.267	-1.520
-0.357	-1.556
-0.452	-1.576
-0.545	-1.602
-0.555	-1.605
-0.578	-1.609
-0.587	-1.600
-0.599	-1.589
-0.588	-1.563
-0.584	-1.555
-0.534	-1.462
-0.446	-1.372
-0.349	-1.329
-0.020	-1.182
0.314	-1.048
0.649	-0.919
0.707	-0.897
0.768	-0.884
0.829	-0.875
0.836	-0.874
0.846	-0.884
0.844	-0.890
0.840	-0.904
0.826	-0.912
0.815	-0.920
0.785	-0.942
0.757	-0.967
0.723	-0.980
0.427	-1.089
-0.056	-1.272
-0.419	-1.324
-0.430	-1.325
-0.409	-1.303
-0.400	-1.297
-0.373	-1.277
-0.343	-1.259
-0.312	-1.248
-0.189	-1.206
-0.065	-1.167
0.061	-1.136
0.151	-1.115
0.243	-1.107
0.334	-1.092
POLYLINE BLUE
-0.042	-0.101
0.007	0.135
0.067	0.368
0.104	0.605
0.118	0.693
0.161	1.032
0.078	1.160
0.018	1.254
-0.057	1.338
-0.108	1.437
-0.251	1.721
-0.378	2.012
-0.500	2.306
-0.556	2.439
-0.588	2.581
-0.639	2.716
-0.648	2.741
-0.671	2.726
-0.681	2.716
-0.717	2.681
-0.745	2.616
-0.750	2.566
-0.775	2.319
-0.793	2.072
-0.816	1.826
-0.817	1.814
-0.819	1.802
-0.824	1.791
-0.843	1.744
-0.866	1.698
-0.887	1.652
POLYLINE BLUE
-0.616	2.643
0.265	2.232
-0.048	2.410
0.355	2.174
POLYLINE BLACK
-3.069	-6.032
-2.857	-5.833
-3.193	-6.143
-2.658	-5.723
-2.525	-5.619
-2.408	-5.496
-2.272	-5.396
-2.043	-5.228
-1.800	-5.082
-1.567	-4.920
-1.524	-4.890
-1.488	-4.851
-1.443	-4.822
-1.022	-4.555
-1.423	-4.876
-0.998	-4.506
POLYLINE BLACK
-3.124	-6.064
-2.977	-6.553
-3.075	-6.213
-3.064	-7.507
-3.062	-7.760
-3.083	-8.012
-3.092	-8.265
POLYLINE BLACK
0.000	-0.000
0.000	-0.000
POLYLINE BLACK
-3.565	-5.599
-3.565	-5.596
POLYLINE BLACK
-3.389	-5.552
-3.395	-5.564
-3.402	-5.575
-3.407	-5.586
-3.409	-5.592
-3.412	-5.597
-3.412	-5.603
-3.413	-6.035
-3.408	-6.467
-3.409	-6.899
-3.425	-7.734
-3.415	-6.896
-3.408	-7.630
-3.402	-8.191
-3.441	-7.961
-3.392	-8.215
POLYLINE BLUE
-3.343	-7.941
-3.315	-7.906
-3.285	-7.873
-3.259	-7.837
-3.239	-7.810
-3.206	-7.739
-3.219	-7.703
-3.221	-7.699
-3.222	-7.696
-3.224	-7.693
-3.242	-7.668
-3.263	-7.645
-3.280	-7.620
-3.297	-7.596
-3.307	-7.562
-3.307	-7.532
-3.307	-7.449
-3.249	-7.383
-3.204	-7.319
POLYLINE BLUE
-3.232	-7.390
-3.213	-7.527
POLYLINE BLUE
-3.392	-7.352
-3.251	-7.322
POLYLINE BLUE
-3.292	-7.085
-3.223	-6.961
-3.220	-6.961
-3.211	-6.818
-3.209	-6.778
-3.226	-6.732
-3.254	-6.703
-3.285	-6.670
-3.345	-6.671
-3.365	-6.633
-3.379	-6.608
-3.375	-6.563
-3.373	-6.539
-3.362	-6.450
-3.335	-6.419
-3.282	-6.351
POLYLINE BLUE
-3.313	-6.367
-3.394	-6.399
-3.346	-6.377
-3.453	-6.438
POLYLINE BLUE
-3.280	-6.441
-3.250	-6.527
-3.260	-6.508
-3.213	-6.571
POLYLINE BLUE
0.236	-3.133
-0.098	-3.255
0.019	-3.185
-0.140	-3.292
POLYLINE BLUE
-1.986	-3.289
-1.861	-3.335
POLYLINE BLUE
-1.845	-3.330
-1.834	-3.331
POLYLINE BLUE
0.000	-0.000
0.000	-0.000
POLYLINE BLUE
-1.832	-3.347
-1.771	-3.405
-1.803	-3.383
-1.737	-3.417
POLYLINE BLUE
-1.646	-3.325
-1.646	-3.256
POLYLINE BLUE
-1.646	-3.250
-1.646	-3.239
POLYLINE BLUE
-1.646	-3.233
-1.648	-3.174
POLYLINE BLUE
-3.051	-6.664
-3.023	-6.590
-2.999	-6.515
-2.968	-6.442
-2.931	-6.354
-2.745	-6.179
-2.739	-6.174
-2.598	-6.043
-2.429	-5.954
-2.271	-5.847
-2.222	-5.814
-2.221	-5.750
-2.205	-5.701
-2.178	-5.622
-2.115	-5.544
-2.043	-5.503
-1.946	-5.450
-1.696	-5.416
-1.677	-5.411
-1.608	-5.393
-1.519	-5.329
-1.477	-5.272
-1.406	-5.177
-1.378	-5.128
-1.338	-5.021
-1.273	-4.848
-1.241	-4.686
-1.104	-4.550
-1.043	-4.490
-1.030	-4.491
-0.959	-4.451
-0.874	-4.402
-0.787	-4.357
-0.704	-4.305
-0.568	-4.218
-0.538	-4.066
-0.477	-3.927
-0.462	-3.895
-0.431	-3.868
-0.425	-3.833
-0.423	-3.820
-0.451	-3.840
-0.463	-3.846
-0.565	-3.895
-0.666	-3.946
-0.767	-3.996
POLYLINE BLUE
-0.457	-3.872
-0.449	-4.450
POLYLINE BLUE
-0.316	-3.777
-0.337	-3.717
-0.364	-3.647
-0.343	-3.581
-0.174	-3.059
-0.257	-3.376
-0.042	-2.848
-0.025	-2.806
-0.015	-2.761
-0.007	-2.717
-0.005	-2.709
-0.006	-2.695
-0.014	-2.694
-0.025	-2.693
-0.033	-2.705
-0.040	-2.713
-0.127	-2.797
-0.212	-2.884
-0.298	-2.969
POLYLINE BLUE
-0.062	-2.742
-0.031	-2.799
0.000	-2.856
0.031	-2.913
0.050	-2.965
0.121	-3.114
0.087	-3.070
0.004	-2.961
-0.050	-2.834
-0.119	-2.716
POLYLINE BLACK
-3.539	-8.871
-3.588	-9.274
-3.542	-9.132
-3.607	-9.314
POLYLINE BLACK
-3.405	-8.163
-3.526	-8.773
-3.468	-8.450
-3.575	-9.132
POLYLINE BLACK
-3.130	-8.310
-3.115	-8.730
-3.142	-8.644
-3.015	-9.085
-2.982	-9.202
-2.974	-9.199
-2.911	-9.269
POLYLINE BLACK
-2.796	-9.399
-2.229	-9.847
-1.911	-10.086
-1.385	-10.547
-1.250	-10.665
-1.294	-10.675
-1.161	-10.735
POLYLINE BLACK
-3.611	-9.372
-3.574	-9.422
-3.541	-9.476
-3.499	-9.523
-3.204	-9.864
-2.761	-10.274
-2.476	-10.559
-2.182	-10.852
-2.439	-10.647
-1.948	-11.058
-1.856	-11.134
-1.767	-11.165
-1.660	-11.214
POLYLINE BLACK
-1.285	-10.703
-1.214	-10.804
-1.026	-11.029
-0.962	-11.197
-0.921	-11.305
-0.889	-11.415
-0.850	-11.523
-0.833	-11.570
-0.806	-11.613
-0.795	-11.662
-0.776	-11.745
-0.767	-11.830
-0.760	-11.914
-0.725	-12.330
-0.788	-11.880
-0.753	-12.114
POLYLINE BLACK
-1.769	-11.183
-1.718	-11.245
-1.703	-11.311
-1.686	-11.386
POLYLINE BLUE
-2.036	-10.585
-2.039	-10.551
-2.040	-10.517
-2.046	-10.484
-2.060	-10.398
-2.123	-10.303
-2.206	-10.270
-2.299	-10.234
-2.394	-10.206
-2.486	-10.170
-2.497	-10.166
-2.506	-10.160
-2.515	-10.152
-2.567	-10.107
-2.595	-10.058
-2.632	-9.996
-2.644	-9.976
-2.654	-9.957
-2.661	-9.935
-2.670	-9.907
-2.673	-9.878
-2.679	-9.849
POLYLINE BLUE
-2.745	-9.866
-2.721	-9.963
-2.719	-10.059
-2.732	-10.158
POLYLINE BLUE
-2.717	-9.853
-2.266	-10.021
POLYLINE BLACK
-2.999	-9.289
-3.189	-9.265
-3.137	-9.264
-3.396	-9.285
-3.447	-9.289
-3.530	-9.324
-3.564	-9.364
-3.583	-9.385
-3.594	-9.411
-3.609	-9.434
POLYLINE BLACK
-3.422	-9.267
-3.450	-9.195
-3.463	-9.149
-3.457	-9.079
POLYLINE BLACK
-3.259	-9.297
-3.290	-9.105
-3.284	-9.178
-3.290	-9.081
POLYLINE BLACK
-3.150	-9.263
-3.152	-9.084
POLYLINE BLACK
-1.726	-11.386
-1.596	-11.480
-1.691	-11.409
-1.433	-11.690
-1.373	-11.755
-1.355	-11.772
-1.320	-11.842
-1.306	-11.870
-1.299	-11.916
-1.293	-11.942
POLYLINE BLACK
-0.816	-12.099
-0.831	-12.102
-0.840	-12.102
-0.852	-12.109
-0.875	-12.122
-0.913	-12.167
-0.917	-12.171
-1.356	-12.629
-1.794	-13.087
-2.233	-13.545
-2.255	-13.573
-2.276	-13.603
-2.300	-13.630
-2.350	-13.685
-2.401	-13.739
-2.455	-13.789
-2.711	-14.030
-2.457	-13.768
-2.586	-13.903
POLYLINE BLACK
-1.333	-11.945
-1.397	-12.049
-1.448	-12.162
-1.525	-12.257
-1.906	-12.727
-1.832	-12.590
-2.151	-12.867
-2.205	-12.914
-2.256	-12.963
-2.307	-13.013
-2.519	-13.228
-2.727	-13.447
-2.940	-13.661
-2.989	-13.698
-2.969	-13.680
-3.001	-13.713
POLYLINE BLUE
-1.578	-12.495
-1.607	-12.515
-1.622	-12.546
-1.644	-12.574
-1.694	-12.638
-1.641	-12.528
-1.716	-12.692
-1.753	-12.772
-1.784	-12.855
-1.821	-12.936
-1.826	-12.948
-1.841	-12.969
-1.852	-12.978
-1.901	-13.020
-2.027	-13.073
-2.045	-13.082
-2.048	-13.083
-2.158	-13.112
-2.183	-13.143
-2.207	-13.171
-2.219	-13.215
-2.226	-13.250
-2.228	-13.264
-2.229	-13.278
-2.231	-13.292
POLYLINE BLUE
-1.588	-12.507
-1.598	-12.513
-1.608	-12.519
-1.618	-12.524
-1.628	-12.528
-1.639	-12.531
-1.649	-12.533
-1.696	-12.544
-1.744	-12.552
-1.791	-12.563
-1.798	-12.565
-1.804	-12.569
-1.810	-12.572
POLYLINE BLUE
-1.565	-12.503
-1.538	-12.618
POLYLINE BLACK
-2.503	-13.963
-2.277	-14.095
-2.213	-14.126
-1.945	-14.356
-1.841	-14.445
-1.749	-14.548
-1.659	-14.651
-1.592	-14.727
-1.537	-14.814
-1.474	-14.894
-1.452	-14.922
-1.442	-14.923
-1.430	-14.948
-1.423	-14.963
-1.425	-14.978
-1.420	-14.992
-1.410	-15.021
-1.399	-15.050
-1.388	-15.078
POLYLINE BLACK
-2.582	-13.929
-2.520	-13.980
POLYLINE BLACK
-1.484	-15.044
-1.422	-15.181
POLYLINE BLACK
-3.001	-13.750
-2.984	-13.787
-2.978	-13.811
-2.948	-13.840
-2.859	-13.929
-2.760	-14.007
-2.677	-14.100
-2.635	-14.147
-2.607	-14.205
-2.573	-14.257
-2.500	-14.370
-2.434	-14.488
-2.354	-14.596
-2.081	-14.964
-2.266	-14.696
-2.101	-14.853
-1.961	-14.984
-1.948	-15.004
-1.849	-15.119
POLYLINE BLACK
-1.482	-15.415
-1.787	-15.735
-2.094	-16.052
-2.395	-16.375
-2.418	-16.400
-2.434	-16.429
-2.452	-16.457
-2.458	-16.465
-2.460	-16.477
-2.468	-16.484
-2.471	-16.487
-2.472	-16.478
-2.473	-16.474
-2.474	-16.465
-2.473	-16.456
-2.474	-16.447
POLYLINE BLACK
-1.433	-15.023
-1.415	-15.128
-1.413	-15.242
-1.450	-15.345
-1.489	-15.455
-1.473	-15.434
-1.519	-15.480
POLYLINE BLACK
-1.878	-15.101
-1.889	-15.120
-1.895	-15.143
-1.909	-15.159
-2.024	-15.282
-2.140	-15.404
-2.255	-15.526
-2.283	-15.553
-2.312	-15.579
-2.339	-15.607
-2.433	-15.708
-2.527	-15.810
-2.617	-15.915
-2.642	-15.944
-2.659	-15.980
-2.683	-16.011
-2.702	-16.037
-2.727	-16.058
-2.746	-16.084
-2.792	-16.154
-2.838	-16.224
-2.884	-16.293
-2.886	-16.295
-2.888	-16.299
-2.889	-16.297
-2.892	-16.290
-2.891	-16.282
-2.892	-16.274
POLYLINE BLACK
-2.982	-16.289
-2.977	-16.306
-2.968	-16.325
-2.973	-16.344
-2.975	-16.353
-2.979	-16.362
-2.981	-16.372
-2.985	-16.390
-2.981	-16.408
-2.988	-16.427
-2.995	-16.445
-3.006	-16.462
-3.010	-16.481
-3.144	-17.107
-3.017	-16.727
-3.223	-17.247
POLYLINE BLACK
-2.470	-16.415
-2.709	-17.228
-2.356	-16.043
-2.740	-17.258
-2.750	-17.289
-2.753	-17.321
-2.760	-17.352
POLYLINE BLACK
-2.801	-17.352
-2.808	-17.365
-2.817	-17.377
-2.821	-17.391
-2.908	-17.665
-2.982	-17.943
-3.076	-18.215
-3.109	-18.312
-3.140	-18.332
-3.183	-18.399
-3.185	-18.403
-3.187	-18.408
-3.189	-18.412
-3.196	-18.428
-3.202	-18.444
-3.208	-18.460
POLYLINE BLUE
-3.367	-17.990
-3.363	-17.976
-3.350	-17.921
-3.335	-17.904
-3.187	-17.739
-3.006	-17.624
-2.982	-17.397
-2.975	-17.330
-2.977	-17.265
-2.993	-17.200
-3.008	-17.143
-3.028	-17.088
-3.046	-17.033
-3.048	-17.024
-3.079	-16.966
-3.067	-16.941
-3.054	-16.915
-2.975	-16.901
-2.973	-16.900
-2.952	-16.890
-2.933	-16.875
-2.913	-16.863
POLYLINE BLUE
-2.960	-16.836
-3.083	-16.846
-3.011	-16.834
-3.173	-16.886
POLYLINE BLUE
-2.909	-16.863
-2.905	-16.933
POLYLINE BLACK
-3.256	-17.175
-3.792	-17.932
-3.372	-17.392
-4.316	-18.347
-4.369	-18.400
-4.414	-18.460
-4.463	-18.516
POLYLINE BLACK
-3.197	-18.434
-3.230	-18.441
-3.264	-18.446
-3.296	-18.456
-3.318	-18.463
-3.339	-18.472
-3.358	-18.484
-3.522	-18.583
-3.683	-18.689
-3.846	-18.790
-3.901	-18.825
-3.959	-18.856
-4.014	-18.892
-4.054	-18.919
-4.106	-18.977
-4.135	-19.008
POLYLINE BLACK
-4.620	-18.456
-5.540	-19.649
-5.342	-19.522
-6.161	-20.278
-6.185	-20.300
-6.214	-20.318
-6.244	-20.332
-6.351	-20.384
-6.546	-20.441
-6.664	-20.534
-6.690	-20.554
-6.703	-20.576
-6.720	-20.603
-6.782	-20.705
-6.834	-20.814
-6.906	-20.910
-7.802	-22.103
-7.214	-21.224
-7.503	-21.660
POLYLINE BLACK
-4.046	-18.948
-4.374	-19.145
-4.503	-19.168
-4.715	-19.445
-4.904	-19.693
-5.051	-19.973
-5.255	-20.209
-5.666	-20.686
-6.119	-21.125
-6.555	-21.580
-6.601	-21.628
-6.618	-21.619
-6.645	-21.665
-6.653	-21.678
-6.660	-21.693
-6.665	-21.708
-6.701	-21.809
-6.723	-21.915
-6.768	-22.012
-6.827	-22.139
-6.906	-22.255
-6.974	-22.376
POLYLINE BLACK
-7.038	-22.338
-7.073	-22.356
-7.110	-22.370
-7.143	-22.390
-7.170	-22.407
-7.194	-22.429
-7.219	-22.448
-7.296	-22.506
-7.370	-22.566
-7.449	-22.621
-7.534	-22.679
-7.633	-22.717
-7.711	-22.784
-8.337	-23.324
-8.620	-23.734
-9.158	-24.439
-9.242	-24.549
-9.307	-24.672
-9.388	-24.784
-9.958	-25.579
-9.701	-25.140
-9.948	-25.579
POLYLINE BLACK
-7.471	-21.541
-7.615	-21.672
-7.760	-21.803
-7.905	-21.934
-8.079	-22.062
-8.272	-22.167
-8.428	-22.317
-8.680	-22.562
-8.881	-22.855
-9.120	-23.113
-10.195	-24.273
-9.148	-23.065
-9.617	-23.611
POLYLINE BLACK
-9.719	-23.526
-11.195	-25.787
-9.868	-23.860
-10.669	-24.872
-10.761	-24.988
-10.836	-25.118
-10.929	-25.234
-10.982	-25.301
-11.049	-25.355
-11.105	-25.419
-11.167	-25.489
-11.188	-25.586
-11.212	-25.672
POLYLINE BLACK
-10.185	-25.630
-10.263	-25.720
-10.354	-25.799
-10.417	-25.900
-10.723	-26.385
-10.956	-26.915
-11.289	-27.382
-11.687	-27.941
-12.161	-28.443
-12.605	-28.967
-12.629	-28.996
-12.662	-29.016
-12.691	-29.041
-12.751	-29.090
-12.814	-29.135
-12.870	-29.189
-12.970	-29.284
-12.990	-29.357
-13.082	-29.469
-13.125	-29.522
-13.175	-29.567
-13.222	-29.617
POLYLINE BLACK
-11.487	-25.592
-11.487	-25.569
POLYLINE BLACK
-11.198	-25.459
-11.499	-26.120
-11.133	-25.334
-11.990	-26.853
-12.677	-28.071
-11.579	-26.499
-13.172	-28.762
-13.256	-28.881
-13.371	-28.975
-13.466	-29.085
-13.503	-29.128
-13.533	-29.177
-13.568	-29.222
-13.578	-29.234
-13.601	-29.248
-13.616	-29.255
-13.670	-29.280
-13.746	-29.301
-13.784	-29.354
-13.901	-29.524
-14.014	-29.697
-14.129	-29.868
POLYLINE BLACK
-14.239	-29.659
-14.307	-29.669
-14.357	-29.653
-14.419	-29.630
POLYLINE BLACK
-15.051	-29.341
-15.265	-29.132
POLYLINE BLACK
-13.127	-29.694
-13.216	-29.765
-13.306	-29.835
-13.395	-29.906
-13.443	-29.945
-13.486	-29.991
-13.539	-30.023
-13.787	-30.177
-13.994	-30.312
-14.269	-30.381
-14.469	-30.431
-14.667	-30.409
-14.871	-30.407

ELEVATION
STATIONS
0.000	0.000	0
-1.182	6.987	1
-3.308	8.499	2
-3.085	9.421	3
-3.570	12.407	4
-1.703	13.656	5
-0.737	14.115	6
-2.949	12.157	7
-1.355	12.181	8
-2.879	12.647	9
-2.838	13.667	10
-3.786	16.075	11
-7.406	16.033	12
-9.410	17.386	13
-10.940	17.393	14
-13.139	18.133	15
-14.032	18.085	16
SHOTS
0.000	0.000	-1.819	-16.781
0.000	0.000	-2.991	-17.407
0.000	0.000	-1.182	6.987
-1.182	6.987	-2.366	13.964
-1.182	6.987	-3.308	8.499
-3.308	8.499	-3.080	8.534
-3.308	8.499	-3.255	11.192
-3.308	8.499	-3.232	7.459
-3.308	8.499	-3.667	8.432
-3.308	8.499	-3.510	7.487
-3.308	8.499	-3.587	11.653
-3.308	8.499	-3.085	9.421
-3.085	9.421	-3.388	9.386
-3.085	9.421	-3.435	8.003
-3.085	9.421	-3.460	12.642
-3.085	9.421	-3.570	12.407
-3.570	12.407	-2.955	12.450
-3.570	12.407	-3.500	12.753
-3.570	12.407	-1.703	13.656
-1.703	13.656	-1.266	13.717
-1.703	13.656	-1.682	13.846
-1.703	13.656	-2.189	9.703
-1.703	13.656	-0.737	14.115
-0.737	14.115	-1.275	14.119
-0.737	14.115	-2.949	12.157
-2.949	12.157	-2.791	14.303
-2.949	12.157	-2.900	10.371
-2.949	12.157	-2.581	12.146
-2.949	12.157	-2.965	10.364
-2.949	12.157	-2.559	12.137
-2.949	12.157	-3.252	14.223
-2.949	12.157	-1.355	12.181
-1.355	12.181	-1.688	12.197
-1.355	12.181	-1.869	14.845
-1.355	12.181	-2.857	12.636
-1.355	12.181	-1.453	12.234
-1.355	12.181	-2.022	14.334
-1.355	12.181	-1.358	10.840
-1.355	12.181	-2.483	12.427
-1.355	12.181	-2.485	12.434
-1.355	12.181	-2.475	12.576
-1.355	12.181	-2.879	12.647
-2.879	12.647	-2.484	12.722
-2.879	12.647	-3.114	16.193
-2.879	12.647	-2.813	11.234
-2.879	12.647	-2.838	13.667
-2.838	13.667	-3.786	16.075
-3.786	16.075	-3.799	16.469
-3.786	16.075	-4.366	16.337
-3.786	16.075	-3.491	11.545
-3.786	16.075	-3.998	16.048
-3.786	16.075	-7.406	16.033
-7.406	16.033	-7.110	16.024
-7.406	16.033	-7.673	17.205
-7.406	16.033	-7.250	11.394
-7.406	16.033	-9.401	17.391
-7.406	16.033	-9.410	17.386
-9.410	17.386	-9.474	17.372
-9.410	17.386	-10.940	17.393
-10.940	17.393	-11.205	17.328
-10.940	17.393	-10.901	17.954
-10.940	17.393	-11.140	12.727
-10.940	17.393	-13.139	18.133
-13.139	18.133	-14.005	18.073
-13.139	18.133	-14.019	18.076
-13.139	18.133	-14.032	18.085

