TRIP
DATE 2024-08-24
DECLINATION 0.0
DATA
0		90.16	-78.76	8.519	>
0		90.48	-79.05	8.534	>
0		90.55	-78.72	8.520	>
0	1	90.40	-78.84	8.524	>
1		149.45	-42.76	2.456	>
1		148.74	-43.64	2.464	>
1		149.39	-43.58	2.461	>
1		87.88	29.36	2.308	>
1	2	149.19	-43.33	2.460	>
2		88.12	29.56	2.307	>
2		87.97	29.58	2.304	>
2		227.51	0.95	0.628	>
2		243.70	-75.55	0.894	>
2		268.46	81.38	6.803	>
2		151.43	0.54	0.990	>
2		138.10	-5.19	1.292	>
2		137.14	-4.47	1.240	>
2		150.62	27.48	1.071	>
2		144.29	-8.82	2.860	>
2		144.12	-8.83	2.877	>
2		144.14	-8.93	2.853	>
2	3	144.18	-8.86	2.863	>
3		67.53	2.50	0.557	>
3		148.47	-10.21	8.474	>
3		169.51	82.66	1.613	>
3		331.70	1.37	1.443	>
3		314.34	-52.66	0.431	>
3		359.67	-77.87	10.699	>
3		359.15	-78.07	10.763	>
3		358.96	-78.04	10.797	>
3		358.34	-78.02	10.817	>
3		358.92	-78.00	10.819	>
3	4	358.89	-78.04	10.808	>
4		359.15	-78.23	10.802	>
4		359.46	-78.13	10.800	>
4		296.00	2.86	0.983	>
4		116.93	-6.32	3.550	>
4		131.13	-7.48	10.240	>
4		152.89	-4.15	10.872	>
4		170.08	-4.51	9.263	>
4		181.67	-6.38	7.829	>
4		188.50	-11.43	2.408	>
4		192.58	-11.66	1.824	>
4		222.45	-6.41	1.198	>
4		174.25	78.09	12.642	>
4		155.06	76.41	9.837	>
4		167.90	77.37	12.814	>
4		174.23	70.54	22.590	>
4		82.08	-73.77	10.374	>
4		153.55	-61.45	14.946	>
4		160.88	-73.84	16.021	>
4		158.88	-74.09	16.908	>
4		158.46	-74.16	17.055	>
4		158.54	-74.08	17.057	>
4	5	158.63	-74.11	17.007	>
5		54.45	0.97	2.758	>
5		17.20	-3.09	4.504	>
5		357.85	-5.69	4.739	>
5		325.89	-2.68	2.871	>
5		179.39	0.95	2.510	>
5		197.92	4.98	3.904	>
5		111.93	-8.48	4.664	>
5		111.98	-8.39	4.661	>
5		111.90	-8.38	4.662	>
5		0.21	-49.37	3.025	>
5		0.77	-46.30	3.092	>
5		10.63	-79.98	3.108	>
5		138.66	-11.30	4.323	>
5		136.45	-19.16	5.139	>
5		13.83	19.18	4.531	>
5		111.64	-8.37	4.672	>
5		111.97	-8.21	4.670	>
5		111.96	-8.21	4.670	>
5	6	111.86	-8.26	4.671	>
6		177.95	-1.47	0.581	>
6		126.72	66.56	0.648	>
6		179.04	-68.80	0.726	>
6		96.02	-0.98	1.981	>
6		113.07	-2.43	2.682	>
6		113.47	-3.10	1.349	>
6		113.56	-3.13	2.750	>
6		113.54	-3.14	2.750	>
6		113.42	-3.04	2.752	>
6	7	113.51	-3.10	2.751	>
7		4.15	-8.32	1.028	>
7		46.49	-9.17	2.027	>
7		80.83	-16.16	2.404	>
7		100.40	0.51	2.138	>
7		356.98	82.06	1.419	>
7		68.86	-74.33	2.399	>
7		34.88	-63.35	2.785	>
7		71.50	-69.88	2.351	>
7		71.20	-69.83	2.546	>
7		71.61	-69.60	2.548	>
7		71.37	-69.87	2.540	>
7	8	71.39	-69.77	2.545	>
8		269.66	-4.65	3.292	>
8		302.00	9.53	0.876	>
8		272.97	7.26	0.564	>
8		67.94	-8.66	1.916	>
8		49.95	-81.83	7.896	>
8		49.42	-81.87	7.893	>
8		50.06	-81.82	7.895	>
8	9	49.81	-81.84	7.895	>
9		252.25	-0.29	5.591	>
9		251.85	-0.32	5.666	>
9		260.03	0.93	4.464	>
9		267.17	1.94	1.106	>
9		308.22	6.53	0.724	>
9		341.64	10.43	0.773	>
9		341.87	-8.45	3.590	>
9		343.09	-11.68	3.670	>
9		3.92	-13.26	4.059	>
9		23.33	-17.84	3.677	>
9		30.91	-14.67	5.934	>
9		35.96	-18.29	2.835	>
9		54.00	-24.69	1.455	>
9		79.48	-8.66	1.208	>
9		311.29	10.49	0.701	>
9		322.69	-79.05	7.695	>
9		322.79	-79.06	7.698	>
9		322.44	-79.07	7.696	>
9	10	322.64	-79.06	7.696	>
10		116.09	-9.29	1.803	>
10		84.75	-14.10	2.427	>
10		56.94	-27.07	4.344	>
10		33.26	-22.43	2.294	>
10		16.90	-17.88	1.799	>
10		48.22	-24.59	4.522	>
10		56.84	-24.26	4.520	>
10		242.44	-24.03	2.412	>
10		238.04	-26.86	2.264	>
10		90.44	-64.42	2.308	>
10		51.76	-48.08	3.984	>
10		56.44	47.27	8.036	>
10		57.31	43.24	7.819	>
10		48.46	-23.38	4.413	>
10		48.47	-23.53	4.413	>
10		48.54	-23.57	4.413	>
10	11	48.49	-23.49	4.413	>
11		137.59	-11.65	0.530	>
11		182.81	-81.56	2.095	>
11		86.28	-57.65	2.525	>
11		86.52	-57.65	2.521	>
11		86.71	-57.64	2.534	>
11		196.01	-3.05	0.580	>
11	12	86.50	-57.65	2.527	>
12		146.01	80.32	1.942	>
12		212.38	-77.85	1.134	>
12		123.13	-15.05	4.804	>
12		125.06	-13.15	3.269	>
12		119.85	-12.84	3.068	>

PLAN
STATIONS
0.000	0.000	0
1.650	-0.011	1
2.566	-1.549	2
4.222	-3.843	3
4.178	-1.603	4
5.876	-5.940	5
10.166	-7.661	6
12.684	-8.756	7
13.518	-8.476	8
14.374	-7.752	9
13.488	-6.591	10
16.519	-3.909	11
17.869	-3.827	12
SHOTS
0.000	0.000	1.650	-0.011
1.650	-0.011	3.660	0.063
1.650	-0.011	2.566	-1.549
2.566	-1.549	4.572	-1.483
2.566	-1.549	4.569	-1.478
2.566	-1.549	2.103	-1.973
2.566	-1.549	2.366	-1.648
2.566	-1.549	1.547	-1.576
2.566	-1.549	3.040	-2.418
2.566	-1.549	3.426	-2.506
2.566	-1.549	3.407	-2.455
2.566	-1.549	3.032	-2.377
2.566	-1.549	4.222	-3.843
4.222	-3.843	4.736	-3.630
4.222	-3.843	8.583	-10.952
4.222	-3.843	4.259	-4.046
4.222	-3.843	3.538	-2.573
4.222	-3.843	4.035	-3.660
4.222	-3.843	4.178	-1.603
4.178	-1.603	4.146	0.600
4.178	-1.603	4.157	0.617
4.178	-1.603	3.296	-1.173
4.178	-1.603	7.324	-3.201
4.178	-1.603	11.826	-8.281
4.178	-1.603	9.120	-11.255
4.178	-1.603	5.769	-10.699
4.178	-1.603	3.952	-9.380
4.178	-1.603	3.829	-3.937
4.178	-1.603	3.789	-3.347
4.178	-1.603	3.375	-2.482
4.178	-1.603	4.439	-4.199
4.178	-1.603	5.153	-3.699
4.178	-1.603	4.766	-4.342
4.178	-1.603	4.935	-9.090
4.178	-1.603	7.050	-1.204
4.178	-1.603	7.360	-7.998
4.178	-1.603	5.639	-5.815
4.178	-1.603	5.876	-5.940
5.876	-5.940	8.119	-4.337
5.876	-5.940	7.206	-1.644
5.876	-5.940	5.699	-1.228
5.876	-5.940	4.267	-3.566
5.876	-5.940	5.902	-8.450
5.876	-5.940	4.679	-9.641
5.876	-5.940	5.883	-3.970
5.876	-5.940	5.905	-3.804
5.876	-5.940	5.975	-5.409
5.876	-5.940	8.675	-9.123
5.876	-5.940	9.220	-9.458
5.876	-5.940	6.898	-1.785
5.876	-5.940	10.166	-7.661
10.166	-7.661	10.186	-8.241
10.166	-7.661	10.372	-7.815
10.166	-7.661	10.170	-7.923
10.166	-7.661	12.135	-7.868
10.166	-7.661	12.631	-8.711
10.166	-7.661	11.401	-8.197
10.166	-7.661	12.684	-8.756
12.684	-8.756	12.758	-7.742
12.684	-8.756	14.136	-7.379
12.684	-8.756	14.964	-8.388
12.684	-8.756	14.787	-9.142
12.684	-8.756	12.674	-8.561
12.684	-8.756	13.289	-8.523
12.684	-8.756	13.399	-7.732
12.684	-8.756	13.451	-8.500
12.684	-8.756	13.518	-8.476
13.518	-8.476	10.237	-8.495
13.518	-8.476	12.786	-8.018
13.518	-8.476	12.960	-8.447
13.518	-8.476	15.274	-7.764
13.518	-8.476	14.374	-7.752
14.374	-7.752	9.050	-9.457
14.374	-7.752	8.990	-9.517
14.374	-7.752	9.978	-8.525
14.374	-7.752	13.270	-7.807
14.374	-7.752	13.809	-7.307
14.374	-7.752	14.135	-7.031
14.374	-7.752	13.269	-4.378
14.374	-7.752	13.329	-4.314
14.374	-7.752	14.644	-3.811
14.374	-7.752	15.761	-4.538
14.374	-7.752	17.323	-2.827
14.374	-7.752	15.955	-5.573
14.374	-7.752	15.444	-6.975
14.374	-7.752	15.549	-7.534
14.374	-7.752	13.857	-7.297
14.374	-7.752	13.488	-6.591
13.488	-6.591	15.086	-7.374
13.488	-6.591	15.832	-6.376
13.488	-6.591	16.730	-4.481
13.488	-6.591	14.651	-4.818
13.488	-6.591	13.986	-4.953
13.488	-6.591	16.555	-3.852
13.488	-6.591	16.938	-4.338
13.488	-6.591	11.535	-7.611
13.488	-6.591	11.774	-7.660
13.488	-6.591	14.484	-6.599
13.488	-6.591	15.579	-4.944
13.488	-6.591	18.032	-3.577
13.488	-6.591	18.282	-3.515
13.488	-6.591	16.519	-3.909
16.519	-3.909	16.869	-4.292
16.519	-3.909	16.504	-4.216
16.519	-3.909	16.359	-4.466
16.519	-3.909	17.869	-3.827
17.869	-3.827	18.051	-4.097
17.869	-3.827	17.741	-4.028
17.869	-3.827	21.753	-6.362
17.869	-3.827	20.474	-5.655
17.869	-3.827	20.463	-5.315
POLYLINE RED
-0.063	0.228
-0.095	0.204
-0.128	0.181
-0.159	0.155
-0.192	0.128
-0.213	0.081
-0.222	0.040
-0.232	-0.010
-0.234	-0.065
-0.215	-0.114
-0.167	-0.238
-0.006	-0.299
0.104	-0.217
0.220	-0.131
0.235	0.115
0.127	0.213
0.123	0.217
0.079	0.251
0.066	0.248
0.011	0.236
-0.041	0.212
-0.094	0.194
POLYLINE RED
1.636	0.225
1.513	0.222
1.445	0.218
1.389	0.103
1.341	0.006
1.339	-0.121
1.427	-0.196
1.520	-0.276
1.708	-0.254
1.799	-0.181
1.867	-0.125
1.922	-0.010
1.875	0.075
1.870	0.084
1.865	0.092
1.858	0.100
1.818	0.144
1.777	0.189
1.735	0.231
1.721	0.245
1.683	0.264
1.665	0.270
1.570	0.296
1.548	0.255
1.426	0.212
POLYLINE RED
2.049	-1.915
2.117	-2.128
POLYLINE BLACK
1.955	-1.912
2.091	-2.062
2.025	-2.005
2.245	-2.146
2.277	-2.166
2.312	-2.180
2.342	-2.201
2.393	-2.238
2.431	-2.291
2.486	-2.320
2.638	-2.402
2.801	-2.463
2.958	-2.534
POLYLINE BLACK
2.614	-1.541
2.712	-1.626
2.806	-1.717
2.908	-1.797
2.968	-1.844
3.039	-1.876
3.100	-1.920
3.120	-1.934
3.136	-1.952
3.151	-1.970
3.407	-2.299
3.341	-2.202
3.501	-2.505
POLYLINE BLACK
3.315	-1.131
3.347	-1.416
3.390	-1.700
3.411	-1.985
3.424	-2.152
3.360	-2.374
3.350	-2.531
3.344	-2.615
3.350	-2.699
3.359	-2.783
3.395	-3.094
3.565	-3.340
3.674	-3.638
3.701	-3.712
3.710	-3.856
3.706	-3.939
3.699	-4.081
3.544	-4.243
3.499	-4.336
3.441	-4.456
3.382	-4.579
3.356	-4.710
3.286	-5.070
3.224	-5.434
3.214	-5.800
3.198	-6.418
3.295	-7.257
3.513	-7.859
3.697	-8.369
3.919	-8.867
4.154	-9.356
4.269	-9.595
4.563	-9.945
4.762	-10.120
4.987	-10.317
5.216	-10.512
5.467	-10.675
5.619	-10.773
5.792	-10.836
5.962	-10.897
6.062	-10.934
6.722	-11.127
6.927	-11.158
7.190	-11.197
7.457	-11.209
7.721	-11.247
7.882	-11.270
8.039	-11.322
8.201	-11.343
8.610	-11.396
8.858	-11.387
9.268	-11.335
9.431	-11.314
9.639	-11.217
9.768	-11.143
10.214	-10.889
10.396	-10.746
10.759	-10.351
11.116	-9.963
11.557	-9.134
11.741	-8.796
11.788	-8.710
11.858	-8.499
11.867	-8.380
11.897	-7.979
11.700	-7.567
11.555	-7.216
11.507	-7.099
11.462	-6.978
11.390	-6.874
10.910	-6.190
10.555	-5.750
9.940	-5.220
8.818	-4.254
9.881	-5.254
8.864	-4.520
8.450	-4.221
8.048	-3.906
7.663	-3.571
7.025	-3.015
6.497	-2.289
5.692	-1.940
5.228	-1.739
4.723	-1.648
4.242	-1.489
4.192	-1.472
4.147	-1.441
4.100	-1.414
3.961	-1.333
3.827	-1.243
3.686	-1.165
3.581	-1.107
3.457	-1.083
3.341	-1.114
3.310	-1.122
3.281	-1.141
3.273	-1.175
3.262	-1.219
3.287	-1.286
3.295	-1.320
POLYLINE BLACK
8.185	-8.488
8.183	-8.488
POLYLINE BLACK
8.131	-8.509
8.103	-8.601
POLYLINE BLACK
10.162	-7.539
10.409	-7.571
10.657	-7.602
10.905	-7.634
11.028	-7.640
11.151	-7.640
11.274	-7.654
11.393	-7.668
11.510	-7.694
11.627	-7.718
11.699	-7.732
11.752	-7.759
11.824	-7.754
11.858	-7.752
11.892	-7.742
11.925	-7.735
POLYLINE BLACK
11.897	-7.651
11.955	-7.667
12.067	-7.746
12.140	-7.726
12.183	-7.714
12.224	-7.700
12.266	-7.687
POLYLINE BLACK
10.269	-8.248
10.312	-8.230
10.355	-8.210
10.399	-8.195
10.693	-8.099
11.306	-8.403
11.389	-8.429
11.962	-8.614
11.662	-8.554
12.009	-8.612
POLYLINE BLACK
11.841	-7.747
12.148	-7.694
12.069	-7.689
12.327	-7.699
12.367	-7.700
12.407	-7.708
12.448	-7.708
12.563	-7.707
12.535	-7.690
12.652	-7.666
12.690	-7.658
12.729	-7.657
12.767	-7.652
POLYLINE BLACK
10.123	-7.533
10.245	-7.799
10.246	-7.763
10.307	-8.076
10.394	-8.526
10.289	-8.134
10.350	-8.354
POLYLINE BLACK
12.026	-8.647
12.161	-8.659
12.320	-8.644
12.445	-8.712
12.615	-8.803
12.244	-8.698
12.730	-8.910
13.051	-9.050
13.381	-9.167
13.713	-9.275
13.784	-9.298
13.859	-9.302
13.933	-9.302
14.165	-9.302
14.447	-9.304
14.664	-9.190
14.717	-9.162
14.786	-9.107
14.822	-9.061
14.959	-8.889
15.014	-8.813
15.081	-8.607
15.128	-8.460
15.100	-8.364
15.127	-8.205
15.152	-8.061
15.296	-7.767
15.162	-7.609
15.075	-7.507
14.983	-7.416
14.856	-7.368
14.643	-7.286
14.345	-7.342
14.153	-7.371
14.001	-7.394
13.857	-7.455
13.705	-7.472
13.497	-7.496
13.287	-7.483
13.078	-7.495
12.954	-7.501
12.857	-7.581
12.834	-7.703
12.811	-7.822
12.796	-7.943
12.776	-8.064
12.756	-8.193
12.740	-8.323
12.714	-8.451
12.699	-8.526
12.670	-8.598
12.654	-8.673
12.633	-8.767
12.657	-8.858
12.676	-8.950
POLYLINE BROWN
9.181	-9.446
9.271	-9.313
9.378	-9.180
9.520	-9.099
9.572	-9.069
9.627	-9.046
9.679	-9.016
9.694	-9.007
9.708	-8.996
9.720	-8.982
9.783	-8.908
9.842	-8.829
9.902	-8.752
9.926	-8.722
9.948	-8.690
9.973	-8.661
10.037	-8.588
10.131	-8.555
10.222	-8.532
10.436	-8.476
10.469	-8.518
10.736	-8.500
10.789	-8.497
10.841	-8.483
10.892	-8.469
11.050	-8.425
11.207	-8.381
11.361	-8.327
11.401	-8.313
11.542	-8.224
11.622	-8.219
11.752	-8.212
11.885	-8.233
12.014	-8.210
12.262	-8.166
12.501	-8.080
12.746	-8.018
12.803	-8.003
12.863	-8.002
12.918	-7.981
12.998	-7.952
13.076	-7.913
13.150	-7.870
13.658	-7.574
13.571	-7.676
13.785	-7.416
POLYLINE BROWN
15.570	-7.472
15.557	-7.582
POLYLINE BROWN
15.510	-6.943
15.515	-7.053
15.520	-7.162
15.525	-7.272
15.533	-7.325
15.545	-7.377
15.549	-7.430
15.554	-7.482
15.550	-7.534
15.551	-7.587
POLYLINE BROWN
15.629	-7.476
15.604	-7.505
15.581	-7.537
15.554	-7.564
15.419	-7.699
15.069	-7.771
14.961	-7.807
POLYLINE BROWN
15.149	-7.679
14.965	-7.708
14.876	-7.708
14.700	-7.813
14.065	-8.195
13.901	-8.447
13.345	-8.617
13.035	-8.711
12.712	-8.675
12.391	-8.698
12.002	-8.725
11.840	-8.740
11.475	-8.894
11.248	-8.990
11.036	-9.116
10.813	-9.220
10.778	-9.236
10.742	-9.247
10.705	-9.254
10.517	-9.289
10.326	-9.301
10.140	-9.344
9.959	-9.387
9.789	-9.469
9.608	-9.514
9.547	-9.529
9.375	-9.542
9.289	-9.520
9.226	-9.505
9.164	-9.481
9.102	-9.461
POLYLINE BROWN
13.726	-7.425
13.537	-7.077
13.792	-7.567
13.527	-6.912
13.457	-6.738
13.403	-6.728
13.377	-6.583
13.370	-6.548
13.362	-6.511
13.367	-6.476
13.372	-6.439
13.394	-6.406
13.408	-6.370
POLYLINE BROWN
13.418	-6.513
13.412	-6.468
13.403	-6.423
13.399	-6.378
13.386	-6.209
13.529	-6.005
13.579	-5.882
13.614	-5.794
13.632	-5.554
13.643	-5.507
13.665	-5.412
13.696	-5.319
13.730	-5.227
13.767	-5.126
13.837	-5.018
13.923	-4.951
13.987	-4.902
14.126	-4.862
14.209	-4.866
14.257	-4.868
14.305	-4.876
14.353	-4.884
14.528	-4.914
14.503	-4.899
14.617	-4.983
POLYLINE BROWN
14.392	-4.918
14.724	-4.870
15.083	-4.857
15.379	-4.680
15.425	-4.653
15.467	-4.620
15.507	-4.585
15.673	-4.443
15.827	-4.285
15.997	-4.148
16.074	-4.085
16.243	-4.033
16.326	-3.988
16.368	-3.965
16.404	-3.933
16.443	-3.906
POLYLINE BROWN
13.472	-6.652
13.631	-6.724
13.789	-6.796
13.948	-6.869
13.986	-6.882
14.026	-6.892
14.063	-6.910
14.109	-6.931
14.152	-6.962
14.198	-6.985
14.243	-7.009
14.292	-7.026
14.338	-7.048
14.403	-7.080
14.409	-7.098
14.484	-7.110
14.739	-7.154
14.870	-7.139
15.124	-7.075
15.201	-7.056
15.282	-7.004
15.333	-6.943
15.479	-6.769
15.556	-6.409
15.605	-6.241
15.810	-5.537
15.715	-5.681
15.975	-5.150
16.032	-5.033
16.087	-4.937
16.182	-4.849
16.266	-4.772
16.428	-4.628
16.553	-4.582
16.578	-4.573
16.606	-4.581
16.632	-4.581
POLYLINE BROWN
16.456	-3.862
16.812	-3.712
16.636	-3.773
16.984	-3.676
POLYLINE BROWN
13.365	-6.383
13.284	-5.094
13.404	-5.885
13.046	-4.651
13.005	-4.509
13.020	-4.331
13.131	-4.223
13.169	-4.186
13.209	-4.153
13.252	-4.123
13.663	-3.839
14.117	-3.944
14.607	-3.888
15.143	-3.826
15.957	-3.462
16.332	-3.326
16.444	-3.286
16.487	-3.286
16.580	-3.220
16.722	-3.119
16.739	-3.056
16.880	-2.916
16.975	-2.821
17.141	-2.764
17.268	-2.733
17.352	-2.713
17.464	-2.732
17.467	-2.835
17.470	-2.931
17.476	-3.022
17.448	-3.114
17.413	-3.227
17.336	-3.371
17.295	-3.477
17.280	-3.518
17.257	-3.599
17.288	-3.642
17.309	-3.672
17.349	-3.682
17.381	-3.690
17.509	-3.718
17.704	-3.675
17.823	-3.636
17.955	-3.593
18.065	-3.489
18.196	-3.562
18.213	-3.572
18.229	-3.589
18.237	-3.608
18.269	-3.680
18.217	-3.790
18.173	-3.844
18.044	-4.001
17.862	-4.204
17.682	-4.310
17.477	-4.429
17.248	-4.504
17.046	-4.627
16.635	-4.879
16.443	-5.027
16.194	-5.401
15.982	-5.717
15.931	-6.297
15.856	-6.617
15.833	-6.715
15.767	-6.831
15.709	-6.911
15.674	-6.960
15.629	-7.001
15.594	-7.049
15.571	-7.082
15.556	-7.118
15.536	-7.153
POLYLINE BROWN
16.598	-4.563
16.734	-4.460
16.967	-4.277
17.122	-4.178
17.150	-4.160
17.181	-4.145
17.213	-4.136
17.342	-4.097
17.454	-4.085
17.588	-4.090
17.609	-4.090
17.810	-4.104
17.864	-4.134
17.918	-4.164
17.965	-4.206
18.015	-4.242
POLYLINE BROWN
16.763	-3.767
16.936	-3.733
17.064	-3.690
17.231	-3.701
17.286	-3.705
17.340	-3.722
17.395	-3.725
17.459	-3.729
17.523	-3.722
17.586	-3.722
17.609	-3.722
17.632	-3.727
17.655	-3.726
17.744	-3.722
17.858	-3.676
17.929	-3.659
17.986	-3.645
18.056	-3.674
18.100	-3.708
18.113	-3.718
18.125	-3.731
18.137	-3.742
18.144	-3.749
18.150	-3.758
18.159	-3.764
18.174	-3.775
18.191	-3.783
18.207	-3.793
POLYLINE BROWN
18.024	-4.195
18.164	-4.297
18.297	-4.409
18.445	-4.501
18.648	-4.628
18.871	-4.721
19.073	-4.849
19.244	-4.957
19.252	-5.034
19.395	-5.147
19.552	-5.271
19.704	-5.405
19.877	-5.506
20.076	-5.621
20.298	-5.691
20.505	-5.790
20.529	-5.802
20.550	-5.819
20.570	-5.837
20.652	-5.911
20.723	-5.998
20.810	-6.065
20.998	-6.209
21.198	-6.336
21.393	-6.470
21.407	-6.479
21.422	-6.486
21.436	-6.495
21.455	-6.509
21.475	-6.523
21.494	-6.537
POLYLINE BROWN
18.236	-3.743
18.401	-3.776
18.427	-3.827
18.572	-3.913
18.645	-3.956
18.717	-3.999
18.794	-4.033
19.122	-4.177
19.008	-4.057
19.321	-4.287
19.426	-4.364
19.519	-4.456
19.618	-4.540
19.641	-4.560
19.668	-4.576
19.689	-4.598
19.791	-4.707
19.879	-4.830
19.986	-4.933
20.087	-5.031
20.200	-5.116
20.313	-5.199
20.372	-5.242
20.441	-5.270
20.502	-5.311
20.682	-5.438
20.862	-5.564
21.041	-5.691
21.092	-5.735
21.138	-5.784
21.192	-5.823
21.265	-5.875
21.349	-5.912
21.422	-5.965
21.482	-6.007
21.530	-6.066
21.591	-6.107
21.654	-6.149
21.738	-6.160
21.793	-6.213
21.833	-6.251
21.837	-6.314
21.858	-6.365
POLYLINE BROWN
21.500	-6.503
22.045	-6.763
21.602	-6.546
22.045	-6.774
22.063	-6.783
22.086	-6.785
22.099	-6.799
22.123	-6.825
22.135	-6.859
22.153	-6.889
POLYLINE BROWN
21.899	-6.299
22.078	-6.541
22.379	-6.640
22.657	-6.726
POLYLINE BLACK
1.917	-1.538
1.923	-1.613
1.893	-1.755
1.976	-1.813
2.032	-1.853
2.081	-1.875
2.122	-1.926
2.149	-1.961
2.171	-1.998
2.198	-2.032
2.238	-2.084
2.412	-2.044
2.429	-2.031
2.463	-2.002
2.412	-1.917
2.396	-1.895
2.360	-1.846
2.320	-1.802
2.285	-1.753
2.243	-1.693
2.219	-1.626
2.155	-1.585
2.077	-1.535
1.987	-1.538
1.897	-1.529
POLYLINE BLACK
1.951	-1.574
2.009	-1.641
2.040	-1.777
2.124	-1.836
2.133	-1.843
2.143	-1.849
2.154	-1.854
2.245	-1.893
2.336	-1.929
2.428	-1.967
POLYLINE BLACK
2.112	-1.846
2.073	-1.925
POLYLINE BLACK
4.702	-3.625
4.664	-3.606
4.624	-3.587
4.586	-3.567
4.546	-3.546
4.546	-3.536
4.507	-3.526
4.493	-3.523
4.479	-3.522
4.465	-3.520
4.424	-3.514
4.383	-3.511
4.342	-3.503
4.295	-3.495
4.246	-3.459
4.214	-3.425
4.173	-3.382
4.132	-3.338
4.095	-3.292
4.083	-3.278
4.076	-3.260
4.067	-3.245
4.053	-3.221
4.041	-3.196
4.024	-3.175
4.002	-3.145
3.977	-3.117
3.951	-3.092
3.907	-3.051
3.861	-3.013
3.815	-2.976
3.736	-2.913
3.729	-2.932
3.664	-2.837
3.412	-2.467
3.584	-2.637
3.418	-2.483
POLYLINE BLACK
4.124	-3.942
3.965	-3.810
4.075	-3.909
3.840	-3.609
3.787	-3.542
3.737	-3.474
3.682	-3.409
3.646	-3.367
3.558	-3.312
3.521	-3.286
POLYLINE BLACK
3.397	-3.140
3.288	-2.959
3.233	-2.836
3.094	-2.692
3.046	-2.643
2.991	-2.600
2.940	-2.555
POLYLINE BLACK
4.711	-3.643
4.555	-3.685
4.382	-3.717
4.251	-3.819
4.225	-3.840
4.195	-3.859
4.174	-3.886
4.155	-3.909
4.148	-3.939
4.135	-3.966
POLYLINE BLACK
4.705	-3.550
4.671	-3.676
4.697	-3.591
4.707	-3.362
4.709	-3.331
4.670	-3.319
4.648	-3.311
4.618	-3.301
4.587	-3.291
4.557	-3.279
4.464	-3.240
4.397	-3.180
4.297	-3.233
4.260	-3.253
4.233	-3.285
4.192	-3.298
4.143	-3.313
4.095	-3.327
4.045	-3.338
3.963	-3.355
3.937	-3.332
3.881	-3.398
3.820	-3.469
3.809	-3.592
3.829	-3.681
3.842	-3.734
3.865	-3.786
3.853	-3.841
3.850	-3.853
3.846	-3.864
3.842	-3.875
3.809	-3.959
3.773	-4.041
3.742	-4.126
3.740	-4.132
3.741	-4.140
3.746	-4.143
3.752	-4.146
3.760	-4.141
3.766	-4.139
3.788	-4.129
3.808	-4.115
3.831	-4.106
3.879	-4.089
3.931	-4.084
3.976	-4.061
4.013	-4.042
4.040	-4.008
4.073	-3.982
POLYLINE BLACK
3.808	-3.554
3.918	-3.613
4.027	-3.672
4.136	-3.731
4.141	-3.732
4.145	-3.734
4.150	-3.734
4.202	-3.738
4.238	-3.666
4.252	-3.626
4.279	-3.546
4.299	-3.463
4.331	-3.384
4.356	-3.325
4.390	-3.270
4.420	-3.213
POLYLINE BLACK
4.194	-3.712
4.176	-3.897
4.199	-3.830
4.162	-3.922
POLYLINE BLACK
4.038	-3.315
4.038	-3.168
4.041	-3.020
4.039	-2.873
4.039	-2.834
4.030	-2.787
3.994	-2.764
3.945	-2.733
3.937	-2.735
3.878	-2.716
3.815	-2.697
3.751	-2.679
3.688	-2.658
3.630	-2.638
3.606	-2.579
3.555	-2.550
3.497	-2.518
3.453	-2.532
3.391	-2.535
POLYLINE BLACK
3.758	-2.730
3.722	-2.786
3.684	-2.842
3.649	-2.899
3.622	-2.943
3.631	-3.030
3.680	-3.058
4.070	-3.286
3.982	-3.398
4.083	-3.237
POLYLINE BLACK
3.668	-3.014
3.497	-3.235
3.576	-3.146
3.440	-3.289
POLYLINE BLACK
4.219	-3.833
4.236	-3.893
4.248	-3.954
4.269	-4.012
4.297	-4.087
4.334	-4.158
4.366	-4.231
4.432	-4.446
4.492	-4.662
4.562	-4.875
4.616	-5.036
4.904	-5.298
4.933	-5.332
4.943	-5.344
4.950	-5.359
4.956	-5.374
4.974	-5.413
4.988	-5.454
5.006	-5.494
5.027	-5.536
5.077	-5.575
5.118	-5.594
5.299	-5.682
5.514	-5.689
5.687	-5.794
5.728	-5.818
5.749	-5.860
5.781	-5.894
5.816	-5.930
5.860	-5.951
5.861	-6.005
5.861	-6.033
5.854	-6.067
5.836	-6.090
5.668	-6.313
5.493	-6.532
5.325	-6.756
5.315	-6.769
5.309	-6.784
5.303	-6.799
5.251	-6.934
5.324	-7.086
5.373	-7.207
5.408	-7.292
5.454	-7.373
5.486	-7.460
5.517	-7.544
5.572	-7.715
5.574	-7.826
5.575	-7.883
5.564	-7.940
5.564	-7.997
5.564	-8.045
5.585	-8.115
5.618	-8.152
5.698	-8.243
5.781	-8.332
5.866	-8.418
5.877	-8.429
5.913	-8.454
5.935	-8.463
5.956	-8.471
5.982	-8.472
6.004	-8.466
6.386	-8.363
6.769	-8.263
7.148	-8.152
7.177	-8.144
7.202	-8.127
7.227	-8.111
7.308	-8.057
7.335	-8.022
7.396	-7.939
7.409	-7.921
7.423	-7.902
7.430	-7.881
7.471	-7.747
7.495	-7.607
7.540	-7.474
7.597	-7.300
7.814	-6.783
7.897	-6.628
8.290	-5.891
7.897	-6.845
8.272	-5.892
8.280	-5.871
8.281	-5.822
8.277	-5.803
8.223	-5.510
8.159	-5.220
8.106	-4.927
8.102	-4.907
8.104	-4.886
8.107	-4.865
8.128	-4.710
8.156	-4.557
8.178	-4.402
8.181	-4.384
8.176	-4.345
8.169	-4.329
8.107	-4.181
8.041	-4.035
7.976	-3.887
POLYLINE BLACK
7.982	-3.747
7.961	-3.728
7.940	-3.711
7.920	-3.691
7.911	-3.681
7.901	-3.671
7.896	-3.658
7.704	-3.173
7.512	-2.687
7.330	-2.198
7.289	-2.087
7.301	-1.981
7.291	-1.864
7.290	-1.851
7.286	-1.837
7.281	-1.824
7.231	-1.678
7.045	-1.712
6.930	-1.749
6.841	-1.778
6.830	-1.798
6.754	-1.808
6.643	-1.821
6.476	-1.725
6.412	-1.691
6.219	-1.587
6.035	-1.465
5.844	-1.358
5.786	-1.326
5.709	-1.302
5.641	-1.308
5.557	-1.317
5.446	-1.374
5.382	-1.386
5.167	-1.427
4.948	-1.447
4.731	-1.483
4.697	-1.488
4.615	-1.501
4.573	-1.531
4.532	-1.561
4.508	-1.597
4.475	-1.637
POLYLINE BLACK
4.250	-1.569
4.055	-1.785
4.154	-1.661
3.916	-2.053
3.905	-2.072
3.905	-2.101
3.908	-2.121
3.925	-2.235
3.946	-2.348
3.961	-2.462
3.962	-2.476
3.960	-2.490
3.958	-2.504
3.946	-2.579
3.863	-2.728
3.854	-2.745
POLYLINE BLACK
9.201	-7.043
9.211	-7.023
9.221	-7.002
9.233	-6.982
9.243	-6.965
9.265	-6.945
9.282	-6.934
9.583	-6.745
9.885	-6.557
10.188	-6.372
10.201	-6.364
10.228	-6.361
10.242	-6.362
10.302	-6.364
10.348	-6.402
10.402	-6.420
10.431	-6.430
10.462	-6.438
10.492	-6.440
10.698	-6.453
10.904	-6.455
11.110	-6.466
11.177	-6.469
11.194	-6.569
11.203	-6.616
11.238	-6.798
11.270	-6.981
11.308	-7.162
11.331	-7.271
11.479	-7.348
11.546	-7.411
11.591	-7.454
11.630	-7.503
11.670	-7.551
11.682	-7.565
11.689	-7.593
11.687	-7.611
11.666	-7.870
11.630	-8.128
11.621	-8.388
11.616	-8.519
11.636	-8.651
11.646	-8.782
11.648	-8.813
11.682	-8.965
11.656	-9.030
11.650	-9.044
11.636	-9.059
11.622	-9.066
11.499	-9.122
11.366	-9.159
11.251	-9.231
11.027	-9.372
10.823	-9.543
10.610	-9.701
10.590	-9.716
10.573	-9.735
10.553	-9.750
10.526	-9.770
10.488	-9.785
10.455	-9.793
10.381	-9.812
10.277	-9.774
10.220	-9.842
10.178	-9.893
10.108	-10.043
10.116	-10.117
10.133	-10.277
10.158	-10.436
10.177	-10.596
10.179	-10.616
10.157	-10.633
10.141	-10.638
10.045	-10.669
9.854	-10.584
9.796	-10.573
9.702	-10.555
9.605	-10.553
9.510	-10.541
9.484	-10.537
9.331	-10.543
9.300	-10.478
9.275	-10.428
9.285	-10.365
9.288	-10.314
9.295	-10.214
9.313	-10.116
9.310	-10.016
9.302	-9.737
9.303	-9.642
9.227	-9.438
9.213	-9.399
9.187	-9.361
9.148	-9.345
9.076	-9.314
8.892	-9.258
8.798	-9.185
8.780	-9.171
8.764	-9.155
8.748	-9.139
8.558	-8.941
8.370	-8.741
8.182	-8.542
8.173	-8.532
8.170	-8.512
8.170	-8.500
8.169	-8.446
8.209	-8.375
8.232	-8.335
8.338	-8.152
8.442	-7.967
8.557	-7.789
8.628	-7.678
8.712	-7.576
8.789	-7.469
8.872	-7.355
8.951	-7.237
9.036	-7.124
9.051	-7.104
9.070	-7.085
9.090	-7.070
9.137	-7.033
9.188	-7.001
9.237	-6.967
POLYLINE BLACK
8.245	-8.488
8.320	-8.489
8.395	-8.490
8.470	-8.491
8.523	-8.487
8.576	-8.479
8.629	-8.479
8.690	-8.478
8.752	-8.490
8.813	-8.488
8.956	-8.482
9.097	-8.454
9.240	-8.454
10.563	-8.450
8.919	-8.522
9.861	-8.467
9.927	-8.464
10.071	-8.484
10.144	-8.428
10.268	-8.333
10.145	-8.137
10.206	-8.008
10.215	-7.988
10.236	-7.960
10.252	-7.947
10.422	-7.811
10.598	-7.681
10.768	-7.544
10.785	-7.531
10.825	-7.484
10.833	-7.460
10.930	-7.163
11.018	-6.864
11.113	-6.566
11.126	-6.526
11.145	-6.487
11.155	-6.446
11.157	-6.441
11.151	-6.435
11.147	-6.435
11.138	-6.434
11.130	-6.439
11.122	-6.442
11.103	-6.451
11.085	-6.462
11.067	-6.472
POLYLINE BLACK
10.131	-8.443
10.081	-8.548
10.066	-8.663
10.076	-8.778
10.103	-9.099
10.139	-9.420
10.166	-9.741
10.175	-9.842
10.177	-9.943
10.182	-10.044
POLYLINE BLACK
8.165	-8.541
7.955	-8.527
7.745	-8.514
7.535	-8.499
7.489	-8.495
7.492	-8.487
7.452	-8.495
7.441	-8.497
7.429	-8.500
7.419	-8.505
7.341	-8.543
7.262	-8.581
7.186	-8.623
7.168	-8.633
7.153	-8.648
7.138	-8.662
7.036	-8.758
6.942	-8.861
6.837	-8.952
6.797	-8.987
6.749	-9.012
6.704	-9.041
6.663	-9.068
6.637	-9.077
6.612	-9.120
6.561	-9.208
6.599	-9.351
6.607	-9.426
6.613	-9.481
6.650	-9.560
6.611	-9.615
6.594	-9.639
6.559	-9.670
6.538	-9.683
6.384	-9.776
6.187	-9.814
6.149	-10.008
6.145	-10.031
6.140	-10.055
6.142	-10.078
6.167	-10.380
6.200	-10.682
6.232	-10.983
6.233	-10.997
6.247	-11.010
6.259	-11.015
6.405	-11.079
7.365	-10.971
7.652	-10.936
7.712	-10.928
7.760	-10.764
7.762	-10.761
7.780	-10.725
7.848	-10.715
7.879	-10.718
8.116	-10.741
8.353	-10.768
8.589	-10.802
8.628	-10.808
8.668	-10.818
8.704	-10.835
8.900	-10.928
9.093	-11.029
9.285	-11.132
9.336	-11.160
9.381	-11.197
9.431	-11.228
9.453	-11.241
9.474	-11.216
9.478	-11.197
9.491	-11.139
9.507	-11.081
9.514	-11.022
9.524	-10.935
9.521	-10.848
9.528	-10.761
9.530	-10.740
9.536	-10.720
9.542	-10.700
9.548	-10.682
9.581	-10.635
9.553	-10.655
POLYLINE BLACK
6.722	-9.615
6.821	-9.640
6.919	-9.671
7.020	-9.691
7.243	-9.735
7.469	-9.767
7.693	-9.807
7.697	-9.808
7.702	-9.811
7.706	-9.813
7.722	-9.823
7.733	-9.842
7.736	-9.861
7.777	-10.168
7.885	-10.477
7.837	-10.785
POLYLINE BLACK
7.767	-9.748
7.910	-9.425
7.984	-9.294
8.076	-8.992
8.088	-8.953
8.090	-8.911
8.102	-8.872
8.129	-8.785
8.161	-8.699
8.194	-8.613
8.228	-8.547
8.215	-8.578
8.235	-8.522
POLYLINE BLACK
7.848	-10.736
8.185	-10.554
7.876	-10.728
8.588	-10.167
8.622	-10.140
8.672	-10.169
8.697	-10.193
8.746	-10.239
8.748	-10.306
8.787	-10.359
8.952	-10.581
9.127	-10.794
9.301	-11.009
9.338	-11.055
9.381	-11.096
9.421	-11.141
9.454	-11.178
9.448	-11.197
9.452	-11.165
POLYLINE BLACK
8.678	-10.141
8.829	-9.809
8.709	-10.051
9.138	-9.472
POLYLINE BLACK
6.892	-5.660
6.853	-5.691
6.814	-5.724
6.773	-5.754
6.736	-5.781
6.696	-5.803
6.658	-5.828
6.635	-5.844
6.636	-5.879
6.642	-5.902
6.667	-5.996
6.696	-6.089
6.720	-6.183
6.723	-6.197
6.723	-6.211
6.722	-6.224
6.720	-6.262
6.709	-6.300
6.693	-6.335
6.667	-6.390
6.599	-6.470
6.608	-6.546
6.613	-6.587
6.638	-6.619
6.670	-6.643
6.760	-6.710
6.851	-6.778
6.942	-6.843
6.965	-6.859
7.002	-6.835
7.017	-6.820
7.086	-6.754
7.144	-6.678
7.220	-6.621
7.362	-6.514
7.519	-6.430
7.667	-6.331
7.678	-6.323
7.688	-6.313
7.697	-6.302
7.753	-6.239
7.771	-6.143
7.763	-6.061
7.743	-5.842
7.714	-5.624
7.688	-5.406
7.681	-5.349
7.585	-5.341
7.547	-5.352
7.501	-5.366
7.456	-5.383
7.412	-5.402
7.357	-5.426
7.304	-5.451
7.253	-5.481
6.926	-5.673
7.199	-5.548
6.943	-5.657
POLYLINE BLACK
6.736	-6.260
6.787	-6.258
6.839	-6.261
6.890	-6.255
6.973	-6.244
7.055	-6.226
7.138	-6.210
7.202	-6.198
7.229	-6.099
7.248	-6.056
7.271	-6.001
7.286	-5.942
7.317	-5.891
7.940	-4.868
7.465	-5.723
7.647	-5.394
POLYLINE BLACK
7.166	-6.220
7.020	-6.860
POLYLINE BROWN
0.683	-29.107
0.653	-29.097

ELEVATION
STATIONS
0.000	0.000	0
1.650	-8.363	1
2.566	-10.051	2
4.222	-10.492	3
4.178	-21.066	4
5.876	-37.422	5
10.166	-38.093	6
12.684	-38.242	7
13.518	-40.630	8
14.374	-48.445	9
13.488	-56.001	10
16.519	-57.760	11
17.869	-59.895	12
SHOTS
0.000	0.000	1.650	-8.363
1.650	-8.363	3.660	-7.232
1.650	-8.363	2.566	-10.051
2.566	-10.051	4.572	-8.913
2.566	-10.051	4.569	-8.914
2.566	-10.051	2.103	-10.041
2.566	-10.051	2.366	-10.917
2.566	-10.051	1.547	-3.325
2.566	-10.051	3.040	-10.042
2.566	-10.051	3.426	-10.168
2.566	-10.051	3.407	-10.148
2.566	-10.051	3.032	-9.557
2.566	-10.051	4.222	-10.492
4.222	-10.492	4.736	-10.468
4.222	-10.492	8.583	-11.994
4.222	-10.492	4.259	-8.893
4.222	-10.492	3.538	-10.458
4.222	-10.492	4.035	-10.835
4.222	-10.492	4.178	-21.066
4.178	-21.066	4.146	-31.640
4.178	-21.066	4.157	-31.635
4.178	-21.066	3.296	-21.017
4.178	-21.066	7.324	-21.457
4.178	-21.066	11.826	-22.399
4.178	-21.066	9.120	-21.852
4.178	-21.066	5.769	-21.794
4.178	-21.066	3.952	-21.935
4.178	-21.066	3.829	-21.543
4.178	-21.066	3.789	-21.434
4.178	-21.066	3.375	-21.199
4.178	-21.066	4.439	-8.696
4.178	-21.066	5.153	-11.504
4.178	-21.066	4.766	-8.562
4.178	-21.066	4.935	0.234
4.178	-21.066	7.050	-31.026
4.178	-21.066	7.360	-34.194
4.178	-21.066	5.639	-36.454
4.178	-21.066	5.876	-37.422
5.876	-37.422	8.119	-37.376
5.876	-37.422	7.206	-37.665
5.876	-37.422	5.699	-37.892
5.876	-37.422	4.267	-37.556
5.876	-37.422	5.902	-37.381
5.876	-37.422	4.679	-37.084
5.876	-37.422	5.883	-39.718
5.876	-37.422	5.905	-39.657
5.876	-37.422	5.975	-40.483
5.876	-37.422	8.675	-38.270
5.876	-37.422	9.220	-39.109
5.876	-37.422	6.898	-35.934
5.876	-37.422	10.166	-38.093
10.166	-38.093	10.186	-38.108
10.166	-38.093	10.372	-37.499
10.166	-38.093	10.170	-38.770
10.166	-38.093	12.135	-38.127
10.166	-38.093	12.631	-38.207
10.166	-38.093	11.401	-38.166
10.166	-38.093	12.684	-38.242
12.684	-38.242	12.758	-38.391
12.684	-38.242	14.136	-38.565
12.684	-38.242	14.964	-38.911
12.684	-38.242	14.787	-38.223
12.684	-38.242	12.674	-36.837
12.684	-38.242	13.289	-40.552
12.684	-38.242	13.399	-40.732
12.684	-38.242	13.451	-40.450
12.684	-38.242	13.518	-40.630
13.518	-40.630	10.237	-40.897
13.518	-40.630	12.786	-40.485
13.518	-40.630	12.960	-40.559
13.518	-40.630	15.274	-40.918
13.518	-40.630	14.374	-48.445
14.374	-48.445	9.050	-48.473
14.374	-48.445	8.990	-48.477
14.374	-48.445	9.978	-48.372
14.374	-48.445	13.270	-48.407
14.374	-48.445	13.809	-48.362
14.374	-48.445	14.135	-48.305
14.374	-48.445	13.269	-48.972
14.374	-48.445	13.329	-49.188
14.374	-48.445	14.644	-49.376
14.374	-48.445	15.761	-49.571
14.374	-48.445	17.323	-49.948
14.374	-48.445	15.955	-49.334
14.374	-48.445	15.444	-49.052
14.374	-48.445	15.549	-48.627
14.374	-48.445	13.857	-48.317
14.374	-48.445	13.488	-56.001
13.488	-56.001	15.086	-56.292
13.488	-56.001	15.832	-56.592
13.488	-56.001	16.730	-57.978
13.488	-56.001	14.651	-56.877
13.488	-56.001	13.986	-56.553
13.488	-56.001	16.555	-57.883
13.488	-56.001	16.938	-57.859
13.488	-56.001	11.535	-56.983
13.488	-56.001	11.774	-57.024
13.488	-56.001	14.484	-58.083
13.488	-56.001	15.579	-58.966
13.488	-56.001	18.032	-50.098
13.488	-56.001	18.282	-50.645
13.488	-56.001	16.519	-57.760
16.519	-57.760	16.869	-57.867
16.519	-57.760	16.504	-59.833
16.519	-57.760	16.359	-57.791
16.519	-57.760	17.869	-59.895
17.869	-59.895	18.051	-57.980
17.869	-59.895	17.741	-61.003
17.869	-59.895	21.753	-61.142
17.869	-59.895	20.474	-60.638
17.869	-59.895	20.463	-60.577

