TRIP
DATE 2022-08-04
DECLINATION 0.0
DATA
0		92.96	46.05	4.284	>
0		92.98	46.17	4.275	>
0		93.04	46.14	4.274	>
0	1	92.99	46.12	4.278	>
1		156.68	18.96	1.033	>
1		156.92	18.81	1.033	>
1		156.74	18.77	1.034	>
1	2	156.78	18.85	1.033	>
2		178.78	1.94	0.442	>
2		273.00	-5.53	0.424	>
2		11.10	80.22	2.099	>
2		141.61	-68.88	1.234	>
2		98.96	35.02	2.162	>
2		98.91	35.10	2.175	>
2		98.87	35.03	2.166	>
2	3	98.91	35.05	2.168	>
3		331.75	77.47	0.417	>
3		48.42	9.22	0.869	>
3		324.61	9.37	1.169	>
3		343.93	4.31	1.925	>
3		15.54	-3.27	2.513	>
3		49.11	-11.62	3.025	>
3		49.19	-7.03	2.022	>
3		69.65	-0.96	2.896	>
3		55.70	-21.21	2.118	>
3		55.72	-21.25	2.116	>
3		55.91	-21.40	2.120	>
3	4	55.77	-21.29	2.118	>
4		119.42	-1.54	2.464	>
4		153.68	-3.75	1.933	>
4		199.67	-0.93	1.424	>
4		235.79	7.86	1.319	>
4		132.20	65.63	5.511	>
4		239.95	-83.17	7.459	>
4		136.64	64.09	6.648	>
4		133.31	65.33	5.686	>
4		287.28	-41.99	1.245	>
4		183.93	-84.47	6.989	>
4		183.93	-84.66	6.963	>
4		184.51	-84.69	6.963	>
4	5	184.12	-84.61	6.972	>
5		110.42	14.58	1.237	>
5		200.72	3.10	0.790	>
5		255.81	3.53	2.793	>
5		304.15	10.71	1.410	>
5		7.55	12.41	1.573	>
5		26.83	30.00	1.972	>
5		34.88	23.69	4.496	>
5		67.45	28.72	4.533	>
5		69.57	32.04	2.892	>
5		57.86	28.58	2.365	>
5		57.74	28.50	2.386	>
5		57.79	28.43	2.351	>
5	6	57.80	28.51	2.367	>
6		343.26	62.25	4.370	>
6		343.45	62.28	4.420	>
6		343.52	62.19	4.423	>
6	7	343.41	62.24	4.404	>
7		10.77	-22.24	0.801	>
7		342.58	-47.01	4.574	>
7		342.85	-47.04	4.597	>
7		342.76	-47.22	4.619	>
7	8	342.73	-47.09	4.597	>
8		284.59	11.45	0.897	>
8		253.60	15.08	1.769	>
8		203.39	1.97	1.496	>
8		157.49	0.81	2.060	>
8		114.83	0.76	1.540	>
8		71.09	-0.25	1.372	>
8		38.36	-13.58	1.929	>
8		30.22	-16.82	3.859	>
8		20.42	-17.05	3.179	>
8		22.55	-24.48	7.599	>
8		357.40	-10.46	1.895	>
8		317.60	-3.47	1.441	>
8		141.61	80.64	6.070	>
8		39.98	74.41	5.103	>
8		329.92	86.30	18.925	>
8		23.35	-85.25	1.768	>
8		28.91	-62.39	2.146	>
8		32.68	-50.67	4.821	>
8		22.71	-13.28	3.355	>
8		25.25	-14.17	3.425	>
8		32.11	-25.20	4.236	>
8		32.10	-25.32	4.239	>
8		32.09	-25.37	4.243	>
8	9	32.10	-25.30	4.239	>

PLAN
STATIONS
0.000	0.000	0
2.961	-0.155	1
3.346	-1.054	2
5.100	-1.329	3
6.731	-0.219	4
6.684	-0.872	5
8.445	0.237	6
7.859	2.203	7
6.930	5.191	8
8.967	8.438	9
SHOTS
0.000	0.000	2.961	-0.155
2.961	-0.155	3.346	-1.054
3.346	-1.054	3.356	-1.495
3.346	-1.054	2.925	-1.031
3.346	-1.054	3.415	-0.704
3.346	-1.054	3.623	-1.402
3.346	-1.054	5.100	-1.329
5.100	-1.329	5.057	-1.249
5.100	-1.329	5.741	-0.759
5.100	-1.329	4.432	-0.388
5.100	-1.329	4.568	0.516
5.100	-1.329	5.772	1.089
5.100	-1.329	7.340	0.611
5.100	-1.329	6.618	-0.017
5.100	-1.329	7.814	-0.322
5.100	-1.329	6.731	-0.219
6.731	-0.219	8.877	-1.428
6.731	-0.219	7.587	-1.947
6.731	-0.219	6.252	-1.559
6.731	-0.219	5.651	-0.953
6.731	-0.219	8.416	-1.746
6.731	-0.219	5.964	-0.663
6.731	-0.219	8.725	-2.330
6.731	-0.219	8.458	-1.847
6.731	-0.219	5.848	0.056
6.731	-0.219	6.684	-0.872
6.684	-0.872	7.806	-1.290
6.684	-0.872	6.405	-1.610
6.684	-0.872	3.981	-1.555
6.684	-0.872	5.538	-0.094
6.684	-0.872	6.886	0.651
6.684	-0.872	7.455	0.652
6.684	-0.872	9.038	2.506
6.684	-0.872	10.355	0.653
6.684	-0.872	8.981	-0.016
6.684	-0.872	8.445	0.237
8.445	0.237	7.859	2.203
7.859	2.203	7.997	2.931
7.859	2.203	6.930	5.191
6.930	5.191	6.079	5.413
6.930	5.191	5.291	4.709
6.930	5.191	6.336	3.819
6.930	5.191	7.718	3.288
6.930	5.191	8.327	4.545
6.930	5.191	8.228	5.636
6.930	5.191	8.093	6.661
6.930	5.191	8.789	8.383
6.930	5.191	7.990	8.039
6.930	5.191	9.582	11.578
6.930	5.191	6.845	7.053
6.930	5.191	5.960	6.253
6.930	5.191	7.543	4.417
6.930	5.191	7.811	6.242
6.930	5.191	6.317	6.249
6.930	5.191	6.988	5.326
6.930	5.191	7.411	6.062
6.930	5.191	8.579	7.763
6.930	5.191	8.190	8.203
6.930	5.191	8.346	8.195
6.930	5.191	8.967	8.438
POLYLINE GRAY
0.698	0.013
0.640	-0.069
0.658	-0.050
0.712	-0.129
0.757	-0.193
0.800	-0.288
0.878	-0.321
0.893	-0.328
0.910	-0.323
0.923	-0.314
0.963	-0.283
1.004	-0.252
1.044	-0.222
1.062	-0.209
1.081	-0.198
1.068	-0.172
1.028	-0.091
0.990	-0.075
0.912	-0.032
POLYLINE GRAY
1.425	0.041
1.451	0.004
1.458	-0.021
1.453	-0.063
1.450	-0.086
1.447	-0.093
1.450	-0.116
1.454	-0.144
1.472	-0.178
1.484	-0.198
1.496	-0.215
1.525	-0.271
1.559	-0.280
1.593	-0.290
1.633	-0.265
1.658	-0.250
1.708	-0.219
1.771	-0.142
1.774	-0.079
1.778	-0.006
1.690	0.069
1.625	0.084
1.565	0.098
1.529	0.089
1.462	0.086
POLYLINE GRAY
2.034	-0.005
2.042	-0.016
2.051	-0.027
2.058	-0.039
2.084	-0.080
2.019	-0.147
2.014	-0.187
2.012	-0.209
2.019	-0.239
2.020	-0.258
2.022	-0.296
2.015	-0.302
2.024	-0.332
2.046	-0.402
2.124	-0.412
2.187	-0.426
2.205	-0.430
2.225	-0.424
2.240	-0.414
2.254	-0.404
2.311	-0.372
2.332	-0.344
2.363	-0.302
2.352	-0.246
2.346	-0.199
2.343	-0.179
2.339	-0.160
2.325	-0.147
2.305	-0.130
2.281	-0.122
2.257	-0.114
POLYLINE GRAY
0.479	0.495
0.501	0.495
0.522	0.496
0.543	0.493
0.576	0.489
0.609	0.479
0.641	0.472
0.700	0.470
0.759	0.472
0.818	0.466
0.891	0.458
0.962	0.440
1.035	0.431
1.063	0.428
1.092	0.432
1.121	0.428
1.170	0.423
1.218	0.411
1.267	0.406
1.342	0.398
1.417	0.397
1.492	0.391
1.510	0.390
1.527	0.385
1.545	0.384
1.576	0.382
1.607	0.385
1.638	0.383
1.697	0.378
1.755	0.367
1.813	0.360
1.935	0.346
2.058	0.338
2.180	0.321
2.216	0.315
2.250	0.299
2.286	0.293
2.346	0.282
2.407	0.279
2.467	0.270
2.477	0.269
2.486	0.265
2.494	0.261
2.538	0.243
2.497	0.252
2.553	0.227
2.577	0.216
2.602	0.206
2.627	0.199
2.710	0.175
2.923	0.180
2.946	0.180
2.978	0.180
3.031	0.189
3.060	0.210
3.074	0.221
3.081	0.238
3.095	0.247
3.136	0.270
3.152	0.269
3.209	0.286
POLYLINE GRAY
0.052	-0.605
0.084	-0.600
0.115	-0.590
0.147	-0.589
0.300	-0.584
0.453	-0.589
0.606	-0.589
1.145	-0.592
1.591	-0.600
2.144	-0.583
2.213	-0.581
2.281	-0.563
2.350	-0.560
2.472	-0.555
2.595	-0.559
2.718	-0.561
2.731	-0.562
2.744	-0.566
2.756	-0.569
2.762	-0.570
2.767	-0.572
2.772	-0.575
2.811	-0.603
2.850	-0.633
2.889	-0.662
POLYLINE GRAY
2.891	-0.487
2.899	-0.507
2.909	-0.526
2.915	-0.547
2.920	-0.565
2.923	-0.585
2.925	-0.604
2.934	-0.696
2.939	-0.789
2.945	-0.881
POLYLINE GRAY
2.818	-0.951
2.882	-1.025
POLYLINE RED
2.945	-0.592
2.984	-0.379
2.983	-0.454
2.983	-0.357
2.983	-0.344
2.981	-0.332
2.983	-0.319
2.996	-0.228
3.014	-0.137
3.028	-0.045
3.030	-0.034
3.029	-0.022
3.031	-0.011
3.038	0.024
3.048	0.059
3.057	0.094
POLYLINE BLACK
2.966	-0.625
2.969	-0.632
2.972	-0.640
2.976	-0.646
2.981	-0.656
2.988	-0.660
2.996	-0.669
3.002	-0.676
3.007	-0.688
3.012	-0.696
3.016	-0.701
3.021	-0.706
3.024	-0.711
3.030	-0.720
3.035	-0.736
3.039	-0.744
3.047	-0.758
3.055	-0.773
3.065	-0.786
3.103	-0.835
3.087	-0.804
3.111	-0.832
3.118	-0.841
3.125	-0.851
3.133	-0.860
3.140	-0.868
3.147	-0.875
3.154	-0.884
3.224	-0.972
3.173	-0.906
3.216	-0.976
3.225	-0.989
3.261	-1.015
3.262	-1.016
3.267	-1.021
3.271	-1.027
3.275	-1.032
3.279	-1.037
3.282	-1.042
3.287	-1.046
3.318	-1.074
3.331	-1.082
3.360	-1.103
3.363	-1.105
3.366	-1.108
3.369	-1.109
3.380	-1.116
3.393	-1.117
3.406	-1.121
3.419	-1.125
3.433	-1.130
3.446	-1.136
3.450	-1.137
3.453	-1.140
3.456	-1.142
3.476	-1.154
3.480	-1.160
3.503	-1.166
3.624	-1.195
3.595	-1.184
3.751	-1.181
POLYLINE BLACK
3.209	0.264
3.217	0.253
3.224	0.241
3.232	0.230
3.236	0.224
3.241	0.219
3.244	0.214
3.267	0.177
3.289	0.140
3.310	0.102
3.326	0.072
3.344	-0.006
3.348	-0.025
3.354	-0.061
3.359	-0.097
3.365	-0.134
3.366	-0.143
3.365	-0.152
3.367	-0.161
3.372	-0.188
3.378	-0.199
3.385	-0.224
3.402	-0.280
3.371	-0.203
3.419	-0.317
3.422	-0.324
3.427	-0.329
3.429	-0.337
3.455	-0.438
3.477	-0.541
3.503	-0.642
3.505	-0.648
3.508	-0.654
3.511	-0.659
3.513	-0.663
3.516	-0.667
3.519	-0.670
3.547	-0.696
3.575	-0.722
3.604	-0.745
3.617	-0.755
3.643	-0.771
3.662	-0.777
3.685	-0.784
3.709	-0.776
3.730	-0.785
3.736	-0.788
3.742	-0.791
3.748	-0.794
3.757	-0.799
3.766	-0.806
3.775	-0.811
3.777	-0.812
3.779	-0.813
3.781	-0.814
3.797	-0.817
3.814	-0.819
3.830	-0.822
POLYLINE BLACK
3.764	-1.203
3.771	-1.199
3.778	-1.195
3.785	-1.192
3.792	-1.190
3.803	-1.188
3.810	-1.189
3.844	-1.192
3.879	-1.196
3.913	-1.200
3.950	-1.205
3.956	-1.229
3.986	-1.243
4.019	-1.258
4.050	-1.251
4.083	-1.256
4.121	-1.262
4.175	-1.290
4.203	-1.301
4.210	-1.303
4.217	-1.305
4.224	-1.305
4.282	-1.307
4.340	-1.306
4.398	-1.308
4.437	-1.312
4.477	-1.316
4.517	-1.319
4.534	-1.323
4.551	-1.330
4.569	-1.331
4.973	-1.338
4.620	-1.323
4.753	-1.339
4.758	-1.340
4.763	-1.339
4.768	-1.339
4.818	-1.337
4.869	-1.333
4.919	-1.333
4.971	-1.332
4.953	-1.344
5.007	-1.348
5.058	-1.352
5.108	-1.352
5.159	-1.354
POLYLINE BLACK
3.847	-0.817
3.864	-0.818
3.891	-0.816
3.911	-0.823
3.921	-0.826
3.933	-0.834
3.943	-0.837
3.961	-0.842
3.967	-0.840
3.981	-0.848
4.016	-0.868
4.022	-0.912
4.060	-0.930
4.085	-0.942
4.081	-0.933
4.119	-0.945
4.138	-0.951
4.217	-0.984
4.245	-0.990
4.304	-1.003
4.307	-0.996
4.359	-1.002
4.375	-1.004
4.387	-1.015
4.402	-1.017
4.406	-1.017
4.409	-1.017
4.413	-1.017
4.422	-1.017
4.432	-1.016
4.441	-1.017
4.450	-1.017
4.459	-1.019
4.469	-1.019
4.473	-1.019
4.478	-1.018
4.483	-1.017
4.499	-1.015
4.515	-1.011
4.532	-1.009
4.546	-1.008
4.560	-1.007
4.574	-1.008
4.581	-1.008
4.589	-1.010
4.597	-1.012
4.614	-1.015
4.631	-1.019
4.648	-1.021
4.666	-1.022
4.684	-1.020
4.702	-1.019
4.716	-1.018
4.721	-1.016
4.734	-1.020
4.770	-1.029
4.776	-1.040
4.816	-1.062
4.819	-1.064
4.823	-1.065
4.828	-1.066
4.844	-1.068
4.860	-1.069
4.876	-1.073
4.889	-1.076
4.901	-1.081
4.913	-1.086
POLYLINE ORANGE
5.707	-0.688
5.702	-0.693
5.697	-0.697
5.692	-0.701
5.672	-0.715
5.608	-0.712
5.608	-0.712
5.544	-0.713
5.479	-0.710
5.415	-0.713
5.396	-0.714
5.376	-0.720
5.357	-0.724
5.336	-0.726
5.315	-0.729
5.293	-0.729
5.253	-0.730
5.221	-0.727
5.183	-0.720
5.175	-0.719
5.167	-0.715
5.159	-0.714
5.004	-0.693
4.968	-0.712
4.867	-0.663
4.826	-0.644
4.773	-0.578
4.756	-0.564
4.740	-0.550
4.721	-0.540
4.703	-0.529
4.700	-0.528
4.697	-0.527
4.693	-0.526
4.637	-0.512
4.581	-0.499
4.525	-0.486
4.523	-0.485
4.521	-0.484
4.519	-0.483
4.517	-0.481
4.515	-0.480
4.514	-0.478
4.501	-0.463
4.489	-0.446
4.476	-0.431
4.474	-0.427
4.470	-0.424
4.468	-0.421
4.454	-0.402
4.470	-0.420
4.457	-0.400
4.444	-0.380
4.426	-0.365
4.407	-0.352
POLYLINE BLACK
4.948	-1.015
4.918	-1.015
4.899	-1.014
4.881	-0.990
4.871	-0.978
4.868	-0.962
4.852	-0.956
4.847	-0.954
4.842	-0.953
4.836	-0.951
4.814	-0.945
4.791	-0.940
4.769	-0.934
4.764	-0.933
4.756	-0.927
4.753	-0.924
4.749	-0.919
4.744	-0.914
4.740	-0.908
4.734	-0.899
4.726	-0.877
4.712	-0.869
4.702	-0.864
4.687	-0.864
4.677	-0.862
4.673	-0.861
4.644	-0.854
4.632	-0.846
4.629	-0.843
4.626	-0.841
4.624	-0.837
4.608	-0.810
4.594	-0.782
4.577	-0.756
4.522	-0.672
4.516	-0.691
4.483	-0.598
4.468	-0.557
4.463	-0.538
4.461	-0.503
4.461	-0.500
4.462	-0.496
4.461	-0.492
4.460	-0.483
4.454	-0.469
4.452	-0.462
4.446	-0.438
4.444	-0.413
4.436	-0.390
4.426	-0.361
4.412	-0.335
4.399	-0.307
4.394	-0.297
4.388	-0.289
4.383	-0.279
4.375	-0.261
4.372	-0.241
4.370	-0.222
4.370	-0.217
4.369	-0.211
4.371	-0.206
4.390	-0.130
4.415	-0.056
4.433	0.019
4.441	0.053
4.445	0.087
4.451	0.121
4.462	0.182
4.471	0.243
4.483	0.303
4.484	0.308
4.486	0.312
4.488	0.316
4.493	0.327
4.499	0.338
4.504	0.350
4.545	0.451
4.458	0.299
4.600	0.508
POLYLINE BLACK
4.659	0.491
4.731	0.558
4.655	0.485
4.791	0.633
4.794	0.637
4.798	0.640
4.802	0.643
4.817	0.653
4.832	0.663
4.846	0.673
4.853	0.678
4.860	0.685
4.867	0.690
4.882	0.701
4.898	0.703
4.917	0.704
5.013	0.709
4.913	0.696
5.067	0.721
5.071	0.721
5.078	0.725
5.081	0.728
5.085	0.731
5.088	0.734
5.091	0.737
5.113	0.761
5.134	0.785
5.156	0.810
5.171	0.827
5.167	0.828
5.181	0.838
5.187	0.843
5.194	0.847
5.199	0.852
5.225	0.873
5.251	0.894
5.277	0.915
5.289	0.924
5.306	0.921
5.319	0.929
5.332	0.936
5.339	0.942
5.349	0.953
5.364	0.969
5.361	0.972
5.384	0.985
5.423	1.007
5.463	1.028
5.503	1.047
5.522	1.056
5.550	1.059
5.570	1.061
5.643	1.065
5.715	1.067
5.788	1.071
POLYLINE BLACK
7.404	0.625
7.386	0.599
7.352	0.537
7.319	0.511
7.229	0.442
7.296	0.505
7.213	0.448
7.199	0.439
7.188	0.428
7.176	0.417
7.134	0.377
7.088	0.316
7.036	0.290
7.001	0.273
7.004	0.283
6.957	0.269
6.934	0.263
6.907	0.248
6.889	0.233
6.835	0.187
6.841	0.166
6.788	0.094
6.777	0.080
6.763	0.069
6.751	0.057
6.703	0.007
6.676	-0.012
6.646	-0.062
6.643	-0.066
6.641	-0.072
6.639	-0.077
6.634	-0.088
6.631	-0.099
6.626	-0.109
6.610	-0.141
6.598	-0.148
6.605	-0.185
6.619	-0.266
6.703	-0.276
6.774	-0.279
6.823	-0.281
6.873	-0.278
6.922	-0.281
6.958	-0.283
6.994	-0.293
7.030	-0.295
7.142	-0.298
7.254	-0.292
7.366	-0.294
7.378	-0.295
7.390	-0.299
7.402	-0.302
7.410	-0.303
7.418	-0.305
7.426	-0.306
7.436	-0.306
7.446	-0.306
7.456	-0.305
7.491	-0.301
7.525	-0.295
7.560	-0.292
7.583	-0.291
7.607	-0.292
7.630	-0.291
7.669	-0.288
7.709	-0.284
7.748	-0.281
7.766	-0.280
7.784	-0.278
7.802	-0.277
7.824	-0.276
7.846	-0.276
7.869	-0.276
7.945	-0.271
8.022	-0.266
8.098	-0.261
POLYLINE BLACK
8.090	-0.316
8.114	-0.325
8.138	-0.334
8.162	-0.342
8.186	-0.348
8.211	-0.350
8.235	-0.358
8.279	-0.374
8.322	-0.393
8.364	-0.413
8.402	-0.432
8.431	-0.472
8.473	-0.483
8.544	-0.502
8.594	-0.499
8.650	-0.542
8.658	-0.549
8.666	-0.557
8.673	-0.565
8.694	-0.589
8.742	-0.638
8.759	-0.678
8.772	-0.710
8.768	-0.721
8.785	-0.743
8.812	-0.779
8.896	-0.823
8.905	-0.830
8.964	-0.873
8.961	-0.972
8.973	-1.030
8.983	-1.077
9.037	-1.108
9.054	-1.154
9.077	-1.218
9.058	-1.278
9.045	-1.342
9.040	-1.366
9.038	-1.391
9.032	-1.415
8.999	-1.541
8.987	-1.568
8.905	-1.662
8.896	-1.671
8.887	-1.680
8.876	-1.686
8.838	-1.710
8.702	-1.771
8.678	-1.781
8.627	-1.804
8.575	-1.827
8.522	-1.845
8.500	-1.852
8.476	-1.855
8.453	-1.857
8.178	-1.871
7.904	-1.879
7.630	-1.892
7.366	-1.904
7.798	-1.921
7.121	-1.892
7.017	-1.887
6.914	-1.874
6.810	-1.865
6.730	-1.859
6.649	-1.855
6.568	-1.848
6.523	-1.844
6.478	-1.814
6.456	-1.774
6.453	-1.767
6.451	-1.760
6.448	-1.753
6.439	-1.732
6.432	-1.712
6.423	-1.692
6.400	-1.641
6.386	-1.600
6.350	-1.560
6.333	-1.542
6.314	-1.525
6.296	-1.508
6.257	-1.467
6.216	-1.427
6.178	-1.384
6.154	-1.357
6.144	-1.331
6.114	-1.312
6.045	-1.268
5.966	-1.249
5.885	-1.248
5.468	-1.241
5.607	-1.219
5.325	-1.295
POLYLINE RED
6.340	1.104
6.170	1.102
6.224	1.114
6.066	1.070
6.057	1.067
6.042	1.057
6.036	1.051
5.969	0.986
5.922	0.787
5.906	0.746
5.875	0.670
5.844	0.595
5.807	0.524
5.717	0.352
5.665	0.319
5.612	0.170
5.606	0.153
5.604	0.136
5.601	0.118
5.595	0.079
5.594	0.040
5.585	0.002
5.574	-0.046
5.552	-0.090
5.542	-0.137
5.518	-0.263
5.500	-0.468
5.516	-0.597
5.528	-0.694
5.555	-0.788
5.578	-0.883
5.587	-0.923
5.627	-0.969
5.643	-0.999
5.751	-1.194
5.577	-0.934
5.769	-1.203
POLYLINE BROWN
5.293	-1.030
5.324	-1.023
5.366	-1.023
5.393	-1.000
5.416	-0.980
5.420	-0.954
5.432	-0.927
5.435	-0.920
5.441	-0.915
5.446	-0.910
5.456	-0.900
5.470	-0.887
5.476	-0.874
5.489	-0.839
5.500	-0.804
5.511	-0.769
5.514	-0.761
5.514	-0.753
5.515	-0.745
5.518	-0.724
5.520	-0.703
5.522	-0.683
5.524	-0.672
5.527	-0.661
5.528	-0.650
5.531	-0.610
5.508	-0.556
5.484	-0.529
5.450	-0.491
5.398	-0.502
5.351	-0.496
5.323	-0.492
5.313	-0.470
5.298	-0.450
5.287	-0.435
5.263	-0.439
5.247	-0.440
5.219	-0.443
5.191	-0.447
5.162	-0.451
5.156	-0.452
5.148	-0.458
5.144	-0.463
5.136	-0.474
5.122	-0.491
5.116	-0.507
5.115	-0.511
5.114	-0.514
5.114	-0.517
5.112	-0.544
5.113	-0.572
5.110	-0.599
5.109	-0.610
5.107	-0.621
5.103	-0.632
5.088	-0.681
5.068	-0.729
5.053	-0.778
5.048	-0.792
5.046	-0.806
5.046	-0.821
5.043	-0.872
5.045	-0.914
5.075	-0.955
5.094	-0.983
5.135	-0.988
5.165	-1.000
5.173	-1.004
5.180	-1.009
5.189	-1.013
5.195	-1.015
5.201	-1.017
5.207	-1.019
5.244	-1.029
5.280	-1.039
5.317	-1.050
POLYLINE BROWN
5.186	-0.568
5.195	-0.586
5.205	-0.602
5.199	-0.622
5.198	-0.627
5.187	-0.656
5.189	-0.669
5.191	-0.687
5.195	-0.705
5.199	-0.722
5.219	-0.801
5.198	-0.703
5.217	-0.765
5.225	-0.790
5.231	-0.815
5.237	-0.840
5.242	-0.864
5.235	-0.886
5.235	-0.910
5.235	-0.923
5.237	-0.937
5.237	-0.950
POLYLINE BROWN
5.469	-0.572
5.453	-0.610
5.450	-0.629
5.428	-0.657
5.414	-0.675
5.399	-0.692
5.385	-0.710
5.378	-0.719
5.374	-0.728
5.368	-0.737
5.360	-0.748
5.354	-0.747
5.345	-0.754
5.340	-0.758
5.335	-0.762
5.331	-0.766
5.321	-0.778
5.312	-0.791
5.302	-0.804
POLYLINE BROWN
5.323	-0.842
5.366	-0.865
5.383	-0.869
5.405	-0.907
POLYLINE BROWN
4.947	-0.470
4.982	-0.419
4.971	-0.440
5.005	-0.358
5.007	-0.353
5.007	-0.348
5.008	-0.343
5.009	-0.337
5.009	-0.331
5.009	-0.325
5.005	-0.288
5.002	-0.250
4.995	-0.214
4.990	-0.185
4.979	-0.158
4.972	-0.130
4.970	-0.124
4.969	-0.118
4.967	-0.112
4.964	-0.105
4.961	-0.099
4.957	-0.092
4.954	-0.086
4.938	-0.054
4.924	-0.042
4.908	-0.028
4.878	-0.016
4.856	-0.017
4.849	-0.017
4.842	-0.018
4.835	-0.019
4.817	-0.022
4.790	-0.023
4.775	-0.037
4.745	-0.065
4.712	-0.149
4.702	-0.168
4.679	-0.207
4.656	-0.222
4.643	-0.260
4.626	-0.311
4.648	-0.382
4.694	-0.411
4.712	-0.422
4.748	-0.427
4.761	-0.430
4.773	-0.432
4.785	-0.430
4.796	-0.433
4.873	-0.449
4.890	-0.445
4.934	-0.495
POLYLINE BROWN
4.874	-0.131
4.877	-0.155
4.879	-0.179
4.870	-0.202
4.869	-0.206
4.866	-0.209
4.864	-0.213
4.858	-0.223
4.851	-0.233
4.846	-0.244
4.838	-0.262
4.833	-0.282
4.826	-0.300
POLYLINE BROWN
5.135	-0.161
5.216	-0.144
5.140	-0.158
5.304	-0.151
5.327	-0.150
5.350	-0.149
5.374	-0.146
5.409	-0.141
5.441	-0.135
5.470	-0.113
5.475	-0.109
5.482	-0.101
5.485	-0.095
5.504	-0.059
5.524	-0.023
5.542	0.014
5.544	0.018
5.544	0.021
5.545	0.025
5.546	0.034
5.544	0.043
5.541	0.052
5.530	0.087
5.499	0.111
5.465	0.123
5.425	0.137
5.379	0.127
5.338	0.125
5.326	0.124
5.297	0.127
5.281	0.121
5.250	0.109
5.221	0.092
5.189	0.085
5.120	0.069
5.050	0.063
4.981	0.051
4.978	0.050
4.976	0.049
4.974	0.047
4.959	0.038
4.949	0.020
4.944	0.004
4.940	-0.010
4.943	-0.026
4.945	-0.039
4.947	-0.052
4.952	-0.068
4.958	-0.080
4.990	-0.134
4.994	-0.135
5.035	-0.174
5.064	-0.202
5.045	-0.187
5.077	-0.211
POLYLINE BROWN
4.891	0.096
4.909	0.104
4.926	0.111
4.944	0.119
4.957	0.125
4.970	0.132
4.983	0.138
5.001	0.145
5.018	0.140
5.036	0.143
5.138	0.159
5.241	0.177
5.344	0.193
5.347	0.194
5.350	0.194
5.353	0.194
5.361	0.196
5.371	0.201
5.376	0.205
5.410	0.230
5.443	0.256
5.476	0.283
5.486	0.291
5.491	0.303
5.503	0.308
5.528	0.320
5.543	0.320
5.573	0.328
5.579	0.330
5.587	0.333
5.590	0.339
5.596	0.349
5.590	0.364
5.584	0.372
5.571	0.387
5.531	0.444
5.500	0.444
5.427	0.443
5.353	0.442
5.280	0.441
5.261	0.440
5.242	0.439
5.224	0.437
5.211	0.436
5.197	0.428
5.187	0.422
5.170	0.413
5.135	0.388
5.111	0.383
5.080	0.377
5.049	0.373
5.018	0.369
4.894	0.356
5.058	0.387
4.890	0.354
4.886	0.354
4.882	0.352
4.879	0.350
4.841	0.332
4.776	0.255
4.776	0.255
4.709	0.195
4.786	0.266
4.726	0.206
4.715	0.195
4.690	0.179
4.684	0.161
4.680	0.148
4.687	0.134
4.693	0.123
4.718	0.078
4.747	0.068
4.792	0.046
POLYLINE BROWN
4.899	0.156
4.936	0.208
4.942	0.201
5.000	0.226
5.020	0.235
5.018	0.238
5.035	0.241
5.038	0.242
5.042	0.242
5.045	0.242
5.103	0.244
5.161	0.245
5.218	0.248
5.293	0.251
5.282	0.254
5.377	0.275
POLYLINE BROWN
5.101	-0.131
5.135	-0.125
5.169	-0.119
5.204	-0.112
5.240	-0.108
5.277	-0.107
5.313	-0.100
5.323	-0.098
5.374	-0.090
5.391	-0.072
5.397	-0.066
5.397	-0.064
5.401	-0.057
5.430	0.002
5.419	-0.016
5.432	0.006
POLYLINE BROWN
5.122	-0.029
5.134	-0.018
5.145	-0.007
5.157	0.003
5.161	0.007
5.166	0.010
5.171	0.012
5.228	0.033
5.287	0.053
5.345	0.074
POLYLINE BROWN
5.473	-0.208
5.254	-0.196
5.415	-0.199
5.302	-0.205
5.277	-0.207
5.258	-0.203
5.235	-0.216
5.194	-0.240
5.172	-0.279
5.142	-0.316
5.137	-0.323
5.129	-0.329
5.124	-0.337
5.116	-0.348
5.098	-0.376
5.094	-0.396
5.090	-0.412
5.093	-0.433
5.095	-0.447
5.097	-0.472
5.144	-0.486
5.156	-0.491
5.193	-0.506
5.294	-0.498
5.297	-0.498
5.310	-0.498
5.367	-0.500
5.391	-0.486
5.431	-0.462
5.440	-0.414
5.461	-0.377
5.482	-0.339
5.507	-0.304
5.530	-0.267
POLYLINE BROWN
5.186	-0.401
5.225	-0.354
5.227	-0.342
5.280	-0.324
5.304	-0.316
5.351	-0.315
5.369	-0.312
5.382	-0.309
5.395	-0.304
5.409	-0.300
POLYLINE BLACK
5.802	0.994
5.905	1.013
POLYLINE ORANGE
7.567	0.629
7.340	0.578
7.569	0.626
7.202	0.573
7.181	0.570
7.153	0.560
7.135	0.547
7.088	0.516
7.066	0.465
7.032	0.423
6.994	0.376
6.955	0.330
6.914	0.286
6.878	0.248
6.836	0.216
6.800	0.179
6.787	0.166
6.777	0.151
6.768	0.135
6.718	0.056
6.679	-0.015
6.671	-0.110
6.665	-0.170
6.702	-0.225
6.737	-0.270
6.748	-0.284
6.777	-0.312
6.798	-0.313
7.534	-0.351
7.285	-0.350
7.883	-0.323
POLYLINE ORANGE
7.300	0.394
7.347	0.373
POLYLINE RED
10.284	0.725
10.296	0.770
10.310	0.815
10.320	0.861
10.323	0.872
10.323	0.883
10.323	0.894
10.320	1.000
10.322	1.107
10.312	1.213
10.307	1.259
10.290	1.302
10.279	1.347
10.276	1.358
10.275	1.368
10.271	1.378
10.267	1.390
10.260	1.402
10.255	1.414
10.167	1.593
10.183	1.572
10.044	1.761
9.955	1.882
9.859	1.999
9.769	2.120
9.720	2.186
9.681	2.258
9.629	2.321
9.589	2.372
9.539	2.415
9.494	2.461
9.465	2.490
9.401	2.458
9.374	2.447
POLYLINE RED
9.258	2.551
9.227	2.530
9.195	2.501
9.157	2.491
9.138	2.486
9.120	2.480
9.101	2.480
8.959	2.478
8.818	2.490
8.677	2.483
8.565	2.478
8.454	2.459
8.343	2.443
8.330	2.441
8.317	2.437
8.306	2.429
8.227	2.378
8.151	2.325
8.076	2.269
8.014	2.223
8.023	2.198
7.963	2.134
7.925	2.094
7.879	2.062
7.840	2.023
7.829	2.013
7.822	2.001
7.813	1.989
7.794	1.962
7.776	1.934
7.755	1.908
7.715	1.856
7.642	1.865
7.594	1.813
7.589	1.807
7.584	1.801
7.580	1.794
7.535	1.699
7.489	1.605
7.443	1.510
7.430	1.491
7.415	1.472
7.404	1.452
7.327	1.307
7.375	1.348
7.270	1.180
7.234	1.122
7.192	1.068
7.148	1.016
7.131	0.994
7.083	0.939
7.042	0.929
7.007	0.921
6.966	0.932
6.933	0.944
6.914	0.951
6.857	0.969
6.830	0.992
6.802	1.016
6.792	1.053
6.760	1.080
6.712	1.121
6.652	1.140
6.596	1.167
POLYLINE RED
8.901	-1.242
9.156	-0.966
9.066	-1.046
9.444	-0.747
9.470	-0.727
9.501	-0.715
9.527	-0.696
9.583	-0.655
9.591	-0.625
9.646	-0.572
9.831	-0.394
9.758	-0.506
9.897	-0.297
9.919	-0.264
9.932	-0.202
9.946	-0.172
9.996	-0.066
10.047	0.038
10.104	0.140
10.128	0.182
10.163	0.217
10.189	0.259
10.205	0.286
10.214	0.316
10.228	0.344
10.237	0.362
10.249	0.377
10.257	0.395
10.285	0.455
10.288	0.533
10.289	0.597
10.289	0.625
10.265	0.672
10.257	0.689
POLYLINE RED
7.802	-1.331
7.839	-1.330
7.876	-1.326
7.913	-1.326
7.930	-1.326
7.947	-1.328
7.965	-1.329
8.199	-1.339
8.102	-1.329
8.428	-1.361
8.446	-1.363
8.463	-1.370
8.481	-1.371
8.609	-1.377
8.653	-1.372
8.779	-1.347
8.792	-1.344
8.805	-1.338
8.818	-1.333
8.820	-1.332
8.822	-1.330
8.824	-1.329
8.827	-1.326
8.830	-1.324
8.832	-1.320
8.847	-1.301
8.861	-1.280
8.876	-1.260
POLYLINE RED
7.339	-3.371
7.339	-3.346
POLYLINE RED
6.405	-1.647
6.987	-1.659
6.551	-1.659
6.747	-1.650
6.814	-1.646
6.881	-1.647
6.947	-1.641
6.995	-1.637
7.042	-1.628
7.090	-1.621
7.106	-1.618
7.125	-1.592
7.132	-1.587
7.155	-1.570
7.180	-1.555
7.205	-1.540
7.212	-1.537
7.219	-1.534
7.226	-1.533
7.266	-1.524
7.306	-1.520
7.345	-1.511
7.368	-1.505
7.391	-1.497
7.414	-1.489
7.418	-1.487
7.426	-1.482
7.429	-1.478
7.439	-1.466
7.473	-1.412
7.502	-1.400
7.505	-1.399
7.507	-1.398
7.509	-1.397
7.542	-1.392
7.574	-1.388
7.606	-1.382
7.611	-1.381
7.615	-1.379
7.619	-1.377
7.629	-1.372
7.639	-1.366
7.650	-1.361
7.666	-1.356
7.681	-1.350
7.697	-1.347
7.745	-1.338
7.742	-1.344
7.780	-1.340
7.794	-1.338
7.808	-1.335
7.822	-1.333
POLYLINE BROWN
8.705	1.163
8.907	1.161
8.807	1.170
9.006	1.137
POLYLINE BROWN
8.788	1.371
8.733	1.344
8.706	1.338
8.663	1.300
8.615	1.258
8.563	1.162
8.576	1.095
8.584	1.054
8.594	1.013
8.606	0.973
8.613	0.951
8.629	0.924
8.644	0.907
8.661	0.888
8.693	0.871
8.713	0.862
8.758	0.843
8.803	0.824
8.849	0.810
8.918	0.789
9.033	0.778
9.100	0.798
9.122	0.805
9.141	0.822
9.151	0.843
9.189	0.925
9.198	0.972
9.171	1.060
9.156	1.106
9.139	1.164
9.106	1.204
9.046	1.275
8.977	1.305
8.886	1.332
POLYLINE GRAY
6.549	1.810
6.549	1.770
POLYLINE GRAY
7.217	1.189
7.181	1.153
7.178	1.143
7.142	1.121
7.135	1.116
7.125	1.113
7.116	1.112
7.054	1.103
7.048	1.106
6.979	1.122
6.974	1.123
6.970	1.126
6.965	1.128
6.938	1.144
6.924	1.175
6.893	1.183
6.885	1.185
6.877	1.187
6.869	1.188
6.795	1.192
6.755	1.203
6.694	1.183
POLYLINE GRAY
7.350	1.397
7.328	1.386
7.316	1.382
7.301	1.368
7.290	1.357
7.281	1.346
7.270	1.336
7.252	1.320
7.245	1.321
7.225	1.307
7.218	1.302
7.212	1.295
7.205	1.291
7.197	1.285
7.180	1.278
7.171	1.277
7.116	1.269
7.079	1.269
7.023	1.272
6.936	1.278
7.040	1.283
6.938	1.274
POLYLINE RED
6.626	1.195
6.618	1.191
6.611	1.186
6.603	1.182
6.599	1.180
6.594	1.178
6.589	1.177
6.541	1.171
6.493	1.167
6.445	1.161
POLYLINE RED
6.441	1.168
6.383	1.158
6.423	1.167
6.325	1.129
POLYLINE BLACK
7.435	0.662
7.460	0.714
7.477	0.741
7.488	0.800
7.498	0.848
7.502	0.897
7.507	0.946
7.508	0.958
7.506	0.970
7.504	0.982
7.500	1.014
7.494	1.031
7.479	1.060
7.474	1.068
7.469	1.077
7.463	1.084
7.457	1.091
7.426	1.131
7.404	1.136
7.388	1.140
7.372	1.144
7.356	1.146
7.349	1.147
7.342	1.146
7.335	1.146
7.283	1.142
7.231	1.138
7.179	1.134
POLYLINE BROWN
7.766	0.079
7.793	0.111
7.811	0.140
7.844	0.164
7.861	0.177
7.880	0.188
7.897	0.201
7.917	0.216
7.928	0.239
7.952	0.248
7.977	0.257
8.015	0.263
8.034	0.285
8.041	0.294
8.073	0.342
8.095	0.357
8.134	0.383
8.172	0.409
8.211	0.433
8.222	0.440
8.234	0.445
8.246	0.449
8.267	0.457
8.298	0.458
8.317	0.475
8.320	0.478
8.324	0.482
8.326	0.486
8.406	0.613
8.368	0.546
8.417	0.671
8.423	0.687
8.435	0.695
8.438	0.713
8.450	0.769
8.459	0.819
8.456	0.876
8.455	0.892
8.451	0.908
8.446	0.924
8.439	0.949
8.431	0.974
8.422	0.998
8.420	1.003
8.418	1.008
8.415	1.011
8.395	1.033
8.341	1.095
8.303	1.121
8.294	1.126
8.284	1.131
8.275	1.135
8.251	1.146
8.228	1.157
8.204	1.166
8.135	1.190
8.062	1.193
7.990	1.199
7.924	1.204
7.966	1.210
7.844	1.196
7.827	1.194
7.811	1.188
7.795	1.183
7.793	1.182
7.791	1.181
7.789	1.179
7.773	1.167
7.765	1.148
7.758	1.130
7.755	1.124
7.753	1.117
7.750	1.111
7.746	1.101
7.739	1.092
7.734	1.082
7.732	1.077
7.731	1.071
7.729	1.066
7.727	1.059
7.726	1.052
7.722	1.047
7.718	1.039
7.681	0.988
7.674	0.959
7.672	0.953
7.672	0.947
7.671	0.941
7.667	0.906
7.661	0.871
7.658	0.836
7.657	0.827
7.659	0.817
7.658	0.808
7.643	0.665
7.657	0.814
7.651	0.696
7.651	0.691
7.650	0.685
7.648	0.680
7.633	0.630
7.618	0.580
7.601	0.530
7.595	0.513
7.586	0.497
7.580	0.480
7.576	0.468
7.574	0.456
7.571	0.444
7.569	0.437
7.566	0.431
7.564	0.425
7.559	0.404
7.567	0.384
7.567	0.364
7.568	0.334
7.568	0.304
7.568	0.274
7.569	0.259
7.570	0.244
7.570	0.229
7.569	0.222
7.568	0.215
7.567	0.208
7.566	0.205
7.566	0.202
7.566	0.199
7.565	0.183
7.571	0.184
7.574	0.162
7.578	0.119
7.578	0.076
7.583	0.034
7.587	0.007
7.596	-0.031
7.627	-0.037
7.651	-0.042
7.676	-0.035
7.698	-0.031
7.708	-0.030
7.719	-0.022
7.723	-0.013
7.748	0.039
7.772	0.092
7.797	0.144
POLYLINE BROWN
7.658	0.348
7.659	0.355
7.660	0.362
7.661	0.369
7.663	0.376
7.665	0.382
7.668	0.388
7.681	0.417
7.695	0.445
7.708	0.474
7.748	0.570
7.697	0.453
7.739	0.536
7.743	0.546
7.746	0.557
7.751	0.566
7.766	0.593
7.783	0.619
7.798	0.646
7.803	0.654
7.808	0.662
7.813	0.670
7.816	0.676
7.819	0.683
7.822	0.689
7.827	0.697
7.829	0.698
7.835	0.704
7.849	0.717
7.863	0.729
7.876	0.743
7.950	0.827
7.950	0.833
8.010	0.922
POLYLINE BROWN
7.693	0.182
7.718	0.210
7.724	0.243
7.737	0.276
7.740	0.284
7.745	0.290
7.747	0.298
7.752	0.311
7.755	0.324
7.760	0.337
7.763	0.344
7.767	0.351
7.771	0.357
7.781	0.372
7.791	0.386
7.801	0.400
7.803	0.402
7.805	0.405
7.807	0.407
7.817	0.418
7.824	0.419
7.838	0.429
7.842	0.432
7.845	0.436
7.848	0.440
7.863	0.455
7.876	0.471
7.891	0.486
7.897	0.493
7.905	0.498
7.911	0.505
7.922	0.518
7.928	0.535
7.941	0.546
7.961	0.564
7.989	0.567
8.008	0.587
8.104	0.691
7.986	0.566
8.074	0.650
8.082	0.657
8.087	0.668
8.096	0.675
8.121	0.695
8.149	0.712
8.176	0.729
8.191	0.739
8.192	0.736
8.203	0.747
8.231	0.774
8.241	0.812
8.257	0.846
8.273	0.882
8.290	0.917
8.306	0.952
POLYLINE BROWN
8.154	-0.021
8.205	-0.029
8.246	-0.065
8.298	-0.069
8.335	-0.072
8.372	-0.074
8.409	-0.076
8.419	-0.077
8.429	-0.075
8.438	-0.077
8.523	-0.089
8.607	-0.104
8.692	-0.119
8.699	-0.121
8.713	-0.129
8.719	-0.133
8.736	-0.145
8.748	-0.188
8.773	-0.181
8.783	-0.179
8.795	-0.166
8.799	-0.157
8.808	-0.133
8.827	-0.086
8.829	-0.053
8.831	0.029
8.838	0.063
8.799	0.128
8.794	0.136
8.780	0.153
8.772	0.158
8.745	0.173
8.716	0.184
8.690	0.201
8.629	0.240
8.639	0.243
8.595	0.287
8.580	0.301
8.535	0.316
8.529	0.318
8.523	0.320
8.518	0.321
8.512	0.322
8.489	0.324
8.466	0.325
8.443	0.327
8.393	0.330
8.392	0.328
8.325	0.318
8.322	0.317
8.318	0.316
8.315	0.314
8.290	0.301
8.263	0.274
8.246	0.257
8.222	0.234
8.200	0.208
8.175	0.186
8.160	0.172
8.144	0.160
8.127	0.148
8.119	0.142
8.108	0.142
8.099	0.138
8.084	0.132
8.074	0.117
8.078	0.101
8.083	0.078
8.088	0.055
8.092	0.033
POLYLINE BROWN
8.350	0.102
8.451	0.114
8.439	0.116
8.580	0.103
8.603	0.101
8.625	0.093
8.647	0.088
POLYLINE BROWN
8.960	0.417
8.944	0.412
8.928	0.406
8.911	0.402
8.904	0.401
8.897	0.400
8.890	0.400
8.851	0.402
8.812	0.403
8.773	0.408
8.738	0.413
8.690	0.434
8.667	0.463
8.652	0.482
8.647	0.519
8.640	0.538
8.631	0.562
8.619	0.585
8.609	0.609
8.608	0.612
8.608	0.615
8.607	0.618
8.607	0.623
8.607	0.628
8.608	0.633
8.611	0.664
8.616	0.695
8.619	0.727
8.619	0.735
8.618	0.743
8.617	0.752
8.616	0.759
8.607	0.778
8.618	0.785
8.620	0.786
8.621	0.787
8.623	0.787
8.633	0.788
8.644	0.789
8.655	0.789
8.711	0.788
8.766	0.787
8.822	0.785
8.827	0.785
8.831	0.783
8.835	0.782
8.853	0.777
8.872	0.755
8.872	0.736
8.872	0.713
8.871	0.689
8.871	0.665
8.871	0.662
8.870	0.660
8.870	0.657
8.871	0.644
8.883	0.635
8.894	0.630
8.921	0.618
8.959	0.637
8.981	0.642
8.984	0.643
8.991	0.643
8.992	0.640
8.993	0.637
8.992	0.636
8.991	0.634
8.988	0.626
8.985	0.618
8.984	0.610
8.963	0.449
8.989	0.558
8.959	0.448
POLYLINE BROWN
8.845	0.594
8.824	0.593
8.754	0.570
8.728	0.600
8.718	0.611
8.715	0.626
8.711	0.641
POLYLINE BROWN
8.557	1.243
8.546	1.270
8.533	1.296
8.506	1.311
8.501	1.314
8.491	1.318
8.484	1.318
8.451	1.319
8.417	1.319
8.383	1.319
8.371	1.319
8.369	1.302
8.373	1.294
8.374	1.289
8.376	1.287
8.379	1.283
8.402	1.257
8.424	1.231
8.447	1.205
8.450	1.203
8.460	1.199
8.461	1.199
8.476	1.196
8.491	1.195
8.505	1.193
POLYLINE BROWN
8.361	1.424
8.242	1.414
8.409	1.426
8.293	1.422
8.242	1.421
8.192	1.418
8.142	1.415
8.141	1.415
8.140	1.415
8.139	1.414
8.133	1.411
8.129	1.405
8.128	1.399
8.125	1.385
8.123	1.372
8.121	1.359
8.120	1.354
8.121	1.350
8.121	1.345
8.125	1.321
8.136	1.304
8.163	1.301
8.249	1.293
8.238	1.295
8.302	1.302
POLYLINE BROWN
8.054	1.308
8.008	1.305
7.962	1.301
7.915	1.300
7.900	1.299
7.884	1.300
7.869	1.301
7.858	1.302
7.845	1.310
7.838	1.319
7.822	1.340
7.805	1.362
7.788	1.384
7.787	1.386
7.786	1.390
7.788	1.393
7.789	1.396
7.792	1.397
7.795	1.398
7.810	1.403
7.825	1.411
7.841	1.412
7.876	1.416
7.911	1.416
7.946	1.415
7.952	1.415
7.993	1.417
8.007	1.404
8.018	1.394
8.021	1.378
8.022	1.364
8.023	1.361
8.022	1.358
8.023	1.356
8.030	1.332
8.030	1.331
8.038	1.314
POLYLINE BROWN
8.665	1.424
8.674	1.435
8.681	1.447
8.671	1.459
8.666	1.465
8.662	1.468
8.656	1.471
8.649	1.475
8.637	1.478
8.630	1.481
8.616	1.488
8.611	1.494
8.597	1.502
8.564	1.520
8.492	1.525
8.461	1.506
8.448	1.498
8.443	1.476
8.439	1.466
8.433	1.449
8.436	1.431
8.441	1.414
8.450	1.389
8.461	1.366
8.484	1.352
8.500	1.342
8.529	1.345
8.546	1.345
POLYLINE BROWN
9.215	1.912
9.183	1.928
POLYLINE BROWN
8.919	1.901
8.914	1.896
8.909	1.892
8.904	1.888
8.898	1.882
8.892	1.871
8.889	1.864
8.882	1.846
8.880	1.827
8.890	1.810
8.895	1.802
8.901	1.796
8.909	1.792
8.911	1.791
8.914	1.790
8.916	1.790
8.935	1.789
8.955	1.791
8.974	1.788
9.014	1.781
9.054	1.769
9.094	1.761
9.101	1.759
9.120	1.763
9.125	1.765
9.161	1.777
9.164	1.780
9.190	1.795
POLYLINE BROWN
9.561	1.417
9.577	1.398
9.592	1.378
9.593	1.353
9.593	1.337
9.587	1.307
9.585	1.297
9.582	1.277
9.581	1.250
9.565	1.236
9.559	1.230
9.555	1.228
9.547	1.225
9.486	1.199
9.487	1.198
9.418	1.202
9.403	1.203
9.388	1.205
9.375	1.211
9.363	1.216
9.345	1.232
9.340	1.244
9.294	1.349
9.299	1.325
9.314	1.436
9.315	1.444
9.324	1.451
9.331	1.454
9.375	1.474
9.483	1.466
9.497	1.467
POLYLINE BROWN
9.684	0.955
9.684	0.941
9.685	0.927
9.685	0.913
9.686	0.903
9.687	0.893
9.687	0.884
9.688	0.773
9.681	0.869
9.690	0.746
9.690	0.746
9.697	0.710
9.694	0.696
9.690	0.679
9.671	0.670
9.656	0.668
9.622	0.666
9.588	0.664
9.555	0.662
9.553	0.662
9.552	0.662
9.551	0.662
9.529	0.671
9.524	0.704
9.520	0.723
9.516	0.738
9.514	0.753
9.510	0.768
9.509	0.777
9.505	0.785
9.504	0.794
9.504	0.799
9.484	0.904
9.504	0.926
9.506	0.929
9.510	0.931
9.514	0.931
9.571	0.936
9.628	0.940
9.686	0.944
POLYLINE BROWN
9.553	0.452
9.570	0.383
9.567	0.368
9.554	0.296
9.552	0.287
9.545	0.278
9.538	0.272
9.518	0.256
9.505	0.259
9.481	0.252
9.429	0.236
9.378	0.219
9.326	0.203
9.317	0.200
9.307	0.203
9.300	0.208
9.281	0.220
9.282	0.252
9.282	0.270
9.282	0.317
9.283	0.364
9.285	0.410
9.285	0.423
9.295	0.438
9.308	0.441
9.334	0.448
9.361	0.453
9.388	0.458
9.395	0.459
9.403	0.459
9.410	0.459
9.431	0.460
9.452	0.460
9.473	0.461
9.492	0.462
9.512	0.465
9.532	0.467
POLYLINE BROWN
9.530	0.049
9.517	-0.017
9.519	0.008
9.520	-0.068
9.520	-0.076
9.522	-0.085
9.521	-0.094
9.521	-0.099
9.520	-0.133
9.508	-0.145
9.496	-0.156
9.467	-0.157
9.456	-0.158
9.409	-0.162
9.361	-0.164
9.314	-0.166
9.310	-0.166
9.306	-0.163
9.304	-0.161
9.302	-0.159
9.300	-0.156
9.300	-0.154
9.280	-0.084
9.260	-0.014
9.241	0.055
9.239	0.062
9.248	0.070
9.253	0.072
9.322	0.101
9.399	0.076
9.472	0.083
POLYLINE BROWN
8.977	-0.489
8.985	-0.479
9.112	-0.513
9.141	-0.476
9.143	-0.475
9.144	-0.473
9.144	-0.472
9.155	-0.445
9.166	-0.418
9.177	-0.392
9.192	-0.351
9.207	-0.311
9.221	-0.271
9.222	-0.267
9.221	-0.262
9.218	-0.259
9.211	-0.251
9.192	-0.249
9.186	-0.248
9.147	-0.244
9.109	-0.244
9.071	-0.240
9.051	-0.238
9.034	-0.229
9.017	-0.220
8.979	-0.202
8.972	-0.186
8.945	-0.221
8.930	-0.239
8.917	-0.258
8.904	-0.278
8.901	-0.281
8.899	-0.286
8.898	-0.290
8.886	-0.333
8.890	-0.328
8.891	-0.374
POLYLINE RED
-1.183	-3.482
-1.183	-3.454
POLYLINE RED
7.558	2.028
7.573	2.023
POLYLINE BLACK
6.061	5.436
6.015	5.405
5.967	5.378
5.923	5.344
5.841	5.281
5.765	5.209
5.683	5.146
5.628	5.103
5.596	5.080
5.539	5.059
5.519	5.052
5.481	5.045
5.459	5.029
5.437	5.015
5.428	4.992
5.410	4.973
5.383	4.943
5.352	4.916
5.324	4.886
5.318	4.880
5.313	4.874
5.309	4.867
5.298	4.849
5.292	4.819
5.288	4.802
POLYLINE BLACK
5.328	4.713
5.353	4.684
5.358	4.651
5.371	4.617
5.378	4.600
5.386	4.585
5.393	4.568
5.401	4.545
5.408	4.522
5.416	4.500
5.422	4.484
5.433	4.470
5.437	4.454
5.487	4.280
5.437	4.382
5.505	4.210
5.524	4.161
5.567	4.129
5.601	4.089
5.613	4.074
5.619	4.056
5.635	4.044
5.682	4.010
5.739	3.990
5.796	3.982
5.852	3.973
5.909	3.967
5.965	3.957
5.974	3.956
5.982	3.952
5.989	3.949
6.038	3.927
6.071	3.878
6.107	3.842
6.112	3.837
6.118	3.833
6.125	3.829
6.219	3.780
6.208	3.791
6.324	3.783
POLYLINE BLACK
8.337	4.634
8.339	4.647
8.339	4.660
8.343	4.672
8.357	4.719
8.377	4.765
8.392	4.812
8.395	4.823
8.399	4.876
8.400	4.882
8.407	4.933
8.416	4.984
8.421	5.035
8.422	5.048
8.420	5.060
8.418	5.073
8.413	5.116
8.405	5.159
8.400	5.202
8.399	5.211
8.400	5.220
8.400	5.230
8.401	5.242
8.407	5.253
8.405	5.265
8.383	5.364
8.361	5.436
8.309	5.533
8.279	5.590
8.237	5.641
8.201	5.694
POLYLINE BLACK
8.252	5.819
8.265	5.883
8.277	5.926
8.275	5.993
8.273	6.105
8.161	6.341
8.151	6.371
8.149	6.377
8.148	6.383
8.147	6.389
8.145	6.402
8.144	6.414
8.142	6.426
8.137	6.451
8.130	6.475
8.124	6.500
8.122	6.509
8.122	6.519
8.119	6.528
8.117	6.537
8.112	6.546
8.110	6.556
8.106	6.577
8.106	6.599
8.103	6.621
POLYLINE BLACK
8.186	6.688
8.176	6.757
8.173	6.764
8.172	6.838
8.172	6.847
8.173	6.855
8.175	6.863
8.187	6.910
8.197	6.958
8.213	7.003
8.243	7.082
8.281	7.158
8.313	7.236
8.330	7.279
8.343	7.323
8.360	7.366
8.367	7.383
8.378	7.398
8.386	7.414
8.403	7.453
8.417	7.494
8.435	7.532
8.440	7.542
8.447	7.551
8.453	7.560
8.474	7.589
8.496	7.618
8.516	7.648
8.520	7.654
8.523	7.661
8.526	7.668
8.541	7.714
8.556	7.759
8.572	7.805
8.576	7.823
8.580	7.842
8.585	7.860
8.599	7.903
8.672	8.001
8.673	8.003
8.706	8.064
8.732	8.129
8.760	8.192
8.766	8.206
8.765	8.230
8.768	8.242
8.779	8.288
8.793	8.333
8.805	8.378
POLYLINE GRAY
8.760	8.433
8.761	8.466
8.763	8.466
8.758	8.491
8.755	8.504
8.750	8.517
8.748	8.530
8.741	8.586
8.731	8.684
8.749	8.740
8.775	8.821
8.882	8.915
8.930	8.968
8.943	8.983
8.953	9.000
8.966	9.016
8.972	9.023
8.979	9.029
8.984	9.037
8.993	9.049
8.999	9.064
9.009	9.076
9.051	9.131
9.109	9.182
9.133	9.250
9.136	9.257
9.137	9.264
9.138	9.272
9.171	9.463
9.129	9.264
9.131	9.637
9.131	9.693
9.140	9.749
9.152	9.803
9.187	9.961
9.190	9.952
9.239	10.049
9.245	10.060
9.248	10.072
9.255	10.082
9.271	10.108
9.289	10.133
9.308	10.157
9.356	10.221
9.316	10.143
9.376	10.252
9.385	10.268
9.389	10.287
9.397	10.303
9.454	10.419
9.424	10.319
9.490	10.514
9.498	10.535
9.499	10.558
9.503	10.580
9.504	10.585
9.505	10.590
9.506	10.595
9.506	10.601
9.506	10.607
9.506	10.613
9.502	10.660
9.496	10.706
9.493	10.753
9.492	10.771
9.492	10.789
9.493	10.807
9.494	10.826
9.510	10.863
9.513	10.875
9.515	10.882
9.516	10.889
9.517	10.896
9.518	10.905
9.518	10.913
9.520	10.921
9.582	11.097
9.532	10.944
9.582	11.056
9.602	11.101
9.620	11.148
9.640	11.194
POLYLINE GRAY
8.097	8.283
8.171	8.328
8.187	8.331
8.244	8.384
8.262	8.401
8.297	8.464
8.301	8.471
8.304	8.476
8.370	8.589
8.380	8.643
8.384	8.666
8.378	8.709
8.379	8.723
8.379	8.727
8.388	8.784
8.388	8.786
8.392	8.821
8.390	8.841
8.411	8.872
8.430	8.901
8.452	8.927
8.471	8.956
8.497	8.998
8.488	9.003
8.515	9.032
8.536	9.054
8.556	9.075
8.584	9.089
8.612	9.104
8.610	9.098
8.635	9.109
8.639	9.111
8.643	9.114
8.647	9.117
8.671	9.135
8.697	9.151
8.719	9.171
8.739	9.191
8.756	9.215
8.773	9.238
8.778	9.245
8.781	9.252
8.785	9.260
8.788	9.264
8.790	9.270
8.793	9.274
8.813	9.300
8.837	9.324
8.856	9.351
8.864	9.361
8.871	9.373
8.876	9.385
8.919	9.493
8.915	9.472
8.925	9.536
8.929	9.562
8.934	9.587
8.936	9.614
8.940	9.656
8.933	9.730
8.943	9.772
8.962	9.847
8.986	9.921
9.011	9.994
9.024	10.031
9.077	10.100
9.092	10.119
9.106	10.136
9.124	10.149
9.137	10.165
9.181	10.218
9.220	10.274
9.263	10.326
9.272	10.336
9.284	10.342
9.292	10.352
9.315	10.383
9.352	10.437
9.369	10.479
9.372	10.486
9.374	10.494
9.374	10.501
9.379	10.544
9.381	10.587
9.385	10.630
9.386	10.639
9.389	10.648
9.390	10.657
9.392	10.674
9.390	10.691
9.392	10.708
9.394	10.723
9.400	10.737
9.402	10.752
9.404	10.766
9.410	10.916
9.432	10.978
9.445	11.014
9.468	11.022
9.492	11.049
9.502	11.060
9.511	11.072
9.521	11.083
POLYLINE BLACK
6.092	5.528
6.088	5.555
6.086	5.583
6.080	5.610
6.071	5.652
6.048	5.685
6.032	5.724
6.029	5.733
6.027	5.742
6.026	5.752
6.020	5.785
6.016	5.820
6.009	5.854
6.001	5.885
5.993	5.917
5.985	5.949
5.980	5.962
5.973	5.974
5.969	5.987
5.961	6.021
5.958	6.057
5.950	6.091
5.945	6.115
5.935	6.139
5.930	6.164
5.918	6.221
5.923	6.262
5.940	6.319
5.947	6.344
5.963	6.372
5.984	6.389
6.019	6.417
6.054	6.445
6.090	6.472
6.096	6.477
6.104	6.480
6.111	6.483
6.136	6.496
6.161	6.507
6.185	6.521
6.200	6.531
6.215	6.543
6.229	6.555
6.273	6.591
6.458	6.754
6.476	6.772
6.493	6.787
6.502	6.814
6.522	6.826
6.552	6.845
6.583	6.861
6.613	6.878
6.635	6.890
6.637	6.887
6.655	6.905
6.672	6.922
6.689	6.939
6.704	6.957
6.733	6.990
6.760	7.025
6.789	7.059
6.791	7.062
6.795	7.064
6.798	7.067
6.830	7.088
6.877	7.077
6.912	7.094
6.932	7.103
6.946	7.121
6.959	7.138
6.969	7.154
6.967	7.156
6.979	7.167
6.984	7.171
6.990	7.175
6.995	7.179
7.030	7.202
7.065	7.227
7.101	7.249
7.106	7.252
7.111	7.255
7.117	7.256
7.155	7.265
7.226	7.268
7.263	7.299
7.288	7.319
7.298	7.351
7.317	7.376
7.334	7.400
7.353	7.424
7.374	7.446
7.509	7.582
7.360	7.414
7.489	7.531
7.599	7.630
7.519	7.571
7.579	7.636
7.592	7.650
7.606	7.662
7.620	7.675
7.633	7.691
7.644	7.709
7.658	7.724
7.667	7.734
7.701	7.771
7.722	7.780
7.738	7.788
7.813	7.807
7.837	7.837
7.855	7.859
7.855	7.886
7.865	7.911
7.869	7.923
7.875	7.934
7.881	7.945
7.892	7.966
7.898	7.964
7.913	7.985
7.991	8.094
7.850	7.921
8.000	8.097
POLYLINE BLACK
6.443	3.579
6.441	3.604
POLYLINE BLACK
8.459	2.554
8.412	2.569
8.320	2.559
8.266	2.594
8.252	2.603
8.242	2.622
8.237	2.638
8.213	2.713
8.194	2.791
8.168	2.866
8.120	3.011
8.098	3.011
8.077	3.164
8.069	3.227
8.075	3.314
8.093	3.377
8.108	3.429
8.129	3.478
8.147	3.528
POLYLINE BLACK
7.088	3.214
7.121	3.177
7.209	3.206
7.248	3.164
7.252	3.159
7.256	3.155
7.258	3.150
7.294	3.059
7.329	2.968
7.365	2.878
7.370	2.862
7.374	2.847
7.380	2.832
7.504	2.522
7.324	2.997
7.448	2.652
7.450	2.645
7.454	2.639
7.458	2.633
7.474	2.599
7.494	2.567
7.506	2.532
7.528	2.468
7.548	2.403
7.557	2.336
7.572	2.226
7.576	2.161
7.558	2.071
7.555	2.056
7.550	2.042
7.548	2.028
7.525	1.876
7.543	1.956
7.532	1.909
POLYLINE RED
6.441	3.893
6.471	3.832
6.469	3.827
6.512	3.775
6.529	3.755
6.548	3.738
6.566	3.719
6.575	3.708
6.583	3.696
6.593	3.685
6.607	3.670
6.630	3.656
6.649	3.648
6.666	3.641
6.684	3.635
6.703	3.630
6.720	3.624
6.724	3.627
6.736	3.619
6.757	3.606
6.764	3.581
6.783	3.567
6.813	3.545
6.844	3.526
6.873	3.503
6.891	3.489
6.908	3.469
6.915	3.448
6.922	3.427
6.919	3.411
6.942	3.401
6.946	3.399
6.950	3.398
6.953	3.397
6.977	3.393
7.000	3.387
7.024	3.385
7.107	3.376
7.191	3.371
7.274	3.364
POLYLINE RED
7.323	3.403
7.336	3.395
7.349	3.385
7.364	3.378
7.439	3.344
7.498	3.335
7.582	3.345
7.630	3.351
7.677	3.364
7.725	3.374
POLYLINE RED
7.715	3.377
7.770	3.401
7.798	3.411
7.852	3.457
7.893	3.493
7.926	3.537
7.966	3.575
7.982	3.590
8.002	3.601
8.019	3.615
8.037	3.630
8.050	3.658
8.063	3.675
8.075	3.692
8.095	3.701
8.105	3.720
8.117	3.742
8.126	3.765
8.138	3.787
8.164	3.837
8.198	3.883
8.219	3.936
8.246	4.006
8.328	4.347
8.342	4.403
POLYLINE RED
8.329	4.436
8.361	4.507
POLYLINE RED
8.446	4.678
8.456	4.730
POLYLINE RED
8.283	4.495
8.283	4.527
POLYLINE BLACK
8.954	8.568
9.088	8.561
9.296	8.506
9.429	8.600
9.460	8.621
9.498	8.670
9.516	8.693
9.544	8.729
9.540	8.801
9.540	8.836
9.540	8.852
9.538	8.867
9.535	8.882
9.508	8.996
9.498	9.049
9.442	9.146
9.422	9.181
9.370	9.222
9.343	9.246

ELEVATION
STATIONS
0.000	0.000	0
2.961	3.083	1
3.346	3.417	2
5.100	4.662	3
6.731	3.893	4
6.684	-3.048	5
8.445	-1.918	6
7.859	1.980	7
6.930	-1.387	8
8.967	-3.199	9
SHOTS
0.000	0.000	2.961	3.083
2.961	3.083	3.346	3.417
3.346	3.417	3.356	3.432
3.346	3.417	2.925	3.376
3.346	3.417	3.415	5.486
3.346	3.417	3.623	2.266
3.346	3.417	5.100	4.662
5.100	4.662	5.057	5.069
5.100	4.662	5.741	4.801
5.100	4.662	4.432	4.852
5.100	4.662	4.568	4.807
5.100	4.662	5.772	4.519
5.100	4.662	7.340	4.053
5.100	4.662	6.618	4.415
5.100	4.662	7.814	4.614
5.100	4.662	6.731	3.893
6.731	3.893	8.877	3.827
6.731	3.893	7.587	3.767
6.731	3.893	6.252	3.870
6.731	3.893	5.651	4.074
6.731	3.893	8.416	8.913
6.731	3.893	5.964	-3.513
6.731	3.893	8.725	9.873
6.731	3.893	8.458	9.060
6.731	3.893	5.848	3.060
6.731	3.893	6.684	-3.048
6.684	-3.048	7.806	-2.736
6.684	-3.048	6.405	-3.005
6.684	-3.048	3.981	-2.876
6.684	-3.048	5.538	-2.786
6.684	-3.048	6.886	-2.709
6.684	-3.048	7.455	-2.062
6.684	-3.048	9.038	-1.241
6.684	-3.048	10.355	-0.869
6.684	-3.048	8.981	-1.513
6.684	-3.048	8.445	-1.918
8.445	-1.918	7.859	1.980
7.859	1.980	7.997	1.676
7.859	1.980	6.930	-1.387
6.930	-1.387	6.079	-1.209
6.930	-1.387	5.291	-0.927
6.930	-1.387	6.336	-1.336
6.930	-1.387	7.718	-1.358
6.930	-1.387	8.327	-1.367
6.930	-1.387	8.228	-1.393
6.930	-1.387	8.093	-1.840
6.930	-1.387	8.789	-2.504
6.930	-1.387	7.990	-2.319
6.930	-1.387	9.582	-4.536
6.930	-1.387	6.845	-1.731
6.930	-1.387	5.960	-1.474
6.930	-1.387	7.543	4.602
6.930	-1.387	7.811	3.528
6.930	-1.387	6.317	17.498
6.930	-1.387	6.988	-3.149
6.930	-1.387	7.411	-3.289
6.930	-1.387	8.579	-5.116
6.930	-1.387	8.190	-2.158
6.930	-1.387	8.346	-2.226
6.930	-1.387	8.967	-3.199

