TRIP
DATE 2024-08-18
DECLINATION 0.0
DATA
0		299.69	-1.65	3.484	>
0		299.69	-1.79	3.484	>
0		299.73	-1.67	3.484	>
1	0	300.16	-1.67	3.483	>
1		300.21	-1.69	3.484	>
1		300.15	-1.64	3.483	>
1		300.12	-1.68	3.483	>
2	1	319.81	15.90	3.305	>
2		319.82	15.86	3.303	>
2		319.77	15.94	3.304	>
2		319.83	15.90	3.307	>
3	2	328.19	-14.13	5.445	>
3		328.12	-14.11	5.445	>
3		328.24	-14.16	5.446	>
3		328.20	-14.13	5.443	>
4	3	298.14	14.13	14.950	>
4		298.14	14.12	14.940	>
4		298.15	14.12	14.966	>
4		298.13	14.13	14.945	>
5	4	357.98	29.15	4.681	>
5		358.08	29.12	4.682	>
5		357.97	29.14	4.678	>
5		357.89	29.20	4.684	>

PLAN
STATIONS
0.000	0.000	0
3.010	-1.749	1
5.062	-4.177	2
7.845	-8.664	3
20.629	-15.502	4
20.774	-19.587	5
SHOTS
0.000	0.000	3.010	-1.749
3.010	-1.749	5.062	-4.177
5.062	-4.177	7.845	-8.664
7.845	-8.664	20.629	-15.502
20.629	-15.502	20.774	-19.587

ELEVATION
STATIONS
0.000	0.000	0
3.010	0.101	1
5.062	-0.804	2
7.845	0.526	3
20.629	-3.123	4
20.774	-5.404	5
SHOTS
0.000	0.000	3.010	0.101
3.010	0.101	5.062	-0.804
5.062	-0.804	7.845	0.526
7.845	0.526	20.629	-3.123
20.629	-3.123	20.774	-5.404

