TRIP
DATE 2023-08-12
DECLINATION 0.0
DATA
0		349.68	-16.56	3.987	>
0		349.66	-16.51	3.984	>
0		349.69	-16.55	3.987	>
0	1	349.68	-16.54	3.986	>
1		194.80	-71.78	0.335	>
1		31.37	-12.08	0.366	>
1		218.40	1.27	0.649	>
1		226.27	46.49	0.375	>
1		211.32	-37.78	0.307	>
1		38.59	-82.73	0.480	>
1		283.05	-15.97	2.482	>
1		283.00	-16.03	2.474	>
1		282.94	-15.95	2.476	>
1	2	282.99	-15.99	2.477	>
2		164.20	25.60	0.482	>
2		1.97	0.42	1.546	>
2		353.70	-3.80	1.714	>
2		42.73	1.47	1.229	>
2		55.67	5.77	1.293	>
2		330.95	8.56	1.002	>
2		207.08	26.74	1.711	>
2		236.39	18.40	2.894	>
2		251.32	14.08	2.317	>
2		269.15	2.63	2.836	>
2		322.48	78.52	0.291	>
2		350.15	-33.35	1.070	>
2		284.58	-5.76	5.617	>
2		284.64	-5.64	5.566	>
2		284.58	-5.54	5.561	>
2	3	284.60	-5.65	5.581	>
3		225.85	8.97	1.251	>
3		33.09	-21.45	0.771	>
3		162.10	1.68	0.655	>
3		293.89	2.15	1.221	>
3		269.63	17.09	0.765	>
3		349.76	5.51	1.887	>
3		165.35	-87.67	0.539	>
3		186.35	-50.50	0.505	>
3		43.85	-56.75	0.723	>
3		311.64	5.36	2.590	>
3		311.35	5.81	2.586	>
3		311.48	5.92	2.587	>
3	4	311.49	5.70	2.588	>
4		157.76	16.60	1.516	>
4		228.66	10.04	0.423	>
4		82.47	-21.48	0.455	>
4		230.55	0.58	0.469	>
4		69.98	-15.88	0.517	>
4		192.38	19.58	3.122	>
4		162.68	16.00	1.631	>
4		204.57	19.18	2.210	>
4		209.40	14.12	3.927	>
4		210.62	13.89	3.564	>
4		159.65	14.96	1.690	>
4		207.38	15.53	2.217	>
4		207.65	15.50	2.210	>
4		207.64	15.50	2.207	>
4	5	207.56	15.51	2.211	>
5		8.95	3.16	0.785	>
5		282.81	-3.78	0.878	>
5		97.65	5.99	1.304	>
5		72.54	14.65	1.950	>
5		42.09	11.14	1.428	>
5		347.71	2.86	0.974	>
5		306.68	-5.35	1.437	>
5		315.88	-8.03	2.660	>
5		333.87	-15.89	3.769	>
5		344.35	-9.37	1.328	>
5		355.77	65.87	0.221	>
5		66.91	-77.10	0.334	>
5		20.27	-50.69	0.714	>
5		15.74	40.39	0.659	>
5		16.75	30.39	0.689	>
5		18.14	-32.57	0.859	>
5		330.25	-17.15	4.045	>
5		330.08	-16.99	3.955	>
5		329.91	-17.14	3.927	>
5		329.58	-17.04	4.016	>
5		329.60	-17.10	4.014	>
5		329.73	-16.86	4.018	>
5	6	329.64	-17.00	4.016	>
6		119.52	17.10	3.095	>
6		211.13	7.17	1.772	>
6		42.35	-8.60	0.211	>
6		134.52	15.10	1.871	>
6		151.86	18.74	5.040	>
6		185.85	16.41	1.629	>
6		215.73	11.53	1.883	>
6		248.92	5.04	0.998	>
6		321.34	-10.89	1.479	>
6		284.27	-11.49	2.213	>
6		139.19	17.86	1.930	>
6		245.52	-85.87	0.505	>
6		224.93	-59.14	0.820	>
6		235.16	13.46	1.164	>
6		208.02	42.51	1.025	>
6		305.07	-13.58	9.138	>
6		305.08	-13.60	9.130	>
6		305.02	-13.74	9.135	>
6	7	305.06	-13.64	9.134	>
7		170.81	60.17	0.514	>
7		305.40	-85.21	0.802	>
7		176.64	-45.44	0.895	>
7		178.95	61.58	0.529	>
7		293.51	-88.27	0.802	>
7		115.59	80.85	0.185	>
7		187.66	45.48	0.569	>
7		219.19	15.22	2.159	>
7		219.23	15.22	2.153	>
7		219.07	15.25	2.151	>
7	8	219.16	15.23	2.154	>
8		93.08	-5.17	0.962	>
8		295.69	-7.23	0.987	>
8		283.57	-25.09	1.121	>
8		164.22	1.55	0.774	>
8		342.27	-19.23	4.900	>
8		356.68	-21.16	3.514	>
8		355.86	-23.57	4.835	>
8		1.22	-25.71	3.224	>
8		7.67	-20.21	2.879	>
8		340.84	-19.07	4.952	>
8		293.65	-83.86	0.871	>
8		289.57	-42.58	1.102	>
8		345.92	-25.55	4.352	>
8		347.54	-18.85	3.999	>
8		223.65	4.55	3.197	>
8		244.04	4.50	4.735	>
8		244.13	4.41	4.737	>
8		244.20	4.44	4.748	>
8	9	244.12	4.45	4.740	>
9		171.45	9.16	1.575	>
9		215.90	19.49	1.678	>
9		251.91	6.10	3.688	>
9		288.24	7.92	0.775	>
9		152.63	-1.11	0.413	>
9		149.47	-18.23	0.726	>
9		139.24	-84.55	0.479	>
9		300.02	30.04	0.632	>
9		243.92	0.75	3.696	>
9		243.93	0.90	3.709	>
9		243.92	0.88	3.712	>
9	10	243.92	0.85	3.706	>
10		243.84	0.95	3.696	>
10		243.85	0.93	3.696	>
10		343.24	67.22	0.401	>
10		119.14	-84.64	0.335	>
10		8.72	-1.20	1.813	>
10		36.02	5.01	1.570	>
10		121.74	27.62	0.865	>
10		96.87	12.97	2.156	>
10		11.77	72.55	0.444	>
10		135.82	-76.57	0.301	>
10		350.44	-11.62	4.402	>
10		350.40	-11.59	4.409	>
10		350.54	-11.60	4.410	>
10	11	350.46	-11.60	4.407	>
11		76.33	15.02	1.198	>
11		49.32	12.46	1.450	>
11		26.00	9.61	1.162	>
11		139.11	21.56	0.915	>
11		53.03	86.79	0.990	>
11		98.52	63.28	0.978	>
11		13.73	-76.08	0.482	>
11		325.39	-19.75	5.434	>
11		325.43	-19.78	5.429	>
11		325.42	-19.77	5.430	>
11		336.08	-13.97	4.218	>
11		335.84	-13.97	4.217	>
11		335.92	-13.80	4.215	>
11	12	335.95	-13.92	4.217	>
12		131.30	6.05	1.203	>
12		69.51	1.97	3.739	>
12		60.68	1.31	3.801	>
12		78.44	4.15	3.643	>
12		89.88	8.66	1.940	>
12		67.61	4.23	3.772	>
12		235.15	-4.19	1.981	>
12		75.36	8.75	3.483	>
12		60.67	3.88	3.787	>
12		63.75	9.26	3.922	>
12		66.41	-3.80	3.116	>
12		72.26	1.69	3.620	>
12		61.94	8.56	3.979	>
12		271.43	-75.66	0.703	>
12		225.25	81.42	0.469	>
12		252.17	33.81	1.237	>
12		269.27	-1.01	1.695	>
12		269.20	-1.00	1.707	>
12		269.41	-1.14	1.699	>
12	13	269.29	-1.05	1.700	>
13		47.70	-5.31	0.818	>
13		228.74	0.43	0.708	>
13		226.12	-31.34	1.036	>
13		224.95	-56.73	1.343	>
13		228.70	-84.02	1.195	>
13		53.21	-60.97	1.355	>
13		345.64	-33.28	2.986	>
13		345.68	-33.42	2.968	>
13		345.57	-33.41	2.992	>
13	14	345.63	-33.37	2.982	>
14		243.70	10.85	1.054	>
14		259.51	2.87	1.038	>
14		294.63	-2.36	1.541	>
14		203.39	28.87	1.993	>
14		182.42	-80.79	0.310	>
14		264.72	53.22	0.935	>
14		262.77	-45.85	0.719	>
14		316.65	-19.46	7.336	>
14		316.81	-19.41	7.364	>
14		316.81	-19.47	7.382	>
14	15	316.75	-19.45	7.361	>
15		56.20	5.86	1.088	>
15		194.94	10.22	1.162	>
15		7.88	-8.35	1.263	>
15		74.71	15.41	1.179	>
15		28.34	57.52	0.964	>
15		18.57	53.90	2.680	>
15		192.13	-72.06	0.459	>
15		73.86	-52.09	0.756	>
15		51.15	6.69	1.074	>
15		67.42	77.43	0.702	>
15		335.54	-87.71	0.552	>
15		31.48	39.02	1.513	>
15		28.63	54.91	2.633	>
15		48.74	52.23	1.556	>
15		24.86	54.81	2.896	>
15		342.29	-16.73	3.379	>
15		341.82	-16.43	3.366	>
15		342.17	-16.47	3.359	>
15	16	342.10	-16.54	3.368	>
16		125.21	-1.87	1.458	>
16		87.03	-13.47	1.921	>
16		174.61	13.88	2.735	>
16		144.77	1.62	1.468	>
16		183.06	13.17	2.332	>
16		141.86	44.34	1.105	>
16		256.41	-68.43	1.094	>
16		98.59	-56.85	3.545	>
16		102.04	-55.46	3.326	>
16		75.51	-64.51	3.324	>
16		82.74	-59.13	1.558	>
16		114.66	-28.76	1.734	>
16		128.84	-44.95	1.650	>
16		82.24	-49.40	2.750	>
16		82.02	-49.52	2.753	>
16		82.02	-49.40	2.752	>
16	17	82.09	-49.44	2.752	>
17		131.30	11.88	0.433	>
17		190.44	1.93	1.376	>
17		244.58	5.05	1.361	>
17		296.78	-6.84	0.516	>
17		287.11	-16.93	2.564	>
17		241.10	15.19	1.418	>
17		202.12	25.55	1.308	>
17		190.11	18.15	1.246	>
17		271.59	30.04	1.194	>
17		330.62	84.69	1.671	>
17		251.82	-70.11	0.954	>
17		129.08	-87.46	0.897	>
17		222.98	-43.33	1.203	>
17		292.47	-20.68	2.687	>
17		292.54	-20.75	2.682	>
17		292.71	-20.64	2.691	>
17	18	292.58	-20.69	2.687	>
18		292.49	-21.10	2.688	>
18		259.58	11.24	0.953	>
18		72.14	-0.86	1.268	>
18		46.81	47.32	1.158	>
18		41.59	-11.63	1.905	>
18		92.85	17.67	1.093	>
18		5.25	-19.50	3.159	>
18		20.89	49.74	1.394	>
18		70.11	-18.67	0.863	>
18		12.14	-22.03	4.209	>
18		12.14	-22.18	4.193	>
18		12.15	-22.06	4.172	>
18	19	12.14	-22.09	4.191	>
19		98.07	0.71	1.359	>
19		72.33	57.19	0.545	>
19		127.32	10.20	2.162	>
19		27.66	-5.96	1.789	>
19		210.14	21.80	1.787	>
19		16.39	-6.24	1.484	>
19		66.41	2.43	0.950	>
19		12.71	-5.44	2.840	>
19		88.68	68.35	0.526	>
19		76.13	-64.61	0.313	>

PLAN
STATIONS
0.000	0.000	0
-0.685	3.759	1
-3.005	4.295	2
-8.380	5.695	3
-10.309	7.401	4
-11.295	5.512	5
-13.236	8.826	6
-20.502	13.924	7
-21.815	12.312	8
-26.067	10.250	9
-29.395	8.621	10
-30.111	12.878	11
-31.779	16.616	12
-33.479	16.595	13
-34.097	19.007	14
-38.852	24.063	15
-39.845	27.135	16
-38.072	27.382	17
-40.393	28.346	18
-39.576	32.143	19
SHOTS
0.000	0.000	-0.685	3.759
-0.685	3.759	-0.711	3.658
-0.685	3.759	-0.498	4.065
-0.685	3.759	-1.088	3.251
-0.685	3.759	-0.871	3.581
-0.685	3.759	-0.811	3.552
-0.685	3.759	-0.647	3.807
-0.685	3.759	-3.005	4.295
-3.005	4.295	-2.887	3.877
-3.005	4.295	-2.952	5.840
-3.005	4.295	-3.193	5.995
-3.005	4.295	-2.172	5.197
-3.005	4.295	-1.943	5.020
-3.005	4.295	-3.486	5.161
-3.005	4.295	-3.701	2.934
-3.005	4.295	-5.292	2.775
-3.005	4.295	-5.134	3.575
-3.005	4.295	-5.838	4.253
-3.005	4.295	-3.040	4.341
-3.005	4.295	-3.158	5.175
-3.005	4.295	-8.380	5.695
-8.380	5.695	-9.267	4.834
-8.380	5.695	-7.988	6.296
-8.380	5.695	-8.179	5.072
-8.380	5.695	-9.496	6.189
-8.380	5.695	-9.111	5.690
-8.380	5.695	-8.714	7.543
-8.380	5.695	-8.375	5.674
-8.380	5.695	-8.416	5.376
-8.380	5.695	-8.105	5.981
-8.380	5.695	-10.309	7.401
-10.309	7.401	-9.759	6.056
-10.309	7.401	-10.622	7.126
-10.309	7.401	-9.889	7.456
-10.309	7.401	-10.671	7.103
-10.309	7.401	-9.842	7.571
-10.309	7.401	-10.939	4.528
-10.309	7.401	-9.842	5.904
-10.309	7.401	-11.177	5.502
-10.309	7.401	-12.178	4.083
-10.309	7.401	-12.071	4.424
-10.309	7.401	-9.741	5.870
-10.309	7.401	-11.295	5.512
-11.295	5.512	-11.173	6.286
-11.295	5.512	-12.149	5.706
-11.295	5.512	-10.009	5.339
-11.295	5.512	-9.495	6.078
-11.295	5.512	-10.355	6.552
-11.295	5.512	-11.502	6.462
-11.295	5.512	-12.442	6.366
-11.295	5.512	-13.128	7.403
-11.295	5.512	-12.891	8.766
-11.295	5.512	-11.648	6.773
-11.295	5.512	-11.301	5.602
-11.295	5.512	-11.226	5.541
-11.295	5.512	-11.138	5.936
-11.295	5.512	-11.158	5.995
-11.295	5.512	-11.123	6.081
-11.295	5.512	-11.069	6.200
-11.295	5.512	-13.212	8.868
-11.295	5.512	-13.181	8.790
-11.295	5.512	-13.176	8.759
-11.295	5.512	-13.236	8.826
-13.236	8.826	-10.662	7.368
-13.236	8.826	-14.145	7.321
-13.236	8.826	-13.095	8.980
-13.236	8.826	-11.948	7.559
-13.236	8.826	-10.985	4.617
-13.236	8.826	-13.395	7.271
-13.236	8.826	-14.313	7.328
-13.236	8.826	-14.163	8.468
-13.236	8.826	-14.143	9.960
-13.236	8.826	-15.338	9.360
-13.236	8.826	-12.035	7.435
-13.236	8.826	-13.269	8.810
-13.236	8.826	-13.533	8.528
-13.236	8.826	-14.165	8.179
-13.236	8.826	-13.591	8.158
-13.236	8.826	-20.502	13.924
-20.502	13.924	-20.461	13.672
-20.502	13.924	-20.557	13.963
-20.502	13.924	-20.465	13.297
-20.502	13.924	-20.498	13.672
-20.502	13.924	-20.524	13.934
-20.502	13.924	-20.476	13.911
-20.502	13.924	-20.555	13.529
-20.502	13.924	-21.815	12.312
-21.815	12.312	-20.858	12.261
-21.815	12.312	-22.697	12.737
-21.815	12.312	-22.802	12.551
-21.815	12.312	-21.605	11.568
-21.815	12.312	-23.224	16.719
-21.815	12.312	-22.005	15.584
-21.815	12.312	-22.135	16.733
-21.815	12.312	-21.753	15.217
-21.815	12.312	-21.455	14.990
-21.815	12.312	-23.351	16.733
-21.815	12.312	-21.900	12.350
-21.815	12.312	-22.580	12.584
-21.815	12.312	-22.771	16.121
-21.815	12.312	-22.631	16.008
-21.815	12.312	-24.015	10.006
-21.815	12.312	-26.067	10.250
-26.067	10.250	-25.836	8.712
-26.067	10.250	-26.994	8.968
-26.067	10.250	-29.553	9.111
-26.067	10.250	-26.796	10.490
-26.067	10.250	-25.877	9.883
-26.067	10.250	-25.717	9.656
-26.067	10.250	-26.037	10.215
-26.067	10.250	-26.541	10.524
-26.067	10.250	-29.395	8.621
-29.395	8.621	-32.712	6.992
-29.395	8.621	-32.712	6.992
-29.395	8.621	-29.440	8.770
-29.395	8.621	-29.368	8.606
-29.395	8.621	-29.120	10.413
-29.395	8.621	-28.475	9.886
-29.395	8.621	-28.743	8.218
-29.395	8.621	-27.309	8.370
-29.395	8.621	-29.368	8.751
-29.395	8.621	-29.346	8.571
-29.395	8.621	-30.111	12.878
-30.111	12.878	-28.986	13.152
-30.111	12.878	-29.037	13.801
-30.111	12.878	-29.608	13.908
-30.111	12.878	-29.554	12.235
-30.111	12.878	-30.066	12.912
-30.111	12.878	-29.676	12.813
-30.111	12.878	-30.083	12.991
-30.111	12.878	-31.779	16.616
-31.779	16.616	-30.880	15.826
-31.779	16.616	-28.278	17.924
-31.779	16.616	-28.466	18.477
-31.779	16.616	-28.219	17.344
-31.779	16.616	-29.861	16.620
-31.779	16.616	-28.301	18.049
-31.779	16.616	-33.400	15.487
-31.779	16.616	-28.448	17.486
-31.779	16.616	-28.485	18.467
-31.779	16.616	-28.307	18.328
-31.779	16.616	-28.930	17.860
-31.779	16.616	-28.332	17.718
-31.779	16.616	-28.307	18.467
-31.779	16.616	-31.953	16.620
-31.779	16.616	-31.829	16.567
-31.779	16.616	-32.757	16.301
-31.779	16.616	-33.479	16.595
-33.479	16.595	-32.876	17.143
-33.479	16.595	-34.011	16.128
-33.479	16.595	-34.117	15.982
-33.479	16.595	-33.999	16.073
-33.479	16.595	-33.572	16.513
-33.479	16.595	-32.952	16.989
-33.479	16.595	-34.097	19.007
-34.097	19.007	-35.025	18.549
-34.097	19.007	-35.116	18.819
-34.097	19.007	-35.496	19.649
-34.097	19.007	-34.790	17.405
-34.097	19.007	-34.099	18.958
-34.097	19.007	-34.654	18.956
-34.097	19.007	-34.594	18.944
-34.097	19.007	-38.852	24.063
-38.852	24.063	-37.953	24.665
-38.852	24.063	-39.147	22.958
-38.852	24.063	-38.681	25.301
-38.852	24.063	-37.756	24.363
-38.852	24.063	-38.606	24.519
-38.852	24.063	-38.349	25.560
-38.852	24.063	-38.882	23.925
-38.852	24.063	-38.406	24.192
-38.852	24.063	-38.021	24.732
-38.852	24.063	-38.711	24.122
-38.852	24.063	-38.861	24.083
-38.852	24.063	-38.238	25.066
-38.852	24.063	-38.127	25.392
-38.852	24.063	-38.136	24.692
-38.852	24.063	-38.151	25.578
-38.852	24.063	-39.845	27.135
-39.845	27.135	-38.654	26.295
-39.845	27.135	-37.979	27.232
-39.845	27.135	-39.595	24.492
-39.845	27.135	-38.998	25.937
-39.845	27.135	-39.966	24.868
-39.845	27.135	-39.357	26.514
-39.845	27.135	-40.236	27.041
-39.845	27.135	-37.928	26.846
-39.845	27.135	-38.000	26.742
-39.845	27.135	-38.460	27.493
-39.845	27.135	-39.052	27.236
-39.845	27.135	-38.463	26.501
-39.845	27.135	-38.935	26.403
-39.845	27.135	-38.072	27.382
-38.072	27.382	-37.754	27.102
-38.072	27.382	-38.322	26.029
-38.072	27.382	-39.297	26.800
-38.072	27.382	-38.530	27.612
-38.072	27.382	-40.417	28.103
-38.072	27.382	-39.270	26.720
-38.072	27.382	-38.517	26.288
-38.072	27.382	-38.280	26.216
-38.072	27.382	-39.106	27.410
-38.072	27.382	-38.148	27.516
-38.072	27.382	-38.381	27.280
-38.072	27.382	-38.041	27.356
-38.072	27.382	-38.669	26.741
-38.072	27.382	-40.393	28.346
-40.393	28.346	-42.710	29.306
-40.393	28.346	-41.313	28.177
-40.393	28.346	-39.186	28.735
-40.393	28.346	-39.821	28.884
-40.393	28.346	-39.155	29.742
-40.393	28.346	-39.353	28.295
-40.393	28.346	-40.121	31.312
-40.393	28.346	-40.072	29.188
-40.393	28.346	-39.624	28.625
-40.393	28.346	-39.576	32.143
-39.576	32.143	-38.231	31.952
-39.576	32.143	-39.295	32.233
-39.576	32.143	-37.884	30.853
-39.576	32.143	-38.750	33.719
-39.576	32.143	-40.409	30.708
-39.576	32.143	-39.160	33.559
-39.576	32.143	-38.706	32.523
-39.576	32.143	-38.954	34.901
-39.576	32.143	-39.382	32.148
-39.576	32.143	-39.446	32.175
POLYLINE BLACK
0.000	-0.000
0.000	-0.000
POLYLINE BLACK
-0.525	4.139
-0.525	4.139
POLYLINE BLACK
-0.537	4.142
-0.537	4.143
POLYLINE BLACK
-0.538	4.144
-0.538	4.146
POLYLINE BLACK
-0.552	4.156
-0.537	4.122
-0.519	4.089
-0.509	4.054
-0.498	4.006
-0.487	3.958
-0.477	3.910
-0.472	3.876
-0.471	3.842
-0.462	3.809
-0.365	3.475
-0.245	3.148
-0.158	2.811
-0.126	2.685
-0.126	2.553
-0.106	2.425
-0.095	2.357
-0.073	2.292
-0.064	2.224
-0.044	2.069
-0.070	2.122
-0.067	2.000
-0.066	1.985
-0.061	1.970
-0.058	1.955
POLYLINE BLACK
-0.882	3.282
-0.853	3.323
-0.809	3.390
-0.747	3.375
-0.692	3.361
-0.654	3.340
-0.601	3.342
-0.530	3.344
-0.495	3.397
-0.460	3.452
POLYLINE BLACK
-0.777	2.572
-0.735	2.630
-0.682	2.693
-0.602	2.668
-0.570	2.658
-0.518	2.624
-0.499	2.616
-0.483	2.608
-0.452	2.601
-0.433	2.601
-0.368	2.598
-0.319	2.645
-0.288	2.697
-0.286	2.700
-0.286	2.703
-0.285	2.706
-0.277	2.730
-0.270	2.754
-0.263	2.778
POLYLINE BLACK
-0.711	1.831
-0.955	2.279
-0.873	2.849
-1.127	3.287
POLYLINE BLACK
-0.512	4.080
-0.552	4.132
-0.587	4.188
-0.631	4.235
-0.694	4.301
-0.762	4.362
-0.832	4.419
-1.030	4.579
-1.142	4.651
-1.373	4.753
-1.688	4.892
-1.453	4.735
-1.784	4.933
-2.042	5.087
-1.924	5.027
-2.054	5.121
-2.077	5.138
-2.102	5.152
-2.124	5.169
-2.190	5.221
-2.252	5.278
-2.318	5.330
-2.353	5.357
-2.393	5.378
-2.428	5.406
-3.049	5.906
-2.283	5.316
-2.715	5.641
-2.839	5.735
-2.961	5.833
-3.087	5.924
-3.143	5.964
-3.215	5.998
-3.277	5.950
-3.437	5.825
-3.511	5.668
-3.507	5.466
-3.497	4.966
-3.461	5.217
-3.492	5.021
POLYLINE BLACK
-1.102	3.206
-1.101	3.205
POLYLINE BLACK
-1.105	3.212
-1.155	3.270
-1.201	3.332
-1.255	3.387
-1.360	3.493
-1.482	3.581
-1.613	3.653
-1.669	3.684
-1.726	3.717
-1.789	3.732
-2.459	3.892
-2.077	3.775
-2.578	3.819
-2.731	3.833
-2.906	3.929
-3.035	3.805
-3.224	3.624
-3.294	3.389
-3.434	3.158
-3.465	3.107
-3.505	3.063
-3.542	3.017
-3.562	2.993
-3.584	2.971
-3.605	2.948
-3.620	2.932
-3.638	2.907
-3.659	2.895
-3.676	2.885
-3.694	2.879
-3.712	2.871
POLYLINE BLACK
-1.163	3.542
-1.178	3.568
-1.193	3.586
-1.198	3.614
-1.213	3.685
-1.161	3.749
-1.107	3.787
-1.035	3.838
-0.942	3.851
-0.873	3.906
-0.789	3.973
-0.794	4.056
-0.830	4.149
-0.841	4.176
-0.864	4.206
-0.880	4.228
POLYLINE BLACK
-1.649	3.876
-1.660	3.900
-1.673	3.922
-1.682	3.946
-1.702	3.996
-1.700	4.060
-1.661	4.100
-1.634	4.126
-1.634	4.115
-1.602	4.148
-1.581	4.171
-1.547	4.211
-1.534	4.243
-1.505	4.316
-1.491	4.409
-1.519	4.485
-1.528	4.510
-1.541	4.533
-1.552	4.557
POLYLINE BLACK
-2.468	4.297
-2.480	4.317
-2.492	4.336
-2.502	4.356
-2.521	4.395
-2.523	4.451
-2.491	4.483
-2.444	4.531
-2.453	4.509
-2.381	4.565
-2.367	4.576
-2.353	4.590
-2.341	4.604
-2.280	4.672
-2.273	4.792
-2.287	4.876
-2.289	4.891
-2.293	4.904
-2.296	4.918
POLYLINE BLACK
-2.878	4.555
-2.901	4.618
-2.963	4.710
-2.927	4.784
-2.907	4.824
-2.863	4.843
-2.832	4.873
-2.815	4.889
-2.801	4.908
-2.787	4.927
-2.750	4.978
-2.753	4.998
-2.737	5.067
POLYLINE BLACK
-3.154	4.998
-3.170	5.045
-3.229	5.141
-3.179	5.193
-3.153	5.220
-3.123	5.241
-3.100	5.270
-3.051	5.333
-3.021	5.402
-2.998	5.477
POLYLINE BLACK
-3.721	2.862
-3.793	2.901
-3.871	2.954
-3.953	2.973
-3.991	2.982
-4.030	2.985
-4.069	2.988
-4.232	2.999
-4.286	2.977
-4.477	2.923
-4.565	2.899
-4.650	2.866
-4.737	2.835
-4.770	2.823
-4.801	2.804
-4.836	2.795
-4.943	2.765
-5.099	2.717
-5.228	2.717
-5.263	2.717
-5.306	2.725
-5.332	2.750
-5.377	2.793
-5.387	2.881
-5.373	2.937
-5.350	3.025
-5.317	3.110
-5.288	3.197
-5.255	3.295
-5.213	3.380
-5.205	3.481
-5.200	3.544
-5.219	3.606
-5.246	3.662
-5.265	3.702
-5.317	3.724
-5.350	3.743
-5.425	3.786
-5.503	3.822
-5.575	3.869
-5.656	3.923
-5.779	4.009
-5.817	4.113
-5.864	4.239
-5.857	4.246
-5.871	4.373
POLYLINE BLACK
-5.851	4.178
-5.862	4.326
-5.910	4.385
-6.018	4.494
-6.209	4.687
-6.362	4.769
-6.622	4.856
-6.669	4.872
-6.717	4.886
-6.766	4.889
-7.147	4.911
-7.529	4.900
-7.909	4.932
-8.284	4.963
-8.180	5.036
-8.439	5.020
-8.519	5.014
-8.625	4.986
-8.698	4.954
-8.836	4.892
-9.069	4.719
-9.259	4.757
-9.313	4.768
-9.338	4.786
-9.391	4.813
POLYLINE BLACK
-3.537	4.999
-3.561	4.981
-3.582	4.959
-3.609	4.945
-3.666	4.916
-3.725	4.890
-3.786	4.872
-4.016	4.805
-4.267	4.821
-4.499	4.861
-4.574	4.874
-4.648	4.893
-4.722	4.908
-4.759	4.916
-4.797	4.916
-4.833	4.927
-5.018	4.982
-5.201	5.045
-5.383	5.106
-5.829	5.257
-6.264	5.445
-6.720	5.563
-6.874	5.603
-7.341	5.522
-7.525	5.713
-7.686	5.879
-7.973	6.284
-8.049	6.411
-8.621	7.377
-8.080	6.669
-8.625	7.462
-8.669	7.525
-8.744	7.584
-8.807	7.629
-8.818	7.637
-8.832	7.641
-8.843	7.650
-8.867	7.671
-8.887	7.694
-8.909	7.716
POLYLINE BLACK
-10.918	7.925
-10.893	7.888
-10.864	7.853
-10.844	7.813
-10.705	7.542
-10.722	7.239
-10.681	6.937
-10.680	6.930
-10.681	6.923
-10.679	6.916
-10.670	6.873
-10.659	6.831
-10.649	6.789
POLYLINE BLACK
-9.979	8.062
-9.938	7.794
-9.950	7.939
-9.889	7.540
-9.884	7.510
-9.893	7.503
-9.891	7.476
-9.888	7.432
-9.884	7.387
-9.880	7.342
POLYLINE BLACK
0.000	-0.000
0.000	-0.000
POLYLINE BLACK
-11.674	4.904
-11.704	4.897
-11.734	4.892
-11.764	4.882
-11.937	4.826
-12.058	4.627
-12.112	4.466
-12.133	4.402
-12.215	4.201
-12.165	4.096
-12.124	4.009
-11.969	3.963
-11.886	3.957
-11.664	3.943
-11.410	3.933
-11.197	4.024
-11.147	4.045
-11.091	4.082
-11.051	4.120
-10.950	4.216
-10.885	4.375
-10.926	4.513
-10.939	4.558
-10.960	4.595
-10.988	4.632
-11.013	4.664
-11.057	4.707
-11.093	4.726
-11.280	4.826
-11.372	4.862
-11.597	4.886
-11.666	4.894
-11.737	4.881
-11.807	4.879
POLYLINE BLACK
-8.905	7.705
-8.963	7.721
-8.993	7.736
-9.050	7.734
-9.196	7.729
-9.448	7.592
-9.545	7.535
-9.626	7.487
-9.697	7.423
-9.775	7.371
-9.788	7.362
-9.803	7.353
-9.820	7.350
-9.861	7.344
-9.904	7.348
-9.946	7.347
POLYLINE BLACK
-9.411	4.760
-9.733	4.980
-9.484	4.792
-9.925	5.249
-9.953	5.278
-10.001	5.297
-10.040	5.301
-10.103	5.309
-10.148	5.285
-10.215	5.268
POLYLINE BLACK
0.000	-0.000
0.000	-0.000
POLYLINE BLACK
-0.777	1.646
-0.791	1.645
POLYLINE BLACK
-10.211	5.260
-10.307	5.244
-10.373	5.205
-10.458	5.159
POLYLINE BLACK
-10.440	5.162
-10.479	5.146
-10.519	5.132
-10.556	5.114
-10.680	5.054
-10.754	4.927
-10.801	4.804
-10.822	4.750
-10.840	4.676
-10.837	4.617
-10.831	4.464
-10.819	4.454
-10.777	4.318
POLYLINE BLACK
-12.005	5.003
-12.158	4.839
-12.234	4.732
-12.297	4.519
-12.313	4.465
-12.323	4.409
-12.332	4.352
-12.334	4.336
-12.336	4.319
-12.332	4.303
-12.316	4.232
-12.296	4.162
-12.272	4.093
-12.238	3.995
-12.183	3.892
-12.085	3.845
-11.988	3.799
-11.883	3.781
-11.776	3.790
-11.647	3.800
-11.517	3.807
-11.389	3.827
-11.296	3.842
-11.204	3.868
-11.113	3.892
-11.095	3.897
-11.078	3.906
-11.062	3.916
-10.950	3.987
-10.859	4.100
-10.824	4.230
-10.804	4.305
-10.805	4.340
-10.800	4.410
POLYLINE BLACK
-11.368	4.115
-11.148	3.689
-11.239	3.898
-11.087	3.492
POLYLINE BLACK
-12.361	3.287
-12.353	3.188
-12.345	3.089
-12.336	2.991
-12.334	2.983
-12.333	2.976
-12.330	2.969
-12.314	2.928
-12.258	2.925
-12.224	2.941
-12.207	2.948
-12.192	2.961
-12.180	2.974
-12.137	3.020
-12.099	3.071
-12.054	3.115
-12.026	3.143
-11.994	3.164
-11.963	3.188
POLYLINE BLACK
-12.066	2.990
-12.065	2.969
-12.069	2.930
-12.055	2.907
-12.028	2.861
-11.951	2.862
-11.908	2.879
-11.875	2.893
-11.840	2.943
-11.812	2.938
-11.800	2.936
-11.796	2.921
-11.794	2.911
-11.778	2.846
-11.783	2.751
-11.702	2.729
-11.667	2.719
-11.629	2.716
-11.593	2.727
-11.513	2.752
-11.434	2.849
-11.462	2.937
-11.469	2.962
-11.487	2.981
-11.507	2.997
-11.560	3.038
-11.622	3.030
-11.671	2.985
-11.716	2.944
-11.726	2.900
-11.757	2.841
POLYLINE BLACK
-11.316	2.752
-11.298	2.773
-11.278	2.793
-11.262	2.816
-11.252	2.829
-11.243	2.843
-11.238	2.859
-11.215	2.937
-11.193	3.014
-11.170	3.092
-11.169	3.103
-11.163	3.137
-11.165	3.126
-11.177	3.070
-11.192	3.015
-11.198	2.959
-11.203	2.906
-11.199	2.853
-11.198	2.801
-11.197	2.744
-11.110	2.725
-11.076	2.761
-11.047	2.792
-11.033	2.835
-11.016	2.872
-11.009	2.887
-11.009	2.906
-10.998	2.917
-10.994	2.922
-10.991	2.908
-10.987	2.903
-10.981	2.865
-10.978	2.827
-10.969	2.790
-10.965	2.768
-10.956	2.747
-10.947	2.727
-10.935	2.702
-10.911	2.658
-10.885	2.640
-10.835	2.606
-10.766	2.652
-10.735	2.690
-10.674	2.764
-10.647	2.884
-10.617	2.973
POLYLINE BLACK
-10.386	2.979
-10.388	2.864
-10.395	2.749
-10.394	2.633
-10.394	2.621
-10.386	2.657
-10.382	2.670
-10.360	2.740
-10.342	2.811
-10.319	2.880
-10.317	2.887
-10.313	2.894
-10.307	2.899
-10.296	2.907
-10.283	2.894
-10.279	2.886
-10.253	2.832
-10.233	2.775
-10.207	2.722
-10.195	2.698
-10.171	2.719
-10.164	2.732
-10.136	2.779
-10.112	2.829
-10.084	2.876
-10.054	2.928
-9.982	2.880
-9.956	2.853
-9.920	2.815
-9.948	2.836
-9.920	2.801
-9.902	2.778
-9.882	2.757
-9.864	2.736
POLYLINE BLACK
-9.710	3.089
-9.715	2.654
-9.745	2.668
-9.614	2.992
-9.582	3.070
-9.546	2.979
-9.537	2.947
-9.514	2.859
-9.496	2.769
-9.475	2.680
POLYLINE BLACK
-9.164	3.024
-9.202	2.990
-9.244	2.956
-9.257	2.903
-9.269	2.856
-9.280	2.797
-9.278	2.746
-9.276	2.696
-9.217	2.640
-9.171	2.681
-9.117	2.730
-9.050	2.870
-9.062	2.943
-9.069	2.983
-9.114	3.021
-9.155	3.011
-9.183	3.004
-9.214	2.975
-9.231	2.964
POLYLINE BLACK
-9.147	2.929
-9.127	2.908
-9.108	2.885
-9.086	2.866
-9.024	2.812
-8.934	2.776
-8.852	2.776
-8.848	2.776
-8.843	2.777
-8.840	2.778
-8.799	2.789
-8.759	2.801
-8.719	2.813
POLYLINE BLACK
-10.700	6.853
-10.701	6.797
-10.691	6.598
-10.723	6.509
-10.793	6.317
-10.822	6.261
-10.944	6.110
-10.989	6.054
-11.068	5.989
-11.144	5.983
-11.189	5.979
-11.243	6.011
-11.276	6.031
-11.346	6.072
-11.434	6.163
-11.464	6.238
-11.587	6.542
-11.702	6.848
-11.814	7.155
-11.846	7.246
-11.864	7.342
-11.896	7.433
-11.912	7.479
-11.937	7.521
-11.958	7.566
POLYLINE BLACK
-12.137	4.912
-12.090	4.971
-12.042	5.031
-12.031	5.108
-11.992	5.368
-12.231	5.637
-12.324	5.830
-12.393	5.974
-12.403	6.143
-12.447	6.292
-12.467	6.358
-12.494	6.421
-12.523	6.483
-12.541	6.521
-12.562	6.560
-12.591	6.592
-12.721	6.731
-12.869	6.852
-12.999	6.992
-13.071	7.070
-13.143	7.208
-13.180	7.308
-13.196	7.352
-13.203	7.398
-13.215	7.443
POLYLINE BLACK
-11.970	7.470
-11.981	7.492
-11.995	7.513
-12.005	7.537
-12.087	7.731
-11.950	7.926
-11.834	8.069
-11.778	8.138
-11.697	8.204
-11.611	8.230
-11.355	8.307
-11.204	8.196
-10.992	8.044
-10.942	8.008
-10.900	7.948
-10.881	7.890
-10.863	7.835
-10.867	7.809
-10.865	7.747
POLYLINE BLACK
-9.999	7.937
-10.010	7.965
-10.018	7.994
-10.032	8.021
-10.118	8.182
-10.363	8.357
-10.491	8.436
-10.628	8.522
-10.908	8.684
-11.108	8.710
-11.631	8.780
-11.645	8.724
-12.193	8.753
-12.478	8.769
-13.016	9.011
-13.144	9.060
-13.246	9.100
-13.293	9.156
-13.363	9.235
POLYLINE BLACK
-14.206	8.609
-14.254	8.253
-14.188	8.676
-14.463	7.878
-14.485	7.814
-14.497	7.747
-14.503	7.679
-14.517	7.533
-14.528	7.363
-14.416	7.250
-14.340	7.174
-14.164	7.157
-14.063	7.171
-13.947	7.187
-13.826	7.189
-13.714	7.227
-13.583	7.272
-13.468	7.354
-13.343	7.415
-13.330	7.421
-13.316	7.423
-13.302	7.426
-13.295	7.427
-13.287	7.430
-13.281	7.427
-13.245	7.410
-13.212	7.387
-13.178	7.367
POLYLINE BLACK
-15.430	9.413
-15.410	9.382
-15.392	9.349
-15.370	9.319
-15.351	9.293
-15.308	9.247
-15.277	9.231
-15.046	9.113
-14.814	8.999
-14.580	8.886
-14.530	8.862
-14.475	8.845
-14.425	8.819
-14.357	8.786
-14.291	8.728
-14.263	8.656
-14.243	8.606
-14.248	8.559
-14.244	8.503
POLYLINE BLACK
6.196	8.925
6.175	8.742
POLYLINE BLACK
-3.969	3.566
-4.005	3.600
-4.044	3.631
-4.078	3.668
-4.115	3.708
-4.149	3.773
-4.166	3.824
-4.196	3.911
-4.207	4.069
-4.083	4.084
-4.002	4.094
-3.877	4.076
-3.806	4.143
-3.677	4.265
-3.755	4.439
-3.795	4.579
POLYLINE BLACK
-4.908	3.670
-4.944	3.732
-4.984	3.792
-5.016	3.856
-5.039	3.904
-5.085	3.997
-5.051	4.058
-5.025	4.105
-4.924	4.153
-4.900	4.171
-4.849	4.210
-4.805	4.258
-4.785	4.319
-4.728	4.487
-4.831	4.654
-4.899	4.801
POLYLINE BLACK
-5.927	4.574
-6.016	4.715
-6.054	4.774
-5.942	4.906
-5.911	4.943
-5.861	4.975
-5.840	5.022
-5.802	5.108
-5.816	5.212
-5.817	5.302
POLYLINE BLACK
-7.458	4.960
-7.433	4.994
-7.409	5.030
-7.382	5.062
-7.324	5.130
-7.233	5.120
-7.190	5.184
-7.154	5.237
-7.158	5.331
-7.152	5.384
POLYLINE BLACK
-9.009	5.285
-9.080	5.334
-9.154	5.379
-9.222	5.431
-9.336	5.518
-9.393	5.652
-9.309	5.782
-9.206	5.943
-8.995	6.006
-8.916	6.186
-8.811	6.424
-8.932	6.690
-9.011	6.914
POLYLINE BLACK
-10.077	5.488
-10.127	5.663
-10.230	5.941
-10.038	6.075
-9.989	6.109
-9.970	6.104
-9.913	6.138
-9.846	6.180
-9.787	6.241
-9.753	6.313
-9.665	6.496
-9.727	6.709
-9.762	6.894
POLYLINE BLACK
-12.489	7.784
-12.490	7.929
-12.479	8.052
-12.332	8.118
-12.283	8.140
-12.264	8.134
-12.208	8.151
-12.148	8.170
-12.090	8.218
-12.064	8.275
-12.027	8.353
-12.065	8.454
-12.080	8.529
POLYLINE BLACK
-19.725	12.526
-19.074	12.297
-19.066	12.351
-18.587	12.027
-18.370	11.880
-18.165	11.714
-17.948	11.566
-17.162	11.030
-17.500	11.345
-16.646	10.656
-16.476	10.518
-16.313	10.370
-16.156	10.217
-15.821	9.889
-15.664	9.772
-15.472	9.451
-15.447	9.409
-15.427	9.365
-15.405	9.322
POLYLINE BLACK
-19.334	13.206
-19.289	13.172
-19.247	13.134
-19.200	13.103
-19.032	12.994
-18.920	13.017
-18.718	12.887
-17.497	12.101
-16.312	11.259
-15.090	10.475
-13.944	9.739
-14.732	10.316
-14.106	9.970
-14.050	9.939
-13.996	9.904
-13.948	9.861
-13.488	9.444
-13.571	9.532
-13.312	9.172
POLYLINE BLACK
-19.728	12.494
-19.756	12.527
-19.784	12.558
-19.829	12.562
-19.853	12.564
-19.878	12.569
-19.902	12.565
-20.132	12.523
-20.360	12.475
-20.588	12.423
-20.614	12.417
-20.638	12.405
-20.661	12.393
-20.769	12.336
-20.844	12.227
-20.930	12.147
-21.077	12.010
-21.226	11.874
-21.381	11.745
-21.570	11.586
-21.764	11.434
-21.959	11.282
-22.110	11.164
-22.026	11.265
-22.115	11.138
POLYLINE BLACK
-23.413	11.803
-23.381	11.842
-23.348	11.881
-23.316	11.920
-23.283	11.975
-23.255	12.032
-23.217	12.083
-23.160	12.159
-23.093	12.227
-23.031	12.299
-22.860	12.549
-22.689	12.800
-22.517	13.050
POLYLINE BLACK
-19.286	13.177
-19.698	13.486
-18.736	12.759
-20.052	13.890
-20.641	14.396
-20.327	14.044
-20.868	14.426
-20.965	14.495
-21.323	14.847
-21.384	14.915
-21.482	15.027
-21.573	15.146
-21.660	15.267
-21.688	15.306
-21.716	15.346
-21.728	15.392
-21.825	15.735
-21.907	16.082
-21.986	16.430
-22.085	16.864
-22.079	16.776
-22.074	17.032
POLYLINE BLACK
-23.292	16.871
-23.287	16.828
-23.286	16.785
-23.277	16.743
-23.164	16.215
-23.061	15.684
-22.927	15.161
-22.862	14.905
-22.767	14.657
-22.682	14.408
-22.656	14.332
-22.614	14.263
-22.595	14.186
-22.483	13.744
-22.455	13.621
-22.465	13.227
-22.467	13.145
-22.486	13.134
-22.503	13.063
-22.510	13.029
-22.515	12.994
-22.521	12.960
POLYLINE BLACK
-23.148	18.896
-23.146	18.916
-23.144	18.937
-23.140	18.958
-23.128	19.021
-23.035	19.042
-22.986	19.050
-22.945	19.056
-22.890	19.058
-22.855	19.030
-22.806	18.991
-22.805	18.908
-22.819	18.853
-22.821	18.842
-22.824	18.832
-22.830	18.823
-22.917	18.688
-23.013	18.559
-23.098	18.422
-23.142	18.351
-23.176	18.215
-23.177	18.131
-23.177	18.023
-23.090	17.958
-23.001	17.918
-22.907	17.876
-22.795	17.840
-22.691	17.871
-22.601	17.899
-22.552	17.983
-22.500	18.054
POLYLINE BLACK
-22.728	17.295
-22.796	17.298
-22.839	17.289
-22.871	17.223
-22.902	17.157
-22.867	17.070
-22.802	17.040
-22.774	17.027
-22.751	17.022
-22.720	17.020
-22.688	17.017
-22.654	17.025
-22.629	17.046
-22.570	17.093
-22.543	17.187
-22.576	17.257
-22.596	17.301
-22.641	17.333
-22.686	17.351
-22.754	17.378
-22.796	17.361
-22.864	17.341
POLYLINE BLACK
-22.043	11.330
-22.329	10.972
-22.421	10.796
-22.814	10.545
-23.088	10.370
-23.379	10.226
-23.668	10.078
-24.186	9.814
-23.869	10.058
-24.162	9.810
POLYLINE BLACK
-19.312	12.528
-19.274	12.563
-19.237	12.602
-19.196	12.635
-19.094	12.716
-18.928	12.766
-18.806	12.701
-18.768	12.681
-18.707	12.639
-18.680	12.603
-18.556	12.433
-18.482	12.219
-18.298	12.101
-18.208	12.043
-18.086	12.023
-17.982	12.044
-17.924	12.055
-17.868	12.077
-17.809	12.086
-17.762	12.093
-17.714	12.091
-17.667	12.093
POLYLINE BLACK
-16.960	11.132
-16.695	11.120
-16.418	11.122
-16.239	10.898
-16.211	10.864
-16.178	10.804
-16.168	10.760
-16.120	10.558
-16.114	10.224
-15.889	10.102
-15.727	10.015
-15.493	10.112
-15.346	10.145
POLYLINE BLACK
-21.924	12.907
-21.915	12.984
-21.906	13.087
-21.809	13.099
-21.709	13.112
-21.610	13.125
-21.510	13.130
-21.465	13.132
-21.327	13.124
-21.273	13.097
-21.100	13.008
-20.830	12.787
-20.605	12.812
-20.435	12.831
-20.333	12.998
-20.241	13.120
POLYLINE BLACK
-22.304	13.741
-22.238	13.899
-22.186	13.951
-22.026	14.026
-21.939	14.067
-21.831	14.100
-21.738	14.058
-21.695	14.039
-21.652	14.018
-21.612	13.993
-21.521	13.935
-21.425	13.826
-21.302	13.839
-21.298	13.839
-21.245	13.848
-21.234	13.858
-21.188	13.896
-21.145	13.937
-21.101	13.977
POLYLINE BLACK
-22.815	15.260
-22.778	15.293
-22.743	15.329
-22.705	15.359
-22.597	15.444
-22.448	15.427
-22.336	15.361
-22.211	15.287
-22.108	15.178
-21.959	15.166
-21.851	15.158
-21.791	15.217
-21.707	15.280
POLYLINE BLACK
-23.101	11.265
-23.113	11.327
-23.129	11.389
-23.137	11.453
-23.144	11.508
-23.144	11.577
-23.128	11.633
-23.100	11.732
-23.020	11.819
-22.910	11.806
-22.885	11.804
-22.846	11.792
-22.825	11.778
-22.670	11.672
-22.720	11.683
-22.554	11.527
-22.495	11.472
-22.416	11.439
-22.338	11.424
-22.207	11.400
-22.064	11.497
-21.978	11.584
-21.938	11.625
-21.901	11.671
-21.863	11.714
POLYLINE BLACK
-24.042	9.871
-24.067	9.866
POLYLINE BLACK
-23.343	11.892
-23.760	11.540
-23.893	11.373
-24.331	11.148
-24.627	10.996
-24.742	11.013
-25.081	10.923
-25.397	10.835
-25.713	10.746
-26.029	10.658
-26.112	10.623
-26.192	10.583
-26.277	10.555
-26.422	10.508
-26.715	10.523
-26.812	10.513
-26.880	10.506
-26.945	10.483
-27.012	10.468
POLYLINE BLACK
-24.038	9.861
-24.032	9.861
POLYLINE BLACK
-24.031	9.876
-24.095	9.854
-24.159	9.835
-24.222	9.811
-24.285	9.788
-24.344	9.755
-24.408	9.735
-24.542	9.693
-24.680	9.698
-24.819	9.706
-24.964	9.714
-25.108	9.737
-25.254	9.743
-25.379	9.748
-25.617	9.758
-25.705	9.627
-25.771	9.529
-25.813	9.406
-25.800	9.286
-25.785	9.151
-25.708	9.032
-25.704	8.895
-25.697	8.681
-25.858	8.518
-26.076	8.586
-26.287	8.651
-26.498	8.714
-26.706	8.786
-26.793	8.817
-26.877	8.857
-26.963	8.893
POLYLINE BLACK
-26.912	10.459
-27.032	10.432
-27.027	10.442
-27.124	10.395
-27.403	10.260
-27.676	10.112
-27.959	9.985
-28.094	9.925
-28.344	9.847
-28.503	9.900
-28.695	9.964
-28.769	10.193
-28.866	10.342
-28.912	10.413
-29.010	10.465
-29.086	10.492
-29.128	10.507
-29.172	10.517
-29.216	10.526
-29.230	10.529
-29.246	10.532
-29.260	10.528
-29.301	10.515
-29.339	10.493
-29.379	10.475
POLYLINE BLACK
-26.922	8.923
-27.028	8.906
-27.098	8.879
-27.159	8.788
-27.198	8.731
-27.226	8.672
-27.241	8.604
-27.263	8.507
-27.247	8.475
-27.287	8.398
-27.351	8.274
-27.452	8.232
-27.571	8.165
POLYLINE BLACK
-27.444	8.253
-27.492	8.217
-27.537	8.177
-27.587	8.144
-27.736	8.046
-27.923	8.033
-28.095	8.052
-28.379	8.083
-28.571	8.070
-28.810	8.174
-28.864	8.198
-28.917	8.225
-28.965	8.259
-29.057	8.322
-29.139	8.400
-29.231	8.465
-29.258	8.484
-29.289	8.502
-29.323	8.509
-29.364	8.518
-29.408	8.511
-29.451	8.512
POLYLINE BLACK
-24.513	10.571
-24.476	10.636
-24.444	10.710
-24.373	10.746
-24.190	10.840
-23.991	10.648
-23.867	10.551
-23.772	10.476
-23.697	10.386
-23.575	10.357
-23.330	10.299
-23.172	10.473
-23.001	10.618
POLYLINE BLACK
-26.217	9.844
-26.185	9.874
-26.155	9.908
-26.120	9.935
-26.000	10.032
-25.781	10.063
-25.636	10.009
-25.596	9.994
-25.557	9.976
-25.519	9.955
-25.479	9.933
-25.443	9.902
-25.402	9.879
-25.345	9.848
-25.271	9.839
-25.207	9.846
-25.083	9.858
-24.960	9.995
-24.886	10.050
POLYLINE BLACK
-28.124	9.029
-28.046	9.172
-27.987	9.341
-27.813	9.377
-27.779	9.384
-27.745	9.386
-27.710	9.380
-27.544	9.353
-27.404	9.241
-27.236	9.215
-27.039	9.184
-26.845	9.316
-26.683	9.401
POLYLINE BLACK
-29.377	10.466
-29.377	10.462
POLYLINE BLACK
-29.384	10.464
-29.431	10.488
-29.473	10.500
-29.508	10.537
-29.562	10.593
-29.577	10.695
-29.584	10.763
-29.606	10.979
-29.582	11.059
-29.535	11.284
-29.506	11.427
-29.465	11.501
-29.473	11.634
-29.487	11.875
-29.653	12.103
-29.571	12.347
-29.510	12.527
-29.132	12.862
-29.123	12.872
-29.091	12.909
-29.068	12.953
-29.046	12.996
-28.960	13.168
-28.955	13.329
-28.969	13.520
-28.974	13.599
-28.988	13.719
-29.048	13.787
-29.193	13.950
-29.357	14.027
-29.552	14.161
POLYLINE BLACK
-30.997	13.326
-30.947	13.281
-30.899	13.233
-30.847	13.191
-30.748	13.110
-30.635	13.099
-30.516	13.057
-30.436	13.028
-30.364	12.973
-30.313	12.905
-30.274	12.854
-30.232	12.777
-30.217	12.715
-29.777	10.902
-30.143	12.476
-29.966	11.375
-29.865	10.749
-29.740	10.126
-29.641	9.500
-29.603	9.261
-29.589	9.018
-29.552	8.779
-29.552	8.777
-29.498	8.540
-29.456	8.507
-29.412	8.472
-29.354	8.462
-29.303	8.439
POLYLINE BLACK
-29.519	14.148
-29.569	14.186
-29.624	14.220
-29.669	14.264
-29.723	14.316
-29.768	14.376
-29.816	14.433
-30.026	14.686
-30.226	14.946
-30.443	15.193
-30.533	15.295
-30.855	15.537
-30.885	15.730
-30.909	15.881
-30.809	16.004
-30.694	16.093
-30.170	16.498
-30.395	16.291
-29.827	16.578
-29.615	16.685
-29.413	16.812
-29.202	16.922
-29.078	16.987
-28.863	17.001
-28.757	17.028
-28.506	17.094
-28.156	17.357
-28.008	17.449
POLYLINE BLACK
-31.865	16.755
-31.411	17.088
-30.975	17.446
-30.503	17.753
-30.180	17.963
-29.829	18.125
-29.485	18.300
-29.433	18.326
-29.373	18.335
-29.317	18.355
-29.212	18.393
-29.107	18.432
-29.002	18.473
-28.772	18.563
-28.691	18.624
-28.475	18.652
-28.349	18.669
-28.194	18.660
-28.086	18.583
-27.833	18.403
-27.799	18.048
-27.844	17.764
-27.858	17.677
-27.896	17.618
-27.935	17.538
POLYLINE BLACK
-28.013	17.424
-28.016	17.420
POLYLINE BLACK
-28.430	18.427
-28.429	18.423
POLYLINE BLACK
-28.327	18.497
-28.374	18.505
-28.458	18.529
-28.513	18.518
-28.674	18.487
-28.836	18.434
-28.964	18.328
-29.032	18.272
-29.091	18.209
-29.134	18.132
-29.254	17.919
-29.239	17.633
-29.064	17.454
-28.905	17.291
-28.674	17.243
-28.454	17.258
-28.279	17.271
-28.151	17.413
-28.069	17.555
-28.002	17.669
-27.957	17.759
-27.931	17.885
-27.889	18.089
-27.982	18.316
-28.137	18.450
-28.142	18.455
-28.148	18.460
-28.155	18.463
-28.223	18.490
-28.292	18.514
-28.361	18.540
POLYLINE BLACK
-28.808	17.948
-28.439	17.920
-28.652	17.928
-28.169	17.944
POLYLINE BLACK
-28.550	18.184
-28.561	17.836
-28.548	18.012
-28.592	17.657
POLYLINE BLACK
-27.767	18.989
-27.794	19.062
-27.829	19.139
-27.814	19.219
-27.784	19.380
-27.611	19.521
-27.449	19.527
-27.271	19.533
-27.143	19.375
-27.103	19.216
-27.030	18.928
-27.350	18.728
-27.408	18.465
-27.421	18.409
-27.419	18.366
-27.412	18.310
-27.383	18.087
-27.075	18.117
-26.922	18.171
-26.847	18.197
-26.760	18.236
-26.695	18.288
-26.641	18.331
-26.623	18.366
-26.594	18.425
POLYLINE BLACK
-26.918	17.449
-26.938	17.490
-26.952	17.546
-26.995	17.572
-27.033	17.594
-27.082	17.590
-27.122	17.578
-27.369	17.501
-27.445	17.030
-27.160	16.932
-27.035	16.889
-26.916	16.976
-26.841	17.068
-26.781	17.143
-26.736	17.226
-26.767	17.322
-26.810	17.450
-26.948	17.512
-27.058	17.572
POLYLINE BLACK
-33.988	16.322
-33.904	16.172
-33.832	16.015
-33.736	15.872
-33.659	15.757
-33.569	15.652
-33.471	15.554
-33.368	15.450
-32.649	14.673
-32.232	14.446
-31.996	14.317
-31.748	14.210
-31.511	14.083
-31.469	14.060
-31.431	14.030
-31.397	13.996
-31.187	13.789
-31.097	13.555
-30.942	13.286
POLYLINE BLACK
-31.815	16.778
-31.854	16.765
-31.891	16.749
-31.931	16.739
-32.175	16.676
-32.577	16.956
-32.695	17.021
-32.738	17.044
-32.776	17.076
-32.811	17.111
-32.866	17.165
-32.913	17.227
-32.965	17.285
POLYLINE BLACK
-32.691	15.524
-32.652	15.615
-32.611	15.731
-32.512	15.777
-32.397	15.832
-32.267	15.670
-32.192	15.610
-32.074	15.516
-31.926	15.544
-31.821	15.642
-31.767	15.691
-31.717	15.744
-31.673	15.802
-31.616	15.877
-31.570	15.962
-31.518	16.042
POLYLINE BLACK
-31.106	14.120
-31.093	14.178
-31.089	14.233
-31.059	14.284
-31.005	14.376
-30.891	14.413
-30.789	14.394
-30.756	14.388
-30.712	14.369
-30.691	14.342
-30.663	14.307
-30.636	14.272
-30.612	14.234
-30.568	14.164
-30.515	14.003
-30.410	13.973
-30.303	13.943
-30.167	14.005
-30.089	14.075
-30.048	14.113
-30.013	14.157
-29.974	14.198
POLYLINE BLACK
-30.958	16.986
-30.957	16.983
POLYLINE BLACK
-30.986	16.967
-30.974	17.027
-30.974	17.068
-30.947	17.119
-30.922	17.165
-30.882	17.204
-30.836	17.230
-30.743	17.282
-30.653	17.267
-30.572	17.199
-30.501	17.140
-30.444	17.028
-30.399	16.966
-30.332	16.874
-30.150	16.919
-30.088	16.995
-29.901	17.223
-29.925	17.199
-29.800	17.417
POLYLINE BLACK
-35.573	20.010
-35.511	19.450
-35.567	19.679
-35.269	18.966
-35.209	18.822
-35.114	18.691
-35.070	18.542
-34.978	18.234
-34.945	17.911
-34.863	17.600
-34.839	17.510
-34.797	17.426
-34.752	17.344
-34.632	17.126
-34.396	16.716
-34.197	16.491
-33.626	15.847
-34.337	16.724
-33.915	16.195
POLYLINE BLACK
-34.268	20.243
-34.267	20.030
-34.275	19.817
-34.266	19.604
-34.259	19.454
-34.092	18.996
-34.085	18.983
-33.937	18.711
-33.723	18.481
-33.566	18.214
-33.419	17.966
-33.310	17.698
-33.177	17.442
-33.143	17.378
-33.009	17.281
-32.985	17.258
-32.952	17.227
-32.924	17.193
-32.894	17.160
POLYLINE BLACK
-38.916	25.565
-38.827	25.474
-38.743	25.378
-38.649	25.293
-36.429	23.314
-39.259	25.993
-36.807	23.442
-36.456	23.076
-36.043	22.773
-35.706	22.394
-35.120	21.735
-34.687	20.867
-34.258	20.113
POLYLINE BLACK
-40.078	23.833
-39.999	23.716
-39.894	23.539
-39.777	23.448
-39.200	22.997
-38.654	22.616
-38.058	22.213
-36.935	21.453
-37.700	22.049
-35.896	20.447
-35.837	20.395
-35.785	20.335
-35.741	20.270
-35.648	20.132
-35.571	19.983
-35.486	19.840
POLYLINE BLACK
-39.018	25.109
-39.187	25.008
-39.273	24.976
-39.401	24.839
-39.701	24.519
-39.862	24.040
-39.563	23.663
-39.484	23.562
-39.374	23.463
-39.251	23.417
-38.992	23.322
-38.658	23.386
-38.428	23.525
-38.355	23.569
-38.289	23.637
-38.239	23.704
-38.124	23.860
-38.067	24.063
-38.089	24.255
-38.111	24.437
-38.214	24.615
-38.321	24.755
-38.356	24.801
-38.509	24.986
-38.605	25.041
-38.719	25.105
-38.884	25.212
-39.024	25.142
-39.083	25.113
-39.116	25.059
-39.154	25.007
POLYLINE BLACK
-39.327	24.062
-38.612	24.655
POLYLINE BLACK
-39.183	24.626
-38.789	24.005
-38.975	24.214
-38.707	23.934
POLYLINE BLACK
-38.279	25.538
-38.332	25.614
-38.376	25.684
-38.361	25.777
-38.354	25.817
-38.340	25.856
-38.311	25.884
-38.281	25.913
-38.242	25.925
-38.202	25.931
-38.107	25.944
-38.025	25.870
-37.988	25.788
-37.971	25.749
-37.955	25.709
-37.945	25.668
-37.915	25.545
-37.897	25.419
-37.868	25.295
-37.864	25.280
-37.856	25.266
-37.848	25.253
-37.783	25.144
-37.699	25.159
-37.623	25.246
-37.584	25.291
-37.555	25.333
-37.533	25.388
-37.508	25.448
-37.487	25.510
-37.464	25.571
POLYLINE BLACK
-37.499	24.941
-37.537	24.876
-37.573	24.819
-37.565	24.744
-37.556	24.651
-37.470	24.511
-37.360	24.523
-37.278	24.532
-37.206	24.650
-37.193	24.724
-37.186	24.765
-37.188	24.812
-37.198	24.853
-37.212	24.918
-37.242	24.985
-37.321	24.970
-37.356	24.963
-37.387	24.954
-37.418	24.935
-37.470	24.904
-37.489	24.857
-37.520	24.804
POLYLINE BLACK
-36.414	21.450
-36.425	21.490
-36.438	21.530
-36.446	21.570
-36.467	21.675
-36.386	21.791
-36.274	21.761
-36.237	21.751
-36.200	21.740
-36.165	21.725
-36.047	21.676
-36.039	21.651
-35.940	21.629
-35.836	21.606
-35.738	21.712
-35.717	21.805
-35.689	21.922
-35.667	22.040
-35.642	22.157
POLYLINE BLACK
-38.221	22.761
-38.278	22.838
-38.332	22.911
-38.278	23.002
-38.261	23.032
-38.235	23.057
-38.202	23.070
-38.012	23.145
-37.783	23.049
-37.597	23.156
-37.428	23.253
-37.381	23.469
-37.319	23.634
POLYLINE BLACK
-34.383	17.189
-34.403	17.228
-34.426	17.266
-34.444	17.307
-34.496	17.427
-34.481	17.586
-34.365	17.661
-34.340	17.678
-34.299	17.692
-34.269	17.686
-34.214	17.677
-34.161	17.664
-34.107	17.651
-34.045	17.636
-33.994	17.612
-33.935	17.647
-33.782	17.735
-33.748	17.972
-33.714	18.124
POLYLINE BLACK
-34.938	18.751
-34.999	18.873
-35.065	18.992
-35.120	19.116
-35.136	19.153
-35.144	19.193
-35.153	19.232
-35.170	19.312
-35.129	19.445
-35.031	19.447
-34.909	19.450
-34.770	19.358
-34.665	19.453
-34.538	19.568
-34.528	19.925
-34.514	20.002
POLYLINE BLACK
-38.567	25.147
-38.576	25.154
POLYLINE BLACK
-38.894	25.495
-38.883	25.555
-38.879	25.635
-38.833	25.684
-38.660	25.864
-38.768	25.691
-38.460	25.954
-38.133	26.233
-37.927	26.664
-37.713	27.019
POLYLINE BLACK
-39.866	27.159
-38.959	26.783
-40.121	27.256
-38.882	26.787
-38.753	26.739
-38.631	26.672
-38.501	26.628
-37.692	26.359
-38.414	26.661
-37.951	26.460
POLYLINE BLACK
-40.149	23.675
-40.164	23.701
POLYLINE BLACK
-40.072	23.786
-40.088	23.828
-40.107	23.868
-40.119	23.911
-40.128	23.940
-40.134	23.970
-40.134	24.000
-40.141	24.761
-40.148	25.522
-40.140	26.282
-40.140	26.350
-40.129	26.418
-40.108	26.482
-40.098	26.515
-39.852	27.013
-39.877	27.227
-39.886	27.303
-39.924	27.366
-39.962	27.434
-40.104	27.685
-40.253	27.933
-40.398	28.183
POLYLINE BLACK
-42.996	29.805
-42.899	29.629
-42.769	29.324
-42.599	29.157
-42.421	28.981
-42.056	28.713
-41.893	28.571
-41.815	28.503
-41.750	28.420
-41.674	28.350
-41.564	28.250
-41.355	28.206
-41.213	28.189
-41.059	28.171
-40.873	28.222
-40.736	28.244
-40.647	28.258
-40.569	28.261
-40.482	28.233
-40.379	28.201
-40.355	28.145
-40.262	28.056
POLYLINE BLACK
-38.837	30.713
-38.882	30.619
-38.937	30.529
-38.971	30.431
-39.127	29.982
-39.144	29.614
-39.166	29.118
-39.170	29.032
-39.157	28.945
-39.138	28.861
-39.114	28.752
-39.076	28.646
-39.037	28.542
-38.983	28.399
-38.776	28.139
-38.726	28.078
-38.570	27.887
-38.332	27.813
-38.127	27.692
-37.907	27.563
-37.770	27.400
-37.691	27.158
-37.649	27.030
-37.647	26.858
-37.637	26.735
POLYLINE BLACK
-38.813	34.051
-38.799	33.887
-38.800	33.721
-38.770	33.559
-38.688	33.123
-38.257	32.146
-38.166	31.937
-38.045	31.660
-37.898	31.395
-37.772	31.120
-37.718	31.002
-37.730	30.820
-37.799	30.708
-37.830	30.657
-37.874	30.610
-37.929	30.583
-38.112	30.492
-38.316	30.598
-38.495	30.640
-38.569	30.657
-38.769	30.656
-38.810	30.657
POLYLINE BLACK
-42.905	29.524
-42.939	29.567
-42.972	29.594
-42.990	29.642
-43.043	29.781
-42.921	30.002
-42.845	30.101
-42.419	30.659
-42.349	30.545
-41.632	31.039
-41.492	31.135
-41.366	31.250
-41.234	31.355
-41.002	31.500
-40.768	31.642
-40.537	31.788
-40.484	31.822
-40.367	31.920
-40.287	31.939
-40.095	31.984
-39.900	32.014
-39.707	32.056
-39.669	32.064
-39.620	32.112
-39.611	32.150
-39.602	32.185
-39.599	32.221
-39.594	32.257
POLYLINE BLACK
-38.772	33.834
-38.902	34.162
-38.949	34.510
-38.963	34.861
POLYLINE BLACK
-39.639	32.036
-39.636	32.114
-39.629	32.193
-39.631	32.271
-39.634	32.446
-39.645	32.620
-39.652	32.795
-39.666	33.187
-39.654	33.581
-39.693	33.971
-39.723	34.266
-39.804	34.554
-39.860	34.846
POLYLINE BLACK
-39.695	25.727
-39.709	25.813
-39.714	25.892
-39.638	25.947
-39.608	25.970
-39.583	25.984
-39.547	25.995
-39.533	25.999
-39.518	26.002
-39.504	26.003
-39.433	26.010
-39.362	26.010
-39.292	26.020
-39.247	26.026
-39.187	26.049
-39.147	26.072
-39.066	26.118
-39.002	26.254
-38.981	26.336
-38.961	26.417
-38.953	26.500
-38.938	26.582
POLYLINE BLACK
-39.684	27.784
-39.675	27.817
-39.667	27.851
-39.656	27.884
-39.643	27.927
-39.601	27.941
-39.562	27.945
-39.499	27.952
-39.435	27.956
-39.372	27.966
-39.357	27.968
-39.343	27.975
-39.329	27.981
-39.213	28.035
-39.181	28.214
-39.154	28.319
POLYLINE BLACK
-41.605	29.066
-41.548	29.206
-41.482	29.345
-41.343	29.419
-41.195	29.498
-40.995	29.488
-40.834	29.476
-40.726	29.468
-40.645	29.410
-40.551	29.365
-40.527	29.353
-40.491	29.346
-40.464	29.345
-40.321	29.340
-40.278	29.484
-40.244	29.601
-40.229	29.653
-40.224	29.707
-40.214	29.760
POLYLINE BLACK
-41.422	30.139
-41.417	30.215
-41.421	30.296
-41.375	30.360
-41.264	30.519
-41.005	30.471
-40.852	30.439
-40.740	30.415
-40.617	30.358
-40.498	30.387
-40.365	30.420
-40.304	30.503
-40.231	30.610
POLYLINE BLACK
-39.472	31.131
-39.487	31.218
-39.513	31.313
-39.479	31.400
-39.411	31.575
-39.267	31.617
-39.097	31.565
-39.005	31.537
-38.978	31.496
-38.884	31.442
-38.823	31.408
-38.748	31.387
-38.678	31.390
-38.514	31.399
-38.427	31.564
-38.338	31.677
POLYLINE BLACK
-39.342	32.337
-39.342	32.380
-39.343	32.423
-39.340	32.466
-39.334	32.540
-39.249	32.581
-39.183	32.573
-39.105	32.563
-39.068	32.493
-38.976	32.517
-38.913	32.534
-38.854	32.611
-38.818	32.643
POLYLINE BLACK
-39.494	33.676
-39.412	33.821
-39.392	33.846
-39.233	33.785
-39.187	33.767
-39.153	33.735
-39.103	33.741
-39.039	33.749
-38.999	33.813
-38.960	33.854
POLYLINE BLACK
-41.660	38.436
-41.639	38.341
-41.609	38.247
-41.599	38.150
-41.578	37.959
-41.581	37.767
-41.568	37.575
-41.567	37.568
-41.561	37.561
-41.556	37.555
-41.521	37.521
-41.445	37.560
-41.416	37.577
-41.393	37.590
-41.370	37.603
-41.352	37.622
-40.858	38.141
-41.160	37.875
-40.931	38.072
POLYLINE BLACK
-41.297	37.754
-41.297	37.642
-41.296	37.523
-41.218	37.434
-41.211	37.426
-41.168	37.383
-41.148	37.379
-41.092	37.367
-41.034	37.363
-40.978	37.355
POLYLINE BLACK
-40.570	37.849
-40.606	37.785
-40.646	37.734
-40.662	37.664
-40.693	37.529
-40.622	37.360
-40.476	37.335
-40.442	37.329
-40.405	37.336
-40.378	37.359
-40.297	37.431
-40.275	37.547
-40.280	37.650
-40.284	37.731
-40.302	37.815
-40.391	37.835
-40.399	37.837
-40.407	37.838
-40.415	37.836
-40.484	37.818
-40.552	37.796
-40.620	37.776
POLYLINE BLACK
-40.096	37.450
-40.062	37.522
-40.030	37.595
-39.993	37.665
-39.950	37.745
-39.901	37.782
-39.824	37.721
-39.793	37.697
-39.769	37.673
-39.749	37.638
-39.711	37.569
-39.712	37.539
-39.665	37.489
-39.637	37.460
-39.592	37.417
-39.552	37.454
-39.536	37.469
-39.521	37.500
-39.509	37.515
-39.485	37.544
-39.454	37.569
-39.421	37.586
-39.367	37.612
-39.295	37.638
-39.235	37.642
-39.032	37.657
-38.882	37.711
-38.846	37.492
-38.831	37.402
-38.844	37.339
-38.864	37.244
-38.873	37.198
-38.893	37.154
-38.901	37.107
-38.910	37.051
-38.802	37.109
-38.794	37.115
-38.776	37.127
-38.740	37.161
-38.731	37.181
-38.540	37.614
-38.349	38.047
-38.170	38.486
-38.144	38.548
-38.129	38.614
-38.119	38.680
-38.118	38.687
-38.133	38.693
-38.139	38.689
-38.157	38.679
-38.168	38.661
-38.180	38.645
-38.204	38.611
-38.229	38.576
-38.249	38.539
-38.264	38.511
-38.277	38.480
-38.286	38.449
-38.324	38.316
-38.362	38.182
-38.390	38.046
-38.416	37.923
-38.413	37.778
-38.369	37.660
-38.324	37.540
-38.255	37.448
-38.139	37.393
-38.087	37.368
-38.026	37.345
-37.967	37.353
-37.911	37.360
-37.870	37.399
-37.825	37.430
POLYLINE BLACK
-38.349	38.152
-37.935	38.285
-38.104	38.245
-37.850	38.298
POLYLINE BLACK
-37.512	37.605
-37.558	37.596
-37.611	37.595
-37.653	37.569
-37.747	37.510
-37.770	37.351
-37.682	37.277
-37.651	37.251
-37.612	37.240
-37.573	37.235
-37.436	37.217
-37.311	37.322
-37.264	37.446
-37.246	37.494
-37.232	37.571
-37.275	37.611
-37.307	37.642
-37.364	37.640
-37.404	37.635
-37.452	37.629
-37.515	37.610
-37.544	37.567
-37.596	37.490
-37.514	37.394
-37.443	37.369
-37.393	37.351
-37.342	37.343
-37.289	37.344
-37.161	37.346
-37.046	37.405
-36.931	37.453
POLYLINE BLACK
-36.966	37.383
-36.947	37.413
-36.929	37.444
-36.908	37.472
-36.849	37.550
-36.750	37.422
-36.721	37.383
-36.708	37.365
-36.700	37.343
-36.684	37.329
-36.679	37.325
-36.670	37.329
-36.666	37.334
-36.658	37.344
-36.654	37.357
-36.650	37.370
-36.638	37.412
-36.632	37.456
-36.617	37.497
-36.590	37.571
-36.545	37.645
-36.493	37.704
-36.447	37.757
-36.395	37.796
-36.333	37.828
-36.278	37.857
-36.115	37.923
-36.080	37.825
-36.055	37.757
-36.090	37.663
-36.123	37.604
-36.175	37.513
-36.255	37.451
-36.134	37.371
-36.090	37.342
-36.037	37.307
-35.982	37.294
-35.913	37.278
-35.878	37.279
-35.807	37.284
-35.800	37.285
-35.793	37.287
-35.785	37.289
-35.749	37.298
-35.713	37.307
-35.677	37.317
POLYLINE BLACK
-32.911	35.995
-32.886	36.060
-32.863	36.202
-32.768	36.222
-32.741	36.227
-32.713	36.229
-32.689	36.215
-32.617	36.171
-32.633	35.988
-32.657	35.928
-32.725	35.757
-32.799	35.587
-32.874	35.419
-32.888	35.387
-32.925	35.349
-32.927	35.308
-32.928	35.272
-32.903	35.245
-32.875	35.228
-32.639	35.082
-32.673	35.087
-32.412	35.172
POLYLINE BLACK
-31.394	35.619
-31.394	35.559
-31.398	35.498
-31.396	35.437
-31.396	35.426
-31.392	35.415
-31.387	35.405
-31.357	35.354
-31.292	35.464
-31.245	35.420
-31.207	35.384
-31.214	35.295
-31.142	35.310
-31.108	35.316
-31.058	35.353
-31.037	35.362
-30.993	35.382
-30.940	35.383
-30.896	35.361
-30.790	35.309
-30.768	35.190
-30.725	35.089
POLYLINE BLACK
-30.419	35.466
-30.455	34.951
POLYLINE BLACK
-30.427	35.626
-30.364	35.719
-30.330	35.788
-30.230	35.853
-30.169	35.894
-30.099	35.917
-30.033	35.949
POLYLINE BLACK
-30.031	35.418
-30.027	35.297
-30.028	35.176
-30.019	35.055
-30.018	35.048
-30.007	35.043
-30.002	35.046
-29.988	35.055
-29.979	35.070
-29.971	35.084
-29.919	35.161
-29.874	35.243
-29.821	35.319
-29.797	35.353
-29.766	35.313
-29.758	35.293
-29.746	35.263
-29.734	35.233
-29.729	35.201
-29.711	35.097
-29.702	34.991
-29.688	34.886
POLYLINE BLACK
-29.336	35.258
-29.357	35.185
-29.403	35.064
-29.292	35.046
-29.258	35.040
-29.224	35.043
-29.192	35.060
-29.136	35.089
-29.071	35.176
-29.044	35.204
POLYLINE BLACK
-28.422	36.228
-28.486	35.795
-28.555	35.363
-28.612	34.929
-28.622	34.856
-28.615	34.761
-28.595	34.688
-28.585	34.655
-28.571	34.623
-28.559	34.591
POLYLINE BLACK
-28.687	35.377
-28.670	35.410
-28.655	35.444
-28.636	35.476
-28.570	35.585
-28.309	35.522
-28.254	35.518
POLYLINE BLACK
-28.261	35.139
-28.253	35.043
-28.268	34.898
-28.172	34.832
-28.068	34.760
-27.875	34.941
-27.818	35.005
-27.788	35.038
-27.764	35.092
-27.749	35.131
-27.740	35.155
-27.729	35.229
-27.729	35.204
-27.728	35.134
-27.749	35.065
-27.748	34.995
-27.747	34.724
-27.727	34.454
-27.722	34.183
-27.721	34.100
-27.758	33.992
-27.832	33.947
-27.916	33.894
-28.010	33.982
-28.002	34.070
-27.994	34.171
-27.929	34.320
-27.864	34.401
-27.704	34.598
-27.581	34.674
-27.366	34.853
POLYLINE BLACK
-34.533	37.356
-34.486	37.417
-34.432	37.472
-34.392	37.537
-34.272	37.730
-34.182	38.160
-34.150	38.296
-34.137	38.350
-34.131	38.406
-34.134	38.461
-34.134	38.470
-34.152	38.462
-34.158	38.456
-34.172	38.444
-34.179	38.426
-34.190	38.411
-34.244	38.252
-34.306	38.096
-34.351	37.934
-34.403	37.746
-34.442	37.447
-34.270	37.302
-34.235	37.272
-34.191	37.251
-34.145	37.247
-34.086	37.243
-34.023	37.265
-33.979	37.304
-33.947	37.332
-33.917	37.381
-33.869	37.387
-33.813	37.395
-33.677	37.290
-33.668	37.285
-33.565	37.227
-33.446	37.307
-33.367	37.370
-33.329	37.401
-33.283	37.450
-33.280	37.503
-33.276	37.624
-33.449	37.695
-33.548	37.676
-33.567	37.673
-33.586	37.667
-33.604	37.661
-33.611	37.658
-33.620	37.655
-33.623	37.648
-33.643	37.601
-33.655	37.550
-33.671	37.501
POLYLINE BLACK
-33.374	37.413
-33.254	37.319
-33.136	37.244
-32.980	37.248
-32.946	37.249
-32.911	37.249
-32.878	37.259
-32.794	37.286
-32.714	37.326
-32.632	37.360
POLYLINE BLACK
-34.533	38.421
-33.633	38.496
-34.928	38.399
-33.566	38.444
-33.496	38.447
-33.427	38.467
-33.357	38.478
POLYLINE BLACK
-32.470	37.350
-32.513	37.253
-32.538	37.195
-32.427	37.153
-32.349	37.124
-32.281	37.174
-32.246	37.243
-32.187	37.360
-32.230	37.463
-32.357	37.489
-32.385	37.494
-32.446	37.499
-32.473	37.488
-32.523	37.467
-32.569	37.436
-32.617	37.410
POLYLINE BLACK
-32.229	38.188
-32.259	38.073
-32.297	37.959
-32.318	37.842
-32.346	37.691
-32.355	37.483
-32.266	37.345
-32.183	37.214
-32.006	37.178
-31.866	37.230
-31.806	37.253
-31.755	37.313
-31.711	37.353
POLYLINE BLACK
-31.582	37.751
-31.569	37.551
-31.560	37.350
-31.542	37.151
-31.542	37.146
-31.532	37.147
-31.529	37.149
-31.520	37.156
-31.515	37.168
-31.508	37.177
-31.453	37.287
-31.404	37.400
-31.344	37.508
-31.324	37.544
-31.296	37.574
-31.269	37.606
-31.167	37.728
-31.125	37.586
-31.108	37.484
-31.097	37.414
-31.094	37.342
-31.092	37.271
-31.091	37.224
-31.097	37.178
-31.099	37.132
POLYLINE BLACK
-30.710	37.576
-30.720	36.995
POLYLINE BLACK
-30.741	37.827
-30.653	37.902
POLYLINE BLACK
-30.384	37.286
-30.271	37.269
-30.162	37.254
-30.067	37.329
-30.014	37.371
-29.884	37.503
-29.913	37.584
-29.938	37.652
-30.062	37.640
-30.113	37.621
-30.159	37.604
-30.189	37.584
-30.226	37.552
-30.328	37.461
-30.350	37.310
-30.272	37.195
-30.246	37.159
-30.218	37.124
-30.188	37.091
-30.164	37.064
-30.122	37.029
-30.086	37.013
-30.003	36.976
-29.920	36.995
-29.835	37.012
POLYLINE BLACK
-27.990	37.416
-27.984	37.204
-27.973	36.992
-27.973	36.780
-27.973	36.732
-28.008	36.762
-28.018	36.776
-28.057	36.832
-28.102	36.917
-28.101	36.989
-28.096	37.203
-28.025	37.353
-27.922	37.544
-27.919	37.550
-27.858	37.660
-27.815	37.683
-27.755	37.714
-27.746	37.586
-27.748	37.556
-27.752	37.484
-27.803	37.403
-27.830	37.345
POLYLINE BLACK
-27.246	37.714
-27.270	37.652
-27.298	37.591
-27.320	37.528
-27.336	37.480
-27.357	37.337
-27.276	37.326
-27.209	37.318
-27.131	37.381
-27.088	37.423
-26.994	37.513
-26.945	37.646
-26.890	37.759
POLYLINE BLACK
-26.471	37.767
-26.508	37.709
-26.549	37.653
-26.584	37.593
-26.619	37.532
-26.667	37.407
-26.600	37.347
-26.531	37.287
-26.362	37.279
-26.293	37.261
-26.265	37.253
-26.238	37.239
-26.212	37.226
-26.122	37.181
-26.168	37.050
-26.235	37.008
-26.285	36.977
-26.383	36.964
-26.419	36.955
POLYLINE BLACK
-26.028	37.450
-25.949	37.520
-25.885	37.586
-25.795	37.498
-25.775	37.480
-25.761	37.456
-25.756	37.429
-25.747	37.381
-25.771	37.332
-25.778	37.286
-25.786	37.232
-25.778	37.163
-25.742	37.119
-25.662	37.022
-25.486	37.053
-25.387	37.052
POLYLINE BLACK
-24.907	37.471
-24.996	37.466
-25.078	37.464
-25.151	37.410
-25.271	37.320
-25.293	37.211
-25.261	37.068
-25.254	37.040
-25.240	37.006
-25.222	36.982
-25.190	36.939
-25.134	36.914
-25.084	36.900
-25.004	36.879
-24.891	36.852
-24.811	36.894
-24.786	36.907
-24.762	36.923
-24.737	36.937
POLYLINE BLACK
-24.617	37.514
-24.578	37.527
-24.539	37.541
-24.499	37.551
-24.450	37.563
-24.330	37.559
-24.301	37.506
-24.272	37.454
-24.340	37.373
-24.363	37.344
-24.439	37.246
-24.539	37.209
-24.591	37.087
-24.631	36.993
-24.552	36.870
-24.462	36.837
-24.423	36.823
-24.368	36.824
-24.329	36.838
-24.238	36.872
-24.149	36.911
-24.062	36.953
-24.024	36.972
-23.990	36.997
-23.955	37.019
-23.945	37.025
-23.937	37.035
-23.926	37.037
-23.918	37.039
-23.907	37.037
-23.904	37.030
-23.898	37.014
-23.909	36.965
-23.909	36.948
-23.910	36.915
-23.901	36.879
-23.882	36.851
-23.863	36.821
-23.845	36.801
-23.816	36.780
-23.693	36.689
-23.419	36.791
-23.388	36.942
-23.346	37.147
-23.626	37.317
-23.799	37.234
-23.882	37.193
-23.890	37.105
-23.925	37.022
POLYLINE BLACK
-23.599	37.052
-23.557	37.014
-23.520	36.971
-23.474	36.939
-23.331	36.836
-23.150	36.750
-22.969	36.765
-22.907	36.771
-22.863	36.794
-22.803	36.816
POLYLINE BLACK
-42.995	35.871
-42.992	35.695
-42.984	35.519
-42.986	35.343
-42.986	35.286
-43.051	35.363
-43.054	35.368
-43.113	35.449
-43.112	35.564
-43.101	35.658
-43.088	35.766
-43.027	35.963
-42.940	36.035
-42.914	36.058
-42.880	36.070
-42.846	36.072
-42.727	36.080
-42.673	35.986
-42.703	35.876
-42.732	35.766
-42.841	35.692
-42.914	35.619
POLYLINE BLACK
-42.493	35.812
-42.546	35.731
-42.584	35.666
-42.503	35.596
-42.472	35.570
-42.437	35.550
-42.396	35.545
-42.290	35.532
-42.145	35.620
-42.098	35.715
-42.080	35.752
-42.073	35.782
-42.070	35.823
-42.061	35.973
-42.240	35.961
-42.338	35.937
-42.346	35.935
-42.355	35.932
-42.361	35.926
-42.415	35.878
-42.465	35.827
-42.516	35.778
POLYLINE BLACK
-41.556	36.759
-41.567	36.673
-41.721	35.793
-41.681	35.448
-41.674	35.387
-41.647	35.330
-41.629	35.272
POLYLINE BLACK
-41.881	36.059
-41.267	36.212
POLYLINE BLACK
-41.169	35.771
-41.156	35.716
-41.144	35.660
-41.132	35.605
-41.126	35.598
-41.122	35.589
-41.113	35.585
-41.092	35.578
-41.070	35.607
-41.061	35.617
-41.040	35.639
-41.023	35.665
-41.001	35.686
-40.960	35.726
-40.879	35.784
-40.817	35.759
-40.730	35.724
-40.733	35.571
-40.718	35.498
-40.695	35.383
-40.534	35.328
-40.433	35.356
-40.334	35.384
-40.265	35.448
-40.175	35.506
POLYLINE BLACK
-40.262	35.634
-40.175	35.641
-40.076	35.645
-40.029	35.730
-40.019	35.749
-40.005	35.775
-40.009	35.799
-40.013	35.816
-40.026	35.826
-40.041	35.832
-40.113	35.862
-40.179	35.818
-40.218	35.760
-40.272	35.680
-40.283	35.586
-40.267	35.492
-40.228	35.271
-40.026	35.176
-39.832	35.293
-39.648	35.404
-39.498	35.811
-39.455	35.912
-39.387	36.102
-39.316	36.292
-39.250	36.483
-39.237	36.520
-39.246	36.560
-39.290	36.565
-39.415	36.580
-39.482	36.432
-39.523	36.344
-39.577	36.225
-39.576	36.097
-39.585	35.967
-39.593	35.838
-39.558	35.745
-39.473	35.647
-39.447	35.616
-39.410	35.587
-39.373	35.569
-39.332	35.550
-39.295	35.544
-39.249	35.543
-39.182	35.541
-39.047	35.578
-39.063	35.671
-39.083	35.791
-39.292	35.833
-39.377	35.768
-39.414	35.741
-39.432	35.687
-39.451	35.651
POLYLINE BLACK
-38.932	35.721
-38.962	35.686
-38.994	35.653
-39.022	35.616
-39.073	35.550
-39.076	35.449
-39.007	35.396
-38.971	35.369
-38.934	35.349
-38.889	35.346
-38.760	35.335
-38.690	35.521
-38.683	35.620
-38.679	35.685
-38.701	35.751
-38.763	35.779
-38.773	35.784
-38.812	35.803
-38.828	35.786
-38.840	35.771
-38.831	35.736
-38.827	35.723
-38.796	35.622
-38.722	35.577
-38.628	35.528
-38.474	35.447
-38.304	35.415
-38.131	35.417
-38.068	35.418
-37.918	35.460
-37.892	35.466
POLYLINE BLACK
-36.274	36.490
-36.504	35.243
-36.480	35.689
-36.502	35.170
POLYLINE BLACK
-36.633	35.847
-36.207	35.857
-36.401	35.867
-36.049	35.831
POLYLINE BLACK
-36.079	35.546
-36.042	35.477
-36.032	35.436
-35.984	35.387
-35.899	35.302
-35.801	35.336
-35.745	35.430
-35.677	35.543
-35.766	35.414
-35.708	35.544
-35.705	35.552
-35.691	35.565
-35.687	35.558
-35.673	35.528
-35.670	35.492
-35.667	35.459
-35.648	35.267
-35.691	35.179
-35.805	35.024
-35.835	34.984
-35.872	34.950
-35.901	34.909
-35.905	34.902
-35.908	34.889
-35.902	34.884
-35.885	34.871
-35.829	34.890
-35.818	34.894
-35.710	34.935
-35.636	35.050
-35.577	35.137
-35.547	35.181
-35.519	35.226
-35.501	35.275
-35.402	35.544
-35.314	35.817
-35.227	36.089
-35.217	36.122
-35.205	36.156
-35.210	36.190
-35.213	36.204
-35.231	36.169
-35.238	36.156
-35.251	36.130
-35.264	36.103
-35.270	36.074
-35.284	36.004
-35.295	35.932
-35.297	35.861
-35.305	35.623
-35.307	35.470
-35.215	35.265
-35.159	35.140
-35.043	35.381
-35.034	35.409
-34.958	35.658
-34.935	35.926
-34.826	36.163
-34.744	36.342
-34.912	35.778
-34.953	35.586
-34.977	35.468
-34.768	35.452
-34.706	35.509
-34.651	35.559
-34.597	35.612
-34.545	35.667
-34.499	35.716
-34.457	35.769
-34.413	35.821
POLYLINE BLACK
-34.761	35.500
-34.762	35.454
-34.785	35.377
-34.756	35.327
-34.718	35.262
-34.611	35.257
-34.550	35.288
-34.506	35.310
-34.450	35.387
-34.406	35.364
-34.388	35.354
-34.378	35.334
-34.370	35.318
-34.336	35.244
-34.308	35.169
-34.272	35.096
-34.222	34.995
-34.100	34.943
-33.995	34.986
-33.951	35.004
-33.913	35.025
-33.878	35.057
-33.833	35.097
-33.767	35.190
-33.818	35.249
-33.829	35.262
-33.846	35.273
-33.861	35.280
-33.968	35.322
-34.024	35.284
-34.122	35.235
POLYLINE BLACK
-25.907	35.839
-25.831	35.541
-25.831	35.607
-25.843	35.218
-25.849	35.045
-25.871	34.874
-25.881	34.702
-25.887	34.597
-25.816	34.614
-25.746	34.646
-25.722	34.657
-25.697	34.668
-25.678	34.686
-25.239	35.076
-25.390	35.051
-25.107	35.171
POLYLINE BLACK
-25.400	34.871
-25.405	34.779
-25.406	34.695
-25.332	34.632
-25.254	34.565
-25.083	34.608
-25.010	34.659
-24.900	34.735
-24.965	34.712
-24.855	34.815
-24.833	34.835
-24.822	34.793
-24.821	34.786
-24.812	34.746
-24.811	34.705
-24.802	34.666
-24.763	34.499
-24.575	34.390
-24.417	34.464
-24.339	34.501
-24.283	34.566
-24.238	34.636
-24.167	34.747
-24.129	34.918
-24.257	35.002
-24.341	35.057
-24.461	35.042
-24.553	35.025
-24.662	35.006
-24.718	34.934
-24.796	34.859
POLYLINE BLACK
-23.673	34.720
-23.665	34.494
-23.646	34.268
-23.649	34.042
-23.649	34.027
-23.673	34.061
-23.681	34.073
-23.691	34.088
-23.699	34.104
-23.704	34.121
-23.716	34.158
-23.726	34.194
-23.731	34.232
-23.739	34.308
-23.749	34.385
-23.742	34.461
-23.724	34.674
-23.657	34.858
-23.574	35.052
-23.560	35.087
-23.465	35.262
-23.404	35.265
-23.342	35.268
-23.333	35.087
-23.334	35.053
-23.341	34.898
-23.432	34.756
-23.511	34.628
POLYLINE BLACK
-22.946	35.104
-22.969	35.047
-22.996	34.991
-23.016	34.933
-23.073	34.772
-22.960	34.536
-22.772	34.561
-22.640	34.578
-22.533	34.733
-22.492	34.848
-22.472	34.903
-22.474	34.979
-22.514	35.026
-22.579	35.105
-22.659	35.084
-22.774	35.111
POLYLINE BLACK
-22.807	34.919
-22.696	34.789
-22.583	34.691
-22.410	34.668
-22.313	34.655
-22.238	34.669
-22.139	34.678
POLYLINE BLACK
-21.957	35.212
-21.942	35.073
-21.934	34.934
-21.912	34.796
-21.911	34.788
-21.898	34.785
-21.891	34.787
-21.878	34.792
-21.869	34.804
-21.860	34.815
-21.840	34.840
-21.730	35.021
-21.648	35.081
-21.561	35.146
-21.499	34.986
-21.492	34.926
-21.475	34.773
-21.477	34.752
-21.480	34.635
POLYLINE BLACK
-21.185	35.082
-21.217	34.446
-21.228	34.678
-21.210	34.387
POLYLINE BLACK
-21.164	35.272
-21.072	35.426
-21.129	35.339
-20.984	35.530
POLYLINE BLACK
-20.832	34.831
-20.875	34.779
-20.918	34.741
-20.942	34.680
-20.961	34.628
-20.968	34.582
-20.967	34.527
-20.966	34.398
-20.858	34.236
-20.711	34.263
-20.575	34.288
-20.432	34.466
-20.533	34.596
-20.538	34.602
-20.543	34.609
-20.551	34.612
-20.621	34.642
-20.693	34.667
-20.764	34.695
POLYLINE BLACK
-20.664	34.715
-20.604	34.557
-20.537	34.483
-20.387	34.403
-20.353	34.384
-20.298	34.364
-20.257	34.360
-20.159	34.352
-20.092	34.383
-20.002	34.419
POLYLINE BLACK
-18.704	34.345
-18.644	34.366
-18.590	34.376
-18.540	34.412
-18.358	34.545
-18.256	34.868
-18.215	35.074
-18.199	35.154
-18.194	35.236
-18.187	35.317
-18.186	35.332
-18.192	35.359
-18.205	35.371
-18.246	35.410
-18.323	35.338
-18.344	35.309
-18.364	35.282
-18.382	35.240
-18.387	35.208
-18.412	35.042
-18.436	34.875
-18.451	34.708
-18.463	34.574
-18.440	34.454
-18.383	34.335
-18.325	34.215
-18.110	34.220
-18.031	34.310
-17.998	34.347
-17.968	34.387
-17.938	34.427
-17.918	34.453
-17.907	34.486
-17.883	34.507
-17.876	34.512
-17.869	34.495
-17.866	34.487
-17.860	34.470
-17.860	34.451
-17.857	34.433
-17.850	34.397
-17.846	34.359
-17.835	34.324
-17.805	34.222
-17.750	34.124
-17.656	34.069
-17.447	33.949
-17.216	34.059
-17.164	34.292
-17.154	34.338
-17.191	34.387
-17.226	34.412
-17.348	34.495
-17.463	34.515
-17.605	34.462
-17.732	34.414
-17.805	34.363
-17.909	34.283
POLYLINE BLACK
-18.588	35.403
-17.629	35.431
POLYLINE BLACK
-16.787	34.317
-16.783	34.197
-16.786	34.078
-16.774	33.959
-16.764	33.865
-16.734	33.773
-16.722	33.679
-16.722	33.671
-16.730	33.661
-16.738	33.662
-16.751	33.665
-16.760	33.678
-16.769	33.688
-16.780	33.699
-16.790	33.712
-16.798	33.726
-16.811	33.749
-16.825	33.772
-16.833	33.796
-16.859	33.875
-16.887	33.976
-16.886	34.062
-16.885	34.179
-16.855	34.279
-16.812	34.389
-16.764	34.510
-16.691	34.620
-16.590	34.702
-16.588	34.704
-16.536	34.750
-16.512	34.740
-16.495	34.734
-16.495	34.699
-16.497	34.688
-16.532	34.478
-16.562	34.444
-16.671	34.258
POLYLINE BLACK
-16.024	34.699
-16.076	34.635
-16.122	34.597
-16.151	34.525
-16.255	34.269
-15.940	33.995
-15.765	34.259
-15.693	34.368
-15.736	34.513
-15.847	34.576
-15.857	34.582
-15.916	34.609
-15.931	34.600
-15.963	34.581
-15.983	34.547
-16.009	34.521
POLYLINE BLACK
-15.932	34.506
-15.791	34.375
-15.646	34.258
-15.457	34.208
-15.423	34.199
-15.388	34.186
-15.353	34.190
-15.271	34.198
-15.193	34.227
-15.114	34.245
POLYLINE BLACK
-14.676	35.529
-14.822	34.950
-14.924	34.511
-14.886	33.932
POLYLINE BLACK
-15.064	34.598
-14.380	34.748
POLYLINE BLACK
-14.200	35.198
-14.193	34.868
-14.186	34.537
-14.179	34.206
-14.176	34.196
-14.175	34.186
-14.171	34.177
-14.132	34.090
-13.981	34.197
-13.949	34.236
-13.307	35.008
-13.648	34.673
-13.378	34.934
POLYLINE BLACK
-13.754	34.505
-13.744	34.408
-13.738	34.261
-13.640	34.203
-13.549	34.149
-13.419	34.200
-13.336	34.242
-13.268	34.277
-13.218	34.345
-13.167	34.395
-13.153	34.409
-13.144	34.431
-13.125	34.435
-13.115	34.438
-13.114	34.417
-13.113	34.407
-13.111	34.367
-13.117	34.327
-13.115	34.287
-13.110	34.169
-13.037	34.092
-12.927	34.057
-12.891	34.046
-12.851	34.044
-12.815	34.058
-12.739	34.087
-12.686	34.168
-12.654	34.238
-12.614	34.325
-12.591	34.438
-12.623	34.531
-12.670	34.669
-12.843	34.701
-12.969	34.656
-13.046	34.628
-13.088	34.551
-13.139	34.491
POLYLINE BLACK
-12.793	34.421
-12.782	34.370
-12.776	34.296
-12.745	34.244
-12.686	34.146
-12.511	34.041
-12.396	34.034
-12.341	34.031
-12.284	34.030
-12.229	34.032
-12.184	34.033
-12.076	34.059
-12.047	34.097
-12.041	34.105
-12.068	34.095
-12.077	34.092
-12.108	34.082
-12.138	34.070
-12.167	34.056
-12.184	34.047
-12.201	34.037
-12.217	34.025
-12.253	33.997
-12.285	33.958
-12.300	33.914
-12.337	33.800
-12.326	33.671
-12.301	33.555
-12.266	33.389
-12.126	33.226
-11.993	33.126
-11.958	33.100
-11.920	33.078
-11.884	33.054

ELEVATION
STATIONS
0.000	0.000	0
-0.685	-1.135	1
-3.005	-1.817	2
-8.380	-2.366	3
-10.309	-2.109	4
-11.295	-1.518	5
-13.236	-2.692	6
-20.502	-4.846	7
-21.815	-4.280	8
-26.067	-3.913	9
-29.395	-3.858	10
-30.111	-4.744	11
-31.779	-5.758	12
-33.479	-5.789	13
-34.097	-7.430	14
-38.852	-9.880	15
-39.845	-10.839	16
-38.072	-12.930	17
-40.393	-13.879	18
-39.576	-15.455	19
SHOTS
0.000	0.000	-0.685	-1.135
-0.685	-1.135	-0.711	-1.453
-0.685	-1.135	-0.498	-1.211
-0.685	-1.135	-1.088	-1.120
-0.685	-1.135	-0.871	-0.863
-0.685	-1.135	-0.811	-1.323
-0.685	-1.135	-0.647	-1.611
-0.685	-1.135	-3.005	-1.817
-3.005	-1.817	-2.887	-1.609
-3.005	-1.817	-2.952	-1.806
-3.005	-1.817	-3.193	-1.930
-3.005	-1.817	-2.172	-1.785
-3.005	-1.817	-1.943	-1.687
-3.005	-1.817	-3.486	-1.668
-3.005	-1.817	-3.701	-1.047
-3.005	-1.817	-5.292	-0.904
-3.005	-1.817	-5.134	-1.253
-3.005	-1.817	-5.838	-1.687
-3.005	-1.817	-3.040	-1.532
-3.005	-1.817	-3.158	-2.405
-3.005	-1.817	-8.380	-2.366
-8.380	-2.366	-9.267	-2.171
-8.380	-2.366	-7.988	-2.648
-8.380	-2.366	-8.179	-2.347
-8.380	-2.366	-9.496	-2.320
-8.380	-2.366	-9.111	-2.141
-8.380	-2.366	-8.714	-2.185
-8.380	-2.366	-8.375	-2.904
-8.380	-2.366	-8.416	-2.756
-8.380	-2.366	-8.105	-2.971
-8.380	-2.366	-10.309	-2.109
-10.309	-2.109	-9.759	-1.676
-10.309	-2.109	-10.622	-2.035
-10.309	-2.109	-9.889	-2.276
-10.309	-2.109	-10.671	-2.104
-10.309	-2.109	-9.842	-2.250
-10.309	-2.109	-10.939	-1.063
-10.309	-2.109	-9.842	-1.660
-10.309	-2.109	-11.177	-1.383
-10.309	-2.109	-12.178	-1.151
-10.309	-2.109	-12.071	-1.253
-10.309	-2.109	-9.741	-1.673
-10.309	-2.109	-11.295	-1.518
-11.295	-1.518	-11.173	-1.474
-11.295	-1.518	-12.149	-1.576
-11.295	-1.518	-10.009	-1.382
-11.295	-1.518	-9.495	-1.024
-11.295	-1.518	-10.355	-1.242
-11.295	-1.518	-11.502	-1.469
-11.295	-1.518	-12.442	-1.652
-11.295	-1.518	-13.128	-1.889
-11.295	-1.518	-12.891	-2.550
-11.295	-1.518	-11.648	-1.734
-11.295	-1.518	-11.301	-1.316
-11.295	-1.518	-11.226	-1.843
-11.295	-1.518	-11.138	-2.070
-11.295	-1.518	-11.158	-1.091
-11.295	-1.518	-11.123	-1.169
-11.295	-1.518	-11.069	-1.980
-11.295	-1.518	-13.212	-2.710
-11.295	-1.518	-13.181	-2.673
-11.295	-1.518	-13.176	-2.675
-11.295	-1.518	-13.236	-2.692
-13.236	-2.692	-10.662	-1.782
-13.236	-2.692	-14.145	-2.471
-13.236	-2.692	-13.095	-2.723
-13.236	-2.692	-11.948	-2.205
-13.236	-2.692	-10.985	-1.073
-13.236	-2.692	-13.395	-2.232
-13.236	-2.692	-14.313	-2.316
-13.236	-2.692	-14.163	-2.604
-13.236	-2.692	-14.143	-2.971
-13.236	-2.692	-15.338	-3.133
-13.236	-2.692	-12.035	-2.100
-13.236	-2.692	-13.269	-3.196
-13.236	-2.692	-13.533	-3.396
-13.236	-2.692	-14.165	-2.421
-13.236	-2.692	-13.591	-1.999
-13.236	-2.692	-20.502	-4.846
-20.502	-4.846	-20.461	-4.400
-20.502	-4.846	-20.557	-5.645
-20.502	-4.846	-20.465	-5.484
-20.502	-4.846	-20.498	-4.381
-20.502	-4.846	-20.524	-5.648
-20.502	-4.846	-20.476	-4.664
-20.502	-4.846	-20.555	-4.440
-20.502	-4.846	-21.815	-4.280
-21.815	-4.280	-20.858	-4.367
-21.815	-4.280	-22.697	-4.405
-21.815	-4.280	-22.802	-4.756
-21.815	-4.280	-21.605	-4.259
-21.815	-4.280	-23.224	-5.894
-21.815	-4.280	-22.005	-5.549
-21.815	-4.280	-22.135	-6.213
-21.815	-4.280	-21.753	-5.679
-21.815	-4.280	-21.455	-5.275
-21.815	-4.280	-23.351	-5.898
-21.815	-4.280	-21.900	-5.146
-21.815	-4.280	-22.580	-5.026
-21.815	-4.280	-22.771	-6.158
-21.815	-4.280	-22.631	-5.573
-21.815	-4.280	-24.015	-4.026
-21.815	-4.280	-26.067	-3.913
-26.067	-3.913	-25.836	-3.662
-26.067	-3.913	-26.994	-3.353
-26.067	-3.913	-29.553	-3.521
-26.067	-3.913	-26.796	-3.806
-26.067	-3.913	-25.877	-3.921
-26.067	-3.913	-25.717	-4.140
-26.067	-3.913	-26.037	-4.389
-26.067	-3.913	-26.541	-3.596
-26.067	-3.913	-29.395	-3.858
-29.395	-3.858	-32.712	-3.797
-29.395	-3.858	-32.712	-3.798
-29.395	-3.858	-29.440	-3.488
-29.395	-3.858	-29.368	-4.191
-29.395	-3.858	-29.120	-3.896
-29.395	-3.858	-28.475	-3.721
-29.395	-3.858	-28.743	-3.457
-29.395	-3.858	-27.309	-3.374
-29.395	-3.858	-29.368	-3.434
-29.395	-3.858	-29.346	-4.151
-29.395	-3.858	-30.111	-4.744
-30.111	-4.744	-28.986	-4.434
-30.111	-4.744	-29.037	-4.431
-30.111	-4.744	-29.608	-4.550
-30.111	-4.744	-29.554	-4.408
-30.111	-4.744	-30.066	-3.756
-30.111	-4.744	-29.676	-3.871
-30.111	-4.744	-30.083	-5.212
-30.111	-4.744	-31.779	-5.758
-31.779	-5.758	-30.880	-5.631
-31.779	-5.758	-28.278	-5.630
-31.779	-5.758	-28.466	-5.671
-31.779	-5.758	-28.219	-5.495
-31.779	-5.758	-29.861	-5.466
-31.779	-5.758	-28.301	-5.480
-31.779	-5.758	-33.400	-5.903
-31.779	-5.758	-28.448	-5.229
-31.779	-5.758	-28.485	-5.502
-31.779	-5.758	-28.307	-5.127
-31.779	-5.758	-28.930	-5.965
-31.779	-5.758	-28.332	-5.652
-31.779	-5.758	-28.307	-5.166
-31.779	-5.758	-31.953	-6.439
-31.779	-5.758	-31.829	-5.294
-31.779	-5.758	-32.757	-5.070
-31.779	-5.758	-33.479	-5.789
-33.479	-5.789	-32.876	-5.865
-33.479	-5.789	-34.011	-5.784
-33.479	-5.789	-34.117	-6.328
-33.479	-5.789	-33.999	-6.912
-33.479	-5.789	-33.572	-6.978
-33.479	-5.789	-32.952	-6.974
-33.479	-5.789	-34.097	-7.430
-34.097	-7.430	-35.025	-7.231
-34.097	-7.430	-35.116	-7.378
-34.097	-7.430	-35.496	-7.493
-34.097	-7.430	-34.790	-6.467
-34.097	-7.430	-34.099	-7.736
-34.097	-7.430	-34.654	-6.681
-34.097	-7.430	-34.594	-7.946
-34.097	-7.430	-38.852	-9.880
-38.852	-9.880	-37.953	-9.769
-38.852	-9.880	-39.147	-9.674
-38.852	-9.880	-38.681	-10.064
-38.852	-9.880	-37.756	-9.567
-38.852	-9.880	-38.606	-9.067
-38.852	-9.880	-38.349	-7.715
-38.852	-9.880	-38.882	-10.317
-38.852	-9.880	-38.406	-10.477
-38.852	-9.880	-38.021	-9.755
-38.852	-9.880	-38.711	-9.195
-38.852	-9.880	-38.861	-10.432
-38.852	-9.880	-38.238	-8.928
-38.852	-9.880	-38.127	-7.726
-38.852	-9.880	-38.136	-8.650
-38.852	-9.880	-38.151	-7.514
-38.852	-9.880	-39.845	-10.839
-39.845	-10.839	-38.654	-10.887
-39.845	-10.839	-37.979	-11.287
-39.845	-10.839	-39.595	-10.183
-39.845	-10.839	-38.998	-10.798
-39.845	-10.839	-39.966	-10.308
-39.845	-10.839	-39.357	-10.067
-39.845	-10.839	-40.236	-11.857
-39.845	-10.839	-37.928	-13.807
-39.845	-10.839	-38.000	-13.579
-39.845	-10.839	-38.460	-13.840
-39.845	-10.839	-39.052	-12.177
-39.845	-10.839	-38.463	-11.673
-39.845	-10.839	-38.935	-12.005
-39.845	-10.839	-38.072	-12.930
-38.072	-12.930	-37.754	-12.840
-38.072	-12.930	-38.322	-12.883
-38.072	-12.930	-39.297	-12.810
-38.072	-12.930	-38.530	-12.991
-38.072	-12.930	-40.417	-13.676
-38.072	-12.930	-39.270	-12.558
-38.072	-12.930	-38.517	-12.366
-38.072	-12.930	-38.280	-12.541
-38.072	-12.930	-39.106	-12.332
-38.072	-12.930	-38.148	-11.266
-38.072	-12.930	-38.381	-13.827
-38.072	-12.930	-38.041	-13.826
-38.072	-12.930	-38.669	-13.755
-38.072	-12.930	-40.393	-13.879
-40.393	-13.879	-42.710	-14.847
-40.393	-13.879	-41.313	-13.693
-40.393	-13.879	-39.186	-13.898
-40.393	-13.879	-39.821	-13.028
-40.393	-13.879	-39.155	-14.263
-40.393	-13.879	-39.353	-13.547
-40.393	-13.879	-40.121	-14.933
-40.393	-13.879	-40.072	-12.815
-40.393	-13.879	-39.624	-14.155
-40.393	-13.879	-39.576	-15.455
-39.576	-15.455	-38.231	-15.438
-39.576	-15.455	-39.295	-14.997
-39.576	-15.455	-37.884	-15.072
-39.576	-15.455	-38.750	-15.641
-39.576	-15.455	-40.409	-14.791
-39.576	-15.455	-39.160	-15.616
-39.576	-15.455	-38.706	-15.415
-39.576	-15.455	-38.954	-15.724
-39.576	-15.455	-39.382	-14.966
-39.576	-15.455	-39.446	-15.738

