TRIP
DATE 2005-07-01 
DECLINATION     0.00
DATA
1.0	1.1	263.19	-65.75	6.899	>
1.1	1.2	304.60	-30.40	3.923	>
1.2		8.69	9.20	0.744	>
1.2		208.21	76.99	9.426	>
1.2		184.67	1.86	2.345	>
1.2		184.42	-49.06	2.078	>
1.2	1.3	249.42	-25.67	2.518	>
1.3		178.26	-3.13	0.330	>
1.3		253.24	-29.24	2.369	>
1.3	1.4	104.70	-77.82	4.576	>
1.4		325.88	-30.88	1.759	>
1.4		81.64	-0.25	0.681	>
1.4		185.14	5.57	3.041	>
1.4		274.94	2.43	0.918	>
1.4	1.5	197.12	9.41	2.018	>
1.5		308.13	58.98	4.761	>
1.5		241.95	66.56	2.652	>
1.5		263.90	-3.82	3.046	>
1.5		141.23	4.23	1.275	>
1.5		94.57	5.14	0.492	>
1.5		173.25	33.90	1.219	>

PLAN
STATIONS
0.000	0.000	1.0
-2.814	-0.336	1.1
-5.599	1.585	1.2
-7.724	0.787	1.3
-6.790	0.542	1.4
-7.376	-1.361	1.5
SHOTS
-6.790	0.542	-7.376	-1.361
-7.376	-1.361	-9.306	0.154
-7.376	-1.361	-8.307	-1.857
-7.376	-1.361	-10.398	-1.684
-7.376	-1.361	-6.580	-2.352
-7.376	-1.361	-6.888	-1.400
-7.376	-1.361	-7.257	-2.366
-7.724	0.787	-6.790	0.542
-6.790	0.542	-7.637	1.792
-6.790	0.542	-6.116	0.641
-6.790	0.542	-7.061	-2.472
-6.790	0.542	-7.704	0.621
-5.599	1.585	-7.724	0.787
-7.724	0.787	-7.714	0.458
-7.724	0.787	-9.703	0.191
-2.814	-0.336	-5.599	1.585
-5.599	1.585	-5.488	2.311
-5.599	1.585	-6.602	-0.285
-5.599	1.585	-5.790	-0.751
-5.599	1.585	-5.704	0.227
0.000	0.000	-2.814	-0.336
POLYLINE BLACK
-6.200	-0.660
-6.320	-0.540
-6.400	-0.540
-6.480	-0.460
-6.680	-0.660
-6.800	-0.820
-6.840	-0.980
-6.880	-1.140
-6.880	-1.380
-6.840	-1.540
-6.560	-1.940
-6.560	-2.460
-6.600	-2.540
-6.840	-2.580
-6.920	-2.540
-7.080	-2.580
-7.320	-2.420
-7.400	-2.460
-7.480	-2.380
-7.640	-2.380
-8.120	-2.260
-8.280	-2.260
-8.360	-2.220
-8.440	-2.260
-8.760	-2.180
-8.920	-2.180
-9.400	-2.020
-9.480	-2.020
-9.560	-1.940
-9.720	-1.940
-10.040	-1.820
-10.280	-1.820
-10.400	-1.620
-10.400	-1.420
-10.200	-0.820
-9.960	-0.300
-9.880	-0.220
-9.880	-0.100
-9.760	0.020
-9.520	0.420
-9.280	0.580
-9.160	0.580
-8.920	0.700
-8.760	0.700
-8.600	0.780
-8.520	0.740
-8.440	0.820
-8.280	0.860
-8.040	1.020
-7.840	1.260
-7.760	1.580
-7.560	1.780
-7.400	1.820
-7.320	1.740
-7.160	1.780
-7.080	1.780
POLYLINE BLACK
-5.880	2.540
-6.200	2.620
-6.360	2.580
-6.600	2.380
-6.680	2.380
-7.080	1.980
-7.160	1.780
-7.240	1.780
-7.520	1.420
-7.760	1.100
-7.760	1.020
-7.840	0.940
POLYLINE BLACK
-2.360	-0.700
-2.760	-0.500
-2.840	-0.420
-2.920	-0.460
-3.080	-0.340
-3.240	-0.380
-3.400	-0.380
-3.560	-0.420
-3.600	-0.340
-3.760	-0.300
-3.840	-0.220
-3.920	-0.220
-4.000	-0.140
-4.080	-0.140
-4.160	-0.060
-4.240	-0.100
-4.400	-0.060
-4.400	0.020
-4.480	-0.020
-4.720	0.060
-4.880	0.100
-5.040	-0.060
-5.000	-0.220
-4.960	-0.380
-5.000	-0.660
-5.080	-0.740
-5.400	-0.820
-5.560	-0.780
-5.880	-0.780
-5.920	-0.700
-6.000	-0.700
-6.080	-0.620
-6.240	-0.580
-6.320	-0.500
POLYLINE BLACK
-4.440	1.660
-4.880	1.580
-5.040	1.540
-5.200	1.580
-5.360	1.620
-5.480	1.940
-5.440	2.140
-5.400	2.300
-5.360	2.380
-5.520	2.500
-5.840	2.500
-5.920	2.460

ELEVATION
STATIONS
0.000	0.000	1.0
2.834	-6.290	1.1
6.217	-8.275	1.2
8.487	-9.366	1.3
9.453	-13.839	1.4
11.444	-13.509	1.5
SHOTS
9.453	-13.839	11.444	-13.509
11.444	-13.509	10.567	-9.429
11.444	-13.509	12.193	-11.076
11.444	-13.509	12.645	-13.712
11.444	-13.509	12.155	-13.415
11.444	-13.509	11.336	-13.465
11.444	-13.509	12.369	-12.829
8.487	-9.366	9.453	-13.839
9.453	-13.839	8.305	-14.742
9.453	-13.839	9.617	-13.842
9.453	-13.839	12.412	-13.544
9.453	-13.839	8.551	-13.800
6.217	-8.275	8.487	-9.366
8.487	-9.366	8.588	-9.384
8.487	-9.366	8.642	-10.523
2.834	-6.290	6.217	-8.275
6.217	-8.275	6.197	-8.156
6.217	-8.275	7.493	0.909
6.217	-8.275	6.068	-8.199
6.217	-8.275	6.121	-9.845
0.000	0.000	2.834	-6.290
POLYLINE BLACK
12.280	-10.900
12.320	-11.060
12.440	-11.580
12.440	-11.780
12.400	-11.940
12.400	-12.180
12.320	-12.500
12.320	-12.780
12.400	-12.940
12.520	-13.060
12.680	-13.540
12.880	-13.740
12.920	-13.900
12.880	-14.060
12.720	-14.060
12.480	-13.900
12.480	-13.980
12.320	-13.900
12.160	-13.940
POLYLINE BLACK
8.320	-14.900
8.640	-14.940
8.800	-14.940
8.960	-14.900
9.120	-14.860
9.200	-14.780
9.280	-14.820
10.040	-14.380
10.120	-14.380
10.280	-14.260
10.680	-14.180
10.800	-14.020
10.880	-14.020
11.000	-13.900
11.400	-13.700
11.640	-13.700
11.800	-13.820
11.960	-13.820
12.080	-13.940
12.240	-13.980
12.320	-14.020
POLYLINE BLACK
9.600	-8.980
9.840	-9.340
9.920	-9.380
10.000	-9.340
10.160	-9.420
10.240	-9.380
10.320	-9.420
10.400	-9.380
10.480	-9.460
10.640	-9.420
10.960	-9.420
11.040	-9.460
11.120	-9.380
11.200	-9.380
11.240	-9.460
11.320	-9.460
11.480	-9.620
11.560	-9.620
11.640	-9.820
11.840	-10.140
11.840	-10.260
11.960	-10.500
12.000	-10.660
12.240	-10.940
12.320	-10.940
12.440	-11.060
12.520	-11.060
POLYLINE BLACK
12.120	-12.020
POLYLINE BLACK
7.840	-11.020
7.840	-11.340
7.880	-11.500
8.000	-11.660
8.040	-11.820
8.200	-12.140
8.240	-12.300
8.400	-12.740
8.440	-12.940
8.600	-13.580
8.640	-13.740
8.440	-14.100
8.360	-14.420
8.280	-14.580
8.280	-14.700
8.320	-14.780
8.480	-14.820
POLYLINE BLACK
8.920	-0.980
9.160	-1.640
9.160	-2.900
9.220	-3.320
9.220	-3.740
9.280	-3.980
9.400	-4.640
9.340	-4.880
9.160	-5.600
9.040	-6.140
8.980	-6.380
9.040	-6.620
9.040	-6.860
8.920	-7.400
8.920	-7.760
8.860	-7.880
9.160	-8.660
9.460	-9.020
9.700	-9.080
9.700	-9.200
POLYLINE BLACK
7.120	-10.400
7.300	-10.220
7.420	-10.220
7.720	-10.520
7.840	-11.060
7.840	-11.420
POLYLINE BLACK
7.300	1.120
7.420	1.000
7.660	0.940
8.080	0.520
8.320	0.040
8.320	-0.080
8.560	-0.320
8.980	-1.100
9.160	-1.220
9.280	-1.220
POLYLINE BLUE
5.860	-9.860
5.320	-9.800
5.200	-9.740
5.620	-9.740
5.920	-9.920
5.920	-9.920
5.500	-9.800
5.920	-9.920
5.740	-10.040
5.380	-9.920
5.260	-9.980
5.800	-10.040
5.860	-10.100
5.380	-10.040
5.680	-9.980
5.920	-10.040
5.680	-10.040
5.140	-9.800
5.380	-9.740
5.800	-9.740
5.920	-9.800
5.920	-9.920
5.620	-9.980
5.200	-9.920
5.380	-9.860
5.800	-9.980
5.680	-10.100
5.440	-10.040
5.320	-9.980
5.560	-10.040
5.860	-9.980
5.980	-10.040
5.680	-9.920
5.380	-9.920
POLYLINE BLACK
4.660	1.780
POLYLINE BLACK
2.320	-9.200
2.440	-9.080
2.620	-9.080
2.860	-9.020
3.220	-9.140
3.640	-9.560
3.760	-9.740
3.880	-9.740
4.480	-10.100
4.840	-10.100
5.020	-10.040
5.140	-10.160
5.380	-10.100
5.500	-10.100
5.620	-10.220
5.860	-10.220
6.100	-10.280
6.760	-10.340
7.300	-10.220
7.420	-10.160
POLYLINE BLACK
2.740	-0.860
2.740	-1.100
3.040	-1.940
3.160	-2.000
3.280	-1.940
3.460	-2.000
3.580	-1.880
3.700	-1.880
4.120	-1.280
4.240	-0.800
4.660	-0.200
4.780	0.100
5.380	0.580
5.500	1.000
5.620	1.120
6.100	1.180
6.340	1.180
6.580	1.240
7.180	1.000
7.360	1.000
7.600	0.940
7.720	1.000
