TRIP
DATE 2023-07-24
DECLINATION 0.0
DATA
0		196.71	40.99	9.174	>
0		196.52	40.98	9.190	>
0		196.46	40.97	9.189	>
0	1	196.56	40.98	9.184	>
1		341.23	10.16	13.622	>
1		48.72	5.95	7.173	>
1		31.73	-39.00	12.072	>
1		312.18	2.74	6.897	>
1		186.60	77.82	7.182	>
1		197.42	56.68	14.218	>
1		124.17	13.00	4.193	>
1		164.17	21.96	7.629	>
1		109.95	-36.06	5.347	>
1		210.06	3.98	3.265	>
1		210.01	4.01	3.264	>
1		210.00	4.03	3.266	>
1	2	210.02	4.01	3.265	>
2		104.82	16.60	4.782	>
2		139.75	5.42	5.118	>
2		189.77	-0.66	5.372	>
2		184.35	-35.92	6.685	>
2		103.97	-48.50	2.789	>
2		103.95	-48.46	2.788	>
2		103.90	-48.57	2.792	>
2		187.31	7.49	9.438	>
2		187.30	7.50	9.441	>
2		187.26	7.48	9.434	>
2	2.1	103.94	-48.51	2.790	>
2.1		104.01	-48.76	2.799	>
2.1		47.27	-56.07	3.403	>
2.1		47.13	-56.15	3.390	>
2.1		47.19	-56.10	3.392	>
2.1	2.2	47.20	-56.11	3.395	>
2.2		223.54	-10.91	1.753	>
2.2		155.60	2.93	0.807	>
2.2		39.79	0.31	2.233	>
2.2		5.05	76.71	10.469	>
2.2		143.11	-86.02	5.552	>
2.2		33.72	-48.14	5.916	>
2.2		33.39	-48.11	5.919	>
2.2		33.40	-48.14	5.912	>
2.2	2.3	33.50	-48.13	5.916	>
2.3		295.24	-87.95	6.474	>
2.3		248.48	-59.24	4.449	>
2.3		62.94	-49.52	2.731	>
2.3		63.08	-49.66	2.743	>
2.3		62.99	-49.59	2.746	>
2.3	2.4	63.00	-49.59	2.740	>
2.4		244.60	-19.03	4.594	>
2.4		156.35	-88.68	4.457	>
2.4		43.41	-10.99	1.745	>
2.4		138.46	-6.90	0.893	>
2.4		67.20	-46.74	2.692	>
2.4		67.29	-46.79	2.703	>
2.4		67.31	-46.72	2.709	>
2.4	2.5	67.26	-46.75	2.701	>
2.5		334.22	2.48	1.690	>
2.5		298.52	5.59	0.959	>
2.5		249.82	-25.39	5.140	>
2.5		316.94	-75.77	3.937	>
2.5		357.99	-40.36	3.939	>
2.5		358.06	-40.46	3.934	>
2.5		358.08	-40.45	3.939	>
2.5	2.6	358.04	-40.42	3.937	>
2.6		212.93	-83.05	6.179	>
2.6		279.36	74.21	2.512	>
2.6		65.96	-43.58	2.466	>
2.6		60.51	24.72	1.559	>
2.6	2.7	66.34	-69.96	11.562	>
2	3	187.29	7.49	9.438	>
3		168.66	7.17	10.195	>
3		168.59	7.16	10.194	>
3		168.49	7.16	10.204	>
3	4	168.58	7.16	10.198	>
4		126.78	0.31	7.771	>
4		126.80	0.35	7.771	>
4		126.79	0.29	7.796	>
4	5	126.79	0.32	7.779	>
5		169.91	-11.44	8.863	>
5		169.96	-11.49	8.857	>
5		169.89	-11.43	8.869	>
5	6	169.92	-11.45	8.863	>
6		212.74	3.72	2.261	>
6		177.47	-4.38	4.598	>
6		172.86	-25.49	9.779	>
6		106.62	-0.03	2.316	>
6		33.05	9.28	1.870	>
6		10.40	9.43	3.393	>
6		245.36	33.72	2.335	>
6		66.41	-1.09	4.468	>
6		66.88	-1.28	4.393	>
6		66.51	-1.06	4.422	>
6		66.59	-0.99	4.443	>
6	6.1	66.66	-1.11	4.419	>
6.1		327.69	7.66	1.505	>
6.1		24.32	-70.68	2.437	>
6.1		278.87	-68.30	1.325	>
6.1		303.10	60.12	1.877	>
6.1		54.05	-43.23	4.954	>
6.1		65.41	-21.28	5.856	>
6.1		64.91	-21.46	9.144	>
6.1		64.94	-21.47	9.142	>
6.1		64.95	-21.49	9.142	>
6.1	6.2	64.93	-21.47	9.143	>
6.2		19.15	-84.22	5.608	>
6.2		331.82	-3.72	1.334	>
6.2		54.00	-53.09	4.482	>
6.2		22.71	-15.78	2.081	>
6.2		63.28	-29.34	3.086	>
6.2		41.07	-24.79	7.220	>
6.2		40.92	-24.83	7.253	>
6.2		41.13	-24.75	7.259	>
6.2	6.3	41.04	-24.79	7.244	>

PLAN
STATIONS
0.000	0.000	0
-1.976	-6.646	1
-3.606	-9.466	2
-1.812	-9.911	2.1
-0.423	-8.625	2.2
1.756	-5.333	2.3
3.339	-4.526	2.4
5.046	-3.811	2.5
4.944	-0.815	2.6
8.572	0.775	2.7
-4.794	-18.747	3
-2.790	-28.665	4
3.440	-33.324	5
4.960	-41.876	6
9.017	-40.126	6.1
16.724	-36.521	6.2
21.042	-31.561	6.3
SHOTS
0.000	0.000	-1.976	-6.646
-1.976	-6.646	-6.291	6.050
-1.976	-6.646	3.385	-1.939
-1.976	-6.646	2.958	1.334
-1.976	-6.646	-7.082	-2.020
-1.976	-6.646	-2.151	-8.152
-1.976	-6.646	-4.315	-14.098
-1.976	-6.646	1.404	-8.941
-1.976	-6.646	-0.047	-13.453
-1.976	-6.646	2.087	-8.120
-1.976	-6.646	-3.606	-9.466
-3.606	-9.466	0.824	-10.638
-3.606	-9.466	-0.314	-13.354
-3.606	-9.466	-4.518	-14.760
-3.606	-9.466	-4.017	-14.864
-3.606	-9.466	-1.812	-9.911
-1.812	-9.911	-0.022	-10.358
-1.812	-9.911	-0.423	-8.625
-0.423	-8.625	-1.609	-9.872
-0.423	-8.625	-0.090	-9.359
-0.423	-8.625	1.006	-6.909
-0.423	-8.625	-0.211	-6.227
-0.423	-8.625	-0.192	-8.933
-0.423	-8.625	1.756	-5.333
1.756	-5.333	1.546	-5.234
1.756	-5.333	-0.361	-6.167
1.756	-5.333	3.339	-4.526
3.339	-4.526	-0.584	-6.389
3.339	-4.526	3.380	-4.620
3.339	-4.526	4.516	-3.282
3.339	-4.526	3.927	-5.190
3.339	-4.526	5.046	-3.811
5.046	-3.811	4.312	-2.290
5.046	-3.811	4.207	-3.355
5.046	-3.811	0.687	-5.412
5.046	-3.811	4.385	-3.104
5.046	-3.811	4.944	-0.815
4.944	-0.815	4.537	-1.442
4.944	-0.815	4.269	-0.704
4.944	-0.815	6.575	-0.087
4.944	-0.815	6.176	-0.118
4.944	-0.815	8.572	0.775
-3.606	-9.466	-4.794	-18.747
-4.794	-18.747	-2.790	-28.665
-2.790	-28.665	3.440	-33.324
3.440	-33.324	4.960	-41.876
4.960	-41.876	3.740	-43.774
4.960	-41.876	5.163	-46.456
4.960	-41.876	6.057	-50.635
4.960	-41.876	7.179	-42.539
4.960	-41.876	5.967	-40.329
4.960	-41.876	5.564	-38.584
4.960	-41.876	3.195	-42.686
4.960	-41.876	9.054	-40.088
4.960	-41.876	9.017	-40.126
9.017	-40.126	8.220	-38.865
9.017	-40.126	9.349	-39.391
9.017	-40.126	8.533	-40.050
9.017	-40.126	8.233	-39.615
9.017	-40.126	11.939	-38.007
9.017	-40.126	13.979	-37.855
9.017	-40.126	16.724	-36.521
16.724	-36.521	16.909	-35.988
16.724	-36.521	16.095	-35.348
16.724	-36.521	18.901	-34.939
16.724	-36.521	17.497	-34.674
16.724	-36.521	19.126	-35.312
16.724	-36.521	21.042	-31.561
POLYLINE RED
-1.290	-0.400
-0.971	-0.323
-0.655	-0.346
-0.342	-0.450
0.042	-0.577
-0.031	-0.596
0.236	-0.746
0.312	-0.789
0.438	-0.799
0.511	-0.812
POLYLINE RED
-8.110	3.290
-8.170	3.330
POLYLINE RED
1.387	-11.343
1.319	-11.392
POLYLINE RED
-1.673	-0.257
-1.132	-0.416
POLYLINE RED
0.311	-0.837
1.516	-0.878
0.879	-0.902
2.218	-0.733
POLYLINE RED
-2.476	0.474
-2.315	0.183
-2.064	-0.045
-1.762	-0.183
-1.638	-0.239
-1.284	-0.301
-1.232	-0.313
-1.160	-0.330
-1.090	-0.352
-1.019	-0.372
POLYLINE RED
-6.240	6.078
-6.260	6.046
-6.283	6.016
-6.300	5.983
-6.316	5.950
-6.331	5.916
-6.337	5.880
-6.412	5.402
-6.507	4.927
-6.541	4.445
-6.618	3.372
-6.610	2.295
-6.670	1.221
-6.683	0.995
-6.745	0.774
-6.758	0.548
-6.774	0.260
-6.739	-0.029
-6.757	-0.317
-6.786	-0.778
-6.841	-1.237
-6.900	-1.695
-6.913	-1.801
-6.954	-1.901
-6.976	-2.006
-6.987	-2.059
-6.992	-2.114
-7.000	-2.168
POLYLINE RED
3.312	-1.936
3.293	-2.294
3.297	-2.654
3.256	-3.010
3.232	-3.210
3.178	-3.405
3.119	-3.597
2.938	-4.189
2.716	-4.768
2.536	-5.360
2.372	-5.902
2.215	-6.446
2.087	-6.998
2.010	-7.331
1.995	-7.677
1.920	-8.011
1.864	-8.262
1.708	-8.537
1.608	-8.772
1.481	-9.071
1.607	-8.899
1.408	-9.116
POLYLINE RED
3.208	-1.987
2.541	-1.311
3.195	-2.016
2.738	-1.421
2.698	-1.369
2.645	-1.328
2.598	-1.281
POLYLINE RED
-6.297	6.208
-5.985	6.313
-5.681	6.449
-5.360	6.523
-4.171	6.798
-1.352	6.611
-0.907	6.590
0.273	6.536
1.244	6.092
2.271	5.537
2.668	5.322
2.991	5.099
3.292	4.775
3.369	4.693
3.436	4.600
3.500	4.507
3.792	4.079
3.893	3.905
4.095	3.417
4.120	3.357
4.135	3.292
4.141	3.227
4.168	2.963
4.201	2.697
4.195	2.432
4.159	0.861
3.983	1.156
3.615	-0.718
3.557	-1.015
3.560	-1.320
3.532	-1.621
POLYLINE RED
-1.848	-6.766
-1.900	-6.687
-1.994	-6.597
-1.988	-6.492
-1.982	-6.377
-1.865	-6.301
-1.761	-6.286
-1.639	-6.268
-1.349	-6.209
-1.303	-6.404
-1.289	-6.464
-1.307	-6.537
-1.328	-6.592
-1.406	-6.797
-1.545	-6.888
-1.766	-6.870
-1.838	-6.864
-1.922	-6.851
-1.982	-6.805
-2.024	-6.773
-2.050	-6.731
-2.082	-6.689
POLYLINE RED
-6.514	5.002
-5.875	3.513
-6.149	4.021
-4.538	1.869
-3.895	1.011
-3.226	0.580
-2.266	0.132
-2.144	0.075
-2.009	0.056
-1.880	0.018
POLYLINE RED
1.978	-0.667
2.232	-0.863
2.485	-1.058
2.739	-1.254
2.940	-1.461
3.123	-1.688
3.344	-1.875
3.437	-1.954
3.561	-1.986
3.669	-2.042
POLYLINE RED
0.306	-3.960
0.349	-3.364
0.305	-3.527
0.526	-2.863
0.532	-2.847
0.611	-2.578
0.716	-2.589
0.756	-2.594
0.788	-2.635
0.808	-2.663
0.918	-2.815
1.033	-2.964
1.134	-3.123
1.176	-3.189
1.262	-3.343
1.242	-3.444
1.176	-3.774
0.263	-3.783
0.112	-3.796
POLYLINE RED
1.721	-2.228
1.797	-2.491
1.865	-2.756
1.947	-3.018
1.999	-3.185
2.230	-3.020
2.287	-2.975
2.380	-2.903
2.474	-2.818
2.512	-2.703
2.587	-2.474
2.451	-2.169
2.225	-2.081
2.110	-2.036
1.980	-2.053
1.864	-2.084
1.691	-2.129
1.579	-2.218
1.435	-2.321
POLYLINE RED
1.066	-5.275
1.170	-5.476
1.270	-5.680
1.379	-5.878
1.402	-5.919
1.467	-5.942
1.510	-5.946
1.813	-5.978
2.052	-5.624
2.067	-5.357
2.074	-5.240
2.029	-5.129
1.969	-5.030
1.818	-4.781
1.619	-4.725
1.358	-4.861
1.204	-4.941
1.110	-5.080
1.003	-5.211
POLYLINE RED
-6.777	-1.589
-6.969	-1.883
-7.079	-2.206
-7.101	-2.557
-7.142	-3.202
-6.306	-4.600
-6.088	-4.969
-4.013	-8.238
-5.380	-5.997
-4.098	-8.236
-3.942	-8.511
-3.844	-8.593
-3.766	-8.874
-3.673	-9.212
-3.703	-9.330
-3.764	-9.668
POLYLINE RED
1.354	-9.061
1.209	-9.348
0.818	-9.963
0.748	-10.405
0.685	-10.801
0.690	-11.208
0.600	-11.599
0.475	-12.144
0.276	-12.669
0.103	-13.201
0.044	-13.384
-0.183	-13.499
-0.357	-13.528
-0.474	-13.548
-0.538	-13.531
-0.661	-13.519
POLYLINE BLUE
-2.127	-9.646
-2.139	-9.656
POLYLINE BLUE
-1.197	-10.553
-1.220	-10.589
POLYLINE RED
-1.931	-9.787
-1.726	-9.614
-1.522	-9.441
-1.317	-9.268
-1.174	-9.133
-1.036	-8.994
-0.888	-8.864
-0.817	-8.802
-0.661	-8.735
-0.589	-8.692
-0.516	-8.648
-0.446	-8.598
-0.375	-8.551
POLYLINE RED
-0.051	-9.381
-0.062	-9.339
POLYLINE RED
-0.187	-9.362
-0.219	-9.434
-0.242	-9.511
-0.284	-9.578
-0.453	-9.852
-0.642	-10.027
-0.900	-10.231
-0.985	-10.299
-1.084	-10.348
-1.176	-10.406
POLYLINE RED
-0.523	-8.265
-0.216	-8.232
0.017	-8.281
0.277	-8.447
0.285	-8.453
0.291	-8.462
0.296	-8.470
0.340	-8.547
0.380	-8.626
0.422	-8.704
POLYLINE RED
1.204	-5.216
1.390	-5.190
1.562	-5.196
1.723	-5.299
1.769	-5.329
1.813	-5.364
1.845	-5.410
1.911	-5.506
1.923	-5.675
1.942	-5.771
POLYLINE RED
-1.834	-9.748
-1.555	-9.879
-1.329	-10.075
-1.188	-10.350
-1.180	-10.365
-1.174	-10.380
-1.171	-10.395
-1.152	-10.478
-1.137	-10.562
-1.120	-10.645
POLYLINE RED
1.957	-5.551
1.950	-5.537
POLYLINE RED
1.919	-5.537
1.996	-5.517
2.071	-5.486
2.150	-5.476
2.343	-5.453
2.538	-5.450
2.732	-5.437
3.119	-5.386
3.506	-5.334
3.893	-5.283
POLYLINE RED
-0.465	-6.087
-0.443	-5.951
-0.429	-5.815
-0.399	-5.681
-0.373	-5.566
-0.309	-5.442
-0.240	-5.347
-0.142	-5.211
0.046	-5.029
0.210	-5.180
0.284	-5.248
0.339	-5.335
0.361	-5.433
0.409	-5.655
0.376	-6.158
0.044	-6.149
-0.225	-6.141
-0.389	-6.114
-0.629	-6.027
POLYLINE RED
-0.607	-8.599
-0.545	-8.370
-0.475	-8.142
-0.420	-7.910
-0.408	-7.860
-0.404	-7.806
-0.408	-7.754
-0.439	-7.408
-0.475	-7.063
-0.525	-6.719
-0.545	-6.580
-0.632	-6.475
-0.604	-6.332
-0.601	-6.316
-0.600	-6.298
-0.590	-6.285
-0.547	-6.227
-0.495	-6.176
-0.447	-6.122
POLYLINE RED
1.078	-5.191
0.886	-5.202
0.827	-5.190
0.656	-5.246
0.616	-5.260
0.575	-5.275
0.542	-5.299
-0.138	-5.797
-0.008	-5.681
-0.363	-6.037
POLYLINE RED
1.014	-6.841
0.988	-7.050
0.996	-7.267
0.935	-7.469
0.666	-8.359
0.337	-8.734
-0.177	-9.539
POLYLINE RED
1.000	-7.020
1.202	-6.805
1.444	-6.616
1.572	-6.344
1.628	-6.224
1.688	-5.967
1.804	-5.828
1.844	-5.781
1.907	-5.733
1.954	-5.694
POLYLINE RED
1.038	-5.046
1.015	-5.018
POLYLINE RED
0.993	-5.128
1.276	-4.996
1.441	-4.884
1.724	-4.830
1.982	-4.780
2.245	-4.753
2.502	-4.699
2.694	-4.659
2.995	-4.551
3.193	-4.484
POLYLINE RED
3.832	-5.194
4.258	-5.029
4.611	-4.689
4.865	-4.315
5.283	-3.700
4.842	-4.273
5.157	-3.873
POLYLINE RED
-9.107	6.404
-9.186	6.403
POLYLINE RED
-9.613	6.530
-9.585	6.685
-9.622	6.636
-9.550	6.704
POLYLINE RED
-9.566	6.578
-9.597	6.577
POLYLINE RED
-9.661	6.625
-9.676	6.625
POLYLINE RED
-9.771	6.704
-9.919	6.810
-9.848	6.745
-9.977	6.910
POLYLINE RED
4.172	-3.364
4.539	-1.907
4.096	-3.736
4.338	-2.544
4.359	-2.439
4.395	-2.337
4.424	-2.233
POLYLINE RED
4.358	-2.315
4.438	-1.980
4.464	-1.632
4.628	-1.328
4.683	-1.226
4.750	-1.131
4.802	-1.029
4.828	-0.976
4.841	-0.917
4.864	-0.863
4.892	-0.800
4.925	-0.739
4.955	-0.677
POLYLINE RED
5.105	-3.787
5.110	-3.782
POLYLINE RED
5.075	-3.810
5.175	-2.742
5.163	-2.576
5.388	-1.478
5.654	-0.180
5.371	-2.042
5.535	-0.887
POLYLINE RED
5.032	-0.781
5.327	-0.785
5.378	-0.867
5.620	-1.060
POLYLINE RED
3.291	-4.501
3.410	-4.459
3.533	-4.427
3.649	-4.376
3.928	-4.253
4.202	-4.117
4.475	-3.981
4.628	-3.906
4.712	-3.733
4.629	-3.577
4.537	-3.404
4.430	-3.238
4.350	-3.060
4.191	-2.703
4.230	-2.763
4.325	-2.431
POLYLINE RED
-3.760	-9.662
-3.806	-9.721
-3.855	-9.776
-3.897	-9.837
-3.920	-9.873
-3.946	-9.909
-3.954	-9.950
-4.072	-10.571
-4.176	-11.194
-4.275	-11.817
-4.335	-12.192
-4.396	-12.568
-4.433	-12.946
-4.488	-13.509
-4.501	-13.690
-4.419	-14.158
-4.418	-14.168
-4.408	-14.175
-4.401	-14.183
-4.372	-14.219
-4.342	-14.254
-4.313	-14.290
POLYLINE RED
-1.850	-9.719
-1.916	-9.674
-1.979	-9.625
-2.049	-9.586
-2.166	-9.519
-2.428	-9.462
-2.519	-9.457
-3.165	-9.417
-3.208	-9.425
-3.605	-9.462
POLYLINE BLACK
-1.255	-12.017
-1.316	-12.046
-1.375	-12.080
-1.438	-12.103
-1.457	-12.110
-1.587	-12.152
-1.645	-12.141
-1.773	-12.117
-1.653	-11.745
-1.621	-11.714
-1.547	-11.642
-1.359	-11.771
-1.321	-11.837
-1.295	-11.883
-1.277	-11.933
-1.255	-11.982
POLYLINE BLACK
-1.110	-11.425
-1.132	-11.291
-1.161	-11.185
-1.274	-11.108
-1.294	-11.095
-1.332	-11.071
-1.360	-11.078
-1.421	-11.093
-1.397	-11.212
-1.383	-11.250
-1.371	-11.282
-1.354	-11.304
-1.328	-11.327
-1.320	-11.334
-1.311	-11.341
-1.301	-11.346
-1.217	-11.386
-1.131	-11.423
-1.046	-11.462
POLYLINE BLACK
-1.803	-10.868
-1.792	-10.802
-1.777	-10.737
-1.770	-10.671
-1.747	-10.472
-2.139	-10.345
-2.165	-10.564
-2.187	-10.746
-2.087	-10.852
-1.966	-10.980
-1.889	-11.061
-1.792	-11.100
-1.683	-11.080
-1.559	-11.058
-1.494	-10.977
-1.410	-10.889
POLYLINE BLACK
-2.447	-12.694
-2.404	-12.663
-2.361	-12.633
-2.318	-12.602
-2.306	-12.601
-2.294	-12.595
-2.283	-12.599
-2.226	-12.621
-2.245	-12.761
-2.278	-12.800
-2.333	-12.867
-2.450	-12.860
-2.516	-12.814
-2.583	-12.768
-2.632	-12.720
-2.681	-12.654
-2.729	-12.589
-2.767	-12.516
-2.770	-12.434
-2.786	-12.002
-2.219	-12.212
-2.040	-12.351
-1.935	-12.431
-1.956	-12.461
-1.890	-12.619
POLYLINE BLACK
-3.283	-13.265
-3.300	-13.599
-3.668	-13.431
-3.574	-13.178
-3.524	-13.043
-3.310	-12.906
-3.171	-12.995
-3.106	-13.036
-3.095	-13.109
-3.069	-13.178
POLYLINE BLACK
-3.608	-12.731
-3.637	-12.714
-3.713	-12.653
-3.770	-12.649
-3.867	-12.643
-3.923	-12.769
-3.880	-12.846
-3.829	-12.938
-3.667	-13.049
-3.564	-13.062
-3.504	-13.069
-3.428	-13.004
-3.438	-12.939
-3.455	-12.831
-3.490	-12.727
-3.516	-12.621
POLYLINE BLACK
-2.661	-10.482
-2.629	-10.523
-2.594	-10.560
-2.567	-10.603
-2.561	-10.612
-2.562	-10.625
-2.566	-10.635
-2.574	-10.661
-2.606	-10.676
-2.627	-10.685
-2.749	-10.731
-2.930	-10.685
-2.939	-10.531
-2.949	-10.359
-2.788	-10.267
-2.630	-10.284
-2.617	-10.285
-2.557	-10.297
-2.551	-10.317
-2.526	-10.394
-2.519	-10.476
-2.503	-10.555
POLYLINE BLACK
-2.851	-10.177
-2.814	-10.135
-2.775	-10.095
-2.740	-10.052
-2.680	-9.978
-2.743	-9.860
-2.828	-9.842
-2.871	-9.832
-2.913	-9.846
-2.952	-9.864
-3.089	-9.925
-3.041	-10.101
-2.974	-10.197
-2.941	-10.245
-2.901	-10.282
-2.853	-10.315
-2.820	-10.338
-2.777	-10.358
-2.737	-10.367
-2.669	-10.382
-2.631	-10.367
-2.555	-10.358
POLYLINE RED
-0.811	-13.533
-0.787	-13.472
-0.756	-13.413
-0.738	-13.350
-0.614	-12.917
-0.762	-12.105
-0.831	-11.756
-0.895	-11.430
-0.990	-11.111
-1.078	-10.791
-1.094	-10.736
-1.117	-10.682
-1.143	-10.631
-1.178	-10.561
-1.221	-10.496
-1.260	-10.428
POLYLINE BLACK
-1.582	-10.597
-1.609	-10.511
-1.630	-10.424
-1.662	-10.339
-1.681	-10.291
-1.718	-10.191
-1.783	-10.166
-1.817	-10.153
-1.854	-10.162
-1.886	-10.177
-1.991	-10.227
-2.062	-10.345
-2.023	-10.462
-2.000	-10.533
-1.931	-10.588
-1.874	-10.628
-1.721	-10.734
-1.640	-10.709
-1.469	-10.724
POLYLINE BLACK
-2.061	-10.243
-2.079	-10.185
-2.095	-10.126
-2.116	-10.069
-2.141	-9.999
-2.303	-9.925
-2.346	-10.009
-2.387	-10.088
-2.297	-10.208
-2.228	-10.241
-2.219	-10.246
-2.208	-10.249
-2.197	-10.251
-2.111	-10.263
-2.024	-10.272
-1.937	-10.283
POLYLINE BLACK
-1.711	-11.643
-1.758	-11.671
-1.803	-11.701
-1.851	-11.727
-1.997	-11.805
-2.192	-11.542
-2.103	-11.411
-2.020	-11.291
-1.769	-11.332
-1.696	-11.444
-1.660	-11.499
-1.658	-11.564
-1.648	-11.627
POLYLINE RED
-0.887	-13.384
-1.420	-13.719
-1.971	-13.896
-2.585	-14.040
-2.906	-14.115
-3.229	-14.189
-3.557	-14.225
-3.828	-14.254
-4.102	-14.232
-4.375	-14.235
POLYLINE BLUE
-4.228	-14.021
-4.196	-13.949
-4.168	-13.876
-4.104	-13.827
-4.018	-13.763
-3.867	-13.724
-3.788	-13.819
-3.772	-13.839
-3.760	-13.861
-3.757	-13.886
-3.751	-13.966
-3.852	-14.051
-3.918	-14.076
-3.955	-14.091
-3.993	-14.103
-4.032	-14.113
-4.106	-14.131
-4.227	-14.141
-4.287	-14.079
-4.327	-14.037
-4.303	-13.971
-4.285	-13.926
-4.260	-13.861
-4.214	-13.784
-4.133	-13.805
-4.103	-13.813
-4.078	-13.828
-4.059	-13.853
-3.975	-13.969
-4.052	-14.112
-4.133	-14.203
-4.188	-14.267
-4.271	-14.336
-4.355	-14.278
-4.542	-14.147
-4.333	-13.917
-4.235	-13.809
-4.168	-13.736
-4.087	-13.685
-3.987	-13.679
-3.951	-13.677
-3.910	-13.681
-3.885	-13.710
-3.868	-13.730
-3.862	-13.758
-3.861	-13.784
-3.856	-13.898
-3.956	-13.970
-4.059	-13.993
-4.150	-14.014
-4.249	-14.019
-4.340	-13.993
-4.396	-13.977
-4.398	-13.915
-4.382	-13.868
-4.342	-13.752
-4.277	-13.683
-4.161	-13.638
-4.121	-13.623
-4.075	-13.627
-4.035	-13.640
-3.949	-13.667
-3.888	-13.722
-3.861	-13.809
-3.849	-13.847
-3.847	-13.891
-3.860	-13.929
-3.885	-14.000
-3.951	-14.089
-4.036	-14.082
-4.078	-14.078
-4.119	-14.056
-4.151	-14.030
-4.267	-13.934
-4.196	-13.759
-4.091	-13.684
-4.024	-13.636
-3.971	-13.640
-3.927	-13.712
-3.909	-13.741
-3.898	-13.774
-3.901	-13.808
-3.907	-13.906
-3.982	-14.000
-4.063	-14.051
-4.149	-14.106
-4.248	-14.127
-4.349	-14.112
-4.395	-14.105
-4.483	-14.081
-4.494	-14.024
-4.506	-13.962
-4.435	-13.896
-4.393	-13.865
-4.275	-13.778
-4.082	-13.731
-3.956	-13.831
-3.822	-13.938
-3.881	-14.164
-4.021	-14.235
-4.162	-14.306
-4.272	-14.113
-4.254	-13.990
-4.240	-13.892
-4.181	-13.803
-4.124	-13.725
-4.086	-13.674
-4.014	-13.610
-3.946	-13.608
-3.895	-13.606
-3.882	-13.667
-3.881	-13.707
-3.879	-13.874
-4.088	-13.987
-4.235	-13.927
-4.284	-13.906
-4.244	-13.862
-4.218	-13.842
-4.182	-13.815
-4.139	-13.804
-4.095	-13.801
-4.000	-13.797
-3.919	-13.835
-3.876	-13.922
-3.858	-13.958
-3.856	-14.001
-3.869	-14.039
-3.919	-14.184
-4.102	-14.264
-4.198	-14.112
-4.255	-14.021
-4.245	-13.935
-4.141	-13.887
-4.104	-13.870
-4.058	-13.861
-4.017	-13.866
-3.949	-13.874
-3.950	-13.950
-3.981	-13.996
-4.041	-14.084
-4.159	-14.029
-4.238	-14.014
POLYLINE BLUE
4.740	-7.790
4.740	-7.790
POLYLINE BLUE
4.790	-7.860
4.790	-7.860
POLYLINE BLUE
4.780	-7.820
4.760	-7.820
POLYLINE BLUE
4.710	-7.810
4.710	-7.810
POLYLINE BLUE
4.790	-7.790
4.790	-7.790
POLYLINE BLUE
4.720	-7.870
4.690	-7.820
POLYLINE BLUE
4.740	-7.790
4.740	-7.790
POLYLINE BLUE
4.710	-7.810
4.710	-7.810
POLYLINE BLUE
4.710	-7.780
4.690	-7.760
POLYLINE BLUE
4.710	-7.760
4.710	-7.760
POLYLINE RED
5.473	-38.483
5.513	-38.518
5.559	-38.547
5.593	-38.588
5.815	-38.844
5.921	-39.048
5.970	-39.389
6.070	-40.089
6.061	-40.036
6.051	-40.509
POLYLINE RED
5.971	-40.454
6.019	-40.414
6.065	-40.370
6.117	-40.333
6.149	-40.310
6.184	-40.289
6.222	-40.275
6.798	-40.076
7.380	-39.893
7.956	-39.695
8.076	-39.654
8.151	-39.568
8.207	-39.458
8.301	-39.269
8.232	-38.945
8.225	-38.797
POLYLINE RED
9.064	-40.171
8.257	-40.676
9.213	-40.049
8.102	-40.930
6.986	-41.815
7.873	-41.023
7.484	-41.375
POLYLINE RED
3.505	-42.975
3.603	-43.218
3.701	-43.460
3.799	-43.702
3.794	-43.708
3.792	-43.720
3.786	-43.719
3.773	-43.717
3.764	-43.704
3.756	-43.694
3.677	-43.601
3.591	-43.511
3.523	-43.409
3.326	-43.118
3.160	-42.636
3.061	-42.347
2.991	-42.139
3.003	-42.136
3.017	-41.966
POLYLINE RED
3.025	-41.812
3.089	-40.952
POLYLINE RED
7.574	-41.273
6.884	-41.618
7.125	-41.455
6.804	-41.685
POLYLINE RED
8.356	-38.860
8.380	-39.077
8.449	-39.296
8.577	-39.476
8.675	-39.616
8.786	-39.746
8.888	-39.883
8.900	-39.898
8.908	-39.915
8.918	-39.931
8.944	-39.962
8.969	-39.994
8.995	-40.025
POLYLINE RED
16.692	-36.564
14.464	-38.114
15.225	-37.627
10.743	-39.918
10.457	-40.064
10.135	-40.126
9.827	-40.216
9.618	-40.277
9.452	-40.276
9.233	-40.253
9.188	-40.248
9.145	-40.228
9.102	-40.215
POLYLINE RED
8.260	-38.892
8.231	-38.825
8.202	-38.758
8.172	-38.691
8.165	-38.673
8.159	-38.667
8.159	-38.648
8.158	-38.581
8.287	-38.534
8.314	-38.524
8.496	-38.452
8.677	-38.375
8.867	-38.326
9.536	-38.153
10.218	-38.030
10.888	-37.861
11.482	-37.711
11.167	-37.689
11.722	-37.630
12.722	-37.523
12.438	-37.664
13.264	-37.386
13.366	-37.352
13.469	-37.315
13.557	-37.254
15.848	-35.677
14.804	-35.930
15.802	-35.707
POLYLINE RED
15.763	-35.718
15.862	-35.638
15.963	-35.560
16.060	-35.479
16.085	-35.458
16.105	-35.432
16.130	-35.412
16.176	-35.375
16.243	-35.336
16.301	-35.320
16.647	-35.219
16.521	-35.292
16.799	-35.153
18.220	-34.440
16.311	-35.376
17.588	-34.753
POLYLINE RED
16.782	-36.556
17.133	-36.380
16.955	-36.455
17.314	-36.330
POLYLINE RED
17.442	-34.720
17.478	-34.688
POLYLINE RED
17.501	-34.806
17.371	-35.033
17.232	-35.254
17.112	-35.486
17.080	-35.547
17.060	-35.614
17.046	-35.681
16.873	-36.492
16.875	-36.282
16.881	-36.654
POLYLINE RED
17.466	-34.843
17.779	-34.321
18.092	-33.799
18.406	-33.277
18.495	-33.174
18.570	-33.057
18.674	-32.969
19.223	-32.505
19.793	-32.068
20.360	-31.626
20.439	-31.565
20.566	-31.522
20.667	-31.521
20.801	-31.519
20.982	-31.511
21.124	-31.554
21.171	-31.568
21.216	-31.590
21.262	-31.608
POLYLINE RED
16.758	-36.623
16.758	-36.621
POLYLINE RED
16.767	-36.618
16.770	-36.618
POLYLINE RED
16.844	-36.605
17.111	-36.577
17.674	-36.577
18.022	-36.446
18.085	-36.422
18.144	-36.390
18.203	-36.358
18.223	-36.347
18.242	-36.332
18.259	-36.316
18.415	-36.170
18.577	-36.031
18.721	-35.875
18.802	-35.787
18.861	-35.681
18.931	-35.584
18.945	-35.564
18.961	-35.546
18.974	-35.526
18.986	-35.506
18.997	-35.486
19.004	-35.464
19.072	-35.266
19.022	-35.276
19.075	-34.992
19.101	-34.853
19.168	-34.707
19.245	-34.590
19.561	-34.110
19.917	-33.657
20.207	-33.161
20.449	-32.747
20.634	-32.303
20.836	-31.868
20.866	-31.803
20.873	-31.729
20.901	-31.663
20.956	-31.536
20.993	-31.487
21.059	-31.391
POLYLINE RED
18.470	-33.988
18.642	-34.013
18.814	-34.038
18.986	-34.063
19.025	-34.066
19.065	-34.066
19.103	-34.072
19.157	-34.080
19.212	-34.110
19.260	-34.132
POLYLINE RED
18.819	-33.595
18.760	-33.585
18.701	-33.570
18.641	-33.564
18.464	-33.546
18.297	-33.611
18.176	-33.740
18.115	-33.805
18.077	-33.889
18.059	-33.976
18.001	-34.244
18.063	-34.478
18.346	-34.568
18.384	-34.580
18.423	-34.589
18.462	-34.594
18.729	-34.631
18.838	-34.582
19.110	-34.476
19.144	-34.462
19.176	-34.442
19.206	-34.420
19.307	-34.350
19.378	-34.243
19.423	-34.129
19.480	-33.984
19.527	-33.817
19.435	-33.675
19.402	-33.625
19.355	-33.570
19.305	-33.535
19.165	-33.437
18.978	-33.379
18.806	-33.398
18.741	-33.405
18.677	-33.429
18.615	-33.448
POLYLINE GREEN
1.056	-49.593
1.017	-49.274
0.968	-48.956
0.937	-48.636
0.937	-48.627
0.922	-48.408
0.975	-48.365
1.002	-48.344
1.052	-48.354
1.078	-48.369
1.157	-48.415
1.238	-48.458
1.309	-48.515
1.601	-48.754
1.622	-48.793
1.816	-49.027
POLYLINE GREEN
1.837	-48.978
2.020	-48.926
2.469	-48.761
2.736	-48.763
2.848	-48.764
2.959	-48.788
3.071	-48.801
POLYLINE GREEN
3.033	-48.791
3.111	-48.575
3.179	-48.354
3.267	-48.142
3.316	-48.024
3.383	-47.915
3.445	-47.804
3.511	-47.688
3.663	-47.903
3.687	-47.945
3.709	-47.986
3.713	-48.013
3.720	-48.058
3.765	-48.340
3.809	-48.622
3.853	-48.904
POLYLINE GREEN
2.145	-50.334
2.208	-50.285
2.268	-50.232
2.333	-50.187
2.386	-50.150
2.473	-50.116
2.536	-50.103
2.982	-50.016
2.856	-50.029
3.216	-50.039
POLYLINE GREEN
2.120	-50.287
2.070	-50.094
2.021	-49.901
1.971	-49.709
1.971	-49.688
1.968	-49.667
1.970	-49.647
1.989	-49.451
2.196	-49.274
2.386	-49.261
2.660	-49.242
3.082	-49.497
3.179	-49.755
3.221	-49.868
3.202	-49.906
3.199	-50.044
POLYLINE GREEN
2.323	-49.238
2.582	-49.957
POLYLINE GREEN
2.507	-49.848
2.462	-49.790
2.376	-49.624
2.321	-49.771
2.292	-49.848
2.282	-49.930
2.297	-50.012
2.299	-50.022
2.304	-50.031
2.309	-50.041
2.321	-50.067
2.334	-50.093
2.346	-50.119
POLYLINE GREEN
2.374	-49.813
2.398	-49.864
2.401	-49.932
2.445	-49.968
2.467	-49.985
2.463	-49.914
2.465	-49.887
2.473	-49.760
2.318	-49.930
2.340	-49.954
2.353	-49.967
2.378	-49.952
2.394	-49.959
2.403	-49.963
2.405	-49.977
2.410	-49.986
2.419	-50.005
2.428	-50.025
2.437	-50.044
POLYLINE GREEN
2.561	-49.778
2.585	-49.655
2.590	-49.543
2.729	-49.620
2.772	-49.644
2.809	-49.677
2.832	-49.722
2.878	-49.814
2.871	-50.000
2.877	-50.067
POLYLINE GREEN
2.634	-49.719
2.635	-49.736
2.636	-49.754
2.637	-49.771
2.631	-49.805
2.609	-49.840
2.619	-49.873
2.623	-49.888
2.646	-49.859
2.661	-49.855
2.664	-49.854
2.671	-49.855
2.671	-49.858
2.668	-49.879
2.659	-49.898
2.652	-49.918
POLYLINE GREEN
2.697	-49.794
2.682	-49.847
2.668	-49.899
2.654	-49.952
2.670	-49.937
2.691	-49.926
2.703	-49.908
2.722	-49.879
2.730	-49.844
2.743	-49.813
POLYLINE GREEN
3.314	-48.745
3.326	-48.678
3.331	-48.610
3.350	-48.545
3.363	-48.501
3.411	-48.549
3.417	-48.556
3.518	-48.678
3.534	-48.779
3.550	-48.929
POLYLINE GREEN
1.330	-49.481
1.321	-49.335
1.304	-49.191
1.303	-49.045
1.302	-49.034
1.315	-49.020
1.326	-49.021
1.346	-49.024
1.362	-49.040
1.376	-49.053
1.458	-49.135
1.534	-49.221
1.613	-49.305
POLYLINE GREEN
1.552	-51.224
1.546	-51.337
1.529	-51.407
1.554	-51.509
1.599	-51.698
1.766	-51.847
1.937	-51.923
1.994	-51.948
2.061	-51.960
2.123	-51.961
2.526	-51.968
2.929	-51.960
3.332	-51.972
3.804	-51.985
4.275	-52.022
4.747	-52.036
5.135	-52.048
5.379	-51.534
5.256	-51.206
5.203	-51.064
5.071	-50.938
4.948	-50.857
4.811	-50.767
4.651	-50.709
4.524	-50.605
4.296	-50.416
3.909	-50.082
3.773	-49.750
3.686	-49.536
3.791	-49.235
3.810	-49.050
3.814	-49.009
3.806	-48.968
3.804	-48.927
POLYLINE GREEN
4.442	-51.079
4.366	-51.139
4.268	-51.207
4.342	-51.305
4.373	-51.347
4.414	-51.382
4.464	-51.398
4.555	-51.426
4.664	-51.387
4.734	-51.327
4.861	-51.218
4.813	-51.092
4.699	-50.987
4.680	-50.970
4.659	-50.955
4.637	-50.941
4.628	-50.936
4.619	-50.930
4.609	-50.931
4.541	-50.937
4.474	-50.952
4.407	-50.962
POLYLINE GREEN
3.823	-51.339
3.850	-51.489
3.883	-51.618
4.009	-51.711
4.028	-51.725
4.122	-51.786
4.161	-51.793
4.232	-51.807
4.305	-51.811
4.377	-51.820
POLYLINE GREEN
5.029	-50.923
5.056	-51.146
5.079	-51.166
5.297	-51.191
POLYLINE BLUE
1.912	-48.962
1.814	-49.289
1.681	-49.608
1.619	-49.944
1.601	-50.040
1.723	-49.779
1.775	-49.696
1.866	-49.551
1.953	-49.402
2.049	-49.259
2.104	-49.177
2.222	-49.085
2.329	-49.099
2.345	-49.101
2.361	-49.106
2.376	-49.111
2.410	-49.122
2.444	-49.151
2.481	-49.135
2.538	-49.112
2.534	-48.967
2.584	-48.990
2.601	-48.998
2.613	-49.015
2.623	-49.031
2.680	-49.119
2.721	-49.219
2.785	-49.303
2.792	-49.312
2.809	-49.294
2.815	-49.284
2.844	-49.243
2.832	-49.214
2.870	-49.188
2.889	-49.174
2.911	-49.173
2.934	-49.177
2.991	-49.189
3.117	-49.271
3.125	-49.276
3.154	-49.293
3.178	-49.318
3.209	-49.329
3.284	-49.358
3.233	-49.135
3.218	-49.108
3.143	-48.976
3.059	-48.850
2.979	-48.721
POLYLINE BLUE
1.926	-48.967
1.680	-49.570
POLYLINE BLUE
2.045	-48.915
1.825	-49.366
1.913	-49.155
1.769	-49.544
POLYLINE BLUE
2.134	-48.908
1.879	-49.359
1.988	-49.140
1.799	-49.563
POLYLINE BLUE
2.190	-48.897
1.923	-49.319
POLYLINE BLUE
2.290	-48.854
2.120	-49.080
2.217	-48.944
2.010	-49.270
POLYLINE BLUE
2.409	-48.794
2.194	-49.069
POLYLINE BLUE
2.491	-48.703
2.318	-49.023
POLYLINE BLUE
2.451	-48.824
2.361	-49.018
POLYLINE BLUE
2.557	-48.756
2.421	-49.062
POLYLINE BLUE
2.610	-48.775
2.489	-49.037
POLYLINE BLUE
2.603	-48.803
2.576	-48.892
POLYLINE BLUE
2.715	-48.728
2.706	-49.039
POLYLINE BLUE
2.935	-48.731
2.863	-49.137
POLYLINE BLUE
2.914	-48.789
2.914	-48.794
POLYLINE BLUE
2.898	-48.913
2.849	-49.165
POLYLINE BLUE
2.895	-48.824
2.842	-49.028
POLYLINE BLUE
2.902	-48.745
2.935	-49.128
POLYLINE BLUE
2.930	-48.808
3.080	-49.120
2.999	-48.985
3.162	-49.221
POLYLINE BLUE
2.979	-48.798
3.383	-49.282
2.777	-48.718
3.009	-48.985
3.098	-49.087
3.060	-48.932
3.021	-48.895
2.995	-48.871
3.065	-48.973
3.040	-48.999
3.025	-49.014
2.960	-48.872
2.911	-48.913
2.885	-48.935
2.882	-48.987
2.864	-49.011
2.818	-49.073
2.722	-48.873
2.715	-48.917
2.698	-49.026
2.788	-49.051
2.696	-48.921
2.691	-48.914
2.676	-48.922
2.668	-48.917
2.648	-48.903
2.627	-48.846
2.616	-48.867
2.597	-48.906
2.645	-48.957
2.628	-48.997
2.617	-49.020
2.592	-48.958
2.587	-48.933
2.584	-48.923
2.597	-48.905
2.608	-48.908
2.643	-48.921
2.664	-48.965
2.701	-48.972
2.718	-48.976
2.727	-48.809
2.695	-48.850
2.669	-48.884
2.677	-48.934
2.680	-48.976
2.681	-48.984
2.699	-48.989
2.704	-48.983
2.723	-48.963
2.715	-48.912
2.742	-48.910
2.766	-48.908
2.765	-48.971
2.743	-48.980
2.723	-48.988
2.729	-48.906
2.715	-48.922
2.686	-48.953
2.700	-49.006
2.683	-49.044
2.678	-49.055
2.657	-49.069
2.652	-49.059
2.618	-49.000
2.634	-48.882
2.670	-48.826
2.681	-48.808
2.738	-48.735
2.765	-48.775
2.792	-48.813
2.768	-48.900
2.769	-48.928
2.769	-48.932
2.777	-48.922
2.780	-48.919
2.809	-48.968
2.838	-49.016
2.867	-49.065
POLYLINE BLUE
2.870	-48.861
2.863	-49.191
POLYLINE BLUE
2.729	-48.904
2.699	-49.203
POLYLINE BLUE
2.753	-48.857
2.753	-48.857
POLYLINE BLUE
2.758	-48.911
2.729	-49.158
POLYLINE BLUE
2.828	-48.911
2.765	-49.191
POLYLINE BLUE
2.935	-48.962
3.131	-49.130
POLYLINE BLUE
2.898	-48.880
3.178	-49.126
POLYLINE BLUE
2.888	-48.936
3.164	-49.107
POLYLINE BLUE
2.888	-49.041
3.072	-49.142
2.969	-49.092
3.201	-49.186
POLYLINE BLUE
2.818	-48.939
2.833	-48.939
POLYLINE YELLOW
0.982	-49.682
0.911	-49.695
0.839	-49.702
0.771	-49.722
0.700	-49.744
0.627	-49.767
0.565	-49.808
0.094	-50.124
-0.401	-50.413
-0.825	-50.790
-1.642	-51.514
-1.954	-52.016
-2.425	-52.912
-2.483	-53.021
-2.533	-53.136
-2.563	-53.256
-2.727	-53.930
-2.707	-53.932
-2.720	-54.470
POLYLINE YELLOW
2.557	-52.068
2.764	-54.676
2.557	-51.496
2.577	-53.808
2.597	-56.087
2.710	-53.238
2.615	-55.159
POLYLINE YELLOW
1.687	-53.570
1.663	-54.221
1.635	-54.872
1.615	-55.524
1.610	-55.679
1.811	-55.733
1.929	-55.730
2.160	-55.726
2.390	-55.723
2.620	-55.713
2.664	-55.711
2.747	-55.706
2.774	-55.656
2.785	-55.636
2.787	-55.606
2.782	-55.585
2.747	-55.444
2.698	-55.306
2.670	-55.163
2.654	-55.076
2.657	-54.986
2.650	-54.897
POLYLINE YELLOW
1.073	-53.748
1.085	-53.962
1.117	-54.177
1.110	-54.391
1.095	-54.828
1.037	-55.262
1.007	-55.698
1.006	-55.716
1.025	-55.743
1.038	-55.754
1.056	-55.768
1.084	-55.776
1.107	-55.777
1.294	-55.783
1.481	-55.786
1.669	-55.790
POLYLINE YELLOW
0.968	-53.900
0.672	-54.280
0.555	-54.498
0.215	-54.771
-0.010	-54.952
-0.504	-55.210
-0.691	-55.316
POLYLINE YELLOW
-1.269	-53.895
-1.191	-53.980
-1.105	-54.058
-1.035	-54.150
-0.821	-54.435
-0.731	-54.728
-0.755	-55.083
-0.761	-55.166
-0.793	-55.305
-0.835	-55.377
-1.251	-56.084
-1.117	-55.661
-1.241	-56.164
POLYLINE YELLOW
-2.729	-54.327
-2.683	-54.905
-2.644	-55.484
-2.591	-56.062
-2.565	-56.350
-2.527	-56.638
-2.491	-56.925
-2.489	-56.945
-2.473	-56.973
-2.460	-56.988
-2.401	-57.050
-2.267	-57.014
-2.210	-56.996
-1.922	-56.909
-1.637	-56.812
-1.353	-56.713
-1.261	-56.681
-1.207	-56.561
-1.185	-56.477
-1.148	-56.341
-1.152	-56.156
-1.133	-56.033
-1.123	-55.969
-1.100	-55.908
-1.084	-55.846
POLYLINE YELLOW
-1.785	-54.928
-1.723	-55.789
-1.702	-56.178
-1.836	-56.846
POLYLINE BLUE
-2.250	-52.773
-2.646	-52.517
-3.015	-52.442
-3.476	-52.560
-3.611	-52.595
-3.752	-52.668
-3.843	-52.776
-3.867	-52.805
-4.069	-53.057
-4.098	-53.162
-4.189	-53.498
-4.232	-53.842
-4.166	-54.186
-4.149	-54.275
-4.122	-54.361
-4.101	-54.449
POLYLINE BLUE
-2.437	-52.960
-2.437	-52.958
POLYLINE BLUE
-2.446	-52.923
-2.576	-52.816
-2.705	-52.663
-2.880	-52.623
-3.029	-52.588
-3.213	-52.697
-3.324	-52.761
-3.609	-52.924
-3.851	-53.296
-3.950	-53.597
-4.011	-53.783
-4.005	-53.876
-4.021	-54.077
POLYLINE BLUE
-2.168	-52.755
-2.515	-52.767
-2.582	-52.747
-2.888	-52.826
-2.937	-52.839
-2.986	-52.855
-3.030	-52.882
-3.405	-53.106
-3.777	-53.529
-3.945	-53.938
-4.000	-54.070
-4.035	-54.290
-4.061	-54.416
POLYLINE BLUE
-2.395	-53.021
-2.562	-52.848
-2.719	-52.749
-2.950	-52.688
-3.032	-52.666
-3.155	-52.647
-3.245	-52.658
-3.398	-52.676
-3.538	-52.746
-3.672	-52.818
-3.889	-52.935
-4.079	-53.091
-4.208	-53.304
-4.297	-53.451
-4.350	-53.603
-4.386	-53.771
-4.401	-53.841
-4.403	-53.913
-4.411	-53.984
POLYLINE BLUE
-2.678	-52.745
-2.773	-52.760
-2.971	-52.775
-3.078	-52.832
-3.184	-52.889
-3.290	-52.950
-3.387	-53.021
-3.853	-53.360
-4.187	-53.980
-4.321	-54.531
-4.376	-54.756
-4.380	-54.884
-4.393	-55.087
POLYLINE BLUE
-2.881	-52.890
-3.017	-52.928
-3.147	-52.948
-3.266	-53.026
-3.348	-53.080
-3.430	-53.136
-3.502	-53.204
-3.568	-53.267
-3.626	-53.340
-3.676	-53.416
-3.767	-53.553
-3.858	-53.692
-3.922	-53.843
-4.097	-54.251
-4.188	-54.661
-4.220	-55.098
POLYLINE BLUE
-2.465	-52.577
-2.534	-52.570
-2.602	-52.558
-2.671	-52.557
-2.774	-52.555
-2.923	-52.608
-3.002	-52.644
-3.573	-52.902
-3.818	-53.285
-4.073	-53.850
-4.133	-53.983
-4.179	-54.123
-4.214	-54.265
-4.250	-54.409
-4.262	-54.557
-4.285	-54.704
POLYLINE BLUE
-2.682	-52.554
-2.858	-52.548
-2.932	-52.530
-3.090	-52.569
-3.443	-52.655
-3.720	-53.019
-3.899	-53.300
-4.210	-53.790
-4.370	-54.349
-4.400	-54.926
POLYLINE BLUE
-2.902	-52.827
-3.013	-52.913
-3.139	-52.984
-3.236	-53.086
-3.572	-53.438
-3.838	-53.821
-4.026	-54.271
-4.114	-54.480
-4.170	-54.701
-4.228	-54.920
-4.249	-55.001
-4.252	-55.086
-4.264	-55.169
POLYLINE BLUE
-2.460	-52.731
-2.909	-53.069
-2.857	-52.990
-3.277	-53.576
-3.374	-53.710
-3.543	-54.004
-3.593	-54.203
-3.622	-54.323
-3.637	-54.446
-3.659	-54.568
POLYLINE BLUE
-2.535	-52.752
-2.719	-52.900
-2.918	-53.030
-3.086	-53.195
-3.302	-53.407
-3.564	-53.758
-3.698	-54.051
-3.863	-54.413
-3.874	-54.488
-3.951	-54.790
POLYLINE BLUE
-3.009	-52.822
-3.552	-53.464
-3.861	-54.255
-4.103	-55.052
POLYLINE BLUE
-2.909	-52.484
-2.996	-52.504
-3.086	-52.519
-3.172	-52.545
-3.512	-52.647
-3.837	-53.082
-4.007	-53.310
-4.290	-53.689
-4.481	-54.121
-4.610	-54.573
POLYLINE BLUE
-3.276	-52.715
-3.592	-52.767
-3.939	-52.804
-4.207	-53.003
-4.677	-53.353
-4.846	-53.940
-4.930	-54.496
POLYLINE BLUE
1.075	-49.621
1.014	-49.653
0.950	-49.682
0.891	-49.718
0.720	-49.822
0.598	-50.110
0.536	-50.245
0.375	-50.594
0.392	-50.693
0.334	-51.086
POLYLINE BLUE
0.790	-49.675
0.587	-50.291
0.555	-50.235
0.522	-50.802
0.517	-50.890
0.518	-50.979
0.531	-51.067
0.543	-51.149
0.574	-51.226
0.596	-51.306
POLYLINE BLUE
0.958	-49.677
0.728	-50.751
0.780	-50.264
0.746	-51.131
POLYLINE BLUE
1.131	-49.808
1.142	-50.486
1.161	-50.084
1.003	-51.007
POLYLINE BLUE
0.965	-49.570
0.423	-51.425
POLYLINE BLUE
0.734	-49.710
0.341	-50.923
0.452	-50.401
0.311	-51.254
POLYLINE BLUE
0.631	-49.626
0.281	-50.094
0.401	-49.896
0.056	-50.808
0.012	-50.922
-0.013	-51.043
-0.035	-51.163
-0.052	-51.259
-0.053	-51.358
-0.063	-51.455
POLYLINE BLUE
0.344	-50.063
0.027	-50.432
0.137	-50.275
-0.197	-51.045
-0.294	-51.269
-0.315	-51.458
-0.320	-51.691
POLYLINE BLUE
0.316	-49.894
-0.180	-50.430
-0.115	-50.303
-0.520	-51.031
-0.578	-51.134
-0.623	-51.245
-0.661	-51.357
-0.692	-51.451
-0.706	-51.550
-0.729	-51.647
POLYLINE BLUE
-0.056	-49.967
-0.509	-50.343
-0.302	-50.141
-0.871	-51.064
-0.953	-51.197
-1.024	-51.385
-1.053	-51.545
-1.063	-51.603
-1.064	-51.661
-1.070	-51.719
POLYLINE BLUE
-0.049	-50.109
-0.309	-50.318
-0.477	-50.602
-0.638	-50.887
POLYLINE BLUE
0.194	-49.929
0.056	-50.126
POLYLINE BLUE
0.264	-50.018
-0.033	-50.511
-0.235	-50.760
-0.403	-51.261
-0.437	-51.360
-0.447	-51.465
-0.469	-51.568
POLYLINE BLUE
0.112	-50.063
-0.314	-50.567
-0.217	-50.407
-0.604	-51.165
-0.639	-51.235
-0.664	-51.311
-0.682	-51.388
-0.708	-51.504
-0.716	-51.623
-0.733	-51.740
POLYLINE BLUE
-0.077	-50.200
-0.447	-50.645
-0.312	-50.454
-0.740	-51.354
-0.785	-51.451
-0.807	-51.557
-0.841	-51.659
POLYLINE BLUE
-0.257	-50.324
-0.444	-50.602
-0.631	-50.880
-0.818	-51.158
-0.840	-51.211
-0.869	-51.262
-0.886	-51.317
-0.910	-51.397
-0.923	-51.481
-0.941	-51.563
POLYLINE BLUE
-0.418	-50.623
-0.654	-51.392
POLYLINE BLUE
0.021	-50.109
-0.161	-50.507
-0.343	-50.905
-0.525	-51.303
-0.548	-51.391
-0.585	-51.477
-0.594	-51.568
-0.603	-51.660
-0.584	-51.753
-0.579	-51.846
POLYLINE BLUE
0.309	-49.927
0.006	-50.501
-0.244	-50.950
-0.332	-51.542
POLYLINE BLUE
0.645	-49.633
0.031	-51.532
POLYLINE BLUE
0.715	-49.899
0.220	-51.378
POLYLINE BLUE
0.535	-49.950
0.145	-50.666
0.353	-50.235
-0.030	-51.271
POLYLINE BLUE
0.379	-49.981
0.153	-51.148
0.181	-50.705
0.159	-51.296
POLYLINE BLUE
0.767	-49.841
0.567	-51.090
0.606	-50.602
0.566	-51.294
POLYLINE BLUE
0.902	-49.696
0.816	-50.843
POLYLINE BLUE
0.813	-49.712
0.919	-50.919
0.922	-50.473
0.909	-51.046
POLYLINE BLUE
0.954	-49.614
1.194	-50.773
POLYLINE BLUE
1.038	-50.021
0.984	-50.983
POLYLINE BLUE
0.898	-50.007
0.861	-50.770
0.902	-50.398
0.781	-51.124
POLYLINE BLUE
0.923	-49.967
0.659	-50.775
POLYLINE BLUE
0.729	-49.908
0.149	-50.846
0.405	-50.377
-0.047	-51.313
POLYLINE BLUE
0.133	-50.266
-0.277	-51.076
-0.141	-50.738
-0.332	-51.257
POLYLINE YELLOW
-2.273	-53.353
-2.301	-53.358
POLYLINE BLUE
2.753	-55.634
2.893	-55.867
POLYLINE BLUE
1.683	-55.629
1.689	-55.745
1.699	-55.861
1.830	-55.886
1.886	-55.897
1.942	-55.914
1.999	-55.912
2.268	-55.904
2.536	-55.876
2.804	-55.858
POLYLINE BLUE
1.785	-55.732
2.546	-55.753
2.256	-55.719
2.664	-55.776
POLYLINE BLUE
1.643	-55.823
2.155	-55.695
1.804	-55.761
2.713	-55.760
POLYLINE BLUE
1.828	-55.860
2.500	-55.691
2.129	-55.766
2.942	-55.655
POLYLINE BLUE
1.926	-55.909
2.582	-55.842
POLYLINE BLUE
2.106	-55.872
2.788	-55.821
POLYLINE BLUE
2.302	-55.949
2.587	-55.872
POLYLINE BLUE
1.456	-55.764
1.639	-55.868
POLYLINE BLUE
0.937	-55.741
0.964	-55.788
0.989	-55.836
1.019	-55.880
1.100	-56.002
1.345	-55.951
1.437	-55.949
POLYLINE BLUE
1.234	-55.776
1.474	-55.764
1.328	-55.766
1.671	-55.788
POLYLINE BLUE
1.014	-55.888
1.615	-55.825
POLYLINE BLUE
1.199	-55.944
1.629	-55.886
POLYLINE BLUE
1.290	-55.968
1.459	-55.933
POLYLINE BLUE
-1.241	-56.603
-1.105	-56.732
POLYLINE BLUE
-1.783	-56.888
-1.712	-57.034
POLYLINE BLUE
-2.463	-56.938
-2.100	-57.106
POLYLINE BLUE
-2.315	-56.933
-2.236	-57.078
POLYLINE BLUE
-2.238	-57.138
-1.084	-56.823
POLYLINE BLUE
-1.523	-56.870
-1.220	-56.631
POLYLINE BLUE
-1.675	-56.816
-1.325	-56.699
POLYLINE BLUE
-1.710	-56.923
-1.378	-56.827
-1.529	-56.888
-1.252	-56.748
POLYLINE BLUE
-1.710	-56.923
-1.248	-56.783
POLYLINE BLUE
-1.465	-56.963
-1.273	-56.893
POLYLINE BLUE
-2.105	-56.968
-1.811	-56.919
POLYLINE BLUE
-2.173	-57.012
-1.888	-56.982
POLYLINE BLUE
-2.168	-57.113
-1.949	-57.070
-2.074	-57.102
-1.799	-57.001
POLYLINE RED
4.005	-52.021
3.599	-52.506
3.785	-52.260
3.444	-52.755
POLYLINE RED
4.071	-51.792
4.195	-52.238
4.157	-52.426
4.131	-52.902
POLYLINE RED
3.295	-52.783
3.846	-52.878
3.557	-52.811
4.157	-52.998
POLYLINE RED
3.522	-52.516
3.723	-52.553
3.607	-52.522
3.863	-52.633
POLYLINE RED
3.734	-52.336
3.931	-52.421
POLYLINE GREEN
3.388	-52.633
3.202	-52.875
3.140	-52.928
3.016	-53.252
2.999	-53.296
3.073	-53.177
3.107	-53.144
3.132	-53.118
3.160	-53.095
3.190	-53.077
3.214	-53.063
3.236	-53.076
3.248	-53.097
3.300	-53.194
3.267	-53.338
3.250	-53.440
3.232	-53.547
3.201	-53.652
3.194	-53.760
3.193	-53.772
3.221	-53.765
3.229	-53.757
3.260	-53.726
3.283	-53.689
3.305	-53.651
3.345	-53.581
3.370	-53.503
3.415	-53.436
3.420	-53.428
3.438	-53.432
3.446	-53.439
3.461	-53.453
3.470	-53.472
3.477	-53.491
3.494	-53.536
3.508	-53.581
3.517	-53.628
3.525	-53.669
3.525	-53.711
3.529	-53.753
3.532	-53.778
3.532	-53.851
3.538	-53.827
3.565	-53.720
3.567	-53.607
3.591	-53.500
3.604	-53.442
3.646	-53.492
3.657	-53.509
3.684	-53.550
3.706	-53.595
3.724	-53.640
3.740	-53.678
3.747	-53.718
3.759	-53.757
3.765	-53.779
3.757	-53.831
3.778	-53.823
3.805	-53.814
3.795	-53.770
3.799	-53.743
3.811	-53.636
3.812	-53.528
3.826	-53.422
3.836	-53.352
3.929	-53.407
3.960	-53.410
4.007	-53.413
4.017	-53.363
4.018	-53.329
4.028	-52.933
3.993	-53.131
4.047	-52.888
POLYLINE GREEN
3.316	-52.596
3.199	-52.778
3.150	-52.961
3.108	-53.166
POLYLINE GREEN
3.328	-52.790
3.326	-52.839
POLYLINE GREEN
3.473	-52.692
3.332	-53.129
POLYLINE GREEN
3.519	-52.745
3.388	-53.175
POLYLINE GREEN
3.503	-52.871
3.272	-53.605
POLYLINE GREEN
3.557	-52.808
3.350	-53.410
3.416	-53.149
3.323	-53.580
POLYLINE GREEN
3.617	-52.876
3.451	-53.520
3.495	-53.268
3.440	-53.626
POLYLINE GREEN
3.711	-52.890
3.631	-53.446
POLYLINE GREEN
3.790	-52.876
3.680	-53.544
POLYLINE GREEN
3.886	-52.888
3.795	-53.488
POLYLINE GREEN
3.886	-52.942
3.872	-53.313
POLYLINE GREEN
4.031	-53.077
4.017	-53.334
POLYLINE RED
3.127	-43.903
2.349	-46.363
POLYLINE RED
1.594	-45.940
1.808	-46.344
2.018	-46.749
2.235	-47.151
2.275	-47.225
2.386	-47.113
2.406	-47.088
2.608	-46.831
2.804	-46.569
3.003	-46.310
POLYLINE RED
8.606	1.279
8.588	1.327
8.570	1.358
8.567	1.406
8.557	1.556
8.714	1.721
8.834	1.791
8.896	1.827
8.982	1.850
9.049	1.814
9.110	1.781
9.136	1.695
9.145	1.634
9.158	1.546
9.169	1.457
9.164	1.367
9.156	1.197
9.126	1.030
9.047	0.879
9.024	0.837
8.991	0.801
8.963	0.762
POLYLINE RED
5.868	0.611
5.855	0.674
5.857	0.692
5.830	0.744
5.786	0.828
5.687	0.900
5.589	0.878
5.499	0.858
5.473	0.784
5.442	0.703
5.429	0.670
5.423	0.628
5.423	0.593
5.424	0.495
5.493	0.387
5.524	0.305
5.535	0.278
5.539	0.249
5.547	0.221
POLYLINE RED
5.551	0.290
5.269	0.035
5.411	0.179
5.025	-0.417
4.973	-0.497
4.959	-0.560
4.937	-0.649
4.936	-0.654
4.937	-0.659
4.937	-0.663
4.936	-0.696
4.937	-0.729
4.937	-0.762
POLYLINE RED
8.531	1.339
7.943	1.386
8.043	1.396
7.163	1.271
6.928	1.238
6.641	1.146
6.430	1.022
6.109	0.833
6.116	0.822
5.895	0.612
POLYLINE RED
5.523	-1.031
5.626	-1.076
5.720	-1.128
5.834	-1.140
5.995	-1.157
6.131	-1.150
6.287	-1.116
6.650	-1.037
7.303	-0.915
7.671	-0.712
7.993	-0.535
8.298	-0.327
8.597	-0.115
8.795	0.026
8.982	0.216
9.025	0.464
9.037	0.535
9.041	0.584
9.029	0.650
9.022	0.689
9.009	0.708
8.991	0.746
POLYLINE RED
7.452	0.631
7.481	0.668
7.489	0.688
7.522	0.710
7.536	0.720
7.552	0.724
7.568	0.727
7.678	0.748
7.660	0.527
7.545	0.551
7.540	0.552
7.535	0.554
7.531	0.555
7.488	0.571
7.446	0.588
7.403	0.604
POLYLINE RED
6.702	0.687
6.692	0.617
6.589	0.573
6.578	0.497
6.569	0.436
6.643	0.404
6.693	0.412
6.772	0.425
6.842	0.545
6.812	0.619
6.790	0.675
6.713	0.698
6.671	0.722
POLYLINE RED
7.949	0.331
7.924	0.263
7.896	0.196
7.875	0.127
7.868	0.107
7.849	0.034
7.876	0.010
7.898	-0.009
7.939	-0.001
7.963	0.006
8.031	0.027
8.146	0.109
8.132	0.194
8.117	0.289
7.997	0.322
7.928	0.358
POLYLINE RED
6.876	-0.516
6.870	-0.534
6.851	-0.572
6.851	-0.599
6.851	-0.618
6.860	-0.637
6.875	-0.650
6.898	-0.670
6.928	-0.684
6.958	-0.674
7.008	-0.658
7.075	-0.560
7.003	-0.527
6.969	-0.512
6.931	-0.502
6.893	-0.506
6.874	-0.509
6.856	-0.513
6.837	-0.516
POLYLINE RED
6.163	0.351
6.146	0.273
6.127	0.197
6.113	0.119
6.111	0.107
6.099	0.045
6.133	0.046
6.148	0.046
6.169	0.057
6.180	0.064
6.259	0.112
6.277	0.216
6.229	0.292
6.227	0.296
6.223	0.300
6.220	0.303
6.189	0.330
6.158	0.355
6.127	0.382
POLYLINE RED
7.871	2.886
7.821	1.857
7.883	2.893
7.834	2.393
7.830	2.358
7.831	2.323
7.830	2.288
POLYLINE RED
7.620	2.539
7.676	2.415
7.732	2.290
7.789	2.166
7.793	2.164
7.796	2.160
7.801	2.159
7.829	2.154
7.872	2.214
7.877	2.222
8.019	2.466
8.003	2.431
8.062	2.586
POLYLINE RED
7.644	2.554
8.089	2.561
POLYLINE RED
7.741	2.520
7.757	2.489
7.775	2.464
7.779	2.429
7.781	2.420
7.781	2.411
7.780	2.402
7.778	2.390
7.777	2.378
7.771	2.367
7.756	2.338
7.730	2.428
7.731	2.425
7.732	2.421
7.770	2.292
7.789	2.291
7.811	2.290
7.784	2.342
7.764	2.351
7.749	2.358
7.774	2.316
7.767	2.301
7.762	2.287
7.716	2.395
7.734	2.364
7.757	2.318
7.780	2.272
7.803	2.226
7.808	2.227
7.817	2.224
7.817	2.229
7.813	2.276
7.803	2.322
7.792	2.367
7.788	2.381
7.787	2.404
7.773	2.407
7.761	2.409
7.768	2.383
7.768	2.371
7.767	2.350
7.768	2.329
7.771	2.308
7.794	2.165
7.845	2.274
7.884	2.343
7.895	2.362
7.901	2.419
7.913	2.401
7.928	2.379
7.897	2.349
7.898	2.322
7.899	2.312
7.910	2.339
7.916	2.348
7.936	2.391
7.959	2.433
7.977	2.477
7.981	2.486
7.965	2.459
7.959	2.451
7.928	2.394
7.837	2.223
7.865	2.280
8.118	2.790
7.987	2.475
7.926	2.419
7.916	2.410
7.954	2.467
7.934	2.476
7.928	2.478
7.920	2.475
7.913	2.474
7.861	2.466
7.887	2.458
7.903	2.499
7.904	2.504
7.905	2.516
7.900	2.514
7.884	2.509
7.860	2.503
7.858	2.486
7.856	2.473
7.884	2.487
7.897	2.492
7.921	2.500
7.895	2.514
7.888	2.518
7.872	2.529
7.847	2.530
7.839	2.547
7.834	2.557
7.859	2.555
7.869	2.555
7.884	2.556
7.903	2.562
7.912	2.550
7.918	2.542
7.894	2.540
7.883	2.537
7.860	2.530
7.836	2.525
7.812	2.521
7.802	2.520
7.792	2.518
7.783	2.520
7.776	2.522
7.808	2.523
7.802	2.524
7.773	2.526
7.744	2.527
7.714	2.525
7.697	2.524
7.644	2.517
7.662	2.516
7.725	2.512
7.791	2.535
7.851	2.516
7.893	2.504
7.764	2.504
7.721	2.498
7.767	2.495
7.814	2.498
7.859	2.489
7.872	2.486
7.811	2.489
7.820	2.478
7.835	2.460
7.884	2.479
7.886	2.456
7.887	2.434
7.840	2.470
7.821	2.460
7.807	2.452
7.855	2.438
7.870	2.447
7.880	2.453
7.852	2.465
7.843	2.472
7.801	2.505
7.730	2.463
7.754	2.420
7.799	2.339
7.922	2.404
7.900	2.462
7.864	2.556
7.705	2.465
7.710	2.393
7.711	2.376
7.724	2.365
7.738	2.359
7.795	2.334
7.848	2.359
7.886	2.406
7.890	2.410
7.893	2.417
7.891	2.422
7.886	2.441
7.776	2.443
7.884	2.455
7.910	2.458
7.887	2.423
7.886	2.422
7.874	2.396
7.861	2.370
7.849	2.343
POLYLINE RED
7.656	2.438
7.737	2.383
7.784	2.330
7.834	2.255
POLYLINE RED
7.685	2.600
7.825	2.280
7.765	2.391
7.841	2.255
POLYLINE RED
7.640	2.485
7.812	2.214
POLYLINE RED
7.974	2.451
7.837	2.225
POLYLINE RED
8.010	2.534
7.843	2.191
POLYLINE RED
8.011	2.559
7.839	2.264
7.895	2.382
7.821	2.216
POLYLINE RED
7.925	2.518
7.819	2.306
7.852	2.394
7.808	2.263
POLYLINE RED
7.840	2.473
7.824	2.266
POLYLINE RED
7.775	2.489
7.789	2.275
POLYLINE RED
7.757	2.487
7.809	2.354
POLYLINE RED
7.764	2.499
7.817	2.326
7.787	2.393
7.839	2.291
POLYLINE RED
7.693	2.503
7.794	2.355
7.744	2.413
7.834	2.320
POLYLINE RED
7.668	2.506
7.798	2.348
7.746	2.420
7.830	2.294
POLYLINE RED
7.716	2.513
7.812	2.288
POLYLINE RED
7.714	2.489
7.780	2.275
POLYLINE RED
7.802	2.447
7.805	2.258
7.795	2.341
7.822	2.199
POLYLINE RED
7.810	2.453
7.847	2.296
POLYLINE RED
7.906	2.531
7.853	2.240
POLYLINE RED
7.985	2.577
7.887	2.317
POLYLINE RED
8.001	2.554
7.888	2.214
POLYLINE RED
7.967	2.521
7.884	2.297
7.914	2.397
7.867	2.223
POLYLINE RED
8.018	2.548
7.882	2.262
POLYLINE RED
6.846	1.142
6.909	1.113
POLYLINE RED
7.916	-0.590
7.780	-0.222
7.744	-0.065
7.525	0.275
7.427	0.428
7.310	0.568
7.196	0.710
7.126	0.796
7.050	0.878
6.972	0.956
6.905	1.023
6.831	1.081
6.761	1.143
POLYLINE RED
7.895	-0.698
8.016	-1.174
7.979	-0.961
8.027	-1.333
POLYLINE RED
7.811	-0.897
7.811	-0.878
7.810	-0.689
7.865	-0.697
7.904	-0.702
7.985	-0.826
7.995	-0.838

ELEVATION
STATIONS
0.000	0.000	0
-1.976	6.023	1
-3.606	6.251	2
-1.812	4.161	2.1
-0.423	1.343	2.2
1.756	-3.062	2.3
3.339	-5.148	2.4
5.046	-7.116	2.5
4.944	-9.669	2.6
8.572	-20.531	2.7
-4.794	7.482	3
-2.790	8.754	4
3.440	8.797	5
4.960	7.037	6
9.017	6.951	6.1
16.724	3.605	6.2
21.042	0.567	6.3
SHOTS
0.000	0.000	-1.976	6.023
-1.976	6.023	-6.291	8.425
-1.976	6.023	3.385	6.767
-1.976	6.023	2.958	-1.573
-1.976	6.023	-7.082	6.352
-1.976	6.023	-2.151	13.043
-1.976	6.023	-4.315	17.904
-1.976	6.023	1.404	6.967
-1.976	6.023	-0.047	8.876
-1.976	6.023	2.087	2.876
-1.976	6.023	-3.606	6.251
-3.606	6.251	0.824	7.617
-3.606	6.251	-0.314	6.735
-3.606	6.251	-4.518	6.189
-3.606	6.251	-4.017	2.329
-3.606	6.251	-1.812	4.161
-1.812	4.161	-0.022	2.057
-1.812	4.161	-0.423	1.343
-0.423	1.343	-1.609	1.011
-0.423	1.343	-0.090	1.385
-0.423	1.343	1.006	1.355
-0.423	1.343	-0.211	11.532
-0.423	1.343	-0.192	-4.195
-0.423	1.343	1.756	-3.062
1.756	-3.062	1.546	-9.532
1.756	-3.062	-0.361	-6.885
1.756	-3.062	3.339	-5.148
3.339	-5.148	-0.584	-6.647
3.339	-5.148	3.380	-9.604
3.339	-5.148	4.516	-5.481
3.339	-5.148	3.927	-5.256
3.339	-5.148	5.046	-7.116
5.046	-7.116	4.312	-7.043
5.046	-7.116	4.207	-7.023
5.046	-7.116	0.687	-9.320
5.046	-7.116	4.385	-10.932
5.046	-7.116	4.944	-9.669
4.944	-9.669	4.537	-15.803
4.944	-9.669	4.269	-7.252
4.944	-9.669	6.575	-11.369
4.944	-9.669	6.176	-9.017
4.944	-9.669	8.572	-20.531
-3.606	6.251	-4.794	7.482
-4.794	7.482	-2.790	8.754
-2.790	8.754	3.440	8.797
3.440	8.797	4.960	7.037
4.960	7.037	3.740	7.184
4.960	7.037	5.163	6.686
4.960	7.037	6.057	2.828
4.960	7.037	7.179	7.036
4.960	7.037	5.967	7.339
4.960	7.037	5.564	7.593
4.960	7.037	3.195	8.333
4.960	7.037	9.054	6.952
4.960	7.037	9.017	6.951
9.017	6.951	8.220	7.152
9.017	6.951	9.349	4.652
9.017	6.951	8.533	5.720
9.017	6.951	8.233	8.579
9.017	6.951	11.939	3.558
9.017	6.951	13.979	4.826
9.017	6.951	16.724	3.605
16.724	3.605	16.909	-1.975
16.724	3.605	16.095	3.518
16.724	3.605	18.901	0.021
16.724	3.605	17.497	3.039
16.724	3.605	19.126	2.092
16.724	3.605	21.042	0.567

