TRIP
DATE 2005-07-01 
DECLINATION     0.00
DATA
1.0		350.46	-46.75	2.967	>
1.0		349.81	-3.27	2.016	>
1.0		335.87	50.12	3.155	>
1.0		300.00	-35.37	4.106	>
1.0		29.28	-34.93	2.289	>
1.0		13.02	-31.05	2.906	>
1.0		25.80	-51.64	2.795	>
1.0	1.1	336.79	-67.47	2.351	>
1.1	1.2	220.91	-66.11	2.692	>
1.2		227.47	78.50	0.742	>
1.2		261.50	-21.07	2.870	>
1.2		280.37	-70.74	1.128	>
1.2		329.14	-30.69	0.895	>
1.2		71.55	19.67	1.450	>
1.2		346.40	5.03	1.413	>
1.2		4.06	14.36	1.299	>
1.2	1.3	289.20	-31.37	11.579	>
1.3		47.80	-5.03	2.656	>
1.3		211.35	83.40	1.121	>
1.3		30.46	37.57	1.919	>
1.3		122.29	7.78	3.924	>
1.3		119.86	36.14	4.976	>
1.3		122.18	-5.35	3.998	>
1.3		101.06	27.99	6.404	>
1.3		91.79	-0.76	4.278	>
1.3		109.77	36.03	7.378	>
1.3	1.4	341.49	-23.88	3.676	>
1.4		342.68	-23.13	1.443	>
1.4		310.73	70.07	0.279	>
1.4		256.38	6.33	0.299	>
1.4		84.90	-1.58	1.855	>
1.4	1.5	318.22	-29.19	3.313	>
1.5		77.33	-15.91	1.518	>
1.5		232.93	-0.39	1.599	>
1.5		91.22	-87.07	0.919	>
1.5		13.28	-80.87	1.042	>
1.5		39.42	-71.52	2.524	>
1.5		128.65	-11.08	2.118	>
1.5		28.09	9.53	0.683	>
1.5	1.6	11.93	-34.37	3.272	>
1.6		239.32	5.98	1.084	>
1.6		245.56	76.44	0.618	>
1.6		191.86	13.39	1.295	>
1.6		128.77	-79.59	0.433	>
1.6	1.7	271.04	-8.16	1.394	>
1.7		202.08	8.15	0.508	>
1.7		27.01	7.96	0.289	>
1.7		261.19	65.41	0.518	>
1.7		107.09	-20.58	1.141	>
1.7	1.8	332.19	6.74	3.730	>
1.8		173.64	-82.28	7.853	>
1.8		168.89	-77.19	7.915	>
1.8		314.17	18.92	1.437	>
1.8		236.65	14.60	1.118	>
1.8		217.05	43.96	3.842	>
1.8		202.17	61.54	0.857	>
1.8		275.92	46.82	2.736	>
1.8		260.29	51.31	3.500	>
1.5	1.9	229.36	-10.52	4.802	>
1.10	1.9	326.88	-14.09	1.951	>
1.10	1.11	245.58	18.63	1.023	>
1.11		118.10	-9.15	0.761	>
1.11		304.90	-18.06	0.539	>
1.11		220.98	-81.41	0.878	>
1.11		140.10	9.26	0.652	>
1.11		324.33	-35.77	1.059	>
1.11	1.12	163.44	-54.51	0.931	>
1.12		228.48	73.32	0.447	>
1.12		276.58	-1.26	1.458	>
1.12		147.67	36.90	0.758	>
1.12		224.22	68.69	0.426	>
1.12	1.13	217.49	7.15	2.057	>
1.13	1.14	167.44	37.60	1.213	>
1.14	1.15	129.96	-25.81	1.323	>
1.15		321.45	-77.30	12.445	>
1.15		287.63	-70.95	8.526	>
1.15		297.59	-87.42	12.173	>
1.15		355.53	-80.23	11.879	>
1.15		183.90	-71.23	6.991	>
1.15		194.89	-65.92	6.940	>
1.15		154.54	-71.12	0.216	>
1.15	1.16	205.96	-78.34	5.235	>
1.16		316.55	-6.32	2.790	>
1.16		348.48	-8.67	2.780	>
1.16		7.63	-9.86	2.249	>
1.16		28.62	-2.48	1.664	>
1.16		346.52	-57.75	15.662	>
1.16		348.99	-60.41	14.267	>
1.16		137.58	-5.15	5.978	>
1.16		155.43	-5.61	2.395	>
1.16		122.23	1.51	3.005	>
1.16		104.71	12.94	4.170	>
1.16		169.36	69.86	4.387	>
1.16		183.39	69.92	4.576	>
1.16	1.17	346.40	-55.83	5.777	>
1.17		216.05	19.40	2.742	>
1.17		207.46	15.44	5.300	>
1.17		161.73	13.91	2.658	>
1.17		108.51	22.62	1.614	>
1.17	1.18	344.93	-63.42	7.546	>
1.18		101.91	61.19	2.986	>
1.18		39.46	86.36	7.259	>
1.18	1.19	332.71	-57.41	7.175	>
1.19		216.65	77.05	5.149	>
1.19		17.85	22.84	1.268	>
1.19		157.13	17.21	2.413	>
1.19		325.03	7.95	4.077	>
1.19		268.90	10.49	1.752	>
1.19		270.78	69.46	5.036	>
1.19		304.55	72.33	5.822	>
1.19		321.67	43.65	7.635	>
1.19		327.40	16.28	5.358	>
1.19		322.72	14.29	3.668	>
1.19		322.91	13.98	3.795	>
1.19		322.96	14.06	3.816	>
1.19		358.69	1.51	1.138	>
1.19		151.50	-2.34	5.727	>
1.19		345.36	80.46	4.033	>
1.19		69.01	-82.29	1.852	>
1.19	1.20	24.16	-60.01	2.875	>
1.20		255.43	3.13	0.605	>
1.20	1.21	299.28	-31.93	1.414	>
1.21		181.21	2.42	0.284	>
1.21		105.84	-80.85	1.798	>
1.21	1.22	251.39	-60.04	2.698	>
1.22	1.23	316.22	6.13	2.201	>
1.23		316.20	6.01	2.198	>
1.23		316.21	6.05	2.191	>
1.23		2.45	-62.40	1.061	>
1.23	1.24	359.78	-62.15	1.139	>
1.24	1.25	310.00	10.94	1.760	>
1.25	1.26	310.76	-77.44	2.113	>
1.26		122.99	-33.97	3.286	>
1.26	1.27	303.41	10.58	1.350	>
1.27	1.28	298.86	-41.60	1.565	>
1.28		2.97	82.03	0.975	>
1.28		350.12	-14.80	3.115	>
1.28		325.22	22.20	1.897	>

PLAN
STATIONS
0.000	0.000	1.0
-0.355	0.828	1.1
-1.069	0.004	1.2
-10.405	3.256	1.3
-11.472	6.443	1.4
-13.399	8.600	1.5
-12.841	11.242	1.6
-14.221	11.267	1.7
-15.949	14.543	1.8
-16.981	5.525	1.9
-15.947	3.940	1.10
-16.830	3.539	1.11
-16.676	3.021	1.12
-17.918	1.402	1.13
-17.709	0.464	1.14
-16.796	-0.301	1.15
-17.259	-1.252	1.16
-18.022	1.902	1.17
-18.900	5.162	1.18
-20.672	8.597	1.19
-20.084	9.908	1.20
-21.131	10.495	1.21
-22.408	10.065	1.22
-23.922	11.645	1.23
-23.924	12.177	1.24
-25.248	13.288	1.25
-25.596	13.588	1.26
-26.704	14.319	1.27
-27.729	14.884	1.28
SHOTS
-26.704	14.319	-27.729	14.884
-27.729	14.884	-27.722	15.019
-27.729	14.884	-28.246	17.851
-27.729	14.884	-28.731	16.327
-25.596	13.588	-26.704	14.319
-25.248	13.288	-25.596	13.588
-25.596	13.588	-23.310	12.104
-23.924	12.177	-25.248	13.288
-23.922	11.645	-23.924	12.177
-22.408	10.065	-23.922	11.645
-23.922	11.645	-25.435	13.223
-23.922	11.645	-25.430	13.218
-23.922	11.645	-23.901	12.136
-21.131	10.495	-22.408	10.065
-20.084	9.908	-21.131	10.495
-21.131	10.495	-21.137	10.211
-21.131	10.495	-20.856	10.417
-20.672	8.597	-20.084	9.908
-20.084	9.908	-20.669	9.756
-18.900	5.162	-20.672	8.597
-20.672	8.597	-21.361	7.671
-20.672	8.597	-20.314	9.709
-20.672	8.597	-19.776	6.473
-20.672	8.597	-22.986	11.906
-20.672	8.597	-22.394	8.564
-20.672	8.597	-22.439	8.621
-20.672	8.597	-22.127	9.599
-20.672	8.597	-24.098	12.931
-20.672	8.597	-23.443	12.930
-20.672	8.597	-22.825	11.425
-20.672	8.597	-22.893	11.535
-20.672	8.597	-22.902	11.552
-20.672	8.597	-20.698	9.734
-20.672	8.597	-17.942	3.568
-20.672	8.597	-20.841	9.244
-20.672	8.597	-20.440	8.686
-18.022	1.902	-18.900	5.162
-18.900	5.162	-17.492	4.865
-18.900	5.162	-18.607	5.518
-17.259	-1.252	-18.022	1.902
-18.022	1.902	-19.544	-0.189
-18.022	1.902	-20.378	-2.631
-18.022	1.902	-17.213	-0.548
-18.022	1.902	-16.609	1.429
-16.796	-0.301	-17.259	-1.252
-17.259	-1.252	-19.166	0.761
-17.259	-1.252	-17.808	1.441
-17.259	-1.252	-16.965	0.944
-17.259	-1.252	-16.463	0.207
-17.259	-1.252	-19.207	6.874
-17.259	-1.252	-18.605	5.663
-17.259	-1.252	-13.243	-5.647
-17.259	-1.252	-16.268	-3.420
-17.259	-1.252	-14.718	-2.854
-17.259	-1.252	-13.328	-2.284
-17.259	-1.252	-16.980	-2.737
-17.259	-1.252	-17.352	-2.820
-17.709	0.464	-16.796	-0.301
-16.796	-0.301	-18.501	1.839
-16.796	-0.301	-19.448	0.542
-16.796	-0.301	-17.282	-0.047
-16.796	-0.301	-16.953	1.708
-16.796	-0.301	-16.949	-2.545
-16.796	-0.301	-17.524	-3.038
-16.796	-0.301	-16.766	-0.364
-17.918	1.402	-17.709	0.464
-16.676	3.021	-17.918	1.402
-16.830	3.539	-16.676	3.021
-16.676	3.021	-16.772	2.936
-16.676	3.021	-18.124	3.188
-16.676	3.021	-16.352	2.509
-16.676	3.021	-16.784	2.910
-15.947	3.940	-16.830	3.539
-16.830	3.539	-16.167	3.185
-16.830	3.539	-17.250	3.832
-16.830	3.539	-16.916	3.440
-16.830	3.539	-16.417	3.045
-16.830	3.539	-17.331	4.237
-16.981	5.525	-15.947	3.940
-13.399	8.600	-16.981	5.525
-14.221	11.267	-15.949	14.543
-15.949	14.543	-15.832	13.494
-15.949	14.543	-15.611	12.821
-15.949	14.543	-16.924	15.490
-15.949	14.543	-16.853	13.948
-15.949	14.543	-17.615	12.336
-15.949	14.543	-16.103	14.165
-15.949	14.543	-17.811	14.736
-15.949	14.543	-18.106	14.174
-12.841	11.242	-14.221	11.267
-14.221	11.267	-14.410	10.801
-14.221	11.267	-14.091	11.522
-14.221	11.267	-14.434	11.234
-14.221	11.267	-13.200	10.953
-13.399	8.600	-12.841	11.242
-12.841	11.242	-13.768	10.692
-12.841	11.242	-12.973	11.182
-12.841	11.242	-13.100	10.009
-12.841	11.242	-12.780	11.193
-11.472	6.443	-13.399	8.600
-13.399	8.600	-11.975	8.920
-13.399	8.600	-14.675	7.636
-13.399	8.600	-13.352	8.599
-13.399	8.600	-13.361	8.761
-13.399	8.600	-12.891	9.218
-13.399	8.600	-11.776	7.302
-13.399	8.600	-13.082	9.194
-10.405	3.256	-11.472	6.443
-11.472	6.443	-11.867	7.710
-11.472	6.443	-11.544	6.505
-11.472	6.443	-11.761	6.373
-11.472	6.443	-9.625	6.608
-1.069	0.004	-10.405	3.256
-10.405	3.256	-8.445	5.033
-10.405	3.256	-10.472	3.146
-10.405	3.256	-9.634	4.567
-10.405	3.256	-7.118	1.179
-10.405	3.256	-6.920	1.255
-10.405	3.256	-7.036	1.136
-10.405	3.256	-4.855	2.171
-10.405	3.256	-6.129	3.122
-10.405	3.256	-4.790	1.238
-0.355	0.828	-1.069	0.004
-1.069	0.004	-1.178	-0.096
-1.069	0.004	-3.718	-0.392
-1.069	0.004	-1.435	0.071
-1.069	0.004	-1.464	0.665
-1.069	0.004	0.226	0.436
-1.069	0.004	-1.400	1.372
-1.069	0.004	-0.980	1.259
0.000	0.000	-0.355	0.828
0.000	0.000	-0.337	2.005
0.000	0.000	-0.356	1.981
0.000	0.000	-0.827	1.846
0.000	0.000	-2.900	1.674
0.000	0.000	0.918	1.637
0.000	0.000	0.561	2.426
0.000	0.000	0.755	1.562
POLYLINE BLACK
-18.625	-2.660
POLYLINE BLACK
-17.685	3.435
-17.525	3.275
-17.485	3.075
-17.605	2.515
-17.845	1.915
-17.925	1.795
-17.965	1.635
-18.125	1.155
-18.165	0.835
-18.165	0.595
-18.125	0.515
POLYLINE BLACK
-16.645	2.155
-17.045	1.835
-17.325	1.355
-17.325	0.875
-17.285	0.715
-17.205	0.355
POLYLINE BLACK
-18.525	3.975
POLYLINE BLACK
-17.550	3.285
-17.565	3.120
-17.685	2.880
-17.880	2.580
-17.940	2.445
POLYLINE BLACK
-16.530	2.310
-16.545	2.280
-16.665	2.190
-16.725	2.115
-16.740	2.070
-16.785	2.010
-16.620	2.205
-16.365	2.550
-16.350	2.580
POLYLINE BROWN
-17.250	3.900
-17.040	4.050
-16.950	4.230
-17.010	4.290
-17.460	4.110
-17.490	3.960
-17.430	3.750
POLYLINE BROWN
-16.950	3.960
-16.830	3.930
-16.980	3.900
-17.100	3.780
-17.130	3.600
-17.100	3.450
-16.920	3.510
-16.860	3.600
-16.860	3.780
-17.010	3.960
-17.220	3.870
-17.280	3.810
POLYLINE BROWN
-16.830	4.740
-16.770	4.740
-16.740	4.890
-16.770	4.950
-16.920	4.950
-17.130	4.740
-17.190	4.410
-17.070	4.230
-17.010	4.200
-16.800	4.290
-16.650	4.500
-16.650	4.650
-16.620	4.710
-16.680	4.830
-16.800	4.860
-17.010	4.710
POLYLINE BROWN
-16.440	5.400
-16.410	5.340
-16.500	5.340
-16.560	5.310
-16.680	5.010
-16.680	4.950
-16.500	5.070
-16.440	5.070
POLYLINE BROWN
-16.170	5.430
-16.170	5.550
-16.200	5.610
-16.350	5.700
-16.500	5.670
-16.560	5.700
-16.680	5.580
-16.680	5.340
-16.620	5.220
POLYLINE BROWN
-16.470	5.070
-16.380	5.070
POLYLINE BROWN
-16.890	5.490
-16.890	5.400
POLYLINE BLUE
-16.770	5.430
-16.770	5.640
-16.830	5.400
-16.860	5.340
POLYLINE BLUE
-16.560	5.850
-16.620	5.610
POLYLINE BLUE
-16.290	6.030
-16.380	5.880
-16.620	5.640
-16.860	5.310
-17.070	5.100
-17.250	4.740
-17.280	4.620
POLYLINE BLUE
-16.410	6.120
-16.650	5.940
-16.800	5.850
-16.980	5.670
-17.070	5.340
-17.070	5.220
-17.190	4.800
-17.220	4.680
-17.250	4.620
POLYLINE BLACK
-17.490	4.440
-17.400	4.170
-17.400	3.540
-17.520	3.210
POLYLINE BLACK
-15.870	4.140
-15.780	4.320
-15.780	4.410
-15.690	4.740
-15.690	4.890
-15.570	5.310
-15.360	5.760
-15.270	5.880
-15.090	6.240
-14.970	6.360
POLYLINE BLACK
-15.750	4.350
-15.780	4.140
-15.840	3.990
-15.840	3.900
-16.020	3.570
-16.020	3.480
-16.140	3.180
-16.200	3.120
-16.230	3.000
-16.290	2.730
-16.320	2.550
POLYLINE BLACK
-17.280	5.190
-17.400	4.620
-17.550	4.110
-17.610	3.990
POLYLINE BLACK
-17.730	3.690
POLYLINE BLACK
-17.190	6.060
-17.190	5.940
-17.280	5.610
-17.280	5.490
-17.520	4.860
-17.550	4.740
-17.610	4.380
-17.670	3.840
-17.700	3.570
POLYLINE BLACK
-17.400	4.710
-17.430	4.440
-17.460	4.170
-17.490	4.050
POLYLINE BLACK
-11.010	17.970
POLYLINE BLACK
-14.790	6.390
POLYLINE BLACK
-15.210	7.890
-15.630	7.350
-15.930	7.170
-16.110	6.990
-16.350	6.750
-16.770	6.630
-17.370	5.970
-17.550	5.550
-18.030	5.190
POLYLINE BLUE
-16.230	6.930
-16.230	6.750
-16.290	6.510
-16.350	6.090
POLYLINE BLUE
-15.630	7.290
-15.870	6.270
-16.110	5.910
POLYLINE BLUE
-15.210	7.530
-15.270	7.170
-15.690	5.910
POLYLINE BLUE
-14.610	7.770
-14.910	6.750
-15.150	6.270
-15.150	6.150
POLYLINE BLUE
-14.070	7.830
-14.490	6.570
POLYLINE BLUE
-14.010	6.750
-14.010	6.870
-13.890	6.930
-13.770	7.350
-13.950	7.950
-14.070	8.070
-14.310	8.070
-14.550	8.010
-14.730	8.010
-15.090	7.830
-15.270	7.650
-15.450	7.350
-15.690	7.350
-16.470	6.870
-16.710	6.510
-16.590	6.210
-16.290	5.910
-15.930	5.790
-15.570	5.910
-15.330	5.910
-14.970	6.090
-14.730	6.090
-14.370	6.330
-14.190	6.570
-14.010	6.870
POLYLINE BLACK
-13.530	6.990
-13.710	6.990
-14.790	6.390
-14.910	6.390
-15.510	5.970
-16.350	5.310
-17.070	5.010
-17.310	4.950
POLYLINE BLACK
-17.730	12.270
POLYLINE BLACK
-14.250	8.790
-14.610	8.250
-15.930	7.050
POLYLINE BLUE
-19.290	9.690
POLYLINE BROWN
-14.090	11.530
-14.210	11.650
-14.770	12.490
-14.970	12.690
-15.370	13.370
-15.650	13.970
-15.690	14.130
-15.890	14.610
POLYLINE BROWN
-14.250	11.170
-14.850	11.810
-14.890	11.930
-15.050	12.090
-15.130	12.290
-15.250	12.450
-15.930	13.770
-16.170	14.170
-16.210	14.370
-16.450	14.730
POLYLINE GRAY
-17.290	12.410
-17.090	12.170
-17.090	12.090
-17.010	12.010
-16.890	12.090
-16.850	12.290
-16.770	11.890
-16.690	12.090
POLYLINE GRAY
-17.170	12.690
POLYLINE GRAY
-18.050	12.010
-17.930	12.210
-17.930	12.290
-17.730	12.050
-17.650	12.210
-17.570	12.250
-17.410	11.970
-17.290	12.130
-17.210	12.090
POLYLINE GRAY
-18.170	12.170
-18.170	12.250
-18.330	12.170
-18.370	11.970
-18.210	12.010
-18.090	12.250
POLYLINE GRAY
-18.570	12.450
-18.810	12.250
-18.690	12.050
-18.610	11.970
-18.450	11.930
POLYLINE GRAY
-18.770	12.250
-18.730	12.570
-18.810	12.970
POLYLINE BLACK
-17.930	14.490
-17.770	14.130
-17.730	13.770
-17.690	13.690
-17.690	13.970
-17.650	14.210
-17.570	14.210
-17.490	14.090
-17.570	14.530
-17.450	14.170
-17.610	14.450
-17.610	14.370
POLYLINE BLACK
-17.410	14.450
-17.530	14.370
-17.810	14.450
-17.890	14.410
POLYLINE BLACK
-17.290	14.330
-17.730	13.890
POLYLINE BLACK
-17.450	13.330
-17.330	13.290
-17.250	13.370
-17.330	13.370
-17.370	13.210
-17.370	13.210
-17.450	13.290
-17.410	13.130
-17.450	13.210
POLYLINE BLACK
-16.970	13.290
-17.170	13.210
-17.410	13.050
-17.450	12.970
-17.210	13.210
-17.010	13.330
-17.290	13.370
-17.490	13.370
-17.650	13.410
-17.810	13.410
-17.610	13.170
-17.450	12.890
-17.410	13.090
-17.450	13.170
POLYLINE BLACK
-17.290	15.490
-17.330	15.410
-17.490	15.370
-17.770	15.330
-18.250	15.330
-18.530	15.250
-18.770	15.010
POLYLINE BLACK
-17.130	15.570
POLYLINE BLACK
-18.330	12.930
POLYLINE BLACK
-17.970	12.730
POLYLINE BLACK
-16.930	12.650
-16.930	12.570
POLYLINE BLACK
-16.530	12.610
-16.610	12.610
POLYLINE BLACK
-15.770	12.650
-15.770	12.570
-15.930	12.530
-16.170	12.490
POLYLINE BLACK
-14.330	10.730
-14.810	11.250
-15.090	11.650
-15.130	11.770
-15.290	11.930
-15.650	12.610
-15.890	13.090
-16.490	13.650
-16.690	13.850
POLYLINE BLACK
-13.770	11.570
-13.850	11.570
-14.330	12.090
-14.890	13.090
-15.210	13.890
-15.490	14.490
-15.610	14.650
-15.690	14.850
-15.930	15.130
-16.050	15.330
-16.130	15.410
POLYLINE BLACK
-13.720	10.360
-13.990	10.630
-14.110	10.660
-14.350	10.660
POLYLINE BLACK
-13.000	11.350
-13.120	11.350
-13.240	11.380
-13.450	11.350
-13.570	11.350
-13.630	11.320
-13.810	11.410
-13.870	11.530
POLYLINE BROWN
-13.240	10.450
-13.360	10.540
-13.540	10.570
POLYLINE BROWN
-12.850	10.600
-12.940	10.750
-13.120	10.900
-13.240	10.930
-13.300	10.930
POLYLINE BROWN
-12.790	10.390
-12.880	10.300
POLYLINE BROWN
-12.850	9.910
-12.910	9.910
POLYLINE BROWN
-12.790	9.490
-12.940	9.490
POLYLINE BROWN
-13.090	9.550
-13.180	9.340
-13.300	9.190
POLYLINE BROWN
-13.090	10.060
-13.270	9.820
POLYLINE BROWN
-13.120	10.390
-13.180	10.330
POLYLINE BROWN
-13.510	8.410
-13.510	8.500
-13.360	8.830
-13.240	9.250
-13.210	9.520
-13.150	9.700
-13.150	10.300
-13.120	10.360
-13.150	10.420
POLYLINE BROWN
-13.000	9.130
-12.850	9.490
-12.730	10.150
-12.730	10.300
-12.760	10.390
-12.760	10.600
POLYLINE BLACK
-14.290	8.620
-13.900	9.010
-13.570	9.550
-13.510	9.850
-13.510	10.120
-13.570	10.300
-13.570	10.390
-13.690	10.360
-13.750	10.360
-13.810	10.300
POLYLINE BLACK
-12.580	11.050
-12.700	11.320
-12.940	11.380
-13.180	11.290
POLYLINE BLACK
-12.010	8.830
-11.920	8.950
-11.890	9.220
-11.920	9.550
-11.950	9.790
-12.070	10.210
-12.130	10.420
-12.430	10.840
-12.580	11.110
-12.580	11.200
-12.640	11.260
POLYLINE RED
-11.200	0.910
-11.080	0.910
POLYLINE RED
-10.000	2.890
-9.880	2.890
POLYLINE RED
-4.060	9.010
POLYLINE RED
-9.520	0.430
-9.280	0.430
-9.160	0.370
-8.920	0.610
-9.100	0.250
-9.160	-0.410
-9.520	-1.010
-9.760	-1.190
-9.880	-1.010
-9.220	0.130
POLYLINE RED
-9.400	0.610
-9.640	0.430
-9.880	0.370
POLYLINE RED
-9.700	0.310
-9.580	0.250
-9.280	0.850
-9.280	1.090
POLYLINE RED
-9.640	1.030
POLYLINE RED
-10.660	0.370
-10.540	0.370
-10.420	0.490
-10.300	0.490
-10.180	0.610
-10.240	-0.050
-9.940	0.310
-9.820	0.550
-9.880	0.190
POLYLINE RED
-11.740	0.670
-11.740	0.430
-11.560	0.670
-11.380	0.190
-11.080	0.610
-11.140	0.130
-10.720	0.430
-10.720	0.130
-10.780	-0.170
POLYLINE RED
-12.220	0.490
-12.520	0.370
-12.640	0.250
-12.340	0.250
-11.920	0.430
-11.980	0.190
-12.040	-0.170
-12.040	-0.290
-12.160	-0.290
-12.220	-0.050
POLYLINE RED
-13.600	0.550
-13.840	0.610
-14.080	0.490
-14.140	0.370
-13.720	0.430
-13.420	0.490
-13.300	0.550
-13.060	0.190
-12.760	0.550
-12.520	1.330
-12.520	1.450
-12.700	1.210
-12.940	0.490
-12.880	0.250
-12.760	0.130
-12.640	0.190
POLYLINE RED
-14.080	1.150
-14.440	0.910
POLYLINE RED
-14.200	0.370
-14.260	1.030
-14.200	1.570
POLYLINE RED
-14.800	0.670
-14.740	0.430
-14.800	0.310
POLYLINE RED
-15.040	0.970
-15.100	0.730
-15.220	0.490
POLYLINE RED
-14.980	0.910
-14.800	0.670
-14.800	0.490
-14.740	0.370
POLYLINE RED
-13.180	3.550
-13.120	3.430
-13.360	2.710
-13.420	2.470
-13.600	2.110
POLYLINE RED
-12.400	6.010
-12.820	4.870
-12.940	4.630
POLYLINE BROWN
-12.820	8.950
-12.820	8.830
POLYLINE BROWN
-12.220	8.110
-12.220	8.230
-12.400	7.990
-12.640	7.930
POLYLINE BROWN
-11.620	7.450
-11.740	7.270
-12.040	7.090
POLYLINE BROWN
-13.120	8.110
-13.180	7.990
POLYLINE BROWN
-12.820	7.630
-13.060	7.390
POLYLINE BROWN
-12.340	7.210
-12.520	7.030
-12.700	6.730
POLYLINE BROWN
-12.100	6.670
-12.100	6.550
-12.280	6.850
-13.420	8.050
-13.420	8.170
-13.540	8.290
POLYLINE BROWN
-11.440	6.850
-11.500	7.090
-11.560	7.330
-11.800	7.930
-12.160	8.170
-13.000	9.070
POLYLINE BLACK
-12.040	5.770
-12.160	6.010
-12.820	6.610
-13.060	6.790
-13.300	6.850
-13.420	6.970
-13.660	7.030
POLYLINE BLACK
-10.000	6.850
-9.940	6.730
-10.960	7.270
-11.560	8.110
-11.740	8.530
-11.920	8.770
POLYLINE BLUE
-6.480	6.830
-6.440	6.910
-6.360	6.830
-6.280	6.990
POLYLINE BLUE
-7.240	6.830
-7.160	6.910
-6.960	6.710
-6.880	6.790
-6.880	6.790
-6.880	6.590
-6.720	6.910
-6.600	7.070
-6.600	6.710
-6.680	6.670
POLYLINE BLUE
-7.920	6.870
-7.840	6.830
-7.680	7.190
-7.680	7.310
-7.880	6.870
-7.880	6.790
-7.800	6.710
-7.640	6.710
-7.520	6.830
-7.480	6.910
-7.440	6.830
-7.240	7.070
-7.240	7.190
POLYLINE BLUE
-8.200	6.670
-8.120	6.630
-7.960	6.750
-7.960	6.830
-8.040	6.870
-8.200	6.750
-8.200	6.670
-8.120	6.630
-8.000	6.750
-7.960	6.830
POLYLINE BLUE
-8.280	6.910
-8.520	6.670
-8.520	6.590
-8.360	6.630
-8.280	6.590
POLYLINE BLUE
-8.520	6.550
-8.400	6.910
-8.400	7.070
POLYLINE BLUE
-9.360	6.630
-9.280	6.550
-9.280	6.470
-9.120	6.430
-8.640	6.670
POLYLINE BLUE
-9.520	6.670
-9.680	6.790
-9.880	6.590
-9.960	6.470
-9.960	6.230
-9.880	6.030
-9.720	5.910
-9.520	5.910
-9.440	5.950
-9.360	5.910
-9.240	6.150
-9.240	6.310
-9.280	6.430
-9.560	6.670
-9.720	6.710
-9.760	6.790
-9.960	6.470
-9.960	6.270
-9.800	6.110
-9.800	6.030
-9.640	5.870
-9.480	5.870
-9.280	5.990
-9.160	6.270
-9.280	6.310
-9.320	6.430
-9.480	6.550
POLYLINE BLACK
-11.120	5.550
POLYLINE BLACK
-11.440	6.470
-11.720	6.150
-11.840	5.950
-11.840	5.750
-11.720	5.550
-11.680	5.470
POLYLINE BLACK
-10.680	5.070
-10.720	5.470
-10.840	5.830
-10.920	5.910
-10.920	5.990
-11.080	6.230
POLYLINE BLACK
-10.480	5.230
-10.280	5.190
-10.080	5.310
-9.920	5.350
-9.760	5.630
-9.760	5.710
-9.880	5.870
-10.000	5.870
-10.080	5.910
-10.400	5.630
POLYLINE BLACK
-10.560	4.190
-10.480	4.150
-10.280	4.390
-10.280	4.590
-10.240	4.790
-10.320	4.870
-10.400	4.870
-10.520	5.030
-10.680	5.030
-10.840	4.870
-11.000	4.830
-11.160	4.710
POLYLINE BLACK
-10.520	3.510
-10.480	3.350
-10.360	3.270
-10.200	3.310
-10.120	3.310
-10.040	3.550
-10.040	3.670
-10.200	3.910
-10.200	4.030
-10.280	4.110
-10.440	4.150
-10.520	4.190
-10.680	4.150
-10.880	3.790
POLYLINE BLACK
-10.480	3.350
POLYLINE BLACK
-10.400	2.990
-10.880	4.030
-10.960	4.110
-10.960	4.190
-11.160	4.350
-11.280	4.550
-11.280	4.630
-11.400	4.670
-11.760	5.230
-11.760	5.350
-11.920	5.790
-11.920	6.150
-11.960	6.230
POLYLINE BLACK
-8.560	4.870
-9.520	5.630
-9.560	5.790
-9.560	6.070
-9.720	6.590
POLYLINE BLUE
-3.560	6.010
-3.320	5.950
-2.900	6.130
-2.780	6.310
-2.780	6.430
-2.540	6.910
-3.140	6.190
-3.200	5.890
-3.080	5.650
-2.720	5.890
-2.420	5.830
-2.060	6.130
-2.120	6.490
-2.180	6.610
-2.420	6.430
-2.480	5.650
-2.420	5.530
-2.060	6.190
-2.060	5.830
-1.940	5.110
-2.120	4.330
-2.180	4.210
-2.420	4.990
-2.360	5.230
POLYLINE BLUE
-3.680	6.850
POLYLINE BLUE
-4.640	5.650
-4.580	5.530
-4.520	6.010
-4.460	6.130
-4.280	5.830
-4.160	5.410
-4.160	5.290
-4.160	5.590
-4.040	5.890
-4.040	6.070
-3.920	6.310
-3.740	5.650
-3.740	5.650
-3.680	5.890
-3.680	6.010
-3.620	5.710
POLYLINE BLUE
-5.360	5.590
-5.240	6.070
-5.000	6.010
-4.700	5.650
-5.360	5.110
-5.480	5.290
-5.480	5.410
POLYLINE BLUE
-5.840	3.070
-5.900	2.710
-4.700	4.450
-4.580	4.750
POLYLINE BLUE
-9.440	2.470
-9.620	2.710
-9.620	2.530
-8.960	1.570
POLYLINE BLUE
-7.580	2.290
-7.700	2.290
-8.600	2.770
-8.840	2.710
-8.000	1.690
POLYLINE BLUE
-6.980	3.850
-7.700	3.910
-8.120	4.030
-8.240	3.910
-8.360	3.970
-8.180	3.610
-7.880	3.190
POLYLINE BLUE
-5.840	3.250
-6.140	3.190
-6.560	3.250
-6.800	3.370
-6.920	3.310
-7.040	3.370
-6.680	2.530
POLYLINE BLUE
-4.580	0.850
-4.880	0.910
-5.120	1.090
-5.840	1.150
-6.260	1.270
-6.080	1.090
-5.300	0.610
-5.180	0.490
POLYLINE BLUE
-4.040	2.110
-4.520	2.170
-4.940	2.170
-5.240	2.230
-5.660	2.230
-6.080	2.350
-4.940	1.450
POLYLINE BLUE
-2.600	1.630
-3.140	1.390
-3.260	1.390
-3.500	1.270
-3.680	1.270
-3.800	1.210
-3.260	0.550
POLYLINE BLUE
-2.960	0.610
POLYLINE BLUE
-2.240	1.330
-2.540	0.970
-2.720	0.310
POLYLINE BLUE
-1.880	1.210
-2.120	0.790
POLYLINE BLACK
-1.340	1.330
-2.120	1.810
-2.600	2.290
-2.720	2.290
-3.140	2.590
-3.680	2.590
-4.640	2.830
-4.880	3.010
-5.120	3.010
-6.320	3.670
-6.560	3.850
-6.860	4.030
-7.520	4.450
-7.640	4.450
-7.760	4.570
-7.880	4.570
-8.300	4.930
-8.540	4.930
-8.600	5.050
POLYLINE BLACK
-1.220	-0.350
-1.400	-0.290
-1.640	-0.350
-2.180	-0.470
-2.420	-0.530
-2.540	-0.470
-2.900	-0.590
-3.020	-0.530
-3.260	-0.590
-3.800	-0.410
-3.920	-0.410
-4.160	-0.230
-4.700	-0.230
-5.180	-0.050
-5.360	-0.050
-6.140	0.130
-7.100	0.610
-7.820	1.150
-8.120	1.330
-8.300	1.330
-8.540	1.510
-8.780	1.570
-8.900	1.690
-9.140	1.750
-9.680	1.990
-10.220	2.590
-10.340	2.890
-10.700	3.130
POLYLINE BLACK
-2.360	5.560
POLYLINE BLACK
-1.200	0.370
-1.260	0.290
-1.420	0.490
-1.440	0.590
-1.440	0.770
-1.400	1.010
-1.360	1.110
POLYLINE BLACK
-0.900	0.290
-0.820	0.110
-0.820	-0.010
POLYLINE BLACK
-0.960	0.270
-1.120	0.290
-1.160	0.290
-1.260	0.170
-1.280	0.090
-1.320	-0.030
-1.320	-0.170
-1.300	-0.210
-1.200	-0.230
-1.120	-0.270
-1.080	-0.250
-1.040	-0.270
-0.960	-0.250
POLYLINE BLACK
0.380	0.010
0.320	0.010
0.280	-0.030
-0.120	-0.050
-0.340	-0.150
-0.440	-0.210
-0.600	-0.250
-0.780	-0.230
-0.860	-0.250
-0.940	-0.250
-1.060	-0.290
-1.120	-0.370
-1.260	-0.450
-1.280	-0.490
POLYLINE BLACK
-0.900	1.770
-0.880	1.730
-1.240	1.370
-1.340	1.330
-1.380	1.290
-1.420	1.290
-1.440	1.250
-1.520	1.230
-1.560	1.210
POLYLINE BLACK
-0.040	2.870
-0.040	2.710
-0.020	2.670
-0.040	2.590
-0.040	2.490
-0.080	2.410
-0.080	2.310
-0.220	2.030
-0.260	1.990
-0.340	1.970
-0.420	1.990
-0.620	1.890
-0.700	1.810
-0.840	1.730
-0.880	1.730
-1.020	1.590
POLYLINE BLACK
-0.280	0.930
-0.320	0.930
-0.520	0.810
-0.580	0.730
-0.580	0.610
-0.520	0.610
-0.280	0.730
-0.240	0.770
-0.260	0.970
POLYLINE BLACK
-3.200	4.840
POLYLINE BLACK
-2.720	4.720
POLYLINE BLACK
-2.320	-2.240
POLYLINE BLACK
-3.480	-0.920
POLYLINE BLACK
-3.480	-0.920
POLYLINE BLACK
-3.440	0.880
POLYLINE BROWN
0.760	3.440
0.960	3.160
1.040	3.120
1.080	3.000
1.120	3.120
1.000	3.560
0.960	3.680
POLYLINE BROWN
0.560	3.040
0.680	3.120
0.760	3.400
0.600	3.240
0.600	3.040
0.760	3.240
POLYLINE BROWN
-0.200	2.720
0.000	2.400
0.160	2.440
0.320	2.600
0.360	2.760
0.320	2.920
0.200	3.120
-0.080	3.000
-0.120	2.920
0.040	2.440
0.120	2.360
POLYLINE BROWN
1.600	-0.520
1.640	-0.760
1.680	-0.640
1.640	-0.560
POLYLINE BROWN
1.160	-0.320
1.280	-0.600
1.440	-0.520
1.280	-0.280
1.200	-0.240
1.200	-0.360
1.280	-0.520
POLYLINE BROWN
1.160	-0.240
POLYLINE BROWN
0.640	-0.120
0.840	-0.360
0.840	-0.280
0.760	-0.200
POLYLINE BROWN
0.880	2.320
0.800	2.200
0.760	1.880
0.760	1.080
0.840	1.000
0.880	0.840
0.960	0.560
1.000	0.400
1.240	0.040
1.320	0.080
1.560	0.000
1.720	0.000
2.200	0.640
2.280	1.040
2.280	1.200
2.400	1.600
2.320	2.000
2.320	2.120
2.120	2.560
1.880	2.720
1.720	2.720
1.440	2.800
1.280	2.720
1.200	2.760
1.000	2.720
0.640	2.280
POLYLINE BROWN
0.120	0.480
0.120	0.360
0.200	0.120
0.320	-0.080
0.520	-0.040
0.640	0.120
0.640	0.360
0.520	0.520
0.280	0.520
POLYLINE BROWN
0.200	1.320
0.000	1.080
0.000	0.800
0.200	0.360
0.560	0.760
0.640	1.000
0.640	1.400
0.560	1.480
0.360	1.480
0.080	1.320
0.080	1.240
POLYLINE BROWN
0.120	1.880
0.200	1.480
0.200	1.360
0.280	1.280
0.440	1.280
0.640	1.480
0.680	1.760
0.560	2.120
0.400	2.160
-0.080	1.880
-0.080	1.800
POLYLINE BROWN
-0.440	2.040
-0.560	1.680
-0.480	1.520
-0.240	1.440
-0.200	1.360
-0.080	1.480
0.000	1.480
0.200	1.720
0.240	1.880
0.120	2.240
-0.080	2.240
-0.240	2.200
-0.320	2.240
-0.360	2.120

ELEVATION
STATIONS
0.000	0.000	1.0
0.901	-2.172	1.1
1.992	-4.633	1.2
11.878	-10.661	1.3
15.239	-12.149	1.4
18.132	-13.765	1.5
20.832	-15.612	1.6
22.212	-15.810	1.7
25.916	-15.372	1.8
22.853	-14.642	1.9
24.746	-14.167	1.10
25.716	-13.840	1.11
26.256	-14.598	1.12
28.297	-14.342	1.13
29.258	-13.602	1.14
30.449	-14.178	1.15
31.506	-19.305	1.16
34.751	-24.085	1.17
38.127	-30.834	1.18
41.992	-36.879	1.19
43.428	-39.369	1.20
44.628	-40.117	1.21
45.975	-42.455	1.22
48.163	-42.220	1.23
48.695	-43.227	1.24
50.423	-42.893	1.25
50.883	-44.955	1.26
52.211	-44.707	1.27
53.382	-45.746	1.28
SHOTS
52.211	-44.707	53.382	-45.746
53.382	-45.746	53.442	-44.780
53.382	-45.746	55.303	-46.542
53.382	-45.746	54.968	-45.029
50.883	-44.955	52.211	-44.707
50.423	-42.893	50.883	-44.955
50.883	-44.955	48.185	-46.791
48.695	-43.227	50.423	-42.893
48.163	-42.220	48.695	-43.227
45.975	-42.455	48.163	-42.220
48.163	-42.220	49.882	-41.990
48.163	-42.220	49.877	-41.989
48.163	-42.220	48.653	-43.160
44.628	-40.117	45.975	-42.455
43.428	-39.369	44.628	-40.117
44.628	-40.117	44.596	-40.105
44.628	-40.117	44.350	-41.892
41.992	-36.879	43.428	-39.369
43.428	-39.369	43.519	-39.336
38.127	-30.834	41.992	-36.879
41.992	-36.879	41.222	-31.861
41.992	-36.879	43.153	-36.387
41.992	-36.879	39.693	-36.165
41.992	-36.879	44.868	-36.315
41.992	-36.879	42.008	-36.560
41.992	-36.879	42.058	-32.163
41.992	-36.879	42.882	-31.332
41.992	-36.879	45.770	-31.609
41.992	-36.879	45.751	-35.377
41.992	-36.879	44.454	-35.974
41.992	-36.879	44.550	-35.962
41.992	-36.879	44.565	-35.952
41.992	-36.879	43.022	-36.849
41.992	-36.879	36.271	-37.113
41.992	-36.879	42.546	-32.902
41.992	-36.879	42.120	-38.714
34.751	-24.085	38.127	-30.834
38.127	-30.834	37.406	-28.218
38.127	-30.834	38.334	-23.590
31.506	-19.305	34.751	-24.085
34.751	-24.085	33.082	-23.174
34.751	-24.085	30.901	-22.674
34.751	-24.085	32.179	-23.446
34.751	-24.085	33.952	-23.464
30.449	-14.178	31.506	-19.305
31.506	-19.305	33.912	-19.612
31.506	-19.305	34.252	-19.724
31.506	-19.305	29.404	-19.690
31.506	-19.305	29.845	-19.377
31.506	-19.305	39.861	-32.551
31.506	-19.305	38.543	-31.711
31.506	-19.305	29.984	-19.842
31.506	-19.305	31.090	-19.539
31.506	-19.305	30.587	-19.226
31.506	-19.305	30.138	-18.371
31.506	-19.305	31.356	-15.186
31.506	-19.305	31.479	-15.007
29.258	-13.602	30.449	-14.178
30.449	-14.178	27.774	-26.318
30.449	-14.178	27.862	-22.237
30.449	-14.178	29.912	-26.339
30.449	-14.178	28.885	-25.885
30.449	-14.178	32.530	-20.797
30.449	-14.178	33.226	-20.514
30.449	-14.178	30.501	-14.382
28.297	-14.342	29.258	-13.602
26.256	-14.598	28.297	-14.342
25.716	-13.840	26.256	-14.598
26.256	-14.598	26.381	-14.170
26.256	-14.598	26.411	-14.630
26.256	-14.598	26.637	-14.143
26.256	-14.598	26.409	-14.201
24.746	-14.167	25.716	-13.840
25.716	-13.840	25.822	-13.961
25.716	-13.840	25.645	-14.007
25.716	-13.840	25.809	-14.708
25.716	-13.840	26.307	-13.735
25.716	-13.840	25.393	-14.459
22.853	-14.642	24.746	-14.167
18.132	-13.765	22.853	-14.642
22.212	-15.810	25.916	-15.372
25.916	-15.372	24.933	-23.154
25.916	-15.372	24.235	-23.090
25.916	-15.372	27.209	-14.906
25.916	-15.372	25.813	-15.090
25.916	-15.372	24.745	-12.705
25.916	-15.372	25.654	-14.619
25.916	-15.372	26.958	-13.377
25.916	-15.372	26.599	-12.640
20.832	-15.612	22.212	-15.810
22.212	-15.810	22.141	-15.738
22.212	-15.810	22.250	-15.770
22.212	-15.810	22.353	-15.339
22.212	-15.810	21.186	-16.211
18.132	-13.765	20.832	-15.612
20.832	-15.612	21.303	-15.499
20.832	-15.612	20.943	-15.011
20.832	-15.612	19.572	-15.312
20.832	-15.612	20.784	-16.038
15.239	-12.149	18.132	-13.765
18.132	-13.765	18.038	-14.181
18.132	-13.765	17.616	-13.776
18.132	-13.765	18.110	-14.683
18.132	-13.765	18.297	-14.794
18.132	-13.765	18.840	-16.159
18.132	-13.765	16.083	-14.172
18.132	-13.765	18.778	-13.652
11.878	-10.661	15.239	-12.149
15.239	-12.149	16.448	-12.716
15.239	-12.149	15.333	-11.887
15.239	-12.149	15.341	-12.116
15.239	-12.149	14.557	-12.200
1.992	-4.633	11.878	-10.661
11.878	-10.661	11.710	-10.894
11.878	-10.661	11.851	-9.547
11.878	-10.661	12.512	-9.491
11.878	-10.661	8.087	-10.130
11.878	-10.661	7.925	-7.726
11.878	-10.661	7.996	-11.034
11.878	-10.661	6.283	-7.656
11.878	-10.661	7.801	-10.718
11.878	-10.661	5.911	-6.321
0.901	-2.172	1.992	-4.633
1.992	-4.633	2.100	-3.906
1.992	-4.633	4.357	-5.665
1.992	-4.633	2.359	-5.698
1.992	-4.633	2.392	-5.090
1.992	-4.633	0.819	-4.145
1.992	-4.633	1.932	-4.509
1.992	-4.633	1.218	-4.311
0.000	0.000	0.901	-2.172
0.000	0.000	1.976	-2.161
0.000	0.000	1.962	-0.115
0.000	0.000	2.022	2.421
0.000	0.000	2.675	-2.377
0.000	0.000	1.147	-1.311
0.000	0.000	2.013	-1.499
0.000	0.000	1.142	-2.192
POLYLINE BLACK
30.560	-22.180
30.760	-22.780
30.560	-23.480
POLYLINE BLACK
31.660	-21.080
31.460	-20.180
31.260	-19.680
30.460	-20.580
30.360	-20.980
30.360	-22.180
30.460	-22.680
POLYLINE BLACK
31.460	-20.980
POLYLINE BLACK
34.360	-25.280
33.460	-25.580
33.060	-25.680
32.660	-25.680
32.260	-25.580
32.060	-25.580
31.460	-24.980
31.460	-24.380
31.660	-23.480
31.760	-22.880
31.760	-22.380
31.960	-21.480
POLYLINE BLACK
35.860	-30.380
35.960	-30.880
35.960	-31.280
36.360	-31.880
36.760	-31.980
37.260	-32.080
37.660	-32.080
POLYLINE BLACK
35.560	-30.780
POLYLINE BLACK
33.960	-24.680
34.560	-25.980
34.960	-26.480
35.460	-28.180
35.560	-28.580
35.660	-29.480
35.760	-29.880
35.760	-30.280
35.660	-30.680
POLYLINE BLACK
32.160	-22.980
32.860	-23.680
33.660	-24.180
33.960	-24.580
34.060	-25.080
POLYLINE BLACK
33.560	-19.780
33.960	-20.180
35.560	-22.680
36.560	-24.380
36.660	-24.880
36.960	-25.480
POLYLINE BLACK
28.360	-18.180
28.260	-19.380
27.860	-20.580
27.760	-21.780
27.460	-22.380
27.560	-23.180
27.460	-23.580
27.460	-24.280
27.860	-26.380
28.460	-26.380
28.960	-26.680
29.060	-26.880
29.460	-26.580
29.660	-26.680
30.560	-25.780
30.960	-25.180
30.960	-24.480
31.060	-23.980
31.060	-23.380
31.260	-22.680
POLYLINE BLACK
27.560	-15.380
POLYLINE BLACK
32.060	-14.380
32.660	-15.580
32.760	-15.980
33.060	-16.880
33.060	-19.180
33.160	-19.680
33.160	-19.980
POLYLINE BLACK
16.700	-18.560
POLYLINE BLACK
13.700	-18.960
POLYLINE BLACK
29.600	-13.660
29.100	-13.460
POLYLINE BLACK
27.900	-15.460
28.300	-15.360
28.700	-15.260
28.900	-15.060
29.700	-14.960
29.900	-14.960
POLYLINE BLACK
29.200	-13.060
29.400	-13.160
29.600	-13.060
29.700	-13.260
30.300	-13.360
30.500	-13.560
30.900	-13.660
31.300	-14.060
POLYLINE BLACK
28.300	-13.560
28.500	-13.460
28.700	-13.560
29.100	-13.160
POLYLINE BLACK
18.180	-20.400
18.120	-20.520
POLYLINE BLUE
23.700	-20.660
24.400	-21.260
26.400	-22.460
26.300	-22.160
24.700	-21.160
23.800	-20.760
22.600	-20.560
22.100	-20.560
23.000	-21.360
24.700	-22.360
24.800	-22.160
24.500	-21.660
23.000	-20.460
22.100	-19.960
21.900	-19.960
23.900	-21.260
23.700	-20.860
23.100	-20.160
POLYLINE BLUE
25.700	-22.060
POLYLINE BLUE
25.900	-22.460
POLYLINE BLUE
24.600	-22.060
25.200	-22.160
25.600	-22.460
POLYLINE BLUE
21.600	-20.260
POLYLINE BLUE
27.300	-22.260
25.700	-21.260
23.500	-20.260
23.000	-20.260
22.600	-20.360
22.300	-20.360
21.900	-20.260
POLYLINE BROWN
18.200	-14.960
19.000	-16.060
19.000	-16.260
19.600	-16.860
20.900	-18.760
21.400	-19.660
21.400	-19.960
22.000	-20.460
24.200	-21.660
24.400	-21.860
25.500	-22.060
25.700	-22.260
26.700	-22.460
26.900	-22.560
POLYLINE BLACK
21.300	-16.060
21.500	-15.960
21.900	-16.160
23.200	-16.160
23.600	-16.060
24.400	-16.060
25.000	-15.860
25.400	-16.060
25.600	-15.960
26.100	-16.160
26.300	-16.060
26.500	-16.160
POLYLINE BLACK
26.200	-12.060
26.300	-11.860
26.100	-12.160
26.100	-12.360
26.200	-11.860
POLYLINE BLACK
26.000	-10.360
26.400	-9.460
26.800	-9.060
27.000	-9.060
27.100	-9.260
27.000	-9.760
26.300	-10.860
26.300	-11.060
POLYLINE BLACK
24.700	-12.960
25.400	-11.660
POLYLINE BLACK
27.300	-14.260
27.500	-13.460
27.600	-12.560
27.700	-11.560
27.800	-11.160
27.800	-10.660
POLYLINE BLACK
22.200	-14.860
22.600	-15.160
23.100	-15.160
23.500	-15.260
24.300	-15.060
24.500	-14.260
24.700	-13.260
25.000	-12.660
POLYLINE BROWN
16.760	-17.840
POLYLINE BROWN
20.640	-16.320
21.080	-16.440
21.160	-16.440
POLYLINE BLACK
20.720	-14.280
20.760	-14.640
20.800	-14.800
21.080	-15.000
21.120	-15.080
21.200	-15.080
21.280	-15.160
21.400	-15.160
21.640	-15.240
21.720	-15.200
21.960	-15.280
22.040	-15.240
22.200	-15.280
22.280	-15.360
22.360	-15.320
22.440	-15.360
POLYLINE BLACK
20.880	-14.440
21.000	-14.440
21.280	-14.720
POLYLINE BROWN
15.480	-16.760
POLYLINE BROWN
18.040	-14.240
18.040	-14.480
18.000	-14.640
18.000	-14.840
17.960	-15.000
17.960	-15.080
18.320	-15.520
18.720	-15.760
18.920	-15.800
19.080	-15.920
19.240	-15.920
19.400	-16.040
19.480	-16.040
19.840	-16.280
20.280	-16.400
20.360	-16.360
20.520	-16.400
POLYLINE BLACK
17.840	-13.000
18.000	-13.000
19.040	-13.480
19.280	-13.640
19.440	-13.680
19.800	-13.880
20.000	-14.000
20.840	-14.360
21.000	-14.440
POLYLINE BLACK
17.640	-14.080
17.960	-14.280
18.120	-14.440
18.200	-14.440
18.400	-14.640
18.480	-14.640
18.560	-14.720
18.680	-14.720
19.000	-14.920
19.040	-15.000
19.240	-15.000
19.600	-15.280
20.040	-15.480
20.360	-15.760
20.520	-15.800
20.600	-15.840
POLYLINE BLACK
16.160	-12.360
16.080	-12.400
15.640	-12.200
15.160	-11.800
POLYLINE BLACK
18.200	-13.280
18.040	-13.240
17.800	-13.080
17.680	-13.080
17.240	-12.880
17.160	-12.880
17.080	-12.800
16.880	-12.760
16.800	-12.680
16.720	-12.680
16.640	-12.600
POLYLINE BLACK
15.800	-12.000
16.040	-12.160
16.080	-12.240
16.160	-12.200
16.320	-12.320
16.000	-11.640
16.480	-12.400
16.760	-12.480
16.920	-12.600
17.000	-12.600
17.080	-12.680
17.240	-12.720
17.440	-12.760
17.520	-12.840
17.680	-12.880
17.920	-13.040
POLYLINE BLACK
14.280	-12.160
14.480	-12.240
14.720	-12.440
14.920	-12.480
15.000	-12.600
15.200	-12.680
15.680	-13.000
15.760	-13.000
15.880	-13.120
15.960	-13.120
16.040	-13.200
16.120	-13.200
16.200	-13.280
16.400	-13.320
16.440	-13.400
16.520	-13.400
17.280	-13.960
17.440	-14.000
17.600	-14.120
17.800	-14.200
POLYLINE BLACK
10.950	-11.010
11.010	-10.950
11.220	-10.980
11.400	-10.920
11.550	-10.950
12.000	-10.950
12.240	-11.070
12.330	-11.070
12.600	-11.280
12.810	-11.340
13.170	-11.610
13.230	-11.610
13.560	-11.850
13.920	-11.940
14.070	-11.940
14.430	-12.060
14.730	-12.120
POLYLINE BLACK
12.450	-8.760
12.660	-9.060
12.690	-9.300
12.690	-9.450
12.600	-9.750
12.930	-9.900
13.050	-9.930
13.500	-10.230
13.980	-10.680
14.520	-11.130
14.940	-11.490
15.030	-11.610
15.090	-11.610
15.330	-11.820
15.390	-11.820
15.420	-11.880
POLYLINE BLUE
0.140	-5.680
0.140	-5.980
POLYLINE BLUE
6.640	-8.680
5.540	-8.280
5.440	-8.080
8.040	-10.580
7.840	-10.080
6.740	-8.880
5.140	-7.680
4.540	-7.380
5.140	-8.180
5.340	-8.380
3.840	-7.480
3.940	-7.980
5.240	-9.580
5.340	-9.880
4.640	-9.080
2.940	-7.680
0.840	-6.280
0.340	-6.180
2.240	-7.480
4.140	-9.080
4.140	-8.580
3.140	-7.280
2.540	-6.680
5.740	-8.880
5.740	-8.580
4.740	-7.480
2.640	-5.780
4.940	-8.080
3.440	-6.580
1.440	-4.780
2.040	-5.780
3.040	-6.980
1.640	-6.280
0.640	-5.880
POLYLINE BLUE
9.240	-10.280
8.740	-10.080
8.240	-9.680
7.140	-8.080
6.840	-7.880
POLYLINE BLUE
1.140	-4.680
1.240	-4.880
1.440	-4.880
3.040	-5.880
3.840	-6.080
4.540	-6.580
5.040	-6.780
6.240	-7.880
7.140	-8.480
7.340	-8.880
8.440	-9.380
9.940	-10.980
9.540	-11.080
8.640	-10.780
7.940	-10.480
7.440	-10.180
7.040	-10.180
6.740	-9.980
5.940	-9.980
4.240	-9.080
4.040	-9.080
3.740	-8.580
2.940	-7.780
2.040	-6.680
1.440	-6.380
1.240	-6.080
1.040	-6.080
0.440	-5.380
0.340	-5.080
1.240	-4.880
1.740	-4.880
2.740	-5.180
3.440	-5.780
3.640	-5.780
5.140	-6.680
6.440	-7.780
POLYLINE BLACK
0.840	-5.280
1.240	-5.380
POLYLINE BLACK
12.040	-8.080
12.540	-8.780
POLYLINE BLACK
9.840	-7.180
11.240	-7.580
11.640	-7.880
POLYLINE BLACK
3.040	-2.580
4.440	-3.380
5.240	-4.080
6.040	-4.880
6.740	-5.280
7.740	-6.080
8.240	-6.580
9.040	-7.280
10.040	-8.080
10.440	-8.180
10.640	-8.380
11.040	-8.480
POLYLINE BLACK
7.640	-6.280
7.440	-5.980
7.240	-5.980
6.240	-5.380
5.440	-4.780
4.740	-4.380
4.040	-3.780
POLYLINE BLACK
2.440	-0.480
2.740	-1.780
3.140	-2.680
3.240	-3.080
POLYLINE BLACK
2.540	-0.980
POLYLINE BLACK
0.540	4.420
0.740	4.520
0.940	4.220
1.140	4.220
1.740	3.820
2.240	3.620
2.640	2.520
2.640	2.120
2.540	1.620
2.440	0.720
2.440	-0.080
2.640	-0.980
POLYLINE BLACK
0.540	-3.480
0.140	-2.980
-0.260	-2.980
-0.360	-3.480
-0.360	-4.380
-0.160	-4.580
-0.160	-4.780
0.440	-4.380
0.640	-4.180
POLYLINE BLACK
0.040	-2.280
-0.560	-1.580
-0.760	-1.580
-0.860	-1.980
-0.760	-2.480
-0.760	-2.880
-0.160	-3.480
0.240	-3.380
0.540	-2.480
0.140	-2.080
POLYLINE BLACK
-0.660	-0.680
0.040	-1.480
0.840	-3.080
0.940	-3.480
1.340	-4.580
1.340	-5.180
POLYLINE BLACK
-0.420	2.820
-0.480	3.060
-0.600	3.420
-0.600	3.600
-0.480	3.960
-0.060	4.560
0.120	4.860
0.360	5.100
POLYLINE BLACK
-2.280	0.240
-1.860	0.720
-1.860	0.960
-2.100	1.620
-2.400	2.280
-2.700	2.940
-2.880	3.180
-2.880	3.300
-3.120	3.540
-3.360	3.600
-3.780	3.180
-3.960	2.580
-4.080	1.680
-4.080	1.140
-3.660	0.120
-3.420	0.060
-3.120	-0.120
-2.880	-0.180
-2.400	-0.180
-2.040	-0.060
POLYLINE BLACK
-1.320	0.600
-1.320	0.840
-2.040	1.140
-2.160	1.140
-2.220	0.960
-2.100	0.720
-1.800	0.600
-1.440	0.360
-1.320	0.360
POLYLINE BLACK
-1.020	0.240
-0.900	0.300
-1.200	0.420
-1.320	0.540
-1.560	0.540
-1.800	0.360
-1.800	-0.180
-1.620	-0.720
-1.440	-0.780
-1.140	-0.600
-0.780	-0.240
-0.720	0.060
-1.020	0.480
-1.140	0.540
POLYLINE BLACK
-0.900	-0.420
-0.660	-0.300
-0.540	-0.120
-0.540	0.000
POLYLINE BLACK
-0.900	0.540
-1.140	0.600
-1.320	0.540
-1.740	1.440
POLYLINE BLACK
-0.720	-0.120
-0.660	0.000
POLYLINE BLACK
0.120	-1.620
-0.300	-0.960
-0.660	-0.660
POLYLINE BLACK
-0.360	2.880
-0.300	2.760
-0.180	2.760
0.240	2.280
0.240	2.160
0.420	1.860
0.420	1.740
0.600	1.500
0.600	1.380
