TRIP
DATE 2022-08-07
DECLINATION 0.0
DATA
0		99.92	7.05	10.317	>
0		99.60	7.17	10.482	>
0		99.81	7.03	10.406	>
0		99.65	7.32	11.859	>
0		99.51	7.02	10.445	>
0		99.54	7.03	10.434	>
0		99.55	7.03	10.451	>
0	1	99.53	7.03	10.443	>
1		148.63	-31.31	2.024	>
1		148.12	-31.30	2.029	>
1		148.47	-31.12	2.025	>
1	2	148.41	-31.24	2.026	>
2		159.15	-4.39	3.079	>
2		184.66	1.66	1.892	>
2		184.53	25.81	1.379	>
2		130.88	-8.88	2.092	>
2		98.46	-12.62	2.236	>
2		253.91	-17.87	1.701	>
2		235.54	-14.49	2.505	>
2		166.76	-88.32	0.730	>
2		170.43	69.22	0.499	>
2		241.95	-14.61	2.512	>
2		241.81	-14.64	2.516	>
2		241.53	-14.47	2.507	>
2	3	241.76	-14.57	2.512	>
3		185.47	0.30	0.254	>
3		2.42	-3.69	0.755	>
3		13.85	53.82	0.422	>
3		358.16	-68.63	1.437	>
3		293.15	-14.16	2.644	>
3		293.46	-14.63	2.668	>
3		293.30	-14.63	2.709	>
3		293.51	-14.58	2.676	>
3		148.96	-5.15	1.048	>
3		142.43	-64.68	1.147	>
3		139.30	24.90	1.194	>
3		293.60	-14.48	2.729	>
3		293.61	-14.45	2.695	>
3	4	293.61	-14.46	2.711	>
4		167.85	-14.46	1.167	>
4		187.76	-11.69	1.015	>
4		180.44	-9.14	2.394	>
4		180.85	-9.23	2.401	>
4		180.84	-9.23	2.404	>
4	5	180.71	-9.20	2.400	>
5		326.19	6.69	1.107	>
5		359.29	61.29	0.840	>
5		65.49	-34.30	1.143	>
5		96.58	-89.86	2.647	>
5		70.49	-89.87	2.642	>
5		61.57	-61.58	2.543	>
5		61.46	-61.96	2.537	>
5		61.50	-62.08	2.539	>
5	6	61.51	-61.88	2.540	>
6		296.29	-1.36	1.654	>
6		285.63	-1.65	1.978	>
6		162.04	12.82	1.408	>
6		219.66	12.97	2.028	>
6		219.90	13.08	2.220	>
6		219.83	12.99	2.223	>
6		219.53	12.99	2.223	>
6	7	219.75	13.02	2.222	>
7		289.85	-37.24	4.998	>
7		332.27	-19.81	2.423	>
7		116.26	13.17	2.526	>
7		120.16	-83.98	1.847	>
7		184.76	-1.12	3.309	>
7		184.67	-1.18	3.310	>
7		184.79	-1.14	3.332	>
7	8	184.74	-1.14	3.317	>
8		68.07	10.86	1.126	>
8		278.28	12.34	1.519	>
8		333.51	81.11	1.302	>
8		164.15	13.55	1.394	>
8		67.83	23.38	1.177	>
8		273.28	14.30	1.532	>
8		171.48	47.62	2.223	>
8		164.22	49.37	2.304	>
8		164.40	49.37	2.307	>
8		164.03	49.48	2.328	>
8	9	164.22	49.41	2.313	>
9		242.91	8.98	1.006	>
9		67.31	17.61	1.762	>
9		69.33	84.68	5.744	>
9		144.87	28.96	4.109	>
9		175.28	21.12	3.303	>
9		91.71	38.86	6.205	>
9		118.44	44.26	5.993	>
9		70.15	38.20	6.073	>
9		211.90	31.21	3.942	>
9		240.60	-14.89	4.746	>
9		240.73	-14.41	4.716	>
9		240.65	-14.40	4.739	>
9	10	240.66	-14.57	4.734	>
10		129.01	12.78	1.416	>
10		138.83	52.14	1.272	>
10		163.54	-49.11	0.821	>
10		201.36	34.26	2.308	>
10		201.37	34.46	2.310	>
10		201.52	34.22	2.305	>
10	11	201.42	34.31	2.308	>
11		340.69	-5.33	1.056	>
11		151.42	-25.90	0.291	>
11		309.06	-76.95	1.688	>
11		344.13	24.36	0.685	>
11		244.35	6.19	4.232	>
11		243.89	6.03	4.237	>
11		244.35	6.19	4.220	>
11	12	244.20	6.14	4.230	>
12		189.54	44.27	2.363	>
12		138.55	29.63	3.166	>
12		204.15	-20.24	2.362	>
12		106.22	-83.57	0.838	>
12		206.11	45.98	2.441	>
12		205.96	46.12	2.447	>
12		205.89	45.92	2.450	>
12	13	205.99	46.01	2.446	>
13		137.30	4.02	1.752	>
13		98.47	-78.08	0.743	>
13		158.70	47.39	1.168	>
13		202.54	7.43	6.679	>
13		202.45	7.31	6.688	>
13		202.47	7.31	6.696	>
13	14	202.49	7.35	6.688	>
14		120.65	-8.39	0.265	>
14		288.30	-7.06	0.799	>
14		223.37	64.64	0.285	>
14		356.62	-81.19	1.504	>
14		180.92	18.47	6.558	>

PLAN
STATIONS
0.000	0.000	0
10.222	-1.717	1
11.129	-3.192	2
8.988	-4.342	3
6.582	-3.291	4
6.553	-5.659	5
7.605	-5.088	6
6.220	-6.753	7
5.946	-10.058	8
6.356	-11.506	9
2.362	-13.751	10
1.666	-15.525	11
-2.120	-17.356	12
-2.865	-18.883	13
-5.402	-25.012	14
SHOTS
0.000	0.000	10.086	-1.764
0.000	0.000	10.254	-1.735
0.000	0.000	10.177	-1.760
0.000	0.000	11.596	-1.972
0.000	0.000	10.222	-1.717
10.222	-1.717	11.129	-3.192
11.129	-3.192	12.222	-6.061
11.129	-3.192	10.976	-5.077
11.129	-3.192	11.031	-4.430
11.129	-3.192	12.692	-4.545
11.129	-3.192	13.287	-3.514
11.129	-3.192	9.574	-3.641
11.129	-3.192	9.129	-4.565
11.129	-3.192	11.134	-3.213
11.129	-3.192	11.159	-3.367
11.129	-3.192	8.988	-4.342
8.988	-4.342	8.963	-4.595
8.988	-4.342	9.019	-3.590
8.988	-4.342	9.047	-4.101
8.988	-4.342	8.971	-3.819
8.988	-4.342	6.630	-3.334
8.988	-4.342	6.619	-3.315
8.988	-4.342	6.580	-3.306
8.988	-4.342	6.613	-3.310
8.988	-4.342	9.526	-5.237
8.988	-4.342	9.287	-4.731
8.988	-4.342	9.694	-5.164
8.988	-4.342	6.582	-3.291
6.582	-3.291	6.820	-4.396
6.582	-3.291	6.448	-4.276
6.582	-3.291	6.553	-5.659
6.553	-5.659	5.941	-4.746
6.553	-5.659	6.548	-5.256
6.553	-5.659	7.412	-5.268
6.553	-5.659	6.559	-5.660
6.553	-5.659	6.558	-5.658
6.553	-5.659	7.605	-5.088
7.605	-5.088	6.122	-4.356
7.605	-5.088	5.701	-4.556
7.605	-5.088	8.028	-6.394
7.605	-5.088	6.343	-6.610
7.605	-5.088	6.220	-6.753
6.220	-6.753	2.478	-5.402
6.220	-6.753	5.160	-4.735
6.220	-6.753	8.426	-7.841
6.220	-6.753	6.388	-6.850
6.220	-6.753	5.946	-10.058
5.946	-10.058	6.972	-9.645
5.946	-10.058	4.478	-9.844
5.946	-10.058	5.857	-9.878
5.946	-10.058	6.317	-11.361
5.946	-10.058	6.947	-9.650
5.946	-10.058	4.464	-9.973
5.946	-10.058	6.168	-11.540
5.946	-10.058	6.356	-11.506
6.356	-11.506	5.471	-11.959
6.356	-11.506	7.905	-10.858
6.356	-11.506	6.854	-11.318
6.356	-11.506	8.425	-14.446
6.356	-11.506	6.609	-14.577
6.356	-11.506	11.185	-11.650
6.356	-11.506	10.130	-13.550
6.356	-11.506	10.845	-9.886
6.356	-11.506	4.574	-14.368
6.356	-11.506	2.362	-13.751
2.362	-13.751	3.435	-14.620
2.362	-13.751	2.876	-14.339
2.362	-13.751	2.514	-14.266
2.362	-13.751	1.666	-15.525
1.666	-15.525	1.318	-14.533
1.666	-15.525	1.791	-15.755
1.666	-15.525	1.370	-15.285
1.666	-15.525	1.495	-14.925
1.666	-15.525	-2.120	-17.356
-2.120	-17.356	-2.401	-19.025
-2.120	-17.356	-0.299	-19.419
-2.120	-17.356	-3.027	-19.378
-2.120	-17.356	-2.030	-17.382
-2.120	-17.356	-2.865	-18.883
-2.865	-18.883	-1.680	-20.168
-2.865	-18.883	-2.713	-18.906
-2.865	-18.883	-2.578	-19.620
-2.865	-18.883	-5.402	-25.012
-5.402	-25.012	-5.176	-25.145
-5.402	-25.012	-6.154	-24.763
-5.402	-25.012	-5.485	-25.100
-5.402	-25.012	-5.415	-24.782
-5.402	-25.012	-5.501	-31.231
POLYLINE BLACK
4.770	-17.573
4.771	-17.572
4.772	-17.572
4.772	-17.572
4.819	-17.535
4.866	-17.498
4.912	-17.461
POLYLINE BLACK
13.509	-3.409
13.352	-3.633
13.838	-2.940
12.999	-4.024
12.864	-4.199
12.829	-4.478
12.812	-4.682
12.798	-4.853
12.813	-5.027
12.795	-5.199
12.782	-5.316
12.751	-5.431
12.719	-5.544
12.687	-5.660
12.596	-5.957
12.485	-6.059
12.406	-6.131
12.217	-6.155
12.154	-6.170
12.129	-6.176
12.103	-6.176
12.078	-6.184
11.997	-6.211
11.977	-6.223
11.925	-6.251
POLYLINE BLACK
10.371	-2.672
10.357	-2.714
10.339	-2.768
10.321	-2.798
10.267	-2.889
10.164	-3.061
10.057	-3.141
10.012	-3.176
9.962	-3.203
9.915	-3.234
9.744	-3.346
9.779	-3.318
9.583	-3.501
9.565	-3.517
9.550	-3.536
9.537	-3.555
9.533	-3.560
9.530	-3.568
9.534	-3.572
9.550	-3.590
9.616	-3.556
9.632	-3.550
POLYLINE BLACK
10.309	-2.751
10.549	-2.752
10.514	-2.795
10.755	-2.928
11.265	-3.209
10.701	-2.819
11.390	-3.347
POLYLINE BLACK
11.369	-3.208
11.370	-3.165
11.372	-3.128
11.367	-3.079
11.341	-2.818
10.976	-2.306
10.924	-2.217
POLYLINE BLACK
12.055	-6.183
12.000	-6.157
11.929	-6.124
11.892	-6.099
11.831	-6.056
11.777	-6.002
11.721	-5.951
11.545	-5.788
11.368	-5.626
11.198	-5.457
11.081	-5.339
11.045	-5.260
11.000	-5.112
POLYLINE BLACK
11.058	-5.347
10.957	-5.163
10.996	-5.209
10.806	-5.018
10.790	-5.002
10.771	-4.988
10.750	-4.979
10.472	-4.864
10.479	-4.869
10.233	-4.828
9.842	-4.763
9.452	-4.700
9.061	-4.637
POLYLINE BLACK
9.100	-4.652
8.934	-4.567
POLYLINE BLACK
9.642	-3.461
9.624	-3.518
9.613	-3.551
9.546	-3.546
9.433	-3.537
9.320	-3.521
9.206	-3.512
9.124	-3.506
9.038	-3.504
8.956	-3.520
8.934	-3.524
8.913	-3.532
8.892	-3.538
POLYLINE BLACK
11.092	-3.197
11.008	-3.181
10.921	-3.157
10.834	-3.172
10.727	-3.190
10.610	-3.239
10.510	-3.285
10.499	-3.290
10.494	-3.314
10.496	-3.323
10.537	-3.490
10.587	-3.656
10.624	-3.824
10.634	-3.867
10.629	-3.923
10.621	-3.968
10.620	-3.977
10.615	-3.986
10.614	-3.995
10.614	-3.998
10.617	-3.999
10.619	-4.000
10.622	-4.001
10.626	-4.000
10.630	-3.999
10.639	-3.996
10.648	-3.991
10.657	-3.987
10.752	-3.938
10.845	-3.885
10.940	-3.837
11.211	-3.700
11.162	-3.743
11.416	-3.588
11.425	-3.582
11.480	-3.550
11.496	-3.523
11.508	-3.503
11.511	-3.460
11.494	-3.443
11.445	-3.390
11.394	-3.338
11.342	-3.287
11.324	-3.270
11.294	-3.258
11.271	-3.252
11.189	-3.228
11.149	-3.211
11.073	-3.233
POLYLINE BLACK
11.066	-3.241
10.965	-3.428
11.177	-3.042
10.862	-3.525
10.833	-3.569
10.817	-3.619
10.795	-3.666
POLYLINE BLACK
10.487	-3.373
10.509	-3.379
10.531	-3.382
10.553	-3.389
10.607	-3.405
10.655	-3.453
10.682	-3.502
10.720	-3.575
10.693	-3.539
10.723	-3.623
10.731	-3.645
10.742	-3.666
10.752	-3.687
POLYLINE BLACK
10.789	-3.708
10.757	-3.804
10.725	-3.900
10.694	-3.997
10.692	-4.003
10.695	-4.004
10.700	-4.002
10.704	-4.001
10.707	-3.999
10.710	-3.996
10.723	-3.984
10.735	-3.972
10.748	-3.960
POLYLINE BLACK
10.793	-3.658
11.123	-3.599
10.932	-3.627
11.366	-3.587
POLYLINE BLACK
10.291	-3.474
10.203	-3.421
10.116	-3.368
10.028	-3.317
10.016	-3.310
10.001	-3.316
9.993	-3.326
9.976	-3.345
9.967	-3.381
9.971	-3.406
10.011	-3.616
10.053	-3.826
10.096	-4.035
10.096	-4.038
10.099	-4.040
10.102	-4.041
10.127	-4.061
10.204	-4.019
10.207	-4.017
10.251	-3.995
10.294	-3.972
10.334	-3.943
10.369	-3.917
10.402	-3.887
10.432	-3.855
10.444	-3.843
10.506	-3.788
10.510	-3.747
10.511	-3.740
10.510	-3.724
10.507	-3.718
10.383	-3.494
10.430	-3.557
10.329	-3.438
POLYLINE BLACK
10.348	-3.464
10.263	-3.725
POLYLINE BLACK
10.023	-3.649
10.042	-3.657
10.060	-3.666
10.079	-3.671
10.094	-3.675
10.109	-3.677
10.124	-3.678
10.198	-3.683
10.272	-3.684
10.346	-3.687
POLYLINE BLACK
10.210	-3.704
10.386	-3.946
POLYLINE BLACK
10.844	-4.119
10.594	-4.309
10.921	-4.069
10.453	-4.351
10.415	-4.373
10.383	-4.404
10.351	-4.433
10.321	-4.459
10.297	-4.487
10.285	-4.525
10.271	-4.572
10.323	-4.614
10.362	-4.627
10.445	-4.655
10.530	-4.681
10.614	-4.708
10.653	-4.721
10.693	-4.733
10.732	-4.747
10.740	-4.750
10.755	-4.762
10.767	-4.761
10.796	-4.758
10.812	-4.716
10.823	-4.696
POLYLINE BLACK
10.866	-4.076
10.872	-4.165
10.866	-4.152
10.900	-4.250
10.906	-4.267
10.914	-4.284
10.924	-4.300
10.945	-4.334
10.972	-4.365
10.994	-4.399
11.002	-4.412
11.007	-4.427
11.012	-4.442
11.035	-4.507
11.014	-4.544
10.952	-4.580
10.899	-4.611
10.842	-4.635
10.787	-4.662
POLYLINE BLACK
10.805	-4.158
10.768	-4.524
POLYLINE BLACK
10.484	-4.400
10.796	-4.449
10.432	-4.398
10.803	-4.430
10.829	-4.432
10.855	-4.439
10.881	-4.444
POLYLINE BLACK
10.745	-4.418
10.801	-4.546
10.760	-4.460
10.887	-4.664
POLYLINE BLACK
10.459	-4.032
9.961	-4.147
10.220	-4.058
9.621	-4.385
9.608	-4.392
9.592	-4.402
9.590	-4.418
9.586	-4.450
9.628	-4.495
9.650	-4.510
9.697	-4.540
9.783	-4.604
9.851	-4.603
9.887	-4.602
9.922	-4.599
9.958	-4.595
9.980	-4.593
10.029	-4.561
10.035	-4.556
10.181	-4.422
10.322	-4.283
10.464	-4.145
10.492	-4.119
10.448	-4.053
10.431	-4.036
10.428	-4.033
10.411	-4.016
10.402	-4.018
10.389	-4.022
10.392	-4.057
10.392	-4.060
10.393	-4.079
10.396	-4.098
10.398	-4.117
POLYLINE BLACK
10.455	-4.055
10.358	-4.093
10.305	-4.106
10.218	-4.168
9.889	-4.402
10.108	-4.277
9.972	-4.353
POLYLINE BLACK
9.992	-4.369
9.923	-4.344
9.840	-4.331
9.769	-4.356
9.733	-4.369
9.725	-4.378
9.694	-4.400
POLYLINE BLACK
9.938	-4.411
9.926	-4.543
9.908	-4.570
9.959	-4.670
POLYLINE BLACK
9.346	-3.822
9.385	-3.812
9.405	-3.802
9.442	-3.802
9.467	-3.802
9.492	-3.812
9.515	-3.821
9.596	-3.854
9.613	-3.892
9.559	-3.963
9.541	-3.986
9.471	-4.047
9.473	-4.099
9.475	-4.170
9.567	-4.201
9.621	-4.220
POLYLINE BLACK
8.987	-3.538
8.685	-3.417
8.708	-3.406
8.398	-3.358
8.276	-3.338
8.150	-3.339
8.029	-3.314
7.841	-3.276
7.659	-3.216
7.473	-3.169
7.334	-3.135
7.364	-3.148
7.233	-3.129
7.116	-3.112
7.171	-3.107
7.020	-3.112
7.003	-3.112
6.985	-3.117
6.968	-3.120
6.922	-3.130
6.876	-3.138
6.831	-3.150
6.740	-3.174
6.696	-3.187
6.623	-3.238
POLYLINE BLACK
6.644	-3.257
6.604	-3.259
6.554	-3.255
6.521	-3.282
6.496	-3.303
6.491	-3.336
6.473	-3.361
6.472	-3.362
6.374	-3.494
6.329	-3.518
6.247	-3.561
6.164	-3.602
6.078	-3.637
6.060	-3.645
5.957	-3.662
5.913	-3.691
5.875	-3.717
5.853	-3.765
5.873	-3.808
5.875	-3.814
5.883	-3.827
5.889	-3.831
6.040	-3.929
6.199	-4.016
6.346	-4.121
6.403	-4.162
6.448	-4.219
6.500	-4.267
POLYLINE BLACK
7.228	-4.026
7.259	-3.979
7.289	-3.930
7.322	-3.884
7.343	-3.855
7.369	-3.825
7.406	-3.823
7.483	-3.820
7.573	-3.891
7.629	-3.916
7.651	-3.927
7.675	-3.934
7.699	-3.940
7.746	-3.952
7.804	-3.968
7.855	-3.963
7.877	-3.962
7.905	-3.954
7.924	-3.944
8.012	-3.895
8.153	-3.754
8.187	-3.724
POLYLINE BLACK
6.457	-4.234
6.466	-4.261
POLYLINE ORANGE
6.124	-10.254
6.085	-10.240
POLYLINE RED
6.440	-4.294
6.420	-4.286
6.401	-4.277
6.381	-4.271
6.251	-4.234
6.123	-4.306
6.010	-4.353
5.990	-4.362
5.970	-4.371
5.950	-4.379
5.934	-4.386
5.916	-4.389
5.900	-4.396
5.834	-4.427
5.774	-4.481
5.734	-4.541
5.711	-4.575
5.685	-4.624
5.676	-4.666
5.667	-4.713
5.665	-4.761
5.655	-4.808
5.649	-4.836
5.637	-4.864
5.628	-4.892
POLYLINE BLACK
6.396	-5.026
6.609	-5.063
6.502	-5.040
6.718	-5.095
POLYLINE BLACK
6.558	-4.922
6.506	-4.886
6.459	-4.870
6.400	-4.903
6.374	-4.918
6.350	-4.939
6.336	-4.966
6.303	-5.031
6.330	-5.104
6.372	-5.158
6.397	-5.189
6.430	-5.213
6.467	-5.227
6.578	-5.269
6.628	-5.294
6.723	-5.219
6.735	-5.209
6.746	-5.198
6.752	-5.185
6.764	-5.163
6.764	-5.136
6.762	-5.111
6.754	-5.042
6.694	-4.967
6.628	-4.946
6.549	-4.920
6.552	-4.929
6.458	-4.927
POLYLINE RED
7.902	-5.354
7.891	-5.309
7.883	-5.264
7.870	-5.221
7.845	-5.143
7.784	-5.043
7.740	-4.983
7.719	-4.954
7.694	-4.928
7.666	-4.906
7.322	-4.636
7.351	-4.665
7.023	-4.481
6.871	-4.396
6.841	-4.366
6.677	-4.324
6.638	-4.314
6.598	-4.307
6.558	-4.307
6.519	-4.307
6.481	-4.316
6.443	-4.321
POLYLINE BLACK
8.987	-4.587
8.931	-4.584
8.873	-4.589
8.818	-4.578
8.637	-4.540
8.459	-4.489
8.280	-4.442
8.256	-4.436
8.234	-4.425
8.211	-4.418
8.188	-4.411
8.164	-4.406
8.141	-4.400
8.125	-4.395
8.110	-4.386
8.093	-4.384
7.989	-4.375
7.885	-4.369
7.780	-4.368
7.456	-4.366
7.132	-4.372
6.808	-4.375
6.794	-4.375
6.800	-4.396
6.803	-4.402
6.809	-4.414
6.816	-4.426
6.823	-4.438
POLYLINE ORANGE
7.885	-5.567
7.861	-5.603
7.844	-5.638
7.812	-5.666
7.681	-5.780
7.377	-5.793
7.277	-5.804
7.167	-5.815
7.055	-5.807
6.944	-5.802
6.810	-5.795
6.660	-5.773
6.534	-5.724
6.441	-5.687
6.239	-5.602
6.144	-5.513
6.054	-5.429
5.968	-5.340
5.886	-5.249
5.858	-5.219
5.838	-5.182
5.813	-5.150
5.806	-5.141
5.797	-5.134
5.790	-5.125
5.774	-5.107
5.845	-5.079
5.854	-5.075
POLYLINE ORANGE
7.905	-5.641
7.901	-5.613
POLYLINE ORANGE
7.897	-5.432
7.863	-5.526
7.873	-5.513
7.804	-5.618
7.793	-5.634
7.779	-5.648
7.766	-5.663
POLYLINE BLACK
7.957	-5.335
7.955	-5.410
7.981	-5.473
8.015	-5.539
8.038	-5.584
8.067	-5.627
8.087	-5.673
8.100	-5.703
8.109	-5.734
8.114	-5.766
8.121	-5.805
8.126	-5.844
8.126	-5.883
8.126	-6.019
8.138	-6.225
8.096	-6.379
8.088	-6.408
8.075	-6.436
8.064	-6.465
POLYLINE BLACK
5.823	-4.390
5.775	-4.451
POLYLINE BLACK
5.847	-4.438
5.768	-4.467
5.690	-4.496
5.611	-4.526
5.594	-4.534
5.578	-4.544
5.561	-4.549
5.459	-4.581
5.354	-4.605
5.253	-4.638
4.695	-4.819
4.620	-4.894
3.938	-5.042
3.751	-5.083
3.557	-5.087
3.367	-5.109
3.104	-5.164
2.839	-5.215
2.577	-5.275
2.489	-5.296
2.386	-5.323
2.317	-5.389
2.289	-5.417
2.276	-5.441
2.266	-5.478
2.242	-5.563
2.221	-5.627
2.211	-5.712
2.207	-5.745
2.222	-5.794
2.229	-5.821
POLYLINE BLACK
2.231	-5.514
2.184	-5.572
2.178	-5.604
2.180	-5.679
2.181	-5.706
2.190	-5.739
2.202	-5.763
2.205	-5.770
2.285	-5.959
2.339	-6.013
2.387	-6.060
2.443	-6.099
2.487	-6.150
2.567	-6.242
2.637	-6.343
2.711	-6.440
2.816	-6.550
2.923	-6.659
3.026	-6.771
3.069	-6.817
3.087	-6.858
3.137	-6.890
3.188	-6.922
3.240	-6.954
3.294	-6.982
3.413	-7.047
3.544	-7.094
3.656	-7.170
3.807	-7.273
3.941	-7.400
4.081	-7.518
4.116	-7.547
4.136	-7.592
4.153	-7.633
POLYLINE BLACK
8.039	-6.449
7.975	-6.577
7.955	-6.596
7.926	-6.725
7.918	-6.765
7.906	-6.829
7.915	-6.874
7.926	-6.930
7.958	-7.027
7.984	-7.071
8.156	-7.356
8.063	-7.177
8.180	-7.330
8.225	-7.389
8.267	-7.452
8.312	-7.512
8.381	-7.605
8.491	-7.692
8.494	-7.819
8.494	-7.866
8.451	-7.952
8.411	-7.977
8.262	-8.072
8.204	-8.113
8.042	-8.160
7.953	-8.186
7.860	-8.200
7.771	-8.225
7.720	-8.239
7.650	-8.279
7.616	-8.321
7.540	-8.418
7.559	-8.429
7.459	-8.468
POLYLINE BLACK
3.395	-6.044
3.336	-6.013
3.276	-5.981
3.217	-5.950
3.196	-5.944
3.132	-5.923
3.153	-5.931
3.443	-6.037
3.328	-6.015
3.575	-6.027
POLYLINE BLACK
3.169	-5.937
3.263	-5.991
3.357	-6.046
3.452	-6.099
3.457	-6.102
3.468	-6.103
3.475	-6.102
3.519	-6.098
3.530	-6.039
3.533	-6.005
POLYLINE BLACK
3.155	-5.930
3.526	-5.983
POLYLINE BLACK
3.200	-5.952
3.254	-5.979
3.307	-6.010
3.363	-6.035
3.401	-6.047
3.439	-6.059
3.477	-6.072
3.473	-6.069
3.471	-6.065
3.467	-6.063
3.436	-6.046
3.404	-6.030
3.372	-6.016
3.362	-6.012
3.332	-6.003
3.342	-6.006
3.374	-6.017
3.406	-6.029
3.439	-6.037
3.474	-6.046
3.413	-6.006
3.438	-6.003
3.446	-6.002
3.453	-6.003
3.460	-6.004
3.494	-6.009
3.527	-6.016
3.561	-6.020
3.566	-6.021
3.552	-6.017
3.548	-6.015
3.521	-6.010
3.495	-6.006
3.469	-6.001
3.465	-6.000
3.481	-6.002
3.479	-6.000
3.473	-5.995
3.465	-5.994
3.458	-5.991
3.416	-5.979
3.374	-5.968
3.332	-5.957
3.336	-5.960
3.339	-5.963
3.343	-5.965
3.382	-5.983
3.422	-6.001
3.461	-6.019
POLYLINE BLACK
3.523	-6.473
3.657	-6.558
3.791	-6.645
3.925	-6.729
3.947	-6.743
3.973	-6.736
3.989	-6.719
4.026	-6.680
4.003	-6.625
3.984	-6.584
POLYLINE BLACK
3.627	-6.503
3.743	-6.534
3.859	-6.564
3.975	-6.594
3.977	-6.595
3.985	-6.597
3.982	-6.596
3.908	-6.581
3.833	-6.570
3.760	-6.550
3.696	-6.533
3.635	-6.505
3.572	-6.484
3.568	-6.483
3.580	-6.490
3.584	-6.492
3.691	-6.537
3.801	-6.575
3.906	-6.625
3.933	-6.637
3.847	-6.591
3.821	-6.603
3.798	-6.613
3.865	-6.627
3.890	-6.632
3.896	-6.634
3.875	-6.623
3.876	-6.616
3.876	-6.610
3.886	-6.614
3.891	-6.614
3.931	-6.626
4.052	-6.649
4.010	-6.651
3.933	-6.656
3.858	-6.627
3.781	-6.620
3.776	-6.619
3.783	-6.630
3.787	-6.632
3.856	-6.666
3.925	-6.700
3.994	-6.734
3.994	-6.732
3.996	-6.731
3.995	-6.730
3.901	-6.664
3.808	-6.596
3.712	-6.533
3.702	-6.526
3.728	-6.552
3.738	-6.560
3.747	-6.568
3.772	-6.587
3.787	-6.593
3.825	-6.608
3.872	-6.599
3.911	-6.595
POLYLINE BLACK
4.262	-5.735
4.445	-5.865
4.277	-5.753
4.653	-5.936
4.670	-5.947
4.687	-5.958
4.705	-5.968
4.704	-5.968
4.703	-5.968
4.703	-5.968
4.683	-5.958
4.664	-5.947
4.644	-5.937
POLYLINE BLACK
4.266	-5.745
4.310	-5.741
4.355	-5.734
4.399	-5.734
4.500	-5.735
4.602	-5.739
4.703	-5.746
4.747	-5.749
4.796	-5.767
4.808	-5.814
4.811	-5.826
4.811	-5.843
4.806	-5.855
4.792	-5.886
4.776	-5.917
4.761	-5.947
4.758	-5.952
4.752	-5.959
4.747	-5.961
4.734	-5.970
4.718	-5.970
4.704	-5.966
4.654	-5.952
4.605	-5.934
4.555	-5.923
4.500	-5.912
4.444	-5.910
4.389	-5.900
4.387	-5.900
4.385	-5.895
4.387	-5.894
4.393	-5.890
4.402	-5.889
4.410	-5.887
4.433	-5.883
4.456	-5.880
4.480	-5.878
4.490	-5.877
4.501	-5.877
4.511	-5.880
4.567	-5.893
4.621	-5.918
4.678	-5.924
4.701	-5.926
4.640	-5.901
4.620	-5.890
4.563	-5.861
4.386	-5.799
4.449	-5.804
4.565	-5.813
4.887	-5.955
4.783	-5.903
4.668	-5.846
4.537	-5.828
4.415	-5.787
4.413	-5.786
4.418	-5.783
4.419	-5.781
4.428	-5.780
4.438	-5.778
4.447	-5.778
4.475	-5.778
4.504	-5.776
4.531	-5.780
4.581	-5.788
4.630	-5.797
4.679	-5.806
4.676	-5.804
4.673	-5.802
4.669	-5.801
4.619	-5.782
4.466	-5.758
4.518	-5.747
4.607	-5.727
4.698	-5.767
4.788	-5.775
4.794	-5.775
4.811	-5.773
4.805	-5.772
4.670	-5.758
4.534	-5.743
4.399	-5.728
4.397	-5.730
4.393	-5.732
4.394	-5.734
4.398	-5.739
4.404	-5.742
4.409	-5.744
4.455	-5.765
4.482	-5.779
4.527	-5.787
4.555	-5.791
4.583	-5.791
4.611	-5.799
4.620	-5.801
4.592	-5.801
4.583	-5.801
4.549	-5.802
4.516	-5.801
4.483	-5.802
4.478	-5.803
4.481	-5.808
4.482	-5.809
4.485	-5.811
4.487	-5.813
4.489	-5.815
4.548	-5.843
4.606	-5.873
4.666	-5.899
4.716	-5.921
4.697	-5.891
4.677	-5.874
4.667	-5.866
4.657	-5.857
4.646	-5.852
4.592	-5.828
4.537	-5.809
4.482	-5.787
4.471	-5.783
4.435	-5.773
4.447	-5.774
4.658	-5.795
4.770	-5.822
4.632	-5.797
POLYLINE BLACK
4.538	-5.830
4.593	-5.843
4.648	-5.856
4.704	-5.868
4.707	-5.868
4.733	-5.869
4.718	-5.859
4.705	-5.849
4.691	-5.840
4.677	-5.831
4.660	-5.821
4.639	-5.816
4.625	-5.802
4.620	-5.798
4.638	-5.801
4.645	-5.801
4.730	-5.800
4.855	-5.810
4.546	-5.771
4.518	-5.768
4.444	-5.773
4.401	-5.758
4.395	-5.756
4.388	-5.753
4.381	-5.749
4.375	-5.745
4.365	-5.743
4.364	-5.736
4.363	-5.731
4.374	-5.732
4.378	-5.733
4.425	-5.745
4.471	-5.762
4.517	-5.777
POLYLINE BLACK
4.527	-6.580
4.551	-6.523
4.573	-6.465
4.599	-6.409
4.624	-6.354
4.665	-6.304
4.726	-6.292
4.749	-6.287
4.771	-6.288
4.793	-6.297
4.840	-6.317
4.874	-6.360
4.923	-6.377
4.976	-6.394
5.079	-6.396
5.112	-6.338
5.131	-6.304
5.130	-6.287
5.140	-6.244
POLYLINE BLACK
3.664	-5.561
3.659	-5.536
3.648	-5.504
3.661	-5.479
3.681	-5.439
3.702	-5.400
3.725	-5.362
3.751	-5.317
3.810	-5.302
3.852	-5.334
3.900	-5.370
3.928	-5.440
3.996	-5.440
4.078	-5.440
4.148	-5.317
4.184	-5.270
POLYLINE BLACK
4.799	-8.048
5.662	-7.487
5.285	-7.689
5.900	-7.387
POLYLINE BLACK
4.808	-7.998
4.834	-7.915
4.861	-7.833
4.887	-7.750
4.896	-7.712
4.903	-7.674
4.913	-7.636
4.920	-7.614
4.930	-7.598
4.942	-7.580
POLYLINE BLACK
4.944	-7.586
5.215	-7.366
4.968	-7.559
5.622	-7.161
5.634	-7.153
5.644	-7.142
5.655	-7.134
5.676	-7.120
5.702	-7.118
5.726	-7.115
POLYLINE BLACK
5.904	-7.388
5.929	-7.398
5.952	-7.412
5.977	-7.417
6.037	-7.431
6.100	-7.434
6.160	-7.445
6.255	-7.462
6.348	-7.487
6.442	-7.503
6.549	-7.522
6.545	-7.498
6.505	-7.421
POLYLINE BLACK
5.912	-7.366
5.939	-7.239
5.966	-7.112
5.993	-6.985
5.997	-6.973
6.000	-6.960
6.006	-6.949
6.025	-6.914
6.038	-6.902
6.062	-6.875
POLYLINE BLACK
5.652	-7.154
5.783	-7.104
5.867	-6.975
5.978	-6.898
POLYLINE BLACK
4.851	-8.058
4.889	-8.058
4.927	-8.064
4.965	-8.059
5.353	-8.010
5.466	-7.884
5.926	-7.706
5.987	-7.682
6.054	-7.676
6.116	-7.656
6.227	-7.620
6.229	-7.614
6.304	-7.564
POLYLINE BLACK
6.598	-7.374
6.578	-7.368
6.558	-7.365
6.540	-7.357
6.528	-7.353
6.515	-7.347
6.505	-7.339
6.409	-7.256
6.317	-7.168
6.223	-7.084
6.208	-7.071
6.172	-7.046
6.156	-7.024
6.135	-6.994
6.131	-6.954
6.126	-6.919
POLYLINE BLACK
6.325	-10.573
6.314	-10.583
6.305	-10.597
6.291	-10.603
6.286	-10.605
6.293	-10.592
6.294	-10.587
6.339	-10.462
6.394	-10.341
6.430	-10.213
6.498	-9.973
6.549	-9.727
6.607	-9.484
6.617	-9.442
6.614	-9.429
6.636	-9.389
6.653	-9.361
6.673	-9.334
6.691	-9.307
POLYLINE BLACK
6.230	-10.639
6.168	-10.607
6.106	-10.575
6.044	-10.543
5.986	-10.521
5.926	-10.503
5.870	-10.477
5.837	-10.461
5.807	-10.438
5.777	-10.415
5.734	-10.383
5.693	-10.348
5.652	-10.314
5.648	-10.310
5.645	-10.305
5.643	-10.301
5.635	-10.287
5.630	-10.269
5.628	-10.254
5.591	-9.956
5.561	-9.657
5.521	-9.359
5.511	-9.288
5.485	-9.219
5.478	-9.148
5.412	-8.415
5.494	-8.782
5.437	-8.513
5.436	-8.513
5.437	-8.514
5.437	-8.515
5.441	-8.537
5.446	-8.560
5.451	-8.583
POLYLINE BLACK
6.689	-9.307
6.696	-9.242
6.692	-9.158
6.745	-9.107
6.775	-9.078
6.786	-9.081
6.825	-9.050
6.891	-8.997
6.927	-8.915
6.942	-8.834
6.955	-8.764
6.862	-8.665
6.828	-8.626
6.744	-8.528
6.478	-8.395
6.458	-8.384
6.412	-8.358
6.313	-8.333
6.261	-8.331
6.072	-8.322
5.735	-8.398
5.612	-8.416
5.560	-8.424
5.505	-8.403
5.479	-8.456
POLYLINE BLACK
5.938	-10.146
5.971	-9.921
6.009	-9.805
5.998	-9.606
5.996	-9.588
5.990	-9.570
5.986	-9.551
5.961	-9.448
5.927	-9.346
5.909	-9.240
5.882	-9.082
5.871	-8.922
5.851	-8.763
5.850	-8.762
5.848	-8.760
5.847	-8.761
5.845	-8.762
5.844	-8.765
5.842	-8.767
5.835	-8.782
5.829	-8.796
5.822	-8.811
POLYLINE BLACK
5.819	-8.764
5.755	-8.687
5.691	-8.619
5.597	-8.581
5.534	-8.554
5.545	-8.571
5.501	-8.543
5.477	-8.527
5.466	-8.491
5.458	-8.466
POLYLINE BLACK
6.047	-8.763
6.262	-8.664
6.152	-8.707
6.562	-8.619
6.615	-8.608
6.670	-8.609
6.723	-8.595
6.778	-8.580
6.830	-8.553
6.883	-8.531
POLYLINE BLACK
5.983	-10.198
6.157	-10.333
6.078	-10.264
6.323	-10.551
6.332	-10.561
6.338	-10.575
6.343	-10.588
6.351	-10.608
6.357	-10.628
6.364	-10.648
POLYLINE BLACK
5.957	-10.206
5.666	-10.429
POLYLINE BLACK
7.593	-8.416
7.586	-8.411
POLYLINE BLACK
7.555	-8.421
7.363	-8.728
7.319	-8.770
7.182	-9.098
7.159	-9.153
7.150	-9.213
7.129	-9.270
7.115	-9.309
7.093	-9.344
7.077	-9.383
7.071	-9.398
7.068	-9.415
7.066	-9.431
7.048	-9.583
7.049	-9.561
7.051	-9.645
POLYLINE BLACK
4.878	-9.380
4.890	-9.388
4.901	-9.397
4.913	-9.404
4.931	-9.416
4.974	-9.407
4.978	-9.384
4.982	-9.361
4.936	-9.338
4.916	-9.347
4.884	-9.361
4.853	-9.378
4.820	-9.392
4.790	-9.405
4.798	-9.393
4.767	-9.402
4.744	-9.409
4.779	-9.440
4.785	-9.445
4.811	-9.465
4.844	-9.454
4.870	-9.441
POLYLINE BLACK
4.876	-9.445
4.922	-9.452
4.955	-9.452
4.993	-9.426
5.007	-9.417
5.026	-9.403
5.025	-9.384
5.024	-9.359
4.994	-9.341
4.976	-9.330
POLYLINE BLACK
4.836	-9.155
4.862	-9.123
4.888	-9.092
4.913	-9.060
4.925	-9.046
4.937	-9.034
4.948	-9.019
4.957	-9.007
4.969	-8.989
4.966	-8.971
4.960	-8.944
4.918	-8.924
4.899	-8.917
4.861	-8.903
4.823	-8.893
4.784	-8.883
4.775	-8.880
4.764	-8.884
4.757	-8.890
4.726	-8.917
4.730	-9.028
4.730	-9.044
4.727	-9.161
4.799	-9.138
4.896	-9.127
POLYLINE BLACK
4.823	-8.776
4.851	-8.782
4.878	-8.790
4.906	-8.794
4.929	-8.798
5.008	-8.796
5.018	-8.764
5.027	-8.736
4.990	-8.691
4.980	-8.677
4.950	-8.637
4.924	-8.617
4.881	-8.589
4.824	-8.552
4.778	-8.568
4.752	-8.631
4.724	-8.701
4.739	-8.762
4.799	-8.807
4.816	-8.819
4.837	-8.828
4.858	-8.824
4.889	-8.818
4.910	-8.787
4.928	-8.765
POLYLINE BLACK
5.339	-8.653
5.337	-8.620
5.330	-8.586
5.332	-8.553
5.334	-8.509
5.344	-8.466
5.350	-8.422
5.353	-8.399
5.357	-8.381
5.349	-8.358
5.332	-8.302
5.282	-8.339
5.248	-8.359
5.207	-8.384
5.193	-8.419
5.191	-8.467
5.191	-8.483
5.193	-8.505
5.199	-8.520
5.216	-8.561
5.244	-8.589
5.271	-8.624
POLYLINE BLACK
5.140	-9.722
5.233	-9.694
5.230	-9.701
5.316	-9.650
5.336	-9.638
5.389	-9.604
5.389	-9.570
5.389	-9.529
5.323	-9.486
5.294	-9.470
5.270	-9.456
5.217	-9.425
5.192	-9.457
5.190	-9.460
5.188	-9.463
5.187	-9.467
5.167	-9.514
5.147	-9.561
5.128	-9.609
5.110	-9.656
5.116	-9.684
5.161	-9.707
POLYLINE BLACK
5.190	-9.274
5.217	-9.260
5.245	-9.248
5.271	-9.232
5.284	-9.224
5.334	-9.192
5.340	-9.169
5.343	-9.158
5.333	-9.149
5.325	-9.143
5.293	-9.125
5.243	-9.083
5.198	-9.095
5.186	-9.098
5.175	-9.104
5.166	-9.111
5.133	-9.135
5.109	-9.169
5.121	-9.211
5.123	-9.220
5.128	-9.234
5.135	-9.243
5.156	-9.268
5.189	-9.278
5.220	-9.286
POLYLINE BLACK
6.125	-8.748
6.108	-8.742
6.091	-8.735
6.073	-8.730
6.005	-8.711
5.942	-8.750
5.882	-8.777
POLYLINE BLACK
6.472	-11.903
6.528	-11.945
POLYLINE BLACK
6.552	-11.920
6.407	-11.942
6.259	-11.947
6.114	-11.924
6.035	-11.911
5.959	-11.886
5.880	-11.872
5.518	-11.809
5.753	-11.887
5.374	-11.757
5.354	-11.750
5.312	-11.718
5.301	-11.703
5.163	-11.511
5.046	-11.340
4.969	-11.114
4.913	-10.949
4.878	-10.778
4.833	-10.609
4.831	-10.601
4.834	-10.607
4.835	-10.608
4.858	-10.677
4.880	-10.745
4.903	-10.814
POLYLINE BLACK
6.438	-12.016
6.720	-11.547
6.520	-11.894
6.803	-11.302
6.819	-11.269
6.842	-11.241
6.859	-11.208
6.890	-11.146
6.880	-11.071
6.876	-11.005
POLYLINE BLACK
6.852	-11.132
6.289	-10.675
6.477	-10.873
6.229	-10.597
POLYLINE BLACK
4.878	-10.738
5.102	-10.729
4.908	-10.743
5.540	-10.674
5.576	-10.670
5.611	-10.659
5.647	-10.654
5.712	-10.646
5.774	-10.679
5.831	-10.704
POLYLINE BLACK
6.864	-11.209
6.679	-11.038
6.720	-10.574
6.469	-10.400
POLYLINE BLACK
4.872	-10.815
5.306	-10.555
5.386	-10.489
5.667	-10.241
POLYLINE BLACK
5.872	-10.765
6.122	-10.811
6.318	-10.780
6.481	-10.946
POLYLINE BLACK
6.215	-11.653
6.121	-11.481
6.032	-11.323
5.922	-11.142
5.852	-11.028
5.798	-10.977
5.679	-10.931
POLYLINE BLACK
5.262	-11.564
5.744	-10.979
5.360	-11.386
5.924	-10.817
POLYLINE BLACK
7.006	-11.043
6.979	-11.022
POLYLINE BLACK
6.593	-10.603
6.540	-10.473
6.582	-10.577
6.416	-10.231
POLYLINE BLACK
4.458	-11.596
4.491	-11.572
4.742	-11.540
4.753	-11.422
4.761	-11.326
4.613	-11.159
4.582	-11.114
POLYLINE BLACK
4.594	-11.581
4.726	-11.512
4.824	-11.444
4.923	-11.341
4.931	-11.333
4.997	-11.272
4.983	-11.237
4.968	-11.198
4.902	-11.200
4.869	-11.197
POLYLINE BLACK
5.069	-11.276
4.710	-11.041
POLYLINE BLACK
4.582	-11.068
4.688	-11.013
4.722	-10.922
4.760	-10.815
POLYLINE BLACK
4.467	-11.603
4.589	-11.513
4.527	-11.119
4.593	-10.963
4.599	-10.949
4.608	-10.936
4.616	-10.922
POLYLINE BLACK
5.150	-10.560
5.224	-10.496
5.219	-10.499
5.360	-10.362
5.423	-10.302
5.349	-10.243
5.298	-10.212
5.211	-10.160
5.047	-10.072
4.940	-10.118
4.814	-10.172
4.782	-10.341
4.753	-10.453
4.744	-10.488
4.773	-10.525
4.803	-10.539
4.815	-10.544
4.827	-10.547
4.839	-10.552
4.923	-10.587
5.007	-10.623
5.091	-10.659
POLYLINE BLACK
7.093	-9.632
7.095	-9.664
7.092	-9.691
7.103	-9.720
7.133	-9.795
7.225	-9.837
7.291	-9.869
7.387	-9.916
7.466	-9.965
7.575	-9.965
8.901	-9.974
7.931	-9.993
8.967	-9.815
9.123	-9.789
9.284	-9.801
9.439	-9.772
9.578	-9.746
9.707	-9.681
9.845	-9.649
9.937	-9.628
10.034	-9.629
10.127	-9.614
10.182	-9.605
10.235	-9.587
10.290	-9.579
10.421	-9.561
10.466	-9.588
10.591	-9.623
10.629	-9.634
10.669	-9.638
10.706	-9.653
10.773	-9.680
10.838	-9.713
10.902	-9.747
10.922	-9.758
10.940	-9.772
10.957	-9.786
10.977	-9.804
10.952	-9.819
10.935	-9.817
10.858	-9.810
10.781	-9.799
10.705	-9.789
POLYLINE BLACK
10.168	-13.654
10.222	-13.656
POLYLINE BLACK
10.087	-13.688
10.132	-13.672
10.155	-13.669
10.190	-13.644
10.209	-13.631
10.236	-13.605
10.246	-13.585
10.368	-13.356
10.485	-13.126
10.605	-12.896
10.706	-12.700
10.804	-12.503
10.909	-12.309
11.001	-12.139
11.103	-11.975
11.195	-11.805
11.214	-11.769
11.232	-11.730
11.241	-11.690
11.255	-11.624
11.255	-11.555
11.262	-11.488
POLYLINE BLACK
11.287	-11.603
11.303	-11.580
11.321	-11.558
11.335	-11.534
11.396	-11.433
11.362	-11.185
11.353	-11.125
11.322	-10.912
11.278	-10.701
11.231	-10.491
11.222	-10.453
11.201	-10.419
11.187	-10.383
10.984	-9.884
11.097	-10.105
10.871	-9.719
POLYLINE BLACK
11.219	-10.946
11.170	-10.950
11.121	-10.951
11.072	-10.959
10.944	-10.981
10.818	-11.016
10.689	-11.036
9.999	-11.146
10.055	-11.136
9.563	-11.175
POLYLINE BLACK
11.303	-11.597
11.199	-11.596
11.094	-11.594
10.990	-11.593
10.950	-11.589
10.911	-11.580
10.871	-11.580
10.811	-11.581
10.752	-11.592
10.692	-11.597
POLYLINE BLACK
10.903	-12.514
10.549	-12.451
10.608	-12.480
10.224	-12.312
10.103	-12.259
9.990	-12.187
9.869	-12.135
9.809	-12.109
9.744	-12.098
9.682	-12.079
POLYLINE BLACK
10.617	-12.949
10.408	-12.795
10.547	-12.882
10.173	-12.740
POLYLINE BLACK
10.252	-13.559
9.746	-13.225
9.922	-13.356
9.232	-12.774
9.200	-12.747
9.181	-12.720
9.159	-12.689
POLYLINE BLACK
9.860	-13.939
9.812	-13.852
9.765	-13.765
9.716	-13.678
9.689	-13.632
9.636	-13.633
9.589	-13.638
POLYLINE BLACK
9.297	-14.305
9.161	-14.039
9.031	-13.769
8.889	-13.506
8.853	-13.440
8.805	-13.382
8.765	-13.319
8.754	-13.301
8.747	-13.278
8.751	-13.257
POLYLINE BLACK
9.016	-14.617
9.003	-14.500
8.985	-14.457
8.911	-14.363
POLYLINE BLACK
8.118	-14.706
8.128	-14.710
POLYLINE BLACK
10.274	-10.183
10.310	-10.186
10.346	-10.186
10.382	-10.192
10.408	-10.197
10.433	-10.206
10.459	-10.215
10.517	-10.237
10.585	-10.284
10.574	-10.357
10.568	-10.398
10.533	-10.439
10.511	-10.468
10.479	-10.510
10.422	-10.558
10.445	-10.618
10.470	-10.679
10.628	-10.722
10.643	-10.729
POLYLINE BLACK
10.167	-11.489
10.230	-11.509
10.294	-11.526
10.357	-11.548
10.371	-11.553
10.384	-11.562
10.398	-11.570
10.440	-11.597
10.450	-11.634
10.429	-11.679
10.409	-11.720
10.364	-11.744
10.375	-11.794
10.392	-11.874
10.508	-11.922
10.558	-11.956
POLYLINE BLACK
9.908	-12.651
9.942	-12.667
9.977	-12.682
10.010	-12.699
10.049	-12.720
10.078	-12.749
10.071	-12.795
10.068	-12.816
10.061	-12.836
10.047	-12.852
10.001	-12.904
9.895	-12.915
9.956	-12.993
10.005	-13.056
10.143	-13.122
10.170	-13.139
POLYLINE BLACK
10.816	-9.785
10.344	-10.058
10.490	-9.958
9.808	-10.554
9.686	-10.660
9.660	-10.713
9.592	-10.826
POLYLINE BLACK
11.096	-10.296
11.051	-10.323
10.907	-10.360
10.904	-10.448
POLYLINE BLACK
7.580	-11.479
6.101	-12.581
7.616	-11.429
5.800	-12.907
5.759	-12.940
5.710	-12.960
5.665	-12.986
POLYLINE BLACK
5.678	-12.987
5.646	-13.046
5.615	-13.105
5.583	-13.165
5.568	-13.203
5.558	-13.243
5.540	-13.280
5.539	-13.280
5.413	-13.453
5.428	-13.520
5.440	-13.577
5.503	-13.631
5.539	-13.662
5.656	-13.762
5.800	-13.825
5.941	-13.883
6.118	-13.957
6.301	-14.018
6.480	-14.088
6.537	-14.110
6.538	-14.123
6.586	-14.131
6.611	-14.135
6.644	-14.135
6.667	-14.127
7.080	-13.983
7.494	-13.846
7.902	-13.688
7.987	-13.655
8.062	-13.598
8.143	-13.554
8.172	-13.538
8.196	-13.531
8.217	-13.504
8.261	-13.445
8.219	-13.422
8.222	-13.355
8.227	-13.200
8.235	-13.046
8.255	-12.893
8.269	-12.792
8.311	-12.695
8.324	-12.593
8.347	-12.401
8.361	-12.207
8.362	-12.013
8.363	-11.892
8.342	-11.771
8.329	-11.651
8.328	-11.636
8.314	-11.613
8.302	-11.605
8.246	-11.568
8.189	-11.531
8.130	-11.498
8.006	-11.428
7.954	-11.413
7.815	-11.412
7.738	-11.411
7.584	-11.358
7.581	-11.471
7.581	-11.503
7.583	-11.535
7.584	-11.567
POLYLINE BLACK
8.291	-11.690
7.670	-12.218
7.724	-12.112
7.294	-12.656
7.266	-12.691
7.249	-12.732
7.226	-12.771
POLYLINE BLACK
7.214	-12.748
7.410	-12.969
7.402	-12.989
7.590	-13.132
7.653	-13.180
7.722	-13.219
7.783	-13.270
7.839	-13.317
7.885	-13.374
7.938	-13.423
7.972	-13.454
8.000	-13.462
8.041	-13.480
8.050	-13.484
8.056	-13.485
8.063	-13.492
8.090	-13.519
8.089	-13.557
8.092	-13.592
POLYLINE BLACK
7.092	-12.813
7.052	-12.839
7.014	-12.870
6.971	-12.892
6.670	-13.040
6.365	-13.181
6.060	-13.319
6.008	-13.343
5.937	-13.358
5.879	-13.360
5.836	-13.362
5.792	-13.358
5.749	-13.359
5.740	-13.359
5.732	-13.361
5.724	-13.364
5.684	-13.378
5.677	-13.385
5.642	-13.406
POLYLINE RED
4.712	-11.670
4.640	-12.178
4.794	-11.113
4.533	-12.503
4.521	-12.568
4.519	-12.636
4.525	-12.702
4.566	-13.145
4.563	-13.371
4.740	-13.731
4.798	-13.849
4.969	-14.032
5.059	-14.106
5.253	-14.264
5.453	-14.416
5.662	-14.554
5.731	-14.599
5.942	-14.754
6.092	-14.743
6.112	-14.742
6.131	-14.738
6.151	-14.735
POLYLINE BLACK
5.040	-14.182
4.986	-14.181
4.931	-14.182
4.877	-14.179
4.823	-14.176
4.726	-14.149
4.731	-14.077
4.733	-14.052
4.753	-13.961
4.734	-13.927
4.731	-13.922
4.728	-13.916
4.723	-13.913
4.663	-13.875
4.602	-13.842
4.541	-13.807
POLYLINE BLACK
4.434	-12.967
4.390	-12.951
4.272	-12.916
4.279	-12.845
4.285	-12.797
4.328	-12.734
4.344	-12.708
4.365	-12.672
4.402	-12.645
4.400	-12.601
4.394	-12.505
4.281	-12.476
4.213	-12.442
POLYLINE BLACK
4.229	-7.606
4.296	-7.758
4.315	-7.774
4.341	-7.937
4.355	-8.022
4.358	-8.109
4.370	-8.194
4.426	-8.607
4.506	-9.017
4.547	-9.432
4.568	-9.641
4.549	-9.852
4.555	-10.061
4.557	-10.131
4.559	-10.200
4.571	-10.269
4.582	-10.328
4.599	-10.369
4.620	-10.417
POLYLINE BLACK
4.228	-13.637
4.244	-13.680
4.256	-13.726
4.276	-13.767
4.294	-13.804
4.315	-13.839
4.340	-13.870
4.522	-14.092
4.695	-14.321
4.896	-14.526
5.064	-14.697
5.257	-14.842
5.444	-14.993
5.477	-15.020
5.517	-15.040
5.557	-15.057
5.825	-15.171
6.275	-15.227
6.488	-15.244
6.727	-15.263
6.970	-15.268
7.208	-15.238
7.657	-15.181
8.098	-15.076
8.541	-14.985
8.594	-14.974
8.646	-14.956
8.694	-14.931
8.761	-14.896
8.821	-14.847
8.884	-14.805
POLYLINE BLACK
10.150	-13.608
10.090	-13.703
10.071	-13.731
9.944	-13.870
9.797	-14.031
9.656	-14.201
9.486	-14.337
9.319	-14.471
9.123	-14.564
8.940	-14.675
8.924	-14.684
8.907	-14.690
8.891	-14.699
8.837	-14.732
8.827	-14.824
8.820	-14.878
POLYLINE BLACK
2.943	-13.028
2.944	-13.026
2.944	-13.025
2.945	-13.024
2.969	-12.982
2.991	-12.938
3.018	-12.898
3.086	-12.796
3.219	-12.709
3.317	-12.826
3.411	-12.939
3.438	-13.145
3.608	-13.176
3.743	-13.201
3.896	-13.045
3.976	-12.990
POLYLINE BLACK
4.527	-10.052
4.533	-10.319
4.490	-10.291
4.446	-10.605
4.430	-10.716
4.451	-10.878
4.400	-10.997
4.349	-11.118
4.296	-11.238
4.236	-11.355
4.210	-11.407
4.078	-11.557
4.057	-11.583
3.997	-11.658
3.948	-11.744
3.881	-11.813
3.582	-12.117
3.241	-12.380
2.960	-12.700
2.710	-12.985
2.514	-13.314
2.295	-13.623
2.283	-13.638
2.318	-13.646
2.323	-13.646
2.377	-13.648
2.391	-13.643
2.442	-13.635
POLYLINE BLACK
4.346	-13.676
4.162	-13.793
4.162	-13.794
3.955	-14.013
3.714	-14.265
3.629	-14.320
3.533	-14.578
POLYLINE BLACK
3.648	-14.490
3.640	-14.530
3.634	-14.555
3.617	-14.607
3.610	-14.627
3.580	-14.677
3.562	-14.690
3.410	-14.803
3.257	-14.916
3.098	-15.020
2.925	-15.132
2.734	-15.217
2.569	-15.340
2.286	-15.549
2.027	-15.790
1.756	-16.015
POLYLINE BLACK
2.403	-13.630
2.402	-13.631
2.401	-13.632
2.400	-13.633
2.245	-13.757
2.086	-13.876
1.936	-14.005
1.625	-14.271
1.335	-14.563
1.015	-14.818
0.866	-14.936
0.693	-15.021
0.532	-15.123
POLYLINE BLACK
0.814	-15.015
0.738	-15.050
0.607	-15.111
0.583	-15.127
0.422	-15.234
0.278	-15.366
0.119	-15.475
-0.052	-15.593
-0.069	-15.555
-0.241	-15.655
-0.321	-15.702
-0.399	-15.752
-0.472	-15.809
-0.523	-15.848
-0.565	-15.897
-0.611	-15.942
-0.737	-16.066
-0.854	-16.200
-0.987	-16.316
-1.145	-16.454
-1.322	-16.568
-1.484	-16.700
-1.672	-16.852
-1.852	-17.014
-2.039	-17.166
-2.075	-17.195
-2.117	-17.216
-2.153	-17.245
-2.193	-17.276
-2.205	-17.298
-2.232	-17.337
POLYLINE BLACK
1.995	-15.841
1.945	-15.896
1.905	-15.930
1.841	-15.963
0.566	-16.608
1.831	-15.907
-0.338	-17.209
POLYLINE BLACK
-0.049	-17.104
-0.051	-17.104
-0.053	-17.104
-0.054	-17.104
-0.088	-17.103
-0.122	-17.100
-0.156	-17.101
-0.327	-17.108
-0.512	-17.287
-0.620	-17.389
-0.662	-17.428
-0.716	-17.495
-0.723	-17.558
-0.730	-17.614
-0.735	-17.670
-0.734	-17.727
-0.732	-17.780
-0.724	-17.833
-0.714	-17.886
-0.679	-18.070
-0.654	-18.257
-0.599	-18.436
-0.504	-18.747
-0.455	-18.707
-0.359	-18.939
-0.269	-19.152
-0.251	-19.184
-0.227	-19.364
-0.224	-19.384
-0.241	-19.434
-0.244	-19.440
-0.281	-19.516
-0.323	-19.589
-0.363	-19.664
POLYLINE BLACK
-0.304	-19.554
-0.336	-19.669
-0.396	-19.787
-0.509	-19.843
-0.600	-19.887
-0.691	-19.933
-0.788	-19.959
-1.081	-20.038
-1.380	-20.088
-1.675	-20.157
-1.696	-20.162
-1.716	-20.172
-1.736	-20.182
-1.930	-20.283
-2.181	-20.853
-2.189	-20.868
-2.377	-21.218
-2.473	-21.321
-2.509	-21.644
POLYLINE BLACK
-2.386	-21.348
-2.374	-21.314
POLYLINE BLACK
-2.436	-21.479
-2.536	-21.729
-2.681	-21.872
-2.851	-22.114
-2.895	-22.177
-2.931	-22.247
-2.980	-22.307
-3.135	-22.496
-3.315	-22.664
-3.463	-22.858
-3.722	-23.197
-3.772	-23.517
-4.006	-23.896
-4.159	-24.145
-4.342	-24.376
-4.530	-24.601
-4.631	-24.721
-4.751	-24.825
-4.870	-24.927
-4.925	-24.975
-4.989	-25.010
-5.049	-25.049
-5.058	-25.055
-5.057	-25.045
-5.056	-25.041
-5.054	-25.036
-5.051	-25.031
-5.048	-25.025
-5.021	-24.988
-4.994	-24.951
-4.967	-24.914
POLYLINE BLACK
-2.183	-17.204
-2.241	-17.406
-2.312	-17.496
-2.471	-17.685
-2.834	-18.117
-3.232	-18.520
-3.588	-18.957
-3.936	-19.384
-4.810	-20.837
-4.938	-21.068
-5.084	-21.331
-5.180	-21.619
-5.309	-21.890
-5.510	-22.313
-5.567	-22.279
-5.864	-22.790
-5.901	-22.855
-5.916	-22.930
-5.942	-23.001
POLYLINE BLACK
-5.840	-22.703
-5.841	-22.705
-5.841	-22.707
-5.841	-22.708
-5.883	-22.888
-5.937	-23.065
-5.968	-23.247
-6.031	-23.624
-5.980	-23.917
-6.070	-24.302
-6.104	-24.451
-6.189	-24.585
-6.244	-24.728
-6.246	-24.731
-6.240	-24.734
-6.237	-24.735
-6.231	-24.735
-6.224	-24.733
-6.218	-24.730
-6.188	-24.713
-6.159	-24.693
-6.129	-24.674
POLYLINE BLACK
-4.828	-24.939
-5.044	-25.144
-5.026	-25.115
-5.156	-25.299
POLYLINE RED
-2.607	-19.252
-2.638	-19.300
-2.678	-19.365
-2.709	-19.391
-2.975	-19.627
-3.252	-19.850
-3.530	-20.072
-3.813	-20.297
-3.608	-20.060
-3.882	-20.354
-3.944	-20.421
-3.987	-20.505
-4.020	-20.589
-4.041	-20.643
-4.191	-21.080
-4.226	-21.145
-4.305	-21.289
-4.405	-21.420
-4.495	-21.557
POLYLINE RED
-4.151	-22.409
-4.006	-22.067
-3.975	-22.058
-3.713	-21.591
POLYLINE RED
-3.619	-21.379
-3.445	-21.085
-3.315	-20.828
-3.067	-20.595
-2.945	-20.480
-2.801	-20.389
-2.671	-20.282
-2.609	-20.230
-2.560	-20.163
-2.493	-20.119
-2.392	-20.053
-2.278	-20.010
-2.171	-19.955
POLYLINE RED
-5.372	-25.226
-5.374	-25.227
-5.375	-25.228
-5.376	-25.230
-5.402	-25.257
-5.431	-25.283
-5.455	-25.313
-5.516	-25.389
-5.563	-25.533
-5.584	-25.605
-5.619	-25.724
-5.656	-25.844
-5.671	-25.967
-5.735	-26.486
-5.674	-26.528
-5.693	-27.026
-5.708	-27.411
-5.754	-27.793
-5.761	-28.178
-5.789	-29.886
-5.681	-28.344
-5.745	-29.166
POLYLINE RED
-5.072	-29.006
-5.266	-27.942
-5.111	-27.273
-5.099	-25.862
-5.099	-25.831
-5.093	-25.801
-5.084	-25.771
-5.062	-25.699
-5.032	-25.630
-5.006	-25.559
POLYLINE RED
-4.455	-21.893
-4.571	-22.006
-4.599	-22.249
-4.679	-22.396
-4.773	-22.569
-5.165	-23.130
-5.261	-23.487
-5.322	-23.715
-5.283	-23.759
-5.322	-24.013
-5.350	-24.146
-5.378	-24.280
-5.406	-24.414
-5.409	-24.421
-5.410	-24.429
-5.415	-24.434
-5.417	-24.436
-5.421	-24.432
-5.422	-24.429
-5.424	-24.419
-5.425	-24.408
-5.425	-24.398
-5.426	-24.376
-5.426	-24.354
-5.426	-24.332
POLYLINE RED
-4.885	-24.618
-4.845	-24.484
-4.791	-24.307
-4.772	-24.214
-4.709	-23.919
-4.685	-23.615
-4.609	-23.324
-4.563	-23.151
-4.485	-22.987
-4.408	-22.826
-4.174	-22.422
-4.254	-22.589
-4.141	-22.339
POLYLINE RED
-9.690	-35.452
-9.798	-35.497
POLYLINE BLACK
-1.406	-17.916
-1.784	-18.062
-1.655	-17.992
-2.151	-18.319
-2.224	-18.367
-2.313	-18.441
-2.352	-18.527
-2.447	-18.736
-2.048	-19.064
-2.022	-19.107
-1.950	-19.226
-1.905	-19.360
-1.854	-19.489
-1.848	-19.502
-1.838	-19.654
-1.785	-19.583
-1.766	-19.557
-1.748	-19.529
-1.730	-19.502
POLYLINE BLACK
-1.440	-17.991
-1.400	-18.210
-1.372	-18.307
-1.283	-18.540
-1.225	-18.695
-1.155	-18.733
-1.196	-18.892
-1.216	-18.965
-1.272	-19.024
-1.324	-19.075
-1.429	-19.176
-1.538	-19.272
-1.645	-19.371
POLYLINE BLACK
-1.651	-18.229
-1.627	-18.467
-1.738	-18.682
-1.836	-18.891
POLYLINE BLACK
-1.935	-18.788
-1.542	-18.740
-1.625	-18.745
-1.232	-18.857
POLYLINE BLACK
-1.826	-18.854
-1.875	-18.960
-1.837	-18.875
-1.984	-19.158
POLYLINE BLACK
-1.911	-18.802
-2.033	-18.794
-2.117	-18.742
-2.208	-18.663
POLYLINE BLACK
-1.581	-19.302
-1.637	-19.365
-1.676	-19.417
-1.706	-19.494
POLYLINE BLACK
-3.138	-18.614
-3.103	-18.598
-3.025	-18.563
-3.025	-18.570
-3.024	-18.615
-3.095	-18.629
-3.133	-18.652
-3.226	-18.709
-3.326	-18.755
-3.419	-18.812
-3.437	-18.823
-3.507	-18.866
-3.498	-18.908
-3.492	-18.937
-3.456	-18.961
-3.433	-18.974
-3.374	-19.005
-3.313	-19.032
-3.254	-19.062
-3.238	-19.070
-3.222	-19.077
-3.207	-19.086
-3.158	-19.117
-3.153	-19.157
-3.115	-19.194
-3.090	-19.218
-3.060	-19.150
-3.057	-19.142
-2.999	-18.950
-2.944	-18.756
-2.890	-18.563
-2.871	-18.495
-2.925	-18.444
-2.974	-18.406
POLYLINE BLACK
-3.646	-19.393
-3.777	-19.480
-3.978	-19.485
-4.085	-19.608
-4.140	-19.672
-4.049	-19.781
-4.011	-19.821
-3.954	-19.881
-3.833	-20.079
-3.727	-19.966
-3.626	-19.860
-3.446	-19.667
-3.431	-19.506
-3.429	-19.479
-3.431	-19.454
-3.440	-19.428
-3.485	-19.288
-3.652	-19.425
-3.720	-19.464
-3.744	-19.478
-3.765	-19.496
-3.784	-19.514
-3.816	-19.544
-3.825	-19.558
-3.845	-19.588
POLYLINE GRAY
-6.145	-25.162
-6.152	-25.249
-6.151	-25.248
-6.186	-25.416
-6.244	-25.693
-6.330	-25.965
-6.370	-26.246
-6.398	-26.448
-6.399	-26.654
-6.390	-26.858
-6.200	-31.094
-6.343	-32.608
-6.115	-30.938
POLYLINE GRAY
-4.718	-25.178
-4.680	-25.357
-4.675	-25.511
-4.674	-25.696
-4.669	-26.310
-4.661	-26.924
-4.668	-27.538
-4.672	-27.963
-4.862	-29.384
-4.699	-30.249
-4.613	-30.708
-4.659	-30.174
-4.644	-31.195
-4.643	-31.298
-4.672	-31.441
-4.624	-31.128
POLYLINE BLACK
-5.251	-31.919
-5.251	-31.917
-5.251	-31.915
-5.251	-31.914
-5.246	-31.882
-5.244	-31.850
-5.238	-31.819
-5.235	-31.802
-5.221	-31.779
-5.209	-31.766
-5.152	-31.701
-5.065	-31.705
-4.988	-31.731
-4.900	-31.760
-4.788	-31.843
-4.851	-31.946
-4.923	-32.066
-5.070	-32.126
-5.142	-32.247
-5.166	-32.286
-5.189	-32.362
-5.145	-32.396
-5.111	-32.423
-5.061	-32.419
-5.021	-32.418
POLYLINE BLACK
-4.996	-32.665
-5.034	-32.673
-5.093	-32.666
-5.121	-32.703
-5.135	-32.722
-5.138	-32.747
-5.136	-32.770
-5.132	-32.809
-5.116	-32.844
-5.083	-32.867
-5.062	-32.881
-5.038	-32.889
-5.014	-32.894
-4.969	-32.903
-4.878	-32.889
-4.900	-32.823
-4.912	-32.787
-4.921	-32.778
-4.942	-32.745

ELEVATION
STATIONS
0.000	0.000	0
10.222	1.277	1
11.129	0.227	2
8.988	-0.405	3
6.582	-1.082	4
6.553	-1.466	5
7.605	-3.706	6
6.220	-3.205	7
5.946	-3.272	8
6.356	-1.515	9
2.362	-2.706	10
1.666	-1.405	11
-2.120	-0.953	12
-2.865	0.807	13
-5.402	1.662	14
SHOTS
0.000	0.000	10.086	1.266
0.000	0.000	10.254	1.308
0.000	0.000	10.177	1.274
0.000	0.000	11.596	1.511
0.000	0.000	10.222	1.277
10.222	1.277	11.129	0.227
11.129	0.227	12.222	-0.009
11.129	0.227	10.976	0.281
11.129	0.227	11.031	0.827
11.129	0.227	12.692	-0.096
11.129	0.227	13.287	-0.262
11.129	0.227	9.574	-0.295
11.129	0.227	9.129	-0.400
11.129	0.227	11.134	-0.503
11.129	0.227	11.159	0.693
11.129	0.227	8.988	-0.405
8.988	-0.405	8.963	-0.404
8.988	-0.405	9.019	-0.454
8.988	-0.405	9.047	-0.065
8.988	-0.405	8.971	-1.744
8.988	-0.405	6.630	-1.052
8.988	-0.405	6.619	-1.079
8.988	-0.405	6.580	-1.090
8.988	-0.405	6.613	-1.079
8.988	-0.405	9.526	-0.499
8.988	-0.405	9.287	-1.442
8.988	-0.405	9.694	0.097
8.988	-0.405	6.582	-1.082
6.582	-1.082	6.820	-1.374
6.582	-1.082	6.448	-1.288
6.582	-1.082	6.553	-1.466
6.553	-1.466	5.941	-1.337
6.553	-1.466	6.548	-0.729
6.553	-1.466	7.412	-2.110
6.553	-1.466	6.559	-4.113
6.553	-1.466	6.558	-4.108
6.553	-1.466	7.605	-3.706
7.605	-3.706	6.122	-3.745
7.605	-3.706	5.701	-3.763
7.605	-3.706	8.028	-3.394
7.605	-3.706	6.343	-3.251
7.605	-3.706	6.220	-3.205
6.220	-3.205	2.478	-6.230
6.220	-3.205	5.160	-4.027
6.220	-3.205	8.426	-2.630
6.220	-3.205	6.388	-5.042
6.220	-3.205	5.946	-3.272
5.946	-3.272	6.972	-3.060
5.946	-3.272	4.478	-2.947
5.946	-3.272	5.857	-1.985
5.946	-3.272	6.317	-2.945
5.946	-3.272	6.947	-2.805
5.946	-3.272	4.464	-2.893
5.946	-3.272	6.168	-1.630
5.946	-3.272	6.356	-1.515
6.356	-1.515	5.471	-1.358
6.356	-1.515	7.905	-0.982
6.356	-1.515	6.854	4.204
6.356	-1.515	8.425	0.474
6.356	-1.515	6.609	-0.325
6.356	-1.515	11.185	2.378
6.356	-1.515	10.130	2.668
6.356	-1.515	10.845	2.240
6.356	-1.515	4.574	0.527
6.356	-1.515	2.362	-2.706
2.362	-2.706	3.435	-2.393
2.362	-2.706	2.876	-1.702
2.362	-2.706	2.514	-3.326
2.362	-2.706	1.666	-1.405
1.666	-1.405	1.318	-1.503
1.666	-1.405	1.791	-1.532
1.666	-1.405	1.370	-3.049
1.666	-1.405	1.495	-1.122
1.666	-1.405	-2.120	-0.953
-2.120	-0.953	-2.401	0.697
-2.120	-0.953	-0.299	0.612
-2.120	-0.953	-3.027	-1.770
-2.120	-0.953	-2.030	-1.786
-2.120	-0.953	-2.865	0.807
-2.865	0.807	-1.680	0.930
-2.865	0.807	-2.713	0.080
-2.865	0.807	-2.578	1.666
-2.865	0.807	-5.402	1.662
-5.402	1.662	-5.176	1.624
-5.402	1.662	-6.154	1.564
-5.402	1.662	-5.485	1.920
-5.402	1.662	-5.415	0.176
-5.402	1.662	-5.501	3.740

