TRIP
DATE 2005-07-01 
DECLINATION     0.00
DATA
1.0	1.1	338.14	-2.87	14.422	>
1.1	1.2	350.38	-41.91	5.498	>
1.2	1.3	303.48	-27.21	2.154	>
1.3		38.00	-10.71	0.484	>
1.3		224.41	19.21	0.723	>
1.3		327.32	78.13	0.612	>
1.3		156.11	-77.20	0.346	>
1.3	1.4	293.31	-15.61	1.921	>
1.4		78.97	13.19	0.907	>
1.4		77.47	85.11	0.433	>
1.4		131.35	-71.67	0.212	>
1.4		13.57	1.54	1.262	>
1.4		13.18	1.82	1.163	>
1.4		13.45	2.24	1.153	>
1.4	1.5	12.50	1.85	1.206	>
1.5		247.29	-6.94	0.530	>
1.5		189.87	-83.77	0.215	>
1.5	1.6	302.01	23.86	2.803	>
1.6		142.28	-0.28	1.646	>
1.6		110.75	62.27	1.213	>
1.6		231.45	-5.82	2.455	>
1.6		254.03	-11.72	2.384	>
1.6		175.37	-6.68	3.776	>
1.6		72.90	-3.92	2.761	>
1.6		55.42	53.28	2.098	>
1.6	1.7	268.22	-4.82	1.677	>
1.7		1.34	-4.04	2.441	>
1.7		182.93	2.54	1.624	>
1.7		1.51	81.81	0.267	>
1.7		237.75	-85.84	1.679	>
1.7		67.32	-41.83	0.682	>
1.7		60.24	-39.30	5.275	>
1.7	1.8	17.84	7.86	2.244	>
1.8		168.28	-3.02	0.246	>
1.8		332.76	15.97	1.922	>
1.8		51.42	-62.68	13.656	>
1.8		54.89	-62.07	6.125	>
1.8		268.41	59.09	2.452	>
1.8	1.9	294.27	39.80	5.284	>
1.9		24.19	-4.98	0.725	>
1.9		294.40	73.85	0.853	>
1.9		219.13	-84.50	0.794	>
1.9		351.78	-4.63	1.649	>
1.9	1.10	352.30	-2.59	1.658	>
1.10		321.17	4.98	3.216	>
1.10		261.16	-26.46	0.305	>
1.10		270.23	39.28	0.319	>
1.10		282.26	-73.89	0.339	>
1.10		203.17	-12.83	0.860	>
1.8	1.11	300.21	15.90	3.902	>
1.11		183.20	2.32	0.592	>
1.11		264.56	-87.23	1.743	>
1.11		187.85	75.89	0.240	>
1.11		348.73	-6.88	1.268	>
1.11	1.12	245.47	6.07	2.420	>
1.12		143.76	5.10	0.382	>
1.12		62.99	70.33	1.714	>
1.12		141.88	-73.46	1.161	>
1.12	1.13	201.94	15.94	1.085	>
1.13		321.26	3.21	0.214	>
1.13		314.88	-76.17	1.370	>
1.13		251.94	76.33	1.638	>
1.13		255.45	25.09	2.373	>
1.6	1.14	247.19	0.67	6.815	>
1.14		114.23	3.51	0.703	>
1.14		71.82	48.87	0.429	>
1.14		114.42	-73.52	1.219	>
1.14	1.15	145.65	16.24	0.629	>
1.15	1.16	234.67	-12.28	3.819	>
1.16		113.06	21.70	0.511	>
1.16		88.47	79.97	0.431	>
1.16		164.74	-56.42	0.474	>
1.16	1.17	185.04	4.56	2.327	>
1.17		283.16	7.18	0.496	>
1.17		289.98	83.37	0.304	>
1.17	1.18	207.42	8.37	1.567	>
1.18		78.98	-6.44	0.579	>
1.18		164.54	-79.84	0.276	>
1.18	1.19	141.33	20.20	1.659	>
1.19		293.46	12.97	0.508	>
1.19		263.81	77.83	0.396	>
1.19		249.79	-53.83	0.726	>
1.19	1.20	222.30	2.04	2.391	>
1.20		225.82	4.21	1.539	>
1.20		133.91	-7.80	0.339	>
1.20		281.18	-82.33	0.657	>
1.20		133.25	50.42	0.254	>
1.20	1.21	212.75	-6.42	1.512	>
1.21		330.38	4.62	0.522	>
1.21		192.23	18.99	0.864	>
1.22		146.92	-0.25	0.698	>
1.22		152.81	30.19	0.380	>
1.22		221.16	-62.54	0.435	>
1.22		332.64	-86.23	2.450	>
1.21	1.22	283.20	-17.73	1.320	>
1.22	1.23	196.29	5.28	2.120	>
1.23	1.24	139.08	8.96	1.702	>
1.25	1.22	125.56	80.91	1.991	>
1.25	1.26	175.45	8.48	3.517	>
1.26	1.27	207.98	59.89	3.149	>

PLAN
STATIONS
0.000	0.000	1.0
-5.364	13.368	1.1
-6.048	17.402	1.2
-7.646	18.459	1.3
-9.345	19.191	1.4
-9.084	20.368	1.5
-11.258	21.727	1.6
-12.928	21.675	1.7
-12.247	23.791	1.8
-15.948	25.460	1.9
-16.170	27.101	1.10
-15.490	25.679	1.11
-17.679	24.680	1.12
-18.069	23.712	1.13
-17.539	19.085	1.14
-17.198	18.586	1.15
-20.242	16.428	1.16
-20.446	14.117	1.17
-21.160	12.741	1.18
-20.187	11.525	1.19
-21.795	9.758	1.20
-22.608	8.494	1.21
-23.832	8.781	1.22
-24.424	6.755	1.23
-23.323	5.485	1.24
-24.088	8.964	1.25
-23.812	5.496	1.26
-24.553	4.101	1.27
SHOTS
-23.812	5.496	-24.553	4.101
-24.088	8.964	-23.812	5.496
-23.832	8.781	-24.088	8.964
-24.424	6.755	-23.323	5.485
-23.832	8.781	-24.424	6.755
-22.608	8.494	-23.832	8.781
-23.832	8.781	-23.906	8.924
-23.832	8.781	-23.964	8.630
-23.832	8.781	-23.682	8.489
-23.832	8.781	-23.451	8.196
-21.795	9.758	-22.608	8.494
-22.608	8.494	-22.865	8.946
-22.608	8.494	-22.781	7.696
-20.187	11.525	-21.795	9.758
-21.795	9.758	-22.896	8.688
-21.795	9.758	-21.553	9.525
-21.795	9.758	-21.881	9.775
-21.795	9.758	-21.677	9.647
-21.160	12.741	-20.187	11.525
-20.187	11.525	-20.641	11.722
-20.187	11.525	-20.270	11.516
-20.187	11.525	-20.589	11.377
-20.446	14.117	-21.160	12.741
-21.160	12.741	-20.595	12.851
-21.160	12.741	-21.147	12.694
-20.242	16.428	-20.446	14.117
-20.446	14.117	-20.925	14.229
-20.446	14.117	-20.479	14.129
-17.198	18.586	-20.242	16.428
-20.242	16.428	-19.805	16.242
-20.242	16.428	-20.167	16.430
-20.242	16.428	-20.173	16.175
-17.539	19.085	-17.198	18.586
-11.258	21.727	-17.539	19.085
-17.539	19.085	-16.899	18.797
-17.539	19.085	-17.271	19.173
-17.539	19.085	-17.224	18.942
-17.679	24.680	-18.069	23.712
-18.069	23.712	-18.203	23.879
-18.069	23.712	-18.301	23.943
-18.069	23.712	-18.437	23.592
-18.069	23.712	-20.149	23.172
-15.490	25.679	-17.679	24.680
-17.679	24.680	-17.454	24.373
-17.679	24.680	-17.165	24.942
-17.679	24.680	-17.475	24.420
-12.247	23.791	-15.490	25.679
-15.490	25.679	-15.523	25.088
-15.490	25.679	-15.574	25.671
-15.490	25.679	-15.498	25.621
-15.490	25.679	-15.736	26.914
-15.948	25.460	-16.170	27.101
-16.170	27.101	-18.179	29.597
-16.170	27.101	-16.440	27.059
-16.170	27.101	-16.417	27.102
-16.170	27.101	-16.262	27.121
-16.170	27.101	-16.500	26.330
-12.247	23.791	-15.948	25.460
-15.948	25.460	-15.652	26.119
-15.948	25.460	-16.164	25.558
-15.948	25.460	-15.996	25.401
-15.948	25.460	-16.183	27.087
-12.928	21.675	-12.247	23.791
-12.247	23.791	-12.197	23.550
-12.247	23.791	-13.093	25.434
-12.247	23.791	-7.347	27.700
-12.247	23.791	-9.900	25.441
-12.247	23.791	-13.506	23.756
-11.258	21.727	-12.928	21.675
-12.928	21.675	-12.871	24.109
-12.928	21.675	-13.011	20.055
-12.928	21.675	-12.927	21.713
-12.928	21.675	-13.031	21.610
-12.928	21.675	-12.459	21.871
-12.928	21.675	-9.384	23.701
-9.084	20.368	-11.258	21.727
-11.258	21.727	-10.251	20.425
-11.258	21.727	-10.730	21.527
-11.258	21.727	-13.168	20.205
-11.258	21.727	-13.502	21.085
-11.258	21.727	-10.955	17.989
-11.258	21.727	-8.625	22.537
-11.258	21.727	-10.225	22.439
-9.345	19.191	-9.084	20.368
-9.084	20.368	-9.569	20.165
-9.084	20.368	-9.088	20.345
-7.646	18.459	-9.345	19.191
-9.345	19.191	-8.478	19.360
-9.345	19.191	-9.309	19.199
-9.345	19.191	-9.295	19.147
-9.345	19.191	-9.049	20.417
-9.345	19.191	-9.080	20.323
-9.345	19.191	-9.077	20.312
-6.048	17.402	-7.646	18.459
-7.646	18.459	-7.353	18.834
-7.646	18.459	-8.124	17.971
-7.646	18.459	-7.714	18.565
-7.646	18.459	-7.615	18.389
-5.364	13.368	-6.048	17.402
0.000	0.000	-5.364	13.368
POLYLINE BLACK
-20.910	7.540
POLYLINE BLACK
-23.830	6.460
-23.390	6.060
-23.270	5.820
-23.110	5.660
POLYLINE BLACK
-24.230	6.220
-23.910	5.780
-23.510	5.380
POLYLINE BLACK
-24.350	6.460
POLYLINE BLACK
-23.310	5.900
POLYLINE BLACK
-23.550	7.860
-23.830	7.260
-23.910	6.940
-23.950	6.740
-23.950	6.620
-23.830	6.180
-23.750	6.100
POLYLINE BLACK
-24.470	7.700
-24.470	7.620
-24.470	7.660
-24.430	7.340
-24.430	7.220
POLYLINE BLACK
-24.590	8.500
-24.630	8.300
-24.670	7.900
-24.710	7.820
POLYLINE BLACK
-23.070	10.900
-23.510	10.620
POLYLINE BLACK
-21.830	10.820
-22.070	10.620
-22.230	10.620
-22.750	10.260
-23.190	10.060
-23.230	9.980
-23.430	9.900
-23.510	9.820
-23.590	9.820
-23.830	9.660
POLYLINE BLACK
-22.350	8.140
-22.590	7.860
-22.630	7.740
-22.870	7.660
-23.030	7.660
-23.550	8.180
POLYLINE BLACK
-20.270	11.220
-20.630	10.820
POLYLINE BLACK
-22.750	8.900
-22.510	9.260
-22.110	9.660
-21.550	10.260
-21.430	10.260
-21.190	10.420
-21.150	10.500
-21.070	10.500
-20.750	10.780
-20.470	11.060
-20.390	11.060
POLYLINE BLACK
-19.510	11.700
-19.510	11.300
-19.470	11.140
-19.550	10.740
-19.830	10.380
-19.990	10.220
-20.230	9.980
-20.590	9.740
-20.790	9.460
-20.790	9.380
-20.990	9.100
-21.230	8.860
-21.390	8.820
-21.550	8.700
-21.710	8.660
-21.750	8.580
-21.870	8.580
-22.190	8.380
-22.350	8.220
-22.350	8.140
-22.430	8.060
POLYLINE BLACK
-32.570	-15.030
POLYLINE BLACK
-32.570	-15.030
-32.570	-15.030
POLYLINE BLACK
-21.080	11.280
-21.260	11.100
-21.380	11.040
-21.380	10.920
-21.620	10.680
POLYLINE BLACK
-21.620	12.060
-21.560	11.940
-21.800	11.220
POLYLINE BLACK
-22.760	8.820
-23.000	8.880
-23.120	8.880
-23.120	8.580
-22.640	8.460
-22.520	8.400
-22.460	8.520
-22.760	8.940
-22.880	8.940
POLYLINE BLACK
-22.820	10.380
-22.520	10.680
-22.400	10.680
-22.220	9.900
-22.280	9.780
-22.520	9.780
-22.760	9.720
-22.880	9.780
-23.180	9.720
POLYLINE BLACK
-22.040	10.980
-22.220	11.520
-22.100	11.640
-21.920	11.400
-21.800	11.400
-21.740	11.280
POLYLINE BLACK
-19.700	11.880
-19.940	12.420
-19.940	12.540
-20.180	12.900
-20.360	13.560
-20.360	13.860
-19.760	15.420
-19.400	16.320
-19.340	16.560
-19.040	16.980
-18.440	17.520
-18.080	17.700
-17.960	17.880
-17.840	17.820
-17.780	18.000
-17.240	18.420
-17.120	18.420
-17.000	18.540
POLYLINE BLACK
-20.900	12.060
-20.540	11.460
-20.240	11.040
POLYLINE BLACK
-20.900	11.880
-21.260	11.100
POLYLINE BLACK
-17.300	19.020
-17.480	19.080
-17.840	18.900
-18.140	18.840
-18.260	18.900
-18.500	18.720
-18.620	18.720
-19.700	17.640
-20.120	16.860
-20.660	16.020
-21.020	15.240
-21.020	15.000
-21.080	14.700
-21.020	14.520
-21.080	14.280
-21.080	13.260
-21.260	12.720
-21.500	12.180
-21.500	12.000
-21.620	11.880
-21.680	11.640
POLYLINE BLACK
-18.240	19.760
POLYLINE BLACK
-13.980	22.260
-13.820	22.220
-13.740	22.220
-13.660	21.980
-13.660	21.860
-13.820	21.460
-13.660	21.620
-13.500	21.660
-13.340	21.580
POLYLINE BLACK
-15.140	20.940
-15.060	20.940
-15.060	20.940
-15.100	20.780
-15.100	20.660
-15.060	20.580
-14.980	20.660
-14.860	21.340
-14.860	21.580
-14.980	21.860
-15.020	21.940
-15.100	21.820
-15.100	21.660
-15.020	21.380
-15.020	20.900
-14.940	20.740
-14.740	21.060
-14.740	21.420
-14.820	21.260
-14.820	20.980
-14.660	21.020
-14.500	21.180
-14.420	21.460
-14.420	21.340
-14.340	21.180
-14.260	21.180
-14.100	21.460
-14.100	21.780
-14.100	21.780
-14.180	21.500
-14.140	21.340
-14.060	21.340
-13.860	21.540
-13.820	21.700
-13.820	21.780
-13.900	21.780
-13.900	21.780
-13.900	22.060
-13.860	22.220
-13.860	22.580
-13.900	22.740
-14.020	22.740
POLYLINE BLACK
-16.220	20.500
-16.140	20.500
-16.100	20.580
-16.140	20.780
-16.180	20.620
-16.100	20.460
-16.100	20.260
-15.900	20.500
-15.860	20.700
-15.860	20.780
-15.940	20.700
-15.940	20.620
-15.780	20.740
-15.780	20.860
-15.620	20.820
-15.540	20.740
-15.460	21.100
-15.460	21.180
-15.380	21.220
-15.220	20.860
-15.220	20.780
POLYLINE BLACK
-17.220	19.980
-17.100	20.180
-17.100	20.340
-16.820	20.060
-16.740	19.900
-16.740	20.060
-16.780	20.260
-16.620	20.220
-16.500	20.020
-16.420	20.340
-16.420	20.420
-16.340	20.460
-16.220	20.340
-16.100	20.180
POLYLINE BLACK
-17.060	18.660
-16.940	18.660
-16.380	18.900
-16.060	18.980
-15.620	19.100
-15.540	19.180
-15.180	19.220
-14.500	19.500
POLYLINE BLACK
-15.100	20.220
-15.180	20.140
-15.300	20.140
-15.380	20.060
-15.540	20.060
-15.780	19.860
-15.860	19.860
-16.020	19.700
-16.180	19.660
-16.340	19.540
-16.500	19.540
-16.860	19.380
-17.180	19.180
-17.260	19.180
-17.340	19.100
-17.420	19.100
-17.500	19.020
POLYLINE BLACK
-16.100	18.260
POLYLINE BLACK
-13.220	20.300
-13.580	19.980
-14.460	19.420
-14.740	19.300
-14.820	19.220
-14.900	19.260
POLYLINE BLACK
-13.540	21.100
-13.980	20.820
-14.060	20.820
-14.140	20.700
-14.220	20.700
-14.260	20.580
-14.340	20.580
-14.500	20.460
-14.860	20.300
-15.020	20.180
POLYLINE BLACK
-21.860	24.420
POLYLINE BLACK
-18.420	25.420
-18.420	25.180
-18.460	25.020
-18.460	24.940
-18.380	24.980
-18.300	24.940
-18.180	25.060
-18.140	25.180
-18.220	25.340
-18.300	25.380
-18.420	25.180
-18.420	25.020
-18.260	25.300
POLYLINE BLACK
-18.580	25.060
-18.500	25.260
-18.500	25.380
-18.460	25.540
-18.500	25.620
POLYLINE BLACK
-19.140	24.940
-19.100	25.020
-18.980	25.020
-18.820	24.980
-18.660	24.940
-18.740	24.900
POLYLINE BLACK
-19.060	25.220
POLYLINE BLACK
-20.500	24.020
-20.460	24.180
-20.500	24.260
-20.620	23.940
-20.580	23.860
-20.460	24.060
-20.420	24.220
-20.380	24.300
-20.260	24.020
-20.180	24.300
-20.140	24.460
-20.060	24.300
-19.900	24.300
-19.780	24.460
-19.780	24.580
-19.900	24.420
-19.820	24.420
-19.700	24.580
-19.660	24.700
-19.500	24.620
-19.420	24.820
-19.420	24.940
-19.380	24.780
-19.220	24.900
-19.220	24.980
-19.100	24.820
POLYLINE BLACK
-20.700	24.380
-20.780	24.020
-20.900	23.860
POLYLINE BLACK
-20.820	24.260
-20.700	24.100
-20.700	23.940
-20.780	23.700
-20.580	23.820
-20.540	23.900
POLYLINE BLACK
-18.900	23.820
-19.140	23.660
-19.300	23.620
-19.460	23.580
-19.620	23.620
-19.780	23.580
-19.940	23.580
-20.020	23.620
POLYLINE BLACK
-17.940	23.460
-18.340	23.060
-18.420	23.060
-18.580	22.940
-18.780	22.940
-18.860	22.900
-19.020	22.940
-19.340	22.940
POLYLINE BLACK
-17.900	24.700
-18.100	24.460
-18.140	24.340
-18.220	24.340
-18.580	23.820
-18.740	23.700
-18.900	23.700
POLYLINE BLACK
-17.000	25.370
-17.300	25.160
-17.540	24.950
-17.690	24.860
-17.870	24.590
POLYLINE BLACK
-16.820	24.530
-17.330	24.260
-17.480	24.080
-17.600	23.900
-17.630	23.720
-17.750	23.450
POLYLINE BLACK
-16.850	23.750
POLYLINE BLACK
-16.970	25.280
-16.970	25.340
POLYLINE BLACK
-16.490	25.430
-16.640	25.730
POLYLINE BLACK
-16.640	24.680
-16.790	24.950
POLYLINE BLACK
-16.160	24.920
-16.310	25.070
-16.370	25.100
POLYLINE BLACK
-14.960	24.800
-15.140	25.250
-15.200	25.340
POLYLINE BLACK
-14.210	24.410
-14.390	24.830
POLYLINE BLACK
-13.640	24.200
-13.610	24.320
POLYLINE BLACK
-14.270	25.310
-14.390	25.280
-14.660	25.190
-14.780	25.310
POLYLINE BLACK
-13.850	25.190
-13.910	25.010
-13.910	24.920
-14.000	24.800
POLYLINE BLACK
-13.370	25.040
-13.430	24.830
POLYLINE BLACK
-16.160	25.610
-16.340	25.520
-16.400	25.550
-16.520	25.520
-16.760	25.520
-16.940	25.460
-17.000	25.400
POLYLINE BLACK
-15.890	25.730
-15.830	25.550
POLYLINE BLACK
-15.620	25.670
-15.680	25.460
-15.740	25.430
POLYLINE BLACK
-15.350	25.730
-15.320	25.520
-15.380	25.370
-15.440	25.340
POLYLINE BLACK
-15.050	25.760
-15.050	25.430
-15.080	25.370
POLYLINE BLACK
-14.750	25.790
-14.870	25.760
-14.960	25.760
-15.140	25.700
-15.320	25.760
-15.410	25.760
-15.530	25.850
-15.800	25.880
-15.830	25.820
-15.980	25.820
-16.100	25.730
POLYLINE BLACK
-15.860	25.130
-15.740	25.130
-15.230	24.950
-15.110	24.860
-14.990	24.830
-14.840	24.770
-14.780	24.710
-14.660	24.710
-14.120	24.470
-14.060	24.470
-13.700	24.170
-13.640	24.080
-13.580	24.080
-13.400	23.900
-13.280	23.870
-12.950	23.690
-12.890	23.690
-12.770	23.600
POLYLINE BLACK
-15.770	25.160
-16.040	25.010
-16.100	25.010
-16.190	24.920
-16.310	24.950
-16.370	25.010
-16.430	24.830
-16.610	24.680
-16.790	24.590
-16.820	24.530
POLYLINE BLACK
-16.370	26.480
-16.310	26.390
-16.280	26.270
-16.190	26.120
-16.160	25.850
-16.160	25.580
-16.220	25.520
-16.280	25.520
POLYLINE BLACK
-16.400	26.510
POLYLINE BLACK
-16.430	26.570
POLYLINE BLACK
-18.760	29.470
POLYLINE BLACK
-18.280	28.830
POLYLINE BLACK
-17.200	27.870
-17.520	28.190
POLYLINE BLACK
-17.240	30.670
-17.440	30.990
-17.560	31.070
POLYLINE BLACK
-16.760	30.230
-16.840	30.470
-17.040	30.550
-17.120	30.630
POLYLINE BLACK
-16.560	29.590
-16.600	29.790
-16.680	30.030
POLYLINE BLACK
-16.400	28.910
POLYLINE BLACK
-15.840	28.510
-15.840	28.430
-15.640	28.470
-15.400	28.470
-15.240	28.510
-15.240	28.390
-15.480	28.150
-15.200	28.150
-14.880	28.110
-14.800	28.110
POLYLINE BLACK
-15.320	26.510
-15.640	27.230
-15.760	27.430
-16.000	27.830
-16.160	27.990
POLYLINE BLACK
-16.320	26.390
-16.480	27.070
-16.640	27.390
-16.640	27.470
-16.760	27.630
POLYLINE BLACK
-15.560	27.130
-15.560	26.950
POLYLINE BLACK
-13.340	25.030
-13.520	24.970
-13.760	25.150
-14.000	25.210
-14.600	25.570
-14.720	25.570
-15.320	26.230
-15.380	26.470
-15.320	26.590
-15.440	26.650
POLYLINE GRAY
-12.520	21.150
-12.640	20.710
-12.600	20.630
-12.520	20.710
-12.440	20.710
-12.280	20.950
-12.440	21.190
-12.520	21.110
-12.520	21.030
POLYLINE GRAY
-11.960	21.510
-12.080	21.550
-12.320	21.430
-12.480	21.390
-12.560	21.310
-12.440	21.150
-12.280	20.870
-12.200	20.830
-12.000	20.910
-11.960	20.990
-11.840	21.030
-11.720	21.390
-11.720	21.470
-12.040	21.710
-12.480	21.950
-12.560	21.830
POLYLINE BROWN
-12.360	21.870
-12.240	22.230
-12.160	22.270
-11.920	22.150
-11.760	21.990
-11.720	22.190
POLYLINE BROWN
-11.240	23.670
-11.040	23.670
-10.720	23.710
POLYLINE BROWN
-11.840	24.350
-11.800	24.550
-11.720	24.630
-11.520	24.630
-11.400	24.510
-11.280	24.230
-11.120	24.310
POLYLINE BLACK
-12.160	24.950
-12.240	24.870
-12.320	24.870
POLYLINE BLACK
-12.040	24.390
-12.200	24.350
POLYLINE BLACK
-11.680	23.910
-11.680	23.710
-11.880	23.510
-12.040	23.470
POLYLINE BLACK
-11.200	23.270
-11.400	23.150
-11.480	23.190
POLYLINE BLACK
-10.680	23.230
-10.640	23.150
-10.720	22.870
-10.880	22.670
-10.960	22.710
POLYLINE BLACK
-9.600	23.430
-9.360	23.590
-9.080	23.790
-9.040	23.910
POLYLINE BLACK
-10.560	22.910
-10.320	22.950
-10.200	23.030
-10.120	22.990
-9.640	23.430
-9.480	23.510
POLYLINE BLACK
-12.520	24.990
-12.400	24.830
-12.320	24.430
-12.200	24.150
-11.840	23.550
-11.640	23.230
-11.520	23.110
-11.440	23.110
-11.400	23.030
-11.240	22.990
-10.960	22.790
-10.560	22.670
POLYLINE BLACK
-10.940	25.990
-11.360	25.570
-11.840	25.390
-12.020	25.390
-12.680	24.970
-13.040	24.970
-13.280	25.030
-13.400	25.150
POLYLINE BLACK
-12.860	25.270
POLYLINE BLACK
-9.320	24.190
-9.360	24.310
-9.440	24.310
POLYLINE BLACK
-9.200	24.670
-9.400	24.630
POLYLINE BLACK
-9.280	25.390
-9.520	25.150
POLYLINE BLACK
-9.680	26.110
-9.600	26.070
-9.720	25.950
-9.800	25.750
POLYLINE BLACK
-10.520	26.550
-10.360	26.510
-10.160	26.190
-10.040	25.750
-10.040	25.630
POLYLINE BLACK
-10.600	25.910
-10.520	25.870
-10.520	26.070
-10.640	26.430
-10.720	26.550
-10.800	26.510
POLYLINE BLACK
-10.640	25.390
-10.800	25.510
POLYLINE BLACK
-10.680	24.910
-10.760	24.910
POLYLINE BLACK
-10.360	24.870
-10.560	24.430
-10.680	24.310
POLYLINE BLACK
-10.120	24.390
-10.120	24.270
-10.200	24.110
-10.280	24.110
POLYLINE BLACK
-9.880	24.510
-10.080	23.910
POLYLINE BLACK
-9.400	25.350
-9.240	25.470
-9.200	25.830
-9.400	26.270
-9.760	26.630
-9.920	26.630
-10.000	26.550
-10.240	26.550
-10.480	26.470
-10.680	26.470
-10.920	26.270
-10.960	25.990
-11.040	25.630
-10.920	25.110
-10.720	24.710
-10.320	24.190
-9.840	23.830
-9.680	23.750
-9.520	23.790
-9.240	24.150
-9.080	24.470
-9.080	25.110
-9.360	25.950
-9.480	26.150
-9.640	26.310
POLYLINE BLACK
-8.440	22.510
-8.440	22.790
-8.720	23.350
-8.920	23.590
-9.000	23.790
-9.280	23.990
-9.480	24.030
-9.600	24.110
-9.840	24.070
POLYLINE BLUE
-5.840	24.250
-5.720	23.950
-5.660	22.990
-5.660	22.810
POLYLINE BLUE
-6.140	24.250
-5.960	24.130
-5.840	23.770
POLYLINE BLUE
-6.260	24.490
-6.140	23.770
-6.140	23.350
POLYLINE BLUE
-5.660	25.630
-5.600	25.390
-5.600	24.850
POLYLINE BLUE
-6.080	25.870
-5.900	25.330
-5.900	25.150
-5.840	24.850
-5.840	24.730
POLYLINE BLUE
-6.260	25.870
-6.260	25.630
-6.140	25.270
-6.140	24.850
-6.080	24.730
POLYLINE BLUE
-9.020	24.490
-9.020	24.370
POLYLINE BLUE
-9.020	24.370
POLYLINE BLACK
-6.860	23.950
-6.980	23.830
-6.980	23.710
-6.860	23.710
-6.800	24.010
-6.920	24.010
POLYLINE BLACK
-7.220	24.730
-7.220	25.090
-7.160	25.270
-6.800	25.390
-6.680	25.210
-6.680	25.030
-6.620	24.790
-6.860	24.430
-6.860	24.190
POLYLINE BLACK
-8.720	23.170
-8.480	23.230
-8.120	23.110
POLYLINE BLACK
-9.200	24.010
-9.080	23.950
-9.080	24.190
-9.020	24.490
POLYLINE BLACK
-11.080	22.070
-11.040	22.430
-11.040	21.990
-10.960	22.150
-10.920	22.470
-10.880	22.590
-10.960	22.350
-10.960	22.150
-10.840	22.270
-10.760	22.710
-10.720	22.910
-10.760	22.990
-10.920	22.550
-10.880	22.230
-10.720	22.390
-10.680	22.990
-10.760	22.710
-10.720	22.310
-10.680	22.230
-10.560	22.430
-10.480	22.630
-10.480	22.830
-10.400	22.510
-10.360	22.430
-10.280	22.510
-10.280	22.870
-10.160	22.390
-10.120	22.910
-10.120	22.910
-10.120	22.910
-10.120	22.710
-10.080	22.630
-10.120	22.430
POLYLINE BLACK
-10.560	22.870
-10.440	22.710
-10.320	22.230
-10.520	22.550
-10.560	22.710
-10.600	22.590
-10.560	22.510
-10.520	22.110
-10.720	22.550
-10.680	22.310
-10.800	22.470
-10.760	22.230
-10.720	22.070
-10.720	21.910
-10.920	22.150
-10.920	21.910
-11.000	22.190
-11.040	22.070
POLYLINE BLACK
-10.320	22.710
-10.280	22.510
POLYLINE BLACK
-10.960	21.830
-10.880	21.870
-10.760	21.830
-10.680	21.910
-10.600	21.910
-10.280	22.150
-10.080	22.470
-10.000	22.830
-10.040	22.990
-10.200	23.110
-10.280	23.070
-10.560	23.110
-10.840	22.830
-11.080	22.390
-11.160	21.950
-11.120	21.790
POLYLINE BLACK
-11.040	21.830
POLYLINE BLACK
-12.960	18.990
-12.840	19.110
-12.640	18.510
-12.640	18.870
-12.440	18.510
-12.480	18.670
-12.360	18.590
-12.320	18.430
POLYLINE BLACK
-13.520	19.230
-13.440	19.230
-13.280	19.470
-13.280	19.670
-13.240	19.750
-13.200	19.310
-13.120	18.990
-13.120	18.830
-13.080	18.670
POLYLINE BLACK
-12.400	20.270
-12.400	20.190
-12.360	20.270
POLYLINE BLACK
-11.960	20.590
POLYLINE BLACK
-11.680	20.910
-11.800	21.070
POLYLINE BLACK
-11.400	21.270
-11.560	21.430
POLYLINE BLACK
-12.440	20.030
-12.000	20.510
-11.640	20.950
-11.520	21.070
-11.320	21.510
-11.320	21.830
POLYLINE BLACK
-13.640	21.130
-13.400	21.190
-13.280	21.130
-12.980	21.310
-12.800	21.670
-12.740	22.090
POLYLINE BLACK
-8.800	20.870
-8.680	21.030
-8.480	21.510
-8.400	21.990
-8.320	22.230
-8.320	22.350
-8.480	22.790
POLYLINE BLACK
-8.960	20.470
POLYLINE BLACK
-12.440	18.910
-12.440	19.030
-12.760	19.630
-13.000	19.950
-13.080	20.150
POLYLINE BLACK
-13.040	19.710
-13.080	19.790
POLYLINE BLACK
-11.080	17.790
-12.080	18.750
-12.280	18.870
-12.480	19.150
-12.560	19.150
POLYLINE BLACK
-10.920	17.750
-10.840	17.670
-10.760	17.790
-10.640	17.790
-10.160	18.110
-9.840	18.750
-9.800	18.910
-9.760	19.110
-9.760	19.870
-9.800	20.070
-9.760	20.150
POLYLINE BLACK
-10.600	17.950
-10.880	17.670
POLYLINE BROWN
-7.840	16.390
-7.840	15.150
-7.880	15.070
POLYLINE BROWN
-7.880	16.950
-7.880	16.750
-7.840	16.630
-7.880	16.430
-7.840	16.230
-7.800	16.510
-7.760	16.870
-7.640	16.630
-7.640	16.350
-7.720	16.230
-7.800	16.230
POLYLINE BROWN
-8.080	16.990
-8.160	16.750
-8.160	16.670
-8.000	16.830
-8.040	16.950
POLYLINE BROWN
-8.480	17.030
-8.440	16.910
-8.520	16.630
-8.440	16.710
-8.360	16.670
-8.200	16.830
-8.160	17.110
-8.160	17.390
-8.200	17.470
POLYLINE BROWN
-9.320	16.630
-9.200	16.790
-9.080	16.670
-9.040	16.590
-9.000	16.710
-8.760	16.870
-8.840	16.870
-8.880	16.790
-8.840	16.590
-8.640	16.790
-8.640	16.950
-8.600	17.230
-8.680	17.390
POLYLINE BROWN
-9.600	16.950
-9.360	16.950
-9.280	16.670
-9.400	16.550
-9.480	16.550
POLYLINE BROWN
-9.440	17.110
-9.480	16.870
-9.560	16.310
-9.600	16.150
POLYLINE BROWN
-6.440	17.150
-6.280	17.430
-6.040	17.510
-5.840	17.390
-5.680	17.110
POLYLINE BROWN
-6.520	16.990
POLYLINE BROWN
-7.760	17.990
-7.680	17.990
-7.600	18.110
-7.520	18.070
-7.440	18.150
-7.200	18.070
-6.960	17.710
-6.840	17.830
-6.800	17.910
POLYLINE BROWN
-8.920	19.070
-8.840	19.070
-8.560	18.790
-8.440	18.630
-8.360	18.630
-8.240	18.790
POLYLINE BROWN
-9.360	19.750
-9.120	19.670
-9.000	19.510
-8.880	19.630
-8.840	19.790
POLYLINE BLACK
-9.400	18.870
-9.440	18.950
-9.440	19.150
-9.640	19.910
-9.720	20.190
POLYLINE BLACK
-8.400	19.230
-8.600	19.750
-8.920	20.150
-9.040	20.350
POLYLINE BLACK
-9.960	21.990
POLYLINE BLACK
-6.990	18.720
-7.410	18.930
-7.470	18.990
-7.680	19.020
-7.830	19.050
-8.130	19.110
-8.400	19.380
-8.400	19.440
POLYLINE BLACK
-8.010	17.520
-8.400	17.910
-8.460	17.910
-9.000	18.330
-9.210	18.600
-9.300	18.750
-9.330	18.870
-9.420	18.990
POLYLINE BLACK
-7.080	18.810
-6.900	18.630
-6.660	18.570
-6.540	18.450
-6.300	18.390
-6.180	18.270
-6.000	18.270
-5.760	18.150
-5.580	18.150
-5.340	18.090
-5.220	18.090
-4.920	17.790
POLYLINE BLACK
-7.140	15.750
POLYLINE BLACK
-8.040	17.670
-7.800	17.310
-7.260	16.290
-7.260	16.110
-7.140	15.870
POLYLINE BLACK
-8.100	17.850

ELEVATION
STATIONS
0.000	0.000	1.0
14.404	-0.723	1.1
18.496	-4.395	1.2
20.411	-5.380	1.3
22.261	-5.897	1.4
23.467	-5.858	1.5
26.031	-4.724	1.6
27.702	-4.865	1.7
29.925	-4.558	1.8
33.985	-1.176	1.9
35.641	-1.251	1.10
33.678	-3.489	1.11
36.084	-3.233	1.12
37.128	-2.935	1.13
32.845	-4.644	1.14
33.449	-4.468	1.15
37.181	-5.280	1.16
39.501	-5.095	1.17
41.051	-4.867	1.18
42.608	-4.294	1.19
44.997	-4.209	1.20
46.500	-4.378	1.21
47.758	-4.780	1.22
49.869	-4.585	1.23
51.550	-4.320	1.24
48.073	-6.746	1.25
51.552	-6.227	1.26
53.132	-3.503	1.27
SHOTS
51.552	-6.227	53.132	-3.503
48.073	-6.746	51.552	-6.227
47.758	-4.780	48.073	-6.746
49.869	-4.585	51.550	-4.320
47.758	-4.780	49.869	-4.585
46.500	-4.378	47.758	-4.780
47.758	-4.780	47.863	-7.225
47.758	-4.780	47.850	-5.166
47.758	-4.780	47.543	-4.589
47.758	-4.780	47.251	-4.783
44.997	-4.209	46.500	-4.378
46.500	-4.378	46.635	-4.336
46.500	-4.378	46.873	-4.097
42.608	-4.294	44.997	-4.209
44.997	-4.209	46.491	-4.096
44.997	-4.209	45.038	-4.255
44.997	-4.209	45.033	-4.860
44.997	-4.209	45.014	-4.013
41.051	-4.867	42.608	-4.294
42.608	-4.294	42.208	-4.180
42.608	-4.294	42.632	-3.907
42.608	-4.294	42.955	-4.880
39.501	-5.095	41.051	-4.867
41.051	-4.867	40.955	-4.932
41.051	-4.867	41.096	-5.139
37.181	-5.280	39.501	-5.095
39.501	-5.095	39.533	-5.033
39.501	-5.095	39.498	-4.793
33.449	-4.468	37.181	-5.280
37.181	-5.280	37.093	-5.091
37.181	-5.280	37.120	-4.856
37.181	-5.280	37.426	-5.675
32.845	-4.644	33.449	-4.468
26.031	-4.724	32.845	-4.644
32.845	-4.644	33.151	-4.601
32.845	-4.644	32.563	-4.321
32.845	-4.644	32.999	-5.813
36.084	-3.233	37.128	-2.935
37.128	-2.935	37.024	-2.923
37.128	-2.935	37.002	-4.265
37.128	-2.935	37.378	-1.343
37.128	-2.935	38.417	-1.929
33.678	-3.489	36.084	-3.233
36.084	-3.233	36.180	-3.199
36.084	-3.233	35.507	-1.619
36.084	-3.233	36.151	-4.346
29.925	-4.558	33.678	-3.489
33.678	-3.489	33.682	-3.465
33.678	-3.489	33.757	-5.230
33.678	-3.489	33.686	-3.256
33.678	-3.489	33.941	-3.641
33.985	-1.176	35.641	-1.251
35.641	-1.251	38.383	-0.972
35.641	-1.251	35.635	-1.387
35.641	-1.251	35.675	-1.049
35.641	-1.251	35.672	-1.577
35.641	-1.251	34.921	-1.442
29.925	-4.558	33.985	-1.176
33.985	-1.176	34.581	-1.239
33.985	-1.176	34.163	-0.357
33.985	-1.176	33.968	-1.966
33.985	-1.176	35.628	-1.309
27.702	-4.865	29.925	-4.558
29.925	-4.558	29.711	-4.571
29.925	-4.558	31.370	-4.029
29.925	-4.558	31.107	-16.690
29.925	-4.558	30.340	-9.969
29.925	-4.558	30.993	-2.454
26.031	-4.724	27.702	-4.865
27.702	-4.865	30.035	-5.037
27.702	-4.865	26.985	-4.793
27.702	-4.865	27.738	-4.601
27.702	-4.865	27.707	-6.540
27.702	-4.865	27.227	-5.320
27.702	-4.865	25.548	-8.206
23.467	-5.858	26.031	-4.724
26.031	-4.724	24.485	-4.732
26.031	-4.724	25.477	-3.650
26.031	-4.724	27.982	-4.973
26.031	-4.724	28.293	-5.208
26.031	-4.724	24.314	-5.163
26.031	-4.724	24.044	-4.913
26.031	-4.724	25.339	-3.042
22.261	-5.897	23.467	-5.858
23.467	-5.858	23.465	-5.922
23.467	-5.858	23.444	-6.072
20.411	-5.380	22.261	-5.897
22.261	-5.897	21.751	-5.690
22.261	-5.897	22.240	-5.466
22.261	-5.897	22.197	-6.098
22.261	-5.897	23.521	-5.863
22.261	-5.897	23.423	-5.860
22.261	-5.897	23.413	-5.852
18.496	-4.395	20.411	-5.380
20.411	-5.380	20.338	-5.470
20.411	-5.380	20.614	-5.142
20.411	-5.380	20.516	-4.781
20.411	-5.380	20.346	-5.717
14.404	-0.723	18.496	-4.395
0.000	0.000	14.404	-0.723
POLYLINE BLACK
31.040	-5.140
31.220	-5.260
32.060	-5.440
33.020	-5.800
33.440	-5.800
33.680	-5.740
33.920	-5.680
34.040	-5.560
34.160	-5.620
34.520	-5.440
34.700	-5.440
35.300	-5.260
35.480	-5.140
35.660	-5.140
35.960	-5.080
36.500	-5.020
36.740	-5.020
36.860	-4.960
36.980	-5.020
37.400	-4.900
37.520	-4.960
37.640	-4.900
POLYLINE BLACK
32.780	-3.280
33.020	-3.340
33.140	-3.280
33.380	-3.340
33.860	-3.280
34.220	-3.280
34.460	-3.220
34.880	-3.220
35.240	-3.040
35.420	-3.040
35.660	-3.100
35.900	-3.040
36.260	-3.040
36.680	-3.160
36.800	-3.100
POLYLINE BLACK
33.980	-1.840
33.860	-1.900
33.320	-1.780
33.080	-1.780
32.720	-1.960
POLYLINE BLACK
33.020	-2.020
33.320	-2.500
33.440	-2.500
33.680	-2.680
34.100	-2.680
34.220	-2.620
34.340	-2.680
35.000	-2.500
35.180	-2.560
35.720	-2.440
36.020	-2.440
36.260	-2.500
36.380	-2.500
POLYLINE BLACK
33.240	4.640
POLYLINE BLACK
39.340	-1.060
39.700	-0.940
40.100	-0.940
40.340	-0.860
40.180	-1.180
39.780	-1.660
39.580	-1.860
39.660	-1.860
40.100	-1.620
40.300	-1.620
40.460	-1.580
POLYLINE BLACK
34.120	-1.800
34.720	-2.100
35.420	-2.100
35.620	-2.000
36.320	-2.100
37.120	-1.900
37.320	-2.000
37.520	-1.900
POLYLINE BLACK
27.420	-3.700
27.820	-3.800
29.220	-2.800
29.620	-2.500
30.020	-2.400
30.420	-2.300
30.620	-2.100
31.020	-2.000
31.420	-2.400
32.720	-0.900
33.120	-0.800
33.320	-0.600
34.320	-0.400
34.520	-0.500
34.720	-0.400
35.120	-0.500
35.320	-0.400
35.720	-0.500
36.120	-0.500
36.320	-0.600
36.720	-0.400
37.120	-0.500
37.320	-0.400
37.720	-0.500
37.920	-0.500
POLYLINE BLACK
25.820	-6.400
26.520	-6.600
27.420	-7.300
28.620	-8.200
30.220	-9.800
30.620	-10.100
31.220	-11.800
31.620	-13.800
31.720	-15.000
31.820	-15.500
32.020	-16.300
POLYLINE BLACK
32.920	-9.700
33.120	-10.200
33.120	-10.500
33.420	-11.000
34.020	-12.800
POLYLINE BLACK
28.300	-7.140
28.220	-6.780
POLYLINE BLACK
27.740	-8.980
27.820	-8.900
27.740	-8.740
27.660	-8.820
27.700	-9.020
27.820	-9.140
27.940	-8.900
27.940	-8.340
27.860	-8.060
27.900	-8.540
28.020	-8.980
28.180	-9.220
28.260	-9.260
28.380	-9.060
28.380	-8.860
28.300	-8.700
28.220	-8.660
28.180	-8.820
28.380	-9.020
28.460	-9.020
28.660	-8.860
28.740	-8.860
POLYLINE BLACK
27.540	-8.980
27.460	-8.940
27.340	-9.100
27.420	-9.260
27.580	-9.220
27.700	-9.060
27.700	-8.980
27.620	-8.900
POLYLINE BLACK
26.820	-8.980
26.900	-9.300
27.060	-9.540
27.140	-9.260
27.380	-9.340
27.460	-9.220
27.460	-9.020
27.420	-8.940
27.340	-8.940
POLYLINE BLACK
25.900	-8.700
25.820	-8.940
25.860	-9.100
25.900	-9.220
26.060	-9.060
26.060	-8.820
25.980	-8.660
POLYLINE BLACK
25.500	-8.060
25.820	-7.820
25.980	-7.820
26.140	-7.780
26.220	-7.900
26.220	-8.020
26.020	-8.340
26.020	-8.420
POLYLINE BLACK
26.980	-5.460
26.700	-5.900
26.380	-6.220
26.180	-6.420
25.900	-7.060
25.860	-7.220
POLYLINE BLACK
28.300	-5.620
28.380	-5.860
28.340	-6.180
28.100	-6.700
28.100	-6.780
27.900	-7.060
27.740	-7.180
POLYLINE BLACK
27.100	-5.580
27.140	-5.740
27.140	-5.900
26.820	-6.900
POLYLINE BLACK
25.380	-2.900
25.460	-2.900
25.540	-2.820
25.700	-2.820
25.780	-2.780
26.100	-2.900
26.180	-2.980
26.260	-2.980
26.860	-3.580
27.140	-3.700
27.220	-3.820
27.380	-3.860
27.460	-3.940
27.540	-3.940
POLYLINE BLACK
23.900	-6.140
23.980	-6.140
24.380	-5.820
24.780	-5.580
25.180	-5.340
25.420	-5.220
25.420	-5.300
25.500	-5.260
25.580	-5.300
25.740	-5.260
25.900	-5.300
26.140	-5.340
26.340	-5.300
26.420	-5.340
26.500	-5.300
26.940	-5.460
POLYLINE BLACK
23.820	-6.180
POLYLINE BLACK
24.380	-4.020
24.420	-3.860
24.700	-3.500
24.900	-3.300
24.900	-3.220
25.300	-2.940
24.980	-3.260
24.860	-3.460
24.380	-3.980
24.140	-4.300
23.980	-4.580
POLYLINE BLACK
24.060	-4.180
24.180	-4.460
24.260	-4.420
POLYLINE BLACK
24.180	-4.540
POLYLINE BLACK
23.940	-4.220
24.140	-4.620
POLYLINE BLACK
24.100	-4.700
POLYLINE BLACK
23.860	-4.860
23.940	-5.020
23.700	-4.700
23.980	-4.980
24.100	-4.860
POLYLINE BLACK
18.680	-15.320
18.880	-15.220
POLYLINE BLACK
18.900	-3.120
18.840	-2.340
18.900	-2.160
18.840	-1.740
18.720	-1.200
18.480	-0.540
17.940	0.300
17.520	0.540
17.400	0.540
POLYLINE BLACK
15.480	-2.280
POLYLINE BLACK
18.300	-4.860
17.700	-4.080
16.920	-3.480
16.740	-3.300
15.840	-2.700
POLYLINE BLACK
23.460	-5.520
22.920	-5.520
22.800	-5.460
22.680	-5.520
22.500	-5.400
22.260	-5.340
22.020	-5.280
21.180	-5.160
20.220	-4.860
19.800	-4.800
19.680	-4.680
19.440	-4.620
19.020	-4.440
18.780	-4.020
18.660	-3.180
18.720	-3.000
POLYLINE BLACK
18.720	-4.980
19.200	-5.280
19.380	-5.520
19.620	-5.580
19.920	-5.760
20.160	-5.820
20.640	-6.000
20.880	-5.940
21.060	-5.940
21.840	-6.180
22.140	-6.360
22.620	-6.480
22.740	-6.540
23.040	-6.480
23.280	-6.480
23.400	-6.420
23.520	-6.480
POLYLINE BLACK
18.300	-4.680
18.300	-4.680
18.480	-4.860
