TRIP
DATE 2024-08-21
DECLINATION 0.0
DATA
0		186.57	6.30	3.472	>
0		186.58	6.39	3.482	>
0		186.58	6.28	3.480	>
0	1	186.58	6.32	3.478	>
1		205.29	9.59	5.388	>
1		205.34	9.57	5.399	>
1		205.42	9.66	5.407	>
1		273.97	1.97	1.170	>
1		290.52	-48.38	1.312	>
1		252.55	61.39	1.426	>
1	2	205.35	9.61	5.398	>
2		296.36	3.38	0.774	>
2		221.23	85.45	1.325	>
2		332.42	-77.74	3.121	>
2		222.04	-27.02	1.638	>
2		222.19	-26.88	1.631	>
2		222.07	-27.06	1.641	>
2	3	222.10	-26.98	1.637	>
3		73.96	68.66	1.054	>
3		60.29	-66.96	2.344	>
3		98.24	-9.08	0.755	>
3		123.74	-58.23	6.005	>
3		123.81	-58.27	6.010	>
3		123.84	-58.21	6.002	>
3	4	123.80	-58.24	6.006	>
4		250.87	-0.35	2.331	>
4		247.37	59.82	5.733	>
4		194.79	-68.02	5.860	>
4		167.42	-34.05	7.270	>
4		167.40	-34.02	7.290	>
4		167.44	-34.04	7.274	>
4	5	167.42	-34.04	7.278	>
5		266.19	-2.44	0.316	>
5		286.73	64.28	1.486	>
5		289.00	-82.44	5.618	>
5		91.20	-81.31	6.594	>
5		92.21	-81.29	6.594	>
5		92.11	-81.32	6.588	>
5	6	91.84	-81.31	6.592	>
6		234.28	-2.94	0.704	>
6		241.94	-55.87	0.960	>
6		209.16	82.51	3.927	>
6		152.01	1.21	4.488	>
6		151.94	1.60	4.473	>
6		151.88	1.77	4.483	>
6	7	151.94	1.53	4.481	>
7		241.27	14.04	0.357	>
7		101.43	-73.50	1.474	>
7		197.37	80.94	3.707	>

PLAN
STATIONS
0.000	0.000	0
-0.396	-3.434	1
-2.674	-8.244	2
-3.652	-9.326	3
-1.025	-11.085	4
0.289	-16.971	5
1.284	-17.003	6
3.392	-20.956	7
SHOTS
0.000	0.000	-0.396	-3.434
-0.396	-3.434	-1.562	-3.353
-0.396	-3.434	-1.212	-3.129
-0.396	-3.434	-1.047	-3.639
-0.396	-3.434	-2.674	-8.244
-2.674	-8.244	-3.367	-7.901
-2.674	-8.244	-2.744	-8.323
-2.674	-8.244	-2.981	-7.657
-2.674	-8.244	-3.652	-9.326
-3.652	-9.326	-3.284	-9.220
-3.652	-9.326	-2.855	-8.872
-3.652	-9.326	-2.914	-9.433
-3.652	-9.326	-1.025	-11.085
-1.025	-11.085	-3.227	-11.848
-1.025	-11.085	-3.685	-12.194
-1.025	-11.085	-1.585	-13.205
-1.025	-11.085	0.289	-16.971
0.289	-16.971	-0.026	-16.992
0.289	-16.971	-0.329	-16.785
0.289	-16.971	-0.410	-16.730
0.289	-16.971	1.284	-17.003
1.284	-17.003	0.714	-17.414
1.284	-17.003	0.809	-17.256
1.284	-17.003	1.035	-17.450
1.284	-17.003	3.392	-20.956
3.392	-20.956	3.088	-21.123
3.392	-20.956	3.802	-21.039
3.392	-20.956	3.217	-21.514
POLYLINE BLACK
-1.475	-3.146
-1.499	-3.193
-1.529	-3.238
-1.548	-3.287
-1.599	-3.415
-1.636	-3.548
-1.685	-3.676
-1.709	-3.739
-1.752	-3.761
-1.785	-3.822
-1.817	-3.881
-1.847	-3.943
-1.868	-4.007
-2.000	-4.416
-2.112	-4.830
-2.244	-5.239
-2.254	-5.271
-2.273	-5.300
-2.292	-5.328
-2.336	-5.391
-2.385	-5.450
-2.432	-5.510
POLYLINE BLACK
-2.377	-5.311
-2.412	-5.376
-2.451	-5.438
-2.481	-5.505
-2.524	-5.599
-2.546	-5.702
-2.596	-5.793
-3.027	-6.577
-3.047	-6.583
-3.444	-7.141
POLYLINE BLACK
-0.331	-3.357
-0.355	-3.384
-0.382	-3.409
-0.405	-3.437
-0.429	-3.468
-0.437	-3.503
-0.449	-3.539
-0.512	-3.736
-0.585	-3.930
-0.638	-4.129
-0.668	-4.246
-0.669	-4.368
-0.697	-4.485
-0.763	-4.757
-0.846	-5.024
-0.921	-5.293
-0.968	-5.463
-0.999	-5.639
-1.062	-5.804
-1.749	-7.634
-1.178	-6.110
-1.656	-7.025
-1.741	-7.187
-1.800	-7.361
-1.880	-7.525
-2.039	-7.847
-1.880	-7.457
-2.013	-7.708
-2.064	-7.804
-2.118	-7.982
-2.208	-8.084
-2.265	-8.148
-2.352	-8.190
-2.416	-8.239
-2.496	-8.300
-2.573	-8.364
-2.649	-8.428
-2.654	-8.433
-2.657	-8.439
-2.660	-8.445
-2.680	-8.482
-2.697	-8.521
-2.716	-8.559
POLYLINE BLACK
-0.430	-3.551
-0.364	-3.296
-0.405	-3.391
-0.339	-3.256
POLYLINE BLACK
-3.204	-6.842
-3.245	-6.913
-3.347	-7.011
-3.352	-7.113
-3.353	-7.126
-3.350	-7.140
-3.350	-7.153
-3.345	-7.220
-3.331	-7.286
-3.335	-7.352
-3.343	-7.478
-3.355	-7.606
-3.386	-7.728
-3.436	-7.923
-3.530	-8.163
-3.646	-8.341
-3.782	-8.551
-3.704	-8.372
-3.758	-8.506
POLYLINE BLACK
-2.725	-8.504
-2.762	-8.544
POLYLINE BLACK
-3.662	-8.371
-3.680	-8.397
-3.699	-8.421
-3.715	-8.448
-3.754	-8.513
-3.741	-8.685
-3.741	-8.716
-3.735	-8.980
-3.717	-8.887
-3.673	-9.179
-3.657	-9.284
-3.669	-9.347
-3.678	-9.453
POLYLINE BLACK
-2.725	-8.500
-2.803	-8.601
-2.806	-8.627
-2.827	-8.756
-2.836	-8.814
-2.847	-8.871
-2.852	-8.929
-2.855	-8.966
-2.848	-9.004
-2.851	-9.041
-2.866	-9.205
-2.892	-9.369
-2.908	-9.533
-2.910	-9.552
-2.908	-9.571
-2.906	-9.590
-2.902	-9.626
-2.896	-9.661
-2.890	-9.697
POLYLINE BLACK
-3.686	-9.439
-3.555	-9.799
-3.619	-9.673
-3.534	-9.833
POLYLINE BLACK
-3.620	-9.591
-3.553	-9.617
POLYLINE BLACK
-2.842	-9.623
-2.834	-9.742
-2.817	-9.750
-2.719	-9.840
-2.682	-9.875
-2.628	-9.890
-2.586	-9.915
-2.546	-9.939
-2.510	-9.971
-2.469	-9.994
-2.221	-10.132
-2.520	-9.931
-2.209	-10.094
-2.048	-10.179
-1.897	-10.281
-1.738	-10.368
-1.707	-10.385
-1.607	-10.411
-1.562	-10.451
-1.454	-10.545
-1.660	-10.383
-1.480	-10.551
-1.429	-10.599
-1.373	-10.642
-1.317	-10.683
-1.185	-10.781
-1.178	-10.749
-1.060	-10.891
-0.872	-11.117
-0.880	-11.142
-0.763	-11.398
POLYLINE BLACK
-3.611	-9.822
-3.575	-9.922
-3.532	-10.020
-3.502	-10.123
-3.470	-10.235
-3.454	-10.351
-3.428	-10.464
-3.417	-10.509
-3.401	-10.554
-3.392	-10.599
-3.375	-10.677
-3.363	-10.755
-3.350	-10.833
-3.297	-11.139
-3.234	-11.443
-3.193	-11.751
-3.015	-13.069
-3.180	-12.216
-3.120	-12.524
POLYLINE BLACK
6.217	-17.279
6.299	-17.200
POLYLINE BLACK
-0.940	-11.123
-0.911	-11.085
POLYLINE BLACK
3.059	-15.767
3.129	-15.720
POLYLINE BLACK
-2.897	-12.604
-2.722	-12.840
-2.553	-13.080
-2.373	-13.312
-2.134	-13.621
-2.381	-13.269
-2.234	-13.436
-2.121	-13.566
-2.015	-13.701
-1.903	-13.831
-1.857	-13.885
-1.800	-13.931
-1.760	-13.990
-1.464	-14.425
-1.176	-14.865
-0.894	-15.310
-0.800	-15.458
-0.784	-15.612
-0.717	-15.775
-0.686	-15.848
-0.638	-15.913
-0.606	-15.985
-0.461	-16.316
-0.583	-16.141
-0.478	-16.283
POLYLINE BLACK
-3.157	-12.429
-3.132	-12.442
-3.106	-12.454
-3.081	-12.469
-3.040	-12.494
-3.019	-12.540
-2.976	-12.563
-2.937	-12.584
-2.895	-12.584
-2.853	-12.596
-2.803	-12.611
-2.783	-12.642
-2.743	-12.681
POLYLINE BLACK
0.810	-17.661
0.887	-17.721
0.844	-17.690
0.941	-17.752
POLYLINE BLACK
-0.125	-17.114
-0.067	-17.169
0.009	-17.298
0.108	-17.327
0.310	-17.386
0.160	-17.332
0.403	-17.380
0.529	-17.404
0.652	-17.442
0.778	-17.464
1.040	-17.510
1.112	-17.501
1.366	-17.503
POLYLINE BLACK
-0.221	-17.035
-0.224	-17.064
-0.235	-17.099
-0.221	-17.128
-0.204	-17.166
-0.079	-17.244
-0.073	-17.219
-0.068	-17.199
-0.104	-17.137
-0.105	-17.135
-0.116	-17.120
-0.127	-17.104
-0.138	-17.089
-0.141	-17.088
-0.149	-17.082
-0.148	-17.085
-0.139	-17.100
-0.126	-17.113
-0.116	-17.128
POLYLINE BLACK
-0.820	-11.439
-0.317	-13.012
-0.186	-13.173
0.044	-14.609
0.068	-14.762
0.045	-14.921
0.069	-15.075
0.101	-15.284
0.174	-15.485
0.210	-15.693
0.227	-15.793
0.229	-15.896
0.230	-15.998
0.231	-16.191
0.196	-16.274
0.224	-16.454
0.247	-16.606
0.280	-16.732
0.342	-16.868
0.352	-16.888
0.374	-16.931
0.399	-16.951
0.416	-16.965
0.437	-16.970
0.460	-16.971
0.698	-16.975
0.822	-17.007
1.020	-16.915
POLYLINE BLACK
0.952	-16.846
0.972	-16.866
0.992	-16.900
1.023	-16.908
1.037	-16.912
1.053	-16.910
1.067	-16.904
1.132	-16.877
1.197	-16.859
1.249	-16.812
1.289	-16.776
1.324	-16.734
1.364	-16.698
1.396	-16.669
1.519	-16.619
1.528	-16.613
1.558	-16.595
1.583	-16.569
1.611	-16.547
POLYLINE BLACK
-0.532	-16.249
-0.498	-16.337
-0.465	-16.425
-0.431	-16.512
-0.362	-16.701
-0.295	-16.890
-0.224	-17.077
-0.216	-17.096
-0.206	-17.115
-0.194	-17.132
-0.174	-17.160
-0.149	-17.185
-0.127	-17.212
POLYLINE BLACK
-0.778	-11.262
-0.804	-11.315
-0.822	-11.335
-0.830	-11.387
-0.832	-11.398
-0.829	-11.410
-0.832	-11.421
-0.833	-11.427
-0.837	-11.439
-0.842	-11.436
-0.848	-11.433
-0.845	-11.422
-0.844	-11.414
-0.843	-11.381
-0.840	-11.348
-0.839	-11.315
POLYLINE BLACK
1.648	-16.706
1.639	-16.709
POLYLINE BLACK
1.516	-16.596
1.519	-16.623
1.520	-16.649
1.524	-16.675
1.537	-16.757
1.733	-16.825
1.742	-16.830
1.772	-16.845
1.818	-16.866
1.855	-16.855
1.903	-16.841
1.945	-16.776
1.969	-16.749
POLYLINE BLACK
1.453	-17.464
1.461	-17.412
1.848	-17.488
1.925	-17.467
1.957	-17.459
1.988	-17.446
2.019	-17.435
POLYLINE BLACK
1.864	-14.271
1.796	-14.217
1.697	-14.146
1.605	-14.188
1.453	-14.257
1.420	-14.531
1.402	-14.653
1.389	-14.737
1.359	-14.901
1.423	-14.990
1.464	-15.048
1.535	-15.069
1.601	-15.086
1.663	-15.101
1.728	-15.082
1.781	-15.048
1.823	-15.022
1.864	-14.981
1.890	-14.940
1.920	-14.892
1.944	-14.841
1.970	-14.791
1.981	-14.770
2.000	-14.702
1.999	-14.726
1.998	-14.760
1.901	-15.063
2.017	-15.130
2.050	-15.149
2.093	-15.139
2.127	-15.138
POLYLINE BLACK
2.204	-14.067
2.189	-14.046
POLYLINE BLACK
2.137	-14.068
2.125	-14.080
2.115	-14.096
2.100	-14.105
2.096	-14.108
2.104	-14.095
2.104	-14.089
2.105	-14.084
2.105	-14.079
2.104	-14.075
2.100	-14.049
2.076	-14.035
2.054	-14.026
2.007	-14.006
1.977	-14.046
1.962	-14.086
1.958	-14.097
1.954	-14.113
1.957	-14.125
1.965	-14.163
2.005	-14.140
2.024	-14.142
2.031	-14.142
2.008	-14.144
2.004	-14.149
1.998	-14.156
1.998	-14.167
1.996	-14.176
POLYLINE BLACK
2.435	-14.698
2.415	-14.712
2.393	-14.724
2.374	-14.740
2.298	-14.801
2.254	-14.929
2.258	-15.024
2.259	-15.058
2.269	-15.098
2.295	-15.122
2.328	-15.153
2.390	-15.141
2.400	-15.095
2.411	-15.046
2.398	-14.991
2.371	-14.950
2.361	-14.934
2.349	-14.918
2.336	-14.904
2.332	-14.900
2.323	-14.894
2.320	-14.898
2.313	-14.908
2.333	-14.958
2.334	-14.960
2.380	-15.058
2.483	-15.160
2.598	-15.162
2.618	-15.163
2.639	-15.160
2.655	-15.150
2.724	-15.106
2.687	-14.907
2.675	-14.852
2.669	-14.824
2.657	-14.798
2.648	-14.771
2.638	-14.741
2.643	-14.719
2.676	-14.707
2.712	-14.694
2.751	-14.698
2.788	-14.706
2.919	-14.735
3.036	-14.878
3.042	-15.011
3.046	-15.089
3.021	-15.116
2.990	-15.180
POLYLINE BLACK
3.255	-14.818
3.212	-14.544
3.254	-14.844
3.352	-15.083
3.372	-15.133
3.332	-14.977
3.324	-14.923
3.320	-14.894
3.335	-14.879
3.363	-14.895
3.422	-14.927
3.496	-14.988
3.572	-14.994
3.585	-14.995
3.600	-14.992
3.613	-14.988
3.626	-14.984
3.638	-14.977
3.648	-14.968
3.657	-14.959
3.666	-14.946
3.671	-14.933
3.674	-14.923
3.677	-14.913
3.679	-14.903
3.682	-14.885
3.670	-14.849
3.688	-14.850
3.706	-14.851
3.691	-14.886
3.696	-14.903
3.699	-14.917
3.704	-14.931
3.710	-14.944
3.716	-14.956
3.723	-14.967
3.730	-14.978
3.774	-15.040
3.815	-14.906
3.867	-14.966
3.874	-14.974
3.882	-14.983
3.886	-14.992
3.974	-15.188
3.994	-15.222
4.029	-15.412
4.038	-15.461
4.041	-15.585
3.982	-15.616
3.942	-15.637
3.912	-15.492
3.917	-15.464
3.934	-15.359
3.953	-15.254
3.981	-15.152
4.022	-15.005
4.076	-14.862
4.124	-14.718
POLYLINE BLACK
1.335	-16.083
1.330	-16.057
1.322	-16.031
1.319	-16.005
1.312	-15.950
1.322	-15.885
1.348	-15.835
1.378	-15.777
1.464	-15.734
1.521	-15.782
1.600	-15.847
1.592	-15.952
1.622	-16.041
1.626	-16.052
1.624	-16.017
1.625	-16.005
1.620	-15.921
1.608	-15.837
1.611	-15.752
1.611	-15.740
1.625	-15.771
1.632	-15.782
1.654	-15.816
1.674	-15.853
1.698	-15.887
1.700	-15.891
1.706	-15.894
1.711	-15.895
1.748	-15.902
1.750	-15.824
1.783	-15.833
1.799	-15.837
1.817	-15.890
1.824	-15.900
1.830	-15.910
1.837	-15.920
1.845	-15.928
1.924	-16.011
2.011	-15.926
2.012	-15.832
2.010	-15.791
2.008	-15.750
2.007	-15.709
2.006	-15.707
2.004	-15.698
2.005	-15.701
2.019	-15.762
2.020	-15.779
2.050	-15.835
2.060	-15.854
2.072	-15.872
2.085	-15.888
2.183	-16.018
2.212	-15.748
2.320	-15.796
2.364	-15.815
2.404	-15.857
2.423	-15.901
2.434	-15.930
2.430	-15.938
2.446	-15.958
2.473	-15.994
2.514	-16.017
2.555	-16.034
2.606	-16.055
2.675	-16.065
2.718	-16.022
2.737	-16.003
2.754	-15.959
2.785	-15.958
2.816	-15.957
2.824	-15.999
2.853	-16.002
2.865	-16.004
2.872	-15.994
2.878	-15.985
2.903	-15.945
2.875	-15.901
2.842	-15.876
2.824	-15.862
2.802	-15.855
2.780	-15.861
2.773	-15.863
2.747	-15.877
2.743	-15.874
2.737	-15.871
2.742	-15.861
2.744	-15.855
2.831	-15.662
2.816	-15.749
2.868	-15.548
2.873	-15.528
2.873	-15.497
2.869	-15.476
2.868	-15.472
2.854	-15.422
2.842	-15.433
2.837	-15.438
2.835	-15.446
2.834	-15.452
2.830	-15.481
2.827	-15.510
2.827	-15.539
2.826	-15.616
2.869	-15.698
2.902	-15.762
2.930	-15.816
2.974	-15.878
3.041	-15.880
3.063	-15.881
3.086	-15.874
3.101	-15.858
3.127	-15.829
3.139	-15.790
3.135	-15.752
3.133	-15.734
3.135	-15.714
3.125	-15.699
3.120	-15.692
3.113	-15.709
3.111	-15.715
3.106	-15.727
3.106	-15.740
3.106	-15.752
3.104	-15.776
3.109	-15.801
3.122	-15.821
3.148	-15.864
3.190	-15.878
3.236	-15.865
3.304	-15.844
3.359	-15.867
3.411	-15.915
3.422	-15.924
3.431	-15.935
3.439	-15.946
3.444	-15.951
3.459	-15.990
3.480	-15.990
3.492	-15.990
3.503	-15.977
3.508	-15.969
3.540	-15.918
3.565	-15.865
3.599	-15.816
3.612	-15.796
3.630	-15.781
3.647	-15.764
3.687	-15.724
3.730	-15.687
3.769	-15.646
3.822	-15.591
3.872	-15.533
3.923	-15.477
POLYLINE BLACK
1.904	-16.906
2.163	-17.531
2.422	-18.157
2.681	-18.783
2.766	-19.053
2.835	-19.329
2.937	-19.593
3.107	-20.033
3.313	-20.459
3.496	-20.894
3.503	-20.912
3.505	-20.931
3.507	-20.950
3.536	-21.168
3.508	-21.025
3.530	-21.135
POLYLINE BLACK
1.087	-17.508
1.346	-17.774
1.103	-17.517
1.601	-18.199
1.630	-18.239
1.666	-18.273
1.694	-18.313
1.951	-18.694
2.321	-19.384
2.480	-19.674
2.687	-20.049
2.893	-20.425
3.089	-20.805
3.115	-20.855
3.136	-20.908
3.147	-20.963
3.155	-20.999
3.158	-21.217
3.202	-21.314
3.233	-21.384
3.279	-21.412
3.340	-21.457
POLYLINE BLACK
3.790	-16.169
3.795	-16.219
3.796	-16.269
3.804	-16.319
3.825	-16.451
3.863	-16.580
3.876	-16.713
3.913	-17.100
3.917	-17.399
3.830	-17.776
3.787	-17.959
3.714	-18.134
3.660	-18.315
3.655	-18.330
3.656	-18.346
3.655	-18.362
3.653	-18.414
3.656	-18.466
3.651	-18.517
3.648	-18.550
3.638	-18.582
3.632	-18.614
3.626	-18.644
3.618	-18.673
3.614	-18.703
3.596	-18.860
3.617	-18.830
3.583	-18.933
3.513	-19.146
3.581	-18.842
3.491	-19.325
3.484	-19.366
3.544	-19.375
3.571	-19.371
3.583	-19.369
3.667	-19.332
3.634	-19.321
3.624	-19.318
3.611	-19.320
3.600	-19.322
3.570	-19.327
3.540	-19.335
3.510	-19.342
3.484	-19.348
3.477	-19.356
3.456	-19.355
3.400	-19.352
3.356	-19.270
3.338	-19.234
3.166	-18.880
3.057	-18.871
3.196	-18.887

ELEVATION
STATIONS
0.000	0.000	0
-0.396	0.383	1
-2.674	1.284	2
-3.652	0.541	3
-1.025	-4.565	4
0.289	-8.639	5
1.284	-15.155	6
3.392	-15.035	7
SHOTS
0.000	0.000	-0.396	0.383
-0.396	0.383	-1.562	0.423
-0.396	0.383	-1.212	-0.598
-0.396	0.383	-1.047	1.635
-0.396	0.383	-2.674	1.284
-2.674	1.284	-3.367	1.330
-2.674	1.284	-2.744	2.605
-2.674	1.284	-2.981	-1.766
-2.674	1.284	-3.652	0.541
-3.652	0.541	-3.284	1.523
-3.652	0.541	-2.855	-1.616
-3.652	0.541	-2.914	0.422
-3.652	0.541	-1.025	-4.565
-1.025	-4.565	-3.227	-4.579
-1.025	-4.565	-3.685	0.391
-1.025	-4.565	-1.585	-9.999
-1.025	-4.565	0.289	-8.639
0.289	-8.639	-0.026	-8.652
0.289	-8.639	-0.329	-7.300
0.289	-8.639	-0.410	-14.208
0.289	-8.639	1.284	-15.155
1.284	-15.155	0.714	-15.191
1.284	-15.155	0.809	-15.950
1.284	-15.155	1.035	-11.261
1.284	-15.155	3.392	-15.035
3.392	-15.035	3.088	-14.949
3.392	-15.035	3.802	-16.449
3.392	-15.035	3.217	-11.375

