TRIP
DATE 2005-07-01 
DECLINATION     0.00
DATA
1.0	1.1	128.81	-19.85	6.590	>
1.1		25.76	0.67	0.858	>
1.1		193.80	6.98	0.469	>
1.1		62.93	82.62	0.393	>
1.1	1.2	156.36	-5.54	2.195	>
1.2		36.28	0.46	0.755	>
1.2		137.29	-86.24	0.270	>
1.2	1.3	114.42	13.96	1.969	>
1.3		206.07	-2.99	0.825	>
1.3		239.04	-88.44	0.214	>
1.3		310.24	-85.51	0.218	>
1.3		339.44	-78.61	0.216	>
1.3	1.4	100.99	11.47	2.805	>
1.4		230.85	6.83	0.951	>
1.4		189.09	82.04	0.183	>
1.4		255.00	-81.46	0.390	>
1.4	1.5	129.39	14.35	3.813	>
1.5		51.29	24.09	2.028	>
1.5		16.12	-9.67	4.527	>
1.5		319.05	-16.23	3.336	>
1.5		312.28	28.31	0.881	>
1.5		263.05	-9.87	4.932	>
1.5	1.6	19.56	-10.89	4.916	>
1.6		92.87	15.48	0.933	>
1.6		154.56	11.36	0.370	>
1.5	1.7	264.15	-9.99	4.881	>
1.7		16.57	8.05	0.836	>
1.7		175.55	-1.27	2.477	>
1.7		81.18	59.59	0.232	>
1.7		74.05	-88.22	0.234	>
1.7	1.8	167.23	-6.84	2.325	>
1.8		274.96	0.33	0.521	>
1.8		221.99	85.53	0.173	>
1.8		44.35	-3.81	0.496	>
1.8	1.9	124.64	14.37	1.745	>
1.9		262.50	-5.30	1.493	>
1.9		184.47	61.66	0.406	>
1.9		143.88	-84.58	0.485	>
1.9	1.10	236.89	12.52	1.951	>
1.10		97.52	1.66	0.620	>
1.10		100.52	78.11	0.345	>
1.10		106.46	-87.26	0.960	>
1.10		162.13	-37.79	3.687	>
1.10		147.44	-61.42	1.476	>
1.10		175.68	21.19	2.064	>
1.10	1.11	167.20	-10.43	3.852	>
1.11		263.71	2.19	0.393	>
1.11		85.91	-1.55	1.587	>
1.11		207.44	76.24	0.739	>
1.11		117.02	-84.69	1.212	>
1.11	1.12	125.31	12.99	2.807	>
1.12		255.50	4.01	1.574	>
1.12		235.30	84.31	0.478	>
1.12		292.88	-75.76	0.763	>
1.12	1.13	183.13	-16.27	2.006	>
1.13		237.01	-4.61	0.995	>
1.13		60.63	6.61	0.755	>
1.13		285.77	75.30	0.537	>
1.13		125.01	-72.33	4.806	>
1.13	1.14	135.04	-57.50	3.366	>
1.14		328.07	-2.62	1.402	>
1.14		227.35	-10.43	0.928	>
1.14		68.24	0.15	1.184	>
1.14		175.53	-65.17	3.698	>

PLAN
STATIONS
0.000	0.000	1.0
4.830	-3.885	1.1
5.706	-5.886	1.2
7.446	-6.676	1.3
10.145	-7.200	1.4
13.000	-9.544	1.5
14.616	-4.995	1.6
8.218	-10.034	1.7
8.728	-12.285	1.8
10.119	-13.246	1.9
8.524	-14.286	1.10
9.363	-17.980	1.11
11.595	-19.561	1.12
11.490	-21.484	1.13
12.768	-22.764	1.14
SHOTS
11.490	-21.484	12.768	-22.764
12.768	-22.764	12.027	-21.575
12.768	-22.764	12.097	-23.382
12.768	-22.764	13.868	-22.325
12.768	-22.764	12.889	-24.312
11.595	-19.561	11.490	-21.484
11.490	-21.484	10.658	-22.024
11.490	-21.484	12.144	-21.116
11.490	-21.484	11.359	-21.447
11.490	-21.484	12.685	-22.321
9.363	-17.980	11.595	-19.561
11.595	-19.561	10.075	-19.954
11.595	-19.561	11.556	-19.588
11.595	-19.561	11.422	-19.488
8.524	-14.286	9.363	-17.980
9.363	-17.980	8.973	-18.023
9.363	-17.980	10.945	-17.867
9.363	-17.980	9.282	-18.136
9.363	-17.980	9.463	-18.031
10.119	-13.246	8.524	-14.286
8.524	-14.286	9.138	-14.367
8.524	-14.286	8.594	-14.299
8.524	-14.286	8.568	-14.299
8.524	-14.286	9.418	-17.059
8.524	-14.286	8.904	-14.881
8.524	-14.286	8.669	-16.205
8.728	-12.285	10.119	-13.246
10.119	-13.246	8.645	-13.440
10.119	-13.246	10.104	-13.438
10.119	-13.246	10.146	-13.283
8.218	-10.034	8.728	-12.285
8.728	-12.285	8.209	-12.240
8.728	-12.285	8.719	-12.295
8.728	-12.285	9.074	-11.931
13.000	-9.544	8.218	-10.034
8.218	-10.034	8.454	-9.241
8.218	-10.034	8.410	-12.503
8.218	-10.034	8.334	-10.016
8.218	-10.034	8.225	-10.032
13.000	-9.544	14.616	-4.995
14.616	-4.995	15.514	-5.040
14.616	-4.995	14.772	-5.323
10.145	-7.200	13.000	-9.544
13.000	-9.544	14.445	-8.386
13.000	-9.544	14.239	-5.257
13.000	-9.544	10.901	-7.125
13.000	-9.544	12.426	-9.022
13.000	-9.544	8.177	-10.132
7.446	-6.676	10.145	-7.200
10.145	-7.200	9.413	-7.796
10.145	-7.200	10.141	-7.225
10.145	-7.200	10.089	-7.215
5.706	-5.886	7.446	-6.676
7.446	-6.676	7.084	-7.416
7.446	-6.676	7.441	-6.679
7.446	-6.676	7.433	-6.665
7.446	-6.676	7.431	-6.636
4.830	-3.885	5.706	-5.886
5.706	-5.886	6.153	-5.277
5.706	-5.886	5.718	-5.899
0.000	0.000	4.830	-3.885
4.830	-3.885	5.203	-3.112
4.830	-3.885	4.719	-4.337
4.830	-3.885	4.875	-3.862
POLYLINE BLACK
12.525	-25.360
12.685	-25.320
12.765	-25.320
12.845	-25.400
13.005	-25.280
13.085	-25.000
13.045	-24.920
12.965	-24.920
POLYLINE BLACK
12.365	-25.680
POLYLINE BLACK
12.605	-25.360
12.525	-25.360
POLYLINE BLACK
12.285	-24.680
12.445	-24.600
12.725	-24.600
12.925	-24.800
13.005	-25.120
12.925	-25.320
POLYLINE BLACK
18.925	-24.000
POLYLINE BLACK
18.925	-24.000
POLYLINE BLACK
18.685	-23.200
POLYLINE BLACK
18.765	-24.320
18.765	-23.840
POLYLINE BLACK
18.525	-23.880
18.325	-24.320
POLYLINE BLACK
18.565	-23.880
18.565	-24.000
18.525	-24.160
18.525	-24.360
POLYLINE BLACK
18.525	-23.600
POLYLINE BLACK
18.245	-24.320
18.285	-24.200
POLYLINE BLACK
18.805	-24.080
POLYLINE BLACK
18.245	-24.240
18.325	-24.400
18.405	-24.440
POLYLINE BLACK
17.925	-24.560
18.005	-24.480
17.965	-24.400
18.005	-24.320
17.885	-24.520
17.885	-24.600
17.965	-24.560
POLYLINE BLACK
17.525	-24.400
17.525	-24.640
17.445	-24.960
17.445	-25.040
17.605	-24.560
17.645	-24.400
17.725	-24.320
17.725	-24.400
17.805	-24.480
17.725	-24.600
17.605	-24.640
17.525	-24.600
POLYLINE BLACK
16.965	-24.480
17.045	-24.560
16.805	-24.800
17.125	-24.800
17.285	-24.760
17.325	-24.600
17.245	-24.480
17.165	-24.480
17.085	-24.600
17.085	-24.760
17.125	-24.880
17.325	-24.640
17.325	-24.560
POLYLINE BLACK
16.725	-24.840
16.765	-24.920
16.845	-24.560
16.845	-24.280
POLYLINE BLACK
15.805	-24.960
15.845	-24.840
15.805	-24.760
15.725	-24.760
15.605	-24.960
15.645	-25.120
15.765	-25.000
POLYLINE BLACK
15.525	-24.000
15.725	-23.840
15.805	-23.840
15.965	-23.600
16.045	-23.520
16.125	-23.520
16.245	-23.720
16.325	-23.960
16.165	-24.200
15.965	-24.360
15.765	-24.360
15.845	-24.560
POLYLINE BLACK
14.785	-23.340
15.145	-23.640
POLYLINE BLACK
13.765	-23.400
14.185	-23.460
14.305	-23.580
14.545	-23.580
14.785	-23.760
POLYLINE BLACK
13.465	-23.580
13.285	-23.880
POLYLINE BLACK
13.045	-23.520
13.105	-23.400
POLYLINE BLACK
12.685	-23.880
12.685	-23.700
POLYLINE BLACK
12.805	-23.940
12.745	-24.060
12.505	-24.000
POLYLINE BLACK
12.865	-23.940
12.745	-24.120
12.685	-24.360
POLYLINE BLACK
13.345	-23.940
13.345	-23.640
13.225	-23.520
12.685	-23.520
12.445	-23.640
12.325	-24.180
12.325	-24.300
12.805	-24.360
13.045	-24.420
13.285	-24.240
POLYLINE BLACK
13.105	-21.840
13.345	-22.020
14.005	-22.140
14.245	-22.140
14.485	-22.260
14.605	-22.440
14.665	-22.860
14.605	-23.100
POLYLINE BLACK
11.665	-22.740
11.605	-23.280
11.665	-23.520
12.025	-23.820
12.385	-24.000
12.625	-24.240
12.865	-24.300
13.105	-24.420
13.345	-24.300
POLYLINE BLACK
12.745	-20.880
12.865	-20.700
12.745	-20.580
12.625	-20.580
POLYLINE BLACK
12.145	-21.240
12.145	-20.940
POLYLINE BLACK
11.665	-21.900
11.365	-21.360
POLYLINE BLACK
11.245	-22.320
11.365	-22.440
11.305	-22.200
11.125	-22.020
11.065	-21.900
POLYLINE BLACK
12.685	-20.760
12.505	-20.760
12.145	-20.880
11.965	-20.880
11.845	-21.000
11.605	-21.060
11.305	-21.420
11.125	-21.900
10.885	-22.140
10.765	-22.140
POLYLINE BLACK
11.905	-20.700
12.025	-20.760
12.265	-20.700
12.505	-20.760
12.625	-20.760
12.865	-20.940
12.925	-21.180
12.985	-21.600
12.985	-22.080
12.865	-22.320
POLYLINE BLACK
10.525	-21.540
10.525	-21.780
10.705	-22.320
10.945	-22.440
11.005	-22.620
11.125	-22.620
11.485	-22.920
POLYLINE BLACK
8.845	-21.300
8.905	-20.820
8.905	-20.460
9.145	-21.000
9.205	-20.760
9.205	-20.640
9.445	-21.060
9.445	-21.180
9.505	-20.880
9.745	-21.240
POLYLINE BLACK
7.765	-20.700
7.885	-20.700
8.005	-20.580
8.245	-20.580
8.365	-20.880
8.185	-21.300
8.425	-21.240
POLYLINE BLACK
11.605	-20.460
11.785	-20.160
POLYLINE BLACK
8.965	-17.940
8.845	-17.580
8.905	-17.880
POLYLINE BLACK
10.165	-20.160
10.165	-20.340
10.345	-21.000
10.345	-21.420
10.405	-21.660
POLYLINE BLACK
10.165	-19.920
POLYLINE BLACK
11.905	-19.260
11.965	-19.500
12.025	-19.920
11.965	-20.220
11.905	-20.760
11.905	-21.120
11.965	-21.240
POLYLINE BLACK
11.785	-18.900
POLYLINE BLACK
10.165	-17.220
10.525	-17.640
10.705	-17.700
10.705	-17.820
11.725	-18.840
11.905	-19.500
POLYLINE BLACK
8.785	-17.880
9.385	-18.600
9.685	-18.900
10.165	-20.100
10.165	-20.220
POLYLINE BLACK
9.085	-14.640
9.385	-15.360
9.385	-15.480
POLYLINE BLACK
8.725	-14.700
8.845	-14.700
9.085	-15.240
POLYLINE BLACK
8.545	-14.580
8.545	-15.000
8.605	-15.240
POLYLINE BLACK
9.565	-14.580
8.665	-14.580
8.305	-14.760
8.185	-15.000
POLYLINE BLACK
9.445	-17.580
9.505	-17.460
9.445	-17.220
POLYLINE BLACK
9.085	-17.700
9.025	-17.580
9.085	-17.460
POLYLINE BLACK
8.785	-17.820
8.845	-17.580
8.845	-17.460
POLYLINE BLACK
9.505	-17.520
9.085	-17.880
8.845	-17.940
8.725	-17.880
POLYLINE BLUE
9.085	-13.760
POLYLINE BLUE
9.565	-16.320
9.725	-16.880
POLYLINE BLUE
9.245	-16.520
9.445	-16.880
9.445	-17.040
POLYLINE BLUE
9.085	-16.600
9.205	-17.000
9.205	-17.160
POLYLINE BLUE
9.325	-15.480
9.605	-15.920
9.605	-16.000
POLYLINE BLUE
9.205	-15.600
9.325	-15.800
9.405	-16.040
9.405	-16.160
9.445	-16.240
POLYLINE BLUE
9.045	-15.600
9.125	-15.680
9.165	-16.000
9.045	-16.360
8.965	-16.400
POLYLINE BLACK
9.045	-14.280
9.205	-14.440
9.285	-14.640
9.605	-15.160
9.805	-15.800
9.805	-16.080
9.845	-16.240
9.845	-16.800
9.805	-16.960
9.805	-17.120
9.605	-17.640
9.565	-17.720
POLYLINE BLACK
9.005	-14.200
POLYLINE BLACK
8.325	-14.440
8.325	-15.040
8.205	-15.440
8.245	-15.640
8.245	-15.840
8.325	-16.400
8.405	-16.760
8.445	-16.960
8.525	-17.040
8.645	-17.520
8.925	-18.000
POLYLINE BLACK
9.285	-13.000
9.445	-13.120
9.485	-13.240
9.325	-13.160
9.165	-13.280
8.685	-13.440
8.405	-13.760
8.605	-14.000
8.405	-14.320
8.325	-14.360
POLYLINE BLACK
8.805	-14.480
9.045	-14.280
9.205	-14.240
9.365	-14.080
9.645	-14.000
10.005	-13.640
10.805	-13.240
POLYLINE BLACK
8.805	-14.520
POLYLINE BLACK
8.925	-14.280
8.925	-14.400
8.845	-14.480
POLYLINE BLACK
9.565	-13.840
9.445	-13.880
9.405	-14.000
9.245	-14.160
POLYLINE BLACK
10.445	-13.240
10.405	-13.360
POLYLINE BLACK
6.805	-10.780
6.845	-10.940
POLYLINE BLACK
6.845	-10.940
POLYLINE BLACK
7.725	-12.500
7.965	-12.660
8.285	-12.700
8.445	-12.700
8.605	-12.660
8.765	-12.700
9.085	-12.860
9.245	-12.900
POLYLINE BLACK
10.245	-13.180
10.285	-13.260
POLYLINE BLACK
9.085	-11.980
9.605	-12.620
9.925	-12.820
10.245	-13.220
10.285	-13.340
POLYLINE BLACK
5.685	-10.260
POLYLINE BLACK
7.885	-9.500
7.885	-9.980
7.845	-10.180
7.765	-10.500
7.805	-10.620
7.765	-10.780
7.805	-10.940
7.845	-11.300
7.845	-11.740
7.805	-11.820
7.845	-12.020
7.925	-12.460
POLYLINE BROWN
9.465	-9.960
9.465	-9.780
9.525	-9.660
9.765	-9.720
10.005	-9.840
10.125	-9.780
10.365	-9.840
10.485	-9.840
10.605	-9.720
POLYLINE BLACK
10.845	-10.200
10.905	-10.380
10.665	-10.560
10.545	-10.500
10.485	-10.680
10.605	-10.740
10.605	-10.740
10.605	-10.860
10.425	-10.620
10.365	-10.740
10.245	-10.620
10.305	-10.860
10.245	-10.620
10.245	-10.860
POLYLINE BLACK
11.085	-10.440
11.085	-10.560
10.725	-10.440
10.605	-10.500
10.365	-10.440
10.245	-10.440
10.185	-10.620
10.245	-10.860
10.185	-11.160
10.425	-10.920
10.665	-10.860
11.025	-10.620
POLYLINE BLACK
11.805	-10.380
POLYLINE BLACK
8.865	-12.180
9.525	-11.700
9.945	-11.520
10.245	-11.340
10.905	-11.040
11.385	-10.920
11.745	-10.680
11.925	-10.740
12.525	-10.380
12.645	-10.380
13.065	-10.080
13.245	-9.900
13.365	-9.840
POLYLINE BLACK
9.765	-7.860
9.945	-7.980
10.065	-7.980
10.905	-8.880
10.965	-9.120
10.185	-9.300
9.945	-9.360
9.465	-9.480
8.985	-9.540
8.265	-9.360
8.025	-9.420
7.905	-9.420
POLYLINE BLACK
7.185	-9.780
POLYLINE BLACK
14.415	-5.190
14.520	-5.115
14.550	-5.055
14.685	-4.980
14.745	-4.950
14.775	-4.950
14.835	-4.935
14.925	-4.935
14.985	-4.950
15.150	-4.980
15.315	-4.980
15.345	-4.995
15.405	-4.980
15.435	-4.980
15.495	-4.995
15.525	-4.995
POLYLINE BLACK
14.895	-5.610
14.850	-5.535
14.850	-5.460
14.820	-5.400
14.820	-5.370
14.805	-5.340
14.835	-5.295
14.865	-5.295
14.895	-5.265
14.925	-5.280
14.970	-5.265
15.000	-5.235
15.060	-5.235
15.150	-5.190
15.210	-5.190
15.360	-5.130
15.420	-5.130
15.450	-5.100
POLYLINE BROWN
8.475	-4.680
POLYLINE BROWN
13.095	-6.720
13.155	-6.600
13.395	-6.600
13.695	-6.540
13.815	-6.660
13.935	-6.540
14.235	-6.600
14.175	-6.300
POLYLINE BROWN
11.055	-8.400
11.055	-8.220
11.355	-7.740
11.595	-7.800
12.075	-8.040
12.195	-8.040
12.375	-7.800
12.375	-7.620
POLYLINE BLACK
12.975	-8.700
12.975	-8.880
13.095	-9.240
12.795	-8.880
12.795	-9.060
12.855	-9.300
12.795	-9.180
12.735	-9.300
12.615	-9.060
12.675	-9.300
12.555	-9.300
12.495	-9.180
POLYLINE BLACK
13.155	-8.940
12.555	-9.540
12.495	-8.880
12.495	-8.760
12.615	-8.820
12.855	-8.760
13.335	-9.060
POLYLINE BLACK
14.415	-8.280
14.415	-8.400
14.055	-8.640
13.995	-8.760
13.995	-8.580
14.175	-8.340
14.175	-8.340
14.295	-8.280
14.115	-8.460
13.815	-8.460
14.055	-8.280
13.815	-8.280
13.755	-8.400
13.755	-8.280
13.875	-8.340
13.875	-8.340
POLYLINE BLACK
14.355	-8.220
14.055	-8.220
13.935	-8.160
13.815	-8.220
13.695	-8.160
13.695	-8.460
13.755	-8.700
14.235	-8.340
POLYLINE BLACK
14.895	-5.580
14.895	-5.760
14.835	-6.000
14.835	-6.120
14.355	-6.780
14.355	-7.020
14.715	-8.040
14.715	-8.520
14.595	-8.820
13.695	-9.660
13.455	-9.840
13.095	-9.900
12.735	-10.140
POLYLINE BLACK
11.895	-6.480
12.255	-6.240
12.435	-6.060
11.655	-6.660
11.295	-6.900
10.695	-7.020
10.575	-6.960
10.395	-7.140
10.275	-7.080
10.755	-6.780
10.995	-6.720
11.355	-6.420
11.595	-6.360
12.495	-6.000
12.615	-6.000
12.735	-5.880
12.975	-5.880
13.335	-5.640
13.575	-5.580
13.695	-5.520
13.815	-5.580
14.055	-5.520
14.715	-4.980
POLYLINE BLACK
11.655	-6.660
POLYLINE BROWN
8.115	-6.870
8.295	-6.780
8.445	-6.810
8.505	-6.870
8.565	-6.840
8.595	-6.660
8.595	-6.600
POLYLINE BROWN
8.505	-7.440
8.655	-7.440
8.835	-7.500
8.895	-7.560
9.015	-7.530
9.045	-7.320
8.985	-7.290
POLYLINE BROWN
8.415	-7.410
POLYLINE BLACK
7.995	-3.270
POLYLINE BLACK
8.895	-7.140
8.865	-7.080
8.895	-7.170
8.955	-7.200
8.955	-7.140
POLYLINE BLACK
9.015	-7.020
8.775	-7.230
8.715	-7.230
9.015	-7.020
9.015	-7.020
8.895	-7.050
8.775	-7.080
8.715	-7.140
8.655	-7.140
8.715	-7.080
8.775	-7.080
8.715	-7.050
8.685	-7.110
8.715	-7.170
8.955	-6.960
8.895	-6.960
8.685	-7.170
8.895	-7.110
8.745	-7.170
8.715	-7.230
POLYLINE BLACK
7.755	-6.960
7.815	-7.020
7.785	-7.080
POLYLINE BLACK
7.605	-7.050
7.605	-7.140
7.755	-7.170
7.815	-7.260
7.965	-7.290
7.875	-7.320
7.665	-7.200
7.545	-7.080
7.635	-7.230
7.755	-7.350
7.545	-7.050
7.695	-6.990
7.875	-7.050
7.965	-7.050
7.875	-6.930
7.665	-6.840
7.785	-6.960
7.725	-6.930
7.665	-6.960
POLYLINE BLACK
7.635	-7.020
7.635	-7.080
POLYLINE BLACK
7.695	-7.020
7.785	-7.170
POLYLINE BLACK
9.045	-6.870
8.775	-7.020
8.655	-7.050
8.535	-7.110
8.775	-7.260
8.895	-7.260
9.015	-7.200
9.075	-7.230
8.985	-6.810
POLYLINE BROWN
7.965	-6.780
7.815	-6.870
7.395	-6.870
7.395	-6.930
7.575	-7.140
7.845	-7.290
7.905	-7.350
7.935	-7.140
7.935	-6.960
7.965	-6.840
7.875	-7.200
7.845	-7.260
7.785	-7.050
7.785	-7.140
7.755	-7.080
7.695	-7.200
7.635	-7.020
7.605	-7.140
7.545	-7.200
7.485	-7.020
7.545	-6.990
7.725	-6.990
7.875	-7.020
7.935	-7.020
7.845	-6.960
7.665	-6.960
7.605	-6.990
7.485	-6.960
7.605	-6.930
7.815	-6.960
7.755	-6.930
7.695	-6.960
7.635	-6.930
7.515	-6.990
7.455	-6.960
7.515	-6.930
7.635	-6.960
7.935	-6.900
7.995	-6.870
8.055	-6.900
7.965	-6.900
7.785	-6.960
7.605	-7.080
7.635	-7.020
7.755	-6.990
7.815	-7.050
7.845	-7.380
7.815	-7.230
7.725	-7.230
7.545	-7.110
7.485	-7.050
POLYLINE BLACK
7.005	-7.440
7.305	-7.500
7.575	-7.500
7.785	-7.530
8.025	-7.530
8.265	-7.560
8.535	-7.560
8.985	-7.680
9.285	-7.860
POLYLINE BLACK
7.485	-6.420
7.545	-6.480
7.665	-6.510
7.935	-6.570
8.025	-6.540
8.145	-6.570
8.205	-6.540
8.385	-6.570
8.565	-6.540
8.715	-6.570
9.105	-6.570
9.225	-6.600
9.315	-6.600
9.675	-6.750
9.795	-6.780
9.945	-6.840
10.335	-7.110
POLYLINE BLACK
7.515	-8.490
POLYLINE BROWN
6.195	-6.090
6.495	-6.270
6.675	-6.360
6.795	-6.360
6.825	-6.240
6.765	-6.030
6.765	-5.970
6.705	-5.940
POLYLINE BROWN
6.255	-6.450
6.255	-6.210
POLYLINE BROWN
5.505	-4.950
5.625	-4.980
5.715	-5.040
5.835	-5.010
5.955	-5.010
POLYLINE BROWN
5.115	-4.380
5.205	-4.260
5.265	-4.260
5.415	-4.170
5.595	-4.170
5.865	-4.410
5.895	-4.500
POLYLINE BLACK
5.595	-6.150
6.045	-6.600
6.375	-6.810
6.615	-7.200
6.885	-7.410
7.065	-7.500
POLYLINE BLACK
7.335	-6.330
7.425	-6.420
7.485	-6.450
POLYLINE BLACK
6.375	-5.640
6.555	-5.760
6.705	-5.910
7.125	-6.210
7.305	-6.330
POLYLINE BLACK
6.255	-5.520
POLYLINE BLACK
6.165	-5.430
POLYLINE BLACK
4.695	-4.530
4.845	-4.710
5.145	-5.190
5.175	-5.340
5.415	-5.850
5.565	-6.180
POLYLINE BLACK
5.325	-2.970
5.325	-3.030
5.415	-3.180
5.715	-3.900
5.775	-4.170
5.835	-4.440
5.835	-4.530
6.015	-5.070
6.045	-5.220
6.135	-5.400
6.135	-5.490
POLYLINE BROWN
4.440	-3.990
4.350	-4.170
POLYLINE BROWN
4.380	-4.020
4.500	-4.050
4.650	-4.230
4.680	-4.290
4.770	-4.170
4.800	-3.900
POLYLINE BROWN
4.620	-3.210
4.530	-3.360
4.500	-3.510
4.440	-3.630
POLYLINE BROWN
4.680	-3.210
4.680	-3.270
4.830	-3.420
4.890	-3.450
4.950	-3.390
4.950	-3.270
4.980	-3.180
POLYLINE BLACK
4.680	-4.410
4.260	-4.290
3.990	-4.290
3.840	-4.320
3.720	-4.350
3.450	-4.410
3.270	-4.440
POLYLINE BLACK
5.220	-3.000
5.010	-2.670
5.010	-2.460
5.040	-2.250
5.040	-2.130
POLYLINE BLUE
-4.200	7.140
POLYLINE BLUE
-0.200	-0.100
0.000	-0.200
0.300	0.100
0.100	0.100
-0.100	0.300
-0.500	0.200
-0.600	-0.200
-0.700	-0.400
-0.200	-0.500
0.200	-0.300
0.400	0.000
0.300	0.400
POLYLINE BLUE
-0.500	-0.600
-0.400	-0.800
POLYLINE BROWN
-1.000	0.900
-1.700	-0.200
-1.700	-0.600
-1.800	-1.100
-1.800	-1.600
-1.300	-2.100
-0.300	-1.800
-0.100	-1.600
0.300	-1.500
0.600	-1.300
0.800	-1.300
1.000	-1.100
1.200	-1.100
1.700	-0.600
1.700	0.400
1.500	0.900
0.700	1.400
0.400	1.300
0.000	1.400
-0.200	1.400
-0.600	1.100
-1.300	0.700
-1.500	0.700

ELEVATION
STATIONS
0.000	0.000	1.0
6.199	-2.238	1.1
8.384	-2.450	1.2
10.295	-1.975	1.3
13.045	-1.417	1.4
16.739	-0.472	1.5
21.567	-1.401	1.6
21.546	-1.319	1.7
23.854	-1.596	1.8
25.545	-1.163	1.9
27.450	-0.740	1.10
31.239	-1.437	1.11
33.975	-0.806	1.12
35.901	-1.368	1.13
37.709	-4.207	1.14
SHOTS
35.901	-1.368	37.709	-4.207
37.709	-4.207	36.344	-4.271
37.709	-4.207	37.671	-4.375
37.709	-4.207	38.175	-4.204
37.709	-4.207	38.890	-7.563
33.975	-0.806	35.901	-1.368
35.901	-1.368	36.077	-1.448
35.901	-1.368	35.730	-1.281
35.901	-1.368	35.832	-0.849
35.901	-1.368	37.337	-5.947
31.239	-1.437	33.975	-0.806
33.975	-0.806	33.455	-0.696
33.975	-0.806	33.987	-0.330
33.975	-0.806	33.791	-1.546
27.450	-0.740	31.239	-1.437
31.239	-1.437	31.086	-1.422
31.239	-1.437	32.376	-1.480
31.239	-1.437	31.310	-0.719
31.239	-1.437	31.349	-2.644
25.545	-1.163	27.450	-0.740
27.450	-0.740	27.150	-0.722
27.450	-0.740	27.422	-0.402
27.450	-0.740	27.440	-1.699
27.450	-0.740	30.350	-2.999
27.450	-0.740	28.113	-2.036
27.450	-0.740	29.354	0.006
23.854	-1.596	25.545	-1.163
25.545	-1.163	26.550	-1.301
25.545	-1.163	25.662	-0.806
25.545	-1.163	25.564	-1.646
21.546	-1.319	23.854	-1.596
23.854	-1.596	23.576	-1.593
23.854	-1.596	23.856	-1.424
23.854	-1.596	23.706	-1.629
16.739	-0.472	21.546	-1.319
21.546	-1.319	21.028	-1.202
21.546	-1.319	23.996	-1.374
21.546	-1.319	21.429	-1.119
21.546	-1.319	21.539	-1.553
16.739	-0.472	21.567	-1.401
21.567	-1.401	21.825	-1.152
21.567	-1.401	21.310	-1.328
13.045	-1.417	16.739	-0.472
16.739	-0.472	18.314	0.356
16.739	-0.472	21.192	-1.232
16.739	-0.472	13.581	-1.404
16.739	-0.472	15.963	-0.054
16.739	-0.472	13.384	-1.317
10.295	-1.975	13.045	-1.417
13.045	-1.417	12.522	-1.304
13.045	-1.417	13.053	-1.236
13.045	-1.417	12.992	-1.803
8.384	-2.450	10.295	-1.975
10.295	-1.975	10.185	-2.018
10.295	-1.975	10.291	-2.189
10.295	-1.975	10.278	-2.192
10.295	-1.975	10.265	-2.187
6.199	-2.238	8.384	-2.450
8.384	-2.450	8.212	-2.444
8.384	-2.450	8.400	-2.719
0.000	0.000	6.199	-2.238
6.199	-2.238	5.864	-2.228
6.199	-2.238	6.568	-2.181
6.199	-2.238	6.206	-1.848
POLYLINE BLACK
39.860	-5.000
39.980	-5.000
40.140	-4.840
40.060	-4.760
39.940	-4.920
39.940	-5.000
40.100	-4.800
40.100	-4.720
POLYLINE BLACK
39.820	-3.800
39.940	-3.600
39.980	-3.520
40.140	-3.520
40.260	-3.640
40.260	-4.000
40.180	-4.160
40.100	-4.160
POLYLINE BLACK
38.420	-4.360
38.700	-4.440
38.820	-4.440
38.900	-4.480
39.300	-4.440
39.420	-4.360
39.660	-4.360
POLYLINE BLACK
38.220	-4.000
38.260	-4.080
38.660	-4.160
39.180	-3.960
39.500	-3.960
39.580	-3.920
POLYLINE BLACK
38.740	-9.120
38.740	-8.920
38.580	-8.920
38.420	-9.080
38.420	-9.160
38.500	-9.360
38.660	-9.360
38.780	-9.160
38.780	-8.960
POLYLINE BLACK
38.500	-8.000
38.420	-7.760
38.460	-7.680
38.740	-7.720
38.940	-7.920
38.940	-8.120
38.780	-8.360
38.660	-8.560
38.700	-8.640
POLYLINE BLACK
38.420	-5.480
38.580	-5.840
38.580	-5.960
38.620	-6.120
38.620	-6.240
38.660	-6.400
38.700	-6.680
38.700	-7.080
POLYLINE BLACK
37.660	-4.720
37.660	-4.840
37.980	-5.400
37.980	-5.520
38.060	-5.880
38.060	-6.000
38.100	-6.160
38.100	-6.480
38.180	-6.720
38.180	-6.840
38.220	-6.920
POLYLINE BLACK
37.660	-4.680
37.660	-4.760
POLYLINE BLACK
37.700	-3.240
38.020	-4.080
POLYLINE BLACK
35.880	-0.700
36.780	-1.120
37.320	-1.720
37.620	-2.440
37.800	-3.340
37.800	-3.460
POLYLINE BLACK
36.480	-4.480
36.960	-4.540
37.200	-4.540
37.440	-4.600
POLYLINE BLACK
36.420	-4.420
POLYLINE BLACK
35.880	-2.020
36.180	-2.500
36.240	-3.040
36.480	-4.000
36.480	-4.420
POLYLINE BLACK
35.760	-1.900
POLYLINE BLACK
34.800	-0.340
35.100	-0.340
35.340	-0.400
35.700	-0.460
35.820	-0.580
POLYLINE BLACK
34.020	-1.680
34.180	-1.640
34.340	-1.720
34.420	-1.680
34.660	-1.760
34.780	-1.760
34.940	-1.680
35.100	-1.720
35.260	-1.760
35.500	-1.840
POLYLINE BLACK
31.740	-1.760
32.460	-1.800
32.740	-1.840
32.940	-1.800
33.180	-1.880
33.500	-1.840
33.860	-1.840
33.940	-1.800
POLYLINE BLACK
31.420	-1.880
POLYLINE BLACK
31.420	-1.040
31.620	-1.040
31.740	-0.960
31.900	-0.960
32.020	-0.920
32.540	-0.920
32.860	-0.800
33.260	-0.600
33.620	-0.560
33.860	-0.400
33.940	-0.400
POLYLINE BLACK
30.900	0.760
31.140	0.440
31.300	0.080
31.300	-0.520
31.420	-0.960
31.420	-1.080
31.460	-1.240
POLYLINE BLACK
30.820	0.880
POLYLINE BLACK
30.740	1.080
POLYLINE BLACK
30.980	-4.080
31.220	-3.800
31.260	-3.600
31.220	-3.520
31.260	-3.320
31.300	-3.160
31.380	-2.840
31.380	-2.680
31.420	-2.600
POLYLINE BLUE
30.380	-1.500
30.560	-1.800
30.620	-1.920
30.620	-2.220
30.680	-2.340
30.560	-3.000
POLYLINE BLUE
29.660	-1.500
29.900	-1.980
30.140	-3.660
POLYLINE BLUE
29.300	-1.200
29.240	-1.500
29.300	-2.220
29.480	-2.760
POLYLINE BLUE
29.120	1.860
29.120	1.680
29.360	1.140
29.360	-0.180
29.300	-0.360
POLYLINE BLUE
30.440	0.600
30.440	0.420
POLYLINE BLUE
30.260	1.140
POLYLINE BLUE
30.140	1.740
30.320	0.360
30.320	-0.120
POLYLINE BLUE
29.720	1.560
29.660	0.840
29.720	0.420
POLYLINE BLACK
30.860	1.020
30.620	1.500
30.560	1.800
30.380	2.100
30.380	2.580
30.500	2.700
POLYLINE BLACK
27.320	0.240
27.560	1.260
27.800	1.860
28.460	2.160
28.580	2.280
28.820	2.340
29.180	2.460
POLYLINE BLACK
27.620	-1.620
27.680	-1.860
28.220	-2.700
28.520	-4.020
28.760	-4.380
29.000	-4.440
29.180	-4.440
29.420	-4.500
29.540	-4.620
29.780	-4.620
30.140	-4.800
30.380	-4.740
POLYLINE BLACK
28.460	-3.480
28.580	-3.720
POLYLINE BLACK
27.560	-1.380
27.860	-1.740
28.160	-2.220
28.160	-2.100
28.220	-2.220
POLYLINE BLACK
27.440	-1.380
27.560	-1.440
POLYLINE BLACK
24.600	-12.940
24.800	-14.240
POLYLINE BLACK
14.150	-0.990
14.750	-0.990
15.050	-0.690
15.500	-0.690
16.100	-0.390
16.850	-0.390
19.400	0.510
19.700	0.210
20.000	0.210
POLYLINE BLACK
15.050	-1.140
17.150	-0.690
18.650	-0.990
20.150	-1.740
20.450	-1.740
POLYLINE BLACK
27.400	-1.540
26.500	-1.940
24.200	-2.540
23.700	-2.640
23.500	-2.840
23.100	-2.840
22.900	-2.940
22.400	-2.840
21.800	-2.840
21.200	-2.640
20.900	-2.640
20.500	-2.540
20.300	-2.340
19.900	-2.340
19.600	-2.140
19.400	-2.240
18.800	-2.040
POLYLINE BLACK
27.500	0.060
27.000	-0.240
26.100	-0.540
25.200	-0.740
24.000	-0.740
22.800	-0.440
21.400	-0.140
21.000	0.060
20.700	0.060
20.100	0.260
19.800	0.160
19.400	0.360
POLYLINE BLACK
15.500	-0.540
16.100	-1.240
POLYLINE BLACK
15.300	-1.740
POLYLINE BLACK
14.200	-1.440
14.600	-1.740
POLYLINE BLACK
12.700	-1.640
13.100	-1.740
POLYLINE BLACK
0.200	-1.940
0.200	-2.540
POLYLINE BLACK
-0.800	-0.940
-0.800	-0.740
0.100	0.060
0.400	-0.040
0.800	-0.440
1.800	-1.440
2.000	-1.740
1.900	-2.140
1.700	-2.340
1.700	-2.640
1.400	-2.940
0.900	-3.240
0.700	-3.240
0.500	-3.040
POLYLINE BLACK
0.000	-2.040
0.000	-2.240
0.000	-1.940
-0.300	-1.440
POLYLINE BLACK
6.600	-2.640
6.300	-2.740
6.000	-2.640
5.700	-2.740
5.200	-2.640
4.500	-2.640
2.800	-3.040
2.200	-2.640
1.400	-2.540
0.300	-2.140
POLYLINE BLACK
1.800	-2.740
POLYLINE BLACK
8.900	-2.040
8.700	-2.140
8.500	-2.040
7.800	-2.240
7.600	-2.140
7.400	-2.240
6.800	-2.040
6.600	-1.840
6.300	-1.840
6.000	-1.540
5.900	-1.040
5.900	-0.140
5.800	0.560
5.800	1.260
5.600	2.060
5.700	2.760
5.700	3.460
5.500	4.460
5.500	5.160
5.400	5.360
POLYLINE BLACK
6.860	-2.700
6.940	-2.820
7.020	-2.820
7.100	-2.900
7.380	-2.900
7.660	-2.980
7.740	-2.940
8.020	-3.020
8.100	-2.980
8.300	-3.020
8.380	-2.980
8.660	-3.020
8.740	-3.020
8.820	-2.940
8.980	-2.900
9.340	-2.740
9.500	-2.620
9.580	-2.620
9.820	-2.460
9.900	-2.500
10.420	-2.340
10.740	-2.300
11.180	-2.260
11.260	-2.180
11.420	-2.140
11.740	-2.060
11.860	-2.060
12.180	-1.900
12.540	-1.820
12.780	-1.700
12.860	-1.700
POLYLINE BLACK
8.300	-2.340
8.740	-2.260
8.900	-2.300
9.500	-2.100
9.660	-1.980
9.740	-2.020
9.900	-1.980
10.060	-1.980
10.220	-1.940
10.380	-1.940
10.660	-1.780
10.820	-1.740
11.100	-1.660
11.180	-1.580
11.380	-1.540
12.100	-1.300
12.260	-1.260
