TRIP
DATE 2005-07-01 
DECLINATION     0.00
DATA
1	2	107.39	42.56	7.970	>
1		285.03	60.04	20.553	>
1		284.69	61.38	23.246	>
1		54.67	-79.27	2.035	>
1		297.16	84.12	31.969	>
1		121.49	85.61	18.840	>
1		300.34	71.96	20.728	>
1		19.74	6.44	3.665	>
1		188.18	16.31	1.296	>
1		120.68	-10.65	6.847	>
1		96.04	30.09	13.636	>
2	3	78.28	28.58	6.338	>
2		12.16	23.46	4.569	>
2		87.56	-82.98	8.850	>
3	4	61.14	-15.72	4.212	>
4		48.63	0.62	3.062	>
4	5	37.73	-2.68	3.148	>
4		56.08	-78.62	30.153	>
4		165.91	-83.45	18.818	>
5		73.65	-3.21	3.555	>
5		101.01	-19.89	3.102	>
5	6	140.80	-64.72	6.636	>
6		231.21	-19.43	7.790	>
6		67.47	5.13	4.729	>
6	7	4.56	-84.07	10.957	>
7	8	59.42	-58.73	11.324	>
8	9	108.68	-38.22	4.947	>
8		109.29	-5.90	7.134	>
8		185.53	16.50	2.869	>
8		348.58	8.60	2.968	>
8		224.74	-8.66	8.402	>
8		252.52	6.11	4.595	>
8		231.12	5.46	2.605	>
8		43.08	-77.89	3.112	>
9		129.33	-77.63	2.975	>
9		129.84	68.06	6.561	>
9	10	125.77	23.68	2.976	>
10	11	57.09	-5.28	2.924	>
10		174.64	-82.93	4.090	>
10		29.87	-65.68	9.621	>
11		45.77	69.14	3.382	>
11	12	319.47	-35.12	6.541	>
11		279.28	57.56	9.039	>
11		321.56	-54.47	5.763	>
12		336.48	-83.01	3.663	>
12		144.12	77.53	8.490	>
12		354.86	-21.54	10.133	>
12	13	28.04	-44.27	2.911	>
13	15	6.05	-55.36	8.068	>
13		26.09	-21.34	7.692	>
13		2.87	-78.47	7.596	>
15		43.08	-74.13	7.185	>
15		56.87	28.80	9.780	>
15		291.89	16.70	2.310	>
15		188.74	-5.96	3.368	>
15		66.66	10.61	2.037	>
15		61.27	16.14	2.079	>
15		60.46	20.75	3.672	>
15	16	79.88	-42.75	8.269	>
16		88.49	-29.89	3.549	>
16	17	88.54	-29.08	2.747	>
16		76.74	-55.18	4.138	>
17	18	27.96	-11.57	3.222	>
17		80.72	-86.33	2.420	>
17		278.37	82.34	15.764	>
18		13.14	69.78	4.467	>
18		33.49	-64.87	3.447	>
18	19	29.64	-27.23	3.138	>
19		6.46	-56.26	12.124	>
19		350.82	-73.24	6.543	>
19		12.96	72.77	8.867	>

PLAN
STATIONS
0.000	0.000	1
5.602	-1.755	2
11.052	-0.624	3
14.603	1.333	4
16.527	3.820	5
18.318	1.624	6
18.408	2.752	7
23.468	5.742	8
27.150	4.497	9
29.361	2.904	10
31.805	4.486	11
28.328	8.553	12
29.308	10.393	13
29.791	14.953	15
35.769	16.020	16
38.169	16.081	17
39.649	18.869	18
41.029	21.294	19
SHOTS
39.649	18.869	41.029	21.294
41.029	21.294	41.787	27.985
41.029	21.294	40.728	23.156
41.029	21.294	41.618	23.854
38.169	16.081	39.649	18.869
39.649	18.869	40.000	20.373
39.649	18.869	40.457	20.090
35.769	16.020	38.169	16.081
38.169	16.081	38.322	16.106
38.169	16.081	36.090	16.387
29.791	14.953	35.769	16.020
35.769	16.020	38.845	16.101
35.769	16.020	38.069	16.562
29.308	10.393	29.791	14.953
29.791	14.953	31.133	16.388
29.791	14.953	36.968	19.637
29.791	14.953	27.738	15.778
29.791	14.953	29.282	11.642
29.791	14.953	31.629	15.746
29.791	14.953	31.542	15.913
29.791	14.953	32.779	16.646
28.328	8.553	29.308	10.393
29.308	10.393	32.459	16.828
29.308	10.393	29.384	11.909
31.805	4.486	28.328	8.553
28.328	8.553	28.150	8.962
28.328	8.553	29.402	7.068
28.328	8.553	27.483	17.940
29.361	2.904	31.805	4.486
31.805	4.486	32.668	5.326
31.805	4.486	27.020	5.268
31.805	4.486	29.723	7.109
27.150	4.497	29.361	2.904
29.361	2.904	29.408	2.403
29.361	2.904	31.334	6.340
23.468	5.742	27.150	4.497
27.150	4.497	27.643	4.093
27.150	4.497	29.032	2.927
18.408	2.752	23.468	5.742
23.468	5.742	30.166	3.398
23.468	5.742	23.203	3.004
23.468	5.742	22.887	8.619
23.468	5.742	17.621	-0.158
23.468	5.742	19.110	4.370
23.468	5.742	21.449	4.114
23.468	5.742	23.914	6.219
18.318	1.624	18.408	2.752
16.527	3.820	18.318	1.624
18.318	1.624	12.592	-2.979
18.318	1.624	22.669	3.429
14.603	1.333	16.527	3.820
16.527	3.820	19.933	4.819
16.527	3.820	19.390	3.263
11.052	-0.624	14.603	1.333
14.603	1.333	16.901	3.357
14.603	1.333	19.541	4.654
14.603	1.333	15.126	-0.750
5.602	-1.755	11.052	-0.624
0.000	0.000	5.602	-1.755
5.602	-1.755	6.485	2.342
5.602	-1.755	6.683	-1.709
0.000	0.000	-9.913	2.661
0.000	0.000	-10.771	2.823
0.000	0.000	0.309	0.219
0.000	0.000	-2.916	1.496
0.000	0.000	1.231	-0.754
0.000	0.000	-5.540	3.242
0.000	0.000	1.230	3.428
0.000	0.000	-0.177	-1.231
0.000	0.000	5.787	-3.434
0.000	0.000	11.732	-1.242
POLYLINE BLUE
40.885	21.245
40.735	21.125
40.615	20.885
40.405	20.645
40.315	20.435
40.195	20.345
40.135	20.345
39.955	20.015
39.925	19.775
POLYLINE BLUE
41.065	21.515
41.035	21.395
41.005	21.275
40.885	21.095
40.795	20.945
40.615	20.825
40.285	20.465
40.165	19.865
POLYLINE BLACK
40.885	21.905
40.855	21.785
40.645	21.335
40.435	21.095
40.345	20.945
39.955	20.705
39.565	20.135
POLYLINE BLACK
41.665	21.785
41.425	21.515
41.425	21.455
41.275	21.245
41.155	21.125
41.035	20.855
41.005	20.735
40.855	20.435
40.825	20.315
40.555	20.045
40.495	20.015
40.375	19.685
40.375	19.415
40.315	19.235
40.315	19.145
40.135	18.785
39.835	18.425
39.715	18.365
39.535	17.975
39.535	17.555
39.625	17.255
39.625	17.165
39.805	16.745
39.835	16.625
39.925	16.295
39.955	16.175
39.925	16.055
POLYLINE BLUE
33.535	22.025
POLYLINE BLUE
33.835	22.025
POLYLINE BLUE
37.435	15.545
37.735	15.545
38.395	15.725
38.755	15.725
39.175	15.905
39.415	16.265
39.595	16.685
39.415	17.105
39.175	17.285
38.935	17.705
38.935	17.945
39.055	18.245
39.535	18.905
40.015	19.325
40.015	19.625
39.775	20.045
POLYLINE BLUE
40.075	20.045
40.255	19.505
40.135	18.845
39.715	18.665
39.655	18.545
39.355	18.485
39.115	18.425
38.995	18.005
38.935	17.585
39.175	16.685
39.175	16.505
39.295	16.145
39.055	15.905
38.455	15.725
38.275	15.725
38.035	15.665
37.795	15.725
37.555	15.605
POLYLINE BLACK
38.455	22.205
POLYLINE BLACK
37.975	22.085
POLYLINE BLACK
39.655	20.285
39.775	19.445
39.355	19.025
39.115	18.965
38.875	18.905
38.815	18.725
38.695	18.725
38.395	18.245
38.395	17.885
38.455	17.585
38.515	17.345
38.815	16.985
38.815	16.805
38.875	16.685
38.455	16.265
38.215	16.205
POLYLINE BLUE
27.595	17.825
POLYLINE BLUE
37.615	15.485
37.315	15.545
36.595	15.785
35.635	15.905
35.395	16.025
35.035	15.905
34.735	15.965
34.375	15.845
33.835	15.305
33.655	15.005
33.715	14.525
POLYLINE BLUE
33.115	12.965
33.295	13.505
33.355	14.045
33.355	14.465
33.415	14.585
POLYLINE BLUE
33.355	11.825
33.355	12.185
33.295	12.485
POLYLINE BLUE
33.415	10.625
33.475	10.865
33.475	11.165
POLYLINE BLUE
32.755	9.965
32.995	10.325
POLYLINE BLUE
32.095	8.945
32.275	9.245
32.335	9.365
POLYLINE BLUE
31.435	8.045
31.675	8.525
POLYLINE BLUE
30.955	6.965
31.015	7.205
31.075	7.505
POLYLINE BLUE
33.655	13.325
33.835	13.565
33.835	13.745
POLYLINE BLUE
33.895	12.185
POLYLINE BLUE
33.655	11.345
33.715	11.585
POLYLINE BLUE
33.535	10.325
33.595	10.565
POLYLINE BLUE
32.995	9.485
33.055	9.605
POLYLINE BLUE
32.275	8.825
32.515	9.005
POLYLINE BLUE
31.795	8.105
31.795	8.225
POLYLINE BLUE
31.255	7.265
31.375	7.625
POLYLINE BLUE
30.835	6.245
30.835	6.665
POLYLINE BLUE
33.955	13.805
33.835	14.165
33.835	14.405
33.715	14.825
33.715	15.065
33.895	15.485
34.075	15.665
34.915	15.785
35.695	15.785
35.935	15.725
36.175	15.785
37.075	15.665
37.255	15.725
37.495	15.545
POLYLINE BLACK
35.875	16.325
36.535	16.565
36.895	16.565
37.015	16.625
37.555	16.385
37.795	16.325
37.915	16.205
38.155	16.205
POLYLINE BLACK
34.255	14.105
34.135	14.525
34.135	14.945
34.735	15.305
34.855	15.305
35.095	15.485
35.455	15.545
35.575	15.485
35.815	15.545
36.595	15.365
36.715	15.305
36.835	15.365
36.955	15.305
37.075	15.365
37.195	15.305
37.315	15.365
37.555	15.305
37.795	15.305
38.095	15.185
38.215	15.245
38.695	15.065
39.055	15.065
39.595	15.245
39.895	15.725
39.895	16.325
POLYLINE BLACK
35.935	16.385
35.815	16.265
35.635	16.265
35.155	16.385
34.855	16.805
34.495	17.405
34.135	17.645
33.775	17.645
33.655	17.705
32.995	17.225
32.395	16.505
32.275	16.565
31.555	16.325
31.075	16.205
30.955	16.085
30.535	16.025
30.055	15.845
29.635	15.425
29.395	14.885
29.515	14.345
29.695	14.105
29.935	14.045
30.175	13.925
30.535	14.045
30.835	13.985
31.075	14.045
31.195	14.045
31.255	14.165
31.495	14.105
32.215	14.405
32.455	14.405
32.575	14.525
32.755	14.525
32.875	14.465
33.115	14.525
33.415	14.225
POLYLINE GRAY
30.605	16.025
30.705	15.905
POLYLINE GRAY
30.445	15.925
30.505	15.825
POLYLINE GRAY
30.325	15.765
30.385	15.685
30.425	15.685
POLYLINE GRAY
30.145	15.565
30.225	15.505
30.265	15.505
POLYLINE GRAY
30.045	15.525
30.165	15.445
POLYLINE GRAY
29.845	15.345
30.045	15.245
30.125	15.245
POLYLINE GRAY
30.905	14.965
30.885	14.785
POLYLINE GRAY
30.565	14.985
30.605	14.945
30.625	14.865
POLYLINE GRAY
30.365	14.945
30.405	14.765
POLYLINE GRAY
30.205	14.865
30.225	14.785
POLYLINE GRAY
29.985	14.905
30.005	14.745
30.045	14.705
POLYLINE GRAY
30.735	16.225
30.525	16.015
30.345	15.895
30.105	15.655
29.955	15.505
29.775	15.085
29.775	14.965
29.745	14.755
29.745	14.695
29.925	14.695
29.985	14.665
30.045	14.695
30.105	14.665
30.435	14.785
30.495	14.845
30.615	14.845
30.675	14.875
30.765	14.845
30.885	14.875
30.945	14.845
31.005	14.875
31.215	14.845
31.335	14.815
POLYLINE GRAY
31.455	17.905
31.365	17.845
31.155	17.815
31.035	17.695
30.945	17.425
30.945	17.335
30.915	17.215
30.915	17.035
30.885	16.915
30.885	16.795
30.795	16.525
30.675	16.135
30.435	16.465
30.285	16.615
30.255	16.705
29.985	16.885
29.925	16.885
29.805	16.975
29.535	17.035
29.415	17.005
29.355	17.035
29.205	16.975
29.145	17.005
29.085	16.945
28.965	16.945
28.845	16.885
28.755	16.885
POLYLINE GRAY
36.765	19.825
36.285	20.245
35.625	20.425
35.385	20.485
34.965	20.365
34.305	19.705
33.765	18.685
33.345	18.265
32.565	17.785
32.325	17.845
32.085	17.785
31.545	17.905
31.305	17.905
POLYLINE GRAY
36.825	19.825
36.885	19.585
36.885	19.225
36.705	18.565
36.405	18.085
36.165	17.725
35.625	17.245
35.385	17.065
35.145	17.005
34.665	16.705
34.425	16.645
34.065	16.525
33.045	16.525
32.565	16.705
32.445	16.825
32.205	16.885
31.965	17.005
31.785	17.185
31.545	17.185
31.365	17.005
31.305	16.765
31.305	16.405
31.425	16.045
31.845	15.445
32.025	14.905
32.025	14.785
31.785	14.845
31.545	14.785
31.305	14.965
31.185	14.965
31.245	14.545
31.245	14.425
31.365	14.305
31.425	14.065
31.545	13.705
31.545	13.405
31.305	12.865
30.525	12.145
30.165	11.905
29.565	11.905
29.325	11.965
28.725	12.445
28.005	13.465
27.945	13.705
27.825	13.885
27.645	14.845
27.645	15.565
27.765	15.985
27.885	16.105
27.945	16.345
28.365	16.765
28.605	16.825
28.725	16.945
28.905	16.945
29.025	17.005
POLYLINE BROWN
29.775	14.815
29.775	14.965
29.745	15.025
29.745	15.295
29.715	15.415
29.685	15.565
29.415	16.135
29.355	16.195
29.265	16.405
29.085	16.675
28.965	16.885
28.965	16.975
28.935	17.095
28.905	17.335
28.905	17.545
28.935	17.605
28.905	17.755
28.905	17.905
28.875	18.055
28.755	18.565
28.695	18.775
28.575	18.865
28.515	18.835
28.395	18.865
28.215	18.865
27.705	18.535
27.465	18.355
27.375	18.325
POLYLINE BROWN
28.725	10.555
POLYLINE BROWN
28.965	10.435
28.845	10.195
POLYLINE BROWN
29.205	10.435
29.265	10.135
POLYLINE BROWN
29.385	10.495
29.445	10.375
POLYLINE BROWN
29.505	11.035
29.625	10.735
POLYLINE BROWN
29.625	11.035
29.745	11.035
POLYLINE BROWN
29.565	11.635
29.625	11.395
POLYLINE BROWN
29.325	11.335
29.385	11.155
POLYLINE BROWN
29.025	11.095
29.265	11.035
POLYLINE BROWN
28.785	10.915
28.965	10.675
POLYLINE BROWN
29.505	13.075
29.625	12.535
29.625	12.295
29.865	11.575
29.925	11.335
POLYLINE BROWN
29.505	11.935
29.505	11.755
29.085	11.275
28.785	10.735
28.725	10.495
28.665	10.195
28.905	10.255
29.145	10.075
29.445	10.435
29.925	11.275
29.925	11.815
29.805	11.875
29.445	11.575
POLYLINE BROWN
27.525	13.675
27.405	13.315
POLYLINE BROWN
27.945	13.795
28.065	13.675
28.065	13.495
28.125	13.375
POLYLINE BROWN
28.605	14.155
28.665	13.915
POLYLINE BROWN
29.085	14.695
29.265	14.335
POLYLINE BROWN
28.785	14.155
29.565	14.695
29.745	14.935
POLYLINE BROWN
28.845	14.275
28.845	14.155
28.545	13.735
28.305	13.615
28.245	13.495
28.065	13.495
27.705	13.315
27.405	13.375
27.045	13.315
26.925	13.375
POLYLINE BROWN
29.685	12.715
29.625	12.955
29.565	13.435
29.565	13.915
29.745	14.575
29.745	14.875
29.805	15.115
29.805	15.295
29.865	15.535
POLYLINE BROWN
32.985	9.775
33.465	9.775
33.645	9.835
33.885	9.775
34.005	9.655
33.945	9.355
33.585	9.055
33.465	8.995
33.705	8.815
34.005	8.635
34.065	8.395
33.885	7.975
33.705	7.735
33.405	7.735
33.225	7.675
33.105	7.735
32.985	7.675
POLYLINE BROWN
31.065	9.535
31.125	9.235
31.365	8.335
31.365	8.335
31.365	8.515
31.185	9.055
31.125	9.595
31.185	9.835
31.725	9.955
32.265	9.415
31.965	9.235
31.425	9.175
POLYLINE BROWN
29.205	8.815
29.265	8.995
POLYLINE BROWN
28.965	8.995
POLYLINE BROWN
28.665	8.935
28.785	9.355
POLYLINE BROWN
28.005	8.635
28.245	8.935
28.365	9.295
POLYLINE BROWN
28.065	8.755
28.485	8.755
28.725	8.815
28.965	8.755
29.265	8.755
29.505	8.575
29.625	8.635
POLYLINE BROWN
27.645	18.535
27.465	18.235
27.285	17.875
27.165	17.215
27.165	15.955
POLYLINE BROWN
26.985	16.255
26.985	15.955
27.045	15.715
27.045	15.475
27.105	15.175
27.105	14.755
27.165	14.515
27.165	13.675
26.565	12.775
26.505	12.475
26.385	12.115
26.385	11.935
26.265	11.515
26.445	10.915
26.625	10.675
26.745	10.375
28.005	9.115
27.945	8.635
28.125	8.095
28.425	7.735
POLYLINE BROWN
29.745	8.455
29.745	8.335
29.325	8.755
29.745	9.355
30.045	10.495
30.045	10.915
29.985	11.155
29.865	11.755
29.925	11.875
POLYLINE BROWN
29.745	8.575
29.745	8.455
POLYLINE BROWN
29.745	8.635
POLYLINE BLUE
30.335	6.945
30.155	7.085
30.115	7.085
POLYLINE BLUE
30.575	6.745
30.495	6.825
POLYLINE BLUE
30.775	6.425
30.675	6.605
POLYLINE BLUE
30.835	6.045
30.835	6.165
30.815	6.225
POLYLINE BLUE
30.655	6.865
30.595	6.945
POLYLINE BLUE
30.875	6.545
30.855	6.645
POLYLINE BLUE
30.955	6.185
30.955	6.285
30.935	6.325
POLYLINE BLUE
25.245	4.515
25.275	4.455
25.415	4.385
25.695	4.265
25.725	4.245
25.755	4.245
25.875	4.215
25.955	4.215
26.045	4.235
POLYLINE BLUE
25.155	4.545
25.215	4.515
25.255	4.515
25.505	4.435
25.745	4.375
25.895	4.315
25.935	4.285
POLYLINE BLUE
26.105	6.105
POLYLINE BLUE
27.435	4.505
27.335	4.565
27.315	4.565
27.245	4.595
27.075	4.625
26.975	4.605
26.755	4.535
26.725	4.535
26.585	4.435
26.505	4.395
26.485	4.405
26.435	4.375
26.335	4.345
26.315	4.345
26.045	4.255
25.975	4.235
POLYLINE BLUE
27.965	4.385
27.895	4.405
27.845	4.435
27.795	4.445
27.705	4.505
27.595	4.555
27.405	4.615
27.345	4.615
27.305	4.625
27.255	4.625
27.205	4.635
27.085	4.625
26.945	4.595
26.905	4.595
26.855	4.575
26.825	4.575
26.775	4.565
26.635	4.505
26.615	4.505
26.565	4.475
26.395	4.395
26.315	4.345
26.185	4.325
25.985	4.265
25.945	4.245
POLYLINE BLUE
27.975	4.365
28.065	4.325
28.205	4.285
28.375	4.195
28.445	4.195
28.505	4.155
28.655	4.095
28.715	4.045
28.855	3.975
28.875	3.945
POLYLINE BLUE
28.805	4.045
28.725	4.095
28.525	4.175
28.325	4.215
28.175	4.285
28.135	4.295
28.035	4.365
28.005	4.365
27.845	4.465
27.745	4.475
27.595	4.525
27.525	4.515
27.365	4.555
27.295	4.555
POLYLINE BLUE
30.685	4.335
30.575	4.085
30.555	3.965
POLYLINE BLUE
30.535	3.845
30.375	3.735
30.365	3.715
30.235	3.695
30.175	3.695
30.075	3.685
29.885	3.745
29.705	3.745
29.615	3.775
29.565	3.805
29.425	3.825
29.365	3.875
29.335	3.875
29.075	3.995
28.935	4.015
28.845	4.055
28.805	4.055
28.775	4.085
POLYLINE BLUE
30.655	4.155
30.455	3.855
30.415	3.815
30.285	3.735
30.245	3.745
30.045	3.775
29.945	3.805
29.855	3.805
29.745	3.835
29.645	3.835
29.605	3.855
29.555	3.855
29.535	3.875
29.445	3.895
29.325	3.955
29.225	3.975
29.175	3.975
29.055	4.025
29.035	4.015
28.995	4.025
28.915	4.025
28.895	4.035
POLYLINE BLUE
30.955	5.855
30.925	5.685
30.925	5.375
30.875	5.115
30.875	4.985
30.865	4.835
30.875	4.735
30.895	4.665
30.885	4.595
30.795	4.365
30.775	4.265
30.665	4.155
30.625	4.095
30.545	3.875
30.475	3.765
30.435	3.735
POLYLINE BLUE
30.875	5.925
30.885	5.885
30.825	5.675
30.815	5.625
30.835	5.555
30.965	5.235
30.965	5.175
30.935	5.055
30.935	5.005
30.925	4.935
30.855	4.755
30.795	4.525
30.725	4.305
POLYLINE BROWN
30.645	4.655
30.725	4.635
POLYLINE BROWN
30.585	4.585
30.615	4.585
30.715	4.555
30.735	4.535
POLYLINE BROWN
30.275	4.045
30.325	3.975
POLYLINE BROWN
30.465	4.175
30.495	4.135
POLYLINE BROWN
30.495	4.375
30.625	4.285
POLYLINE BROWN
30.595	4.475
30.645	4.435
POLYLINE BROWN
30.675	4.795
30.715	4.725
POLYLINE BROWN
30.725	4.935
30.785	4.905
POLYLINE BROWN
30.705	5.105
30.775	5.085
POLYLINE BROWN
30.685	5.295
30.775	5.255
POLYLINE BROWN
30.675	5.465
30.715	5.425
30.785	5.395
POLYLINE BROWN
30.645	5.655
30.745	5.565
POLYLINE BROWN
30.675	5.825
30.735	5.765
30.785	5.735
30.795	5.715
POLYLINE BROWN
30.835	5.855
30.895	5.975
POLYLINE BROWN
30.975	5.775
30.995	5.775
31.025	5.825
POLYLINE BROWN
31.005	5.605
31.025	5.625
31.075	5.645
POLYLINE BROWN
31.025	5.455
31.145	5.475
POLYLINE BROWN
31.005	5.255
31.035	5.265
31.085	5.265
31.135	5.285
POLYLINE BROWN
31.045	5.145
31.065	5.135
31.165	5.145
POLYLINE BROWN
31.045	4.995
31.065	4.995
POLYLINE BROWN
31.015	4.805
31.105	4.805
31.145	4.795
31.165	4.805
POLYLINE BROWN
30.985	4.665
31.035	4.665
POLYLINE BROWN
30.925	4.545
30.945	4.555
POLYLINE BROWN
30.865	4.445
30.905	4.445
30.955	4.435
POLYLINE BROWN
30.795	4.315
30.855	4.315
30.905	4.305
POLYLINE BROWN
30.735	4.175
30.765	4.185
30.805	4.175
30.825	4.175
POLYLINE BROWN
30.645	4.035
30.765	4.025
POLYLINE BROWN
30.575	3.895
30.615	3.895
POLYLINE BROWN
30.495	3.835
30.525	3.795
30.545	3.795
POLYLINE BROWN
30.365	3.785
30.395	3.745
30.395	3.725
30.415	3.695
POLYLINE BROWN
30.205	3.755
30.235	3.685
POLYLINE BROWN
30.075	3.735
30.105	3.695
POLYLINE BROWN
29.915	3.735
29.955	3.675
POLYLINE BROWN
29.755	3.755
29.775	3.705
POLYLINE BROWN
30.145	3.915
30.145	3.945
30.125	3.995
POLYLINE BROWN
29.975	3.875
29.945	3.965
29.955	3.985
POLYLINE BROWN
29.815	3.925
29.835	3.955
POLYLINE BROWN
29.665	3.955
29.695	4.015
POLYLINE BROWN
29.375	4.025
29.435	4.135
POLYLINE BROWN
29.535	3.985
29.585	4.065
POLYLINE BROWN
29.605	3.725
29.625	3.675
29.615	3.655
29.625	3.635
POLYLINE BROWN
29.495	3.765
29.485	3.675
POLYLINE BROWN
29.425	3.835
29.415	3.765
POLYLINE BROWN
29.165	3.885
29.175	3.845
29.175	3.815
POLYLINE BROWN
29.035	3.935
29.045	3.915
29.025	3.835
POLYLINE BROWN
28.935	3.995
28.925	3.925
POLYLINE BROWN
28.805	4.025
28.805	3.955
POLYLINE BROWN
28.675	4.065
28.665	4.005
POLYLINE BROWN
28.555	4.135
28.555	4.085
28.545	4.065
POLYLINE BROWN
29.315	4.055
29.365	4.085
POLYLINE BROWN
29.155	4.045
29.175	4.045
29.185	4.065
POLYLINE BROWN
28.975	4.085
29.025	4.155
POLYLINE BROWN
28.845	4.115
28.865	4.145
POLYLINE BROWN
28.715	4.165
28.745	4.205
POLYLINE BROWN
28.505	4.195
28.585	4.275
POLYLINE BROWN
28.465	4.165
28.455	4.135
POLYLINE BROWN
28.395	4.195
28.395	4.175
28.375	4.125
POLYLINE BROWN
28.205	4.225
28.205	4.185
POLYLINE BROWN
28.095	4.295
28.075	4.205
POLYLINE BROWN
27.935	4.305
27.935	4.265
POLYLINE BROWN
27.845	4.325
27.825	4.265
POLYLINE BROWN
27.755	4.385
27.745	4.345
27.735	4.325
POLYLINE BROWN
27.675	4.415
27.655	4.355
POLYLINE BROWN
27.525	4.455
27.515	4.405
27.515	4.385
POLYLINE BROWN
28.425	4.265
28.465	4.305
POLYLINE BROWN
28.285	4.345
28.325	4.375
POLYLINE BROWN
28.155	4.405
28.195	4.445
POLYLINE BROWN
28.075	4.445
28.115	4.485
POLYLINE BROWN
27.955	4.535
27.975	4.545
POLYLINE BROWN
27.795	4.535
27.815	4.555
POLYLINE BROWN
27.655	4.585
27.665	4.605
POLYLINE BROWN
27.485	4.575
27.535	4.645
POLYLINE BROWN
25.795	3.735
25.795	3.815
25.805	3.835
POLYLINE BROWN
26.015	4.615
26.015	4.585
25.985	4.515
POLYLINE BROWN
26.165	4.615
26.225	4.495
POLYLINE BROWN
27.685	4.635
POLYLINE BROWN
27.455	4.705
27.415	4.675
27.385	4.625
POLYLINE BROWN
27.315	4.735
27.285	4.695
POLYLINE BROWN
27.165	4.775
27.165	4.745
POLYLINE BROWN
27.035	4.765
27.035	4.715
POLYLINE BROWN
26.935	4.775
26.915	4.705
POLYLINE BROWN
26.795	4.745
26.795	4.685
POLYLINE BROWN
26.625	4.725
26.635	4.675
26.655	4.625
POLYLINE BROWN
27.425	4.495
27.415	4.465
POLYLINE BROWN
27.285	4.505
27.285	4.455
POLYLINE BROWN
27.025	4.535
27.025	4.515
POLYLINE BROWN
26.915	4.505
26.925	4.465
POLYLINE BROWN
26.815	4.455
26.835	4.385
POLYLINE BROWN
26.705	4.395
26.735	4.325
POLYLINE BROWN
26.605	4.295
26.635	4.255
POLYLINE BROWN
26.505	4.215
26.535	4.175
POLYLINE BROWN
26.465	4.165
26.515	4.075
POLYLINE BROWN
26.365	4.105
26.395	4.055
26.415	4.015
POLYLINE BROWN
26.285	4.035
26.305	3.995
POLYLINE BROWN
26.155	3.995
26.235	3.925
POLYLINE BROWN
25.015	4.835
POLYLINE BROWN
26.255	3.935
26.165	3.860
26.135	3.860
26.045	3.800
26.015	3.800
25.955	3.755
25.925	3.755
25.865	3.725
25.835	3.740
25.775	3.725
25.745	3.740
25.715	3.725
25.505	3.770
25.475	3.800
25.370	3.800
25.310	3.830
25.280	3.830
25.250	3.860
25.220	3.860
25.130	3.920
25.055	3.935
24.995	3.950
24.875	4.040
24.830	4.055
24.755	4.145
24.710	4.160
POLYLINE BROWN
27.275	4.430
27.245	4.445
27.215	4.430
27.155	4.445
27.125	4.475
27.095	4.475
27.065	4.460
27.035	4.475
26.855	4.385
26.735	4.295
26.720	4.265
26.660	4.235
26.540	4.085
26.420	3.995
26.390	3.995
26.270	3.920
26.210	3.905
26.180	3.875
26.150	3.875
26.120	3.860
POLYLINE BROWN
26.555	4.715
26.345	4.655
26.045	4.595
25.985	4.655
25.865	4.655
25.685	4.805
25.625	4.805
25.415	4.985
24.845	5.495
24.815	5.585
POLYLINE BROWN
30.485	4.265
30.245	4.025
30.035	3.965
29.915	3.935
29.825	4.025
29.765	3.995
29.585	4.085
29.465	4.115
29.255	4.145
29.135	4.145
28.955	4.205
28.895	4.175
28.715	4.235
28.625	4.235
28.505	4.355
28.385	4.385
28.205	4.475
28.085	4.505
27.845	4.625
27.545	4.685
27.485	4.685
27.365	4.775
27.245	4.745
27.185	4.805
27.005	4.745
26.915	4.805
26.735	4.715
26.675	4.745
26.615	4.685
26.495	4.655
26.375	4.625
POLYLINE BROWN
27.155	4.475
27.245	4.475
27.425	4.385
27.635	4.355
27.815	4.265
27.935	4.235
28.385	4.085
28.445	4.115
28.685	3.965
28.745	3.995
28.865	3.905
28.985	3.875
29.045	3.815
29.225	3.815
29.255	3.755
29.375	3.725
29.765	3.635
29.825	3.665
29.945	3.635
30.065	3.635
30.215	3.665
30.275	3.635
30.455	3.695
30.515	3.755
30.575	3.755
30.815	4.085
30.815	4.145
30.905	4.295
31.025	4.475
31.055	4.595
31.145	4.865
31.145	5.435
31.115	5.555
31.055	5.855
POLYLINE BROWN
31.175	5.825
31.115	5.945
30.905	6.005
30.725	5.855
30.725	5.795
30.665	5.735
30.665	5.165
30.695	5.015
30.695	4.835
30.515	4.295
30.425	4.085
POLYLINE BROWN
32.030	4.880
32.000	5.000
31.970	5.270
31.970	5.630
31.940	5.750
31.940	5.870
31.880	6.170
31.790	6.500
31.610	7.010
31.520	7.250
31.430	7.340
31.100	7.760
30.590	8.120
30.320	8.180
29.840	8.330
29.720	8.360
29.630	8.420
29.390	8.480
29.300	8.510
POLYLINE BROWN
28.190	7.760
28.400	7.610
28.640	7.280
28.820	7.040
29.000	6.860
29.210	6.650
29.360	6.560
29.450	6.440
29.570	6.410
29.810	6.260
29.840	6.200
29.960	6.170
30.170	5.990
30.050	5.840
30.050	5.720
29.900	5.240
29.870	5.120
29.810	4.910
POLYLINE BROWN
30.740	4.640
POLYLINE BROWN
31.100	4.700
POLYLINE BROWN
31.980	5.120
31.980	4.760
31.740	3.920
31.680	3.680
31.140	3.140
30.780	2.900
30.600	2.720
30.300	2.720
30.060	2.540
29.580	2.660
29.460	2.600
28.920	2.780
28.800	2.780
28.620	2.960
28.380	3.020
27.240	3.440
POLYLINE BLUE
30.720	2.840
POLYLINE BLUE
30.600	8.960
POLYLINE BLUE
23.385	6.440
23.325	6.485
23.115	6.410
23.070	6.290
23.070	6.140
POLYLINE BLUE
22.275	6.170
22.380	6.245
22.410	6.290
22.350	6.305
22.335	6.275
22.350	6.245
22.425	6.260
22.500	6.320
22.515	6.395
22.515	6.425
22.485	6.485
22.485	6.410
22.500	6.380
22.560	6.380
22.695	6.425
22.755	6.500
22.755	6.530
22.725	6.560
22.695	6.560
22.665	6.575
22.635	6.560
22.620	6.530
22.680	6.455
22.845	6.455
22.920	6.485
22.965	6.545
22.965	6.575
22.920	6.635
22.890	6.635
22.935	6.560
23.025	6.515
23.160	6.515
23.205	6.530
23.265	6.620
23.175	6.635
23.145	6.635
23.160	6.560
23.265	6.515
23.340	6.515
23.415	6.545
23.445	6.575
23.445	6.605
23.415	6.605
23.355	6.560
23.370	6.485
23.475	6.410
23.520	6.410
23.550	6.395
23.475	6.380
23.445	6.350
23.400	6.200
23.415	6.170
23.520	6.140
23.550	6.155
23.580	6.140
23.520	6.035
23.520	6.005
23.535	5.975
23.595	5.945
23.670	5.945
23.715	5.975
23.745	6.020
23.760	6.080
23.670	6.065
23.595	6.005
23.580	5.930
23.670	5.855
23.760	5.915
23.730	5.945
23.655	5.960
23.625	5.945
23.580	5.945
23.535	5.870
23.535	5.810
23.550	5.840
23.490	5.885
23.460	5.885
23.430	5.900
23.370	5.855
23.370	5.855
23.355	5.900
23.295	5.945
23.190	5.975
23.160	5.975
23.130	5.945
23.130	5.870
23.160	5.840
23.145	5.915
23.085	5.975
22.965	5.990
22.860	5.975
22.830	5.900
22.845	5.870
22.845	5.930
22.770	6.020
22.665	6.050
22.560	6.020
22.485	6.020
22.440	5.960
22.500	5.915
22.515	5.975
22.515	6.065
22.470	6.125
22.395	6.110
22.365	6.095
22.395	6.125
22.395	6.185
22.365	6.200
22.455	6.275
22.530	6.380
22.575	6.485
22.695	6.515
22.800	6.605
22.755	6.620
22.620	6.590
22.635	6.560
22.740	6.515
22.875	6.500
23.070	6.560
23.100	6.590
23.115	6.635
23.100	6.695
23.055	6.710
22.905	6.710
22.845	6.680
22.815	6.680
22.800	6.650
22.965	6.545
23.145	6.500
23.205	6.515
23.220	6.545
23.220	6.635
23.130	6.710
23.235	6.605
23.460	6.515
23.580	6.530
23.550	6.515
23.535	6.470
23.565	6.395
23.715	6.275
23.670	6.245
23.655	6.215
23.520	6.125
23.490	6.125
23.445	6.095
23.400	6.020
23.415	5.945
23.430	5.915
23.520	5.840
23.595	5.825
23.595	5.870
23.460	6.050
23.340	6.110
23.265	6.095
23.145	5.960
23.145	5.930
23.205	5.900
23.010	5.990
22.965	6.035
22.830	6.080
22.755	5.990
22.755	5.930
22.830	5.885
22.905	5.870
22.935	5.885
22.950	5.975
22.770	6.155
22.725	6.170
22.620	6.170
22.470	6.095
22.470	6.020
22.515	5.960
22.575	5.945
22.665	5.945
22.770	5.990
22.755	6.065
22.650	6.140
22.560	6.170
22.425	6.170
22.395	6.140
22.425	6.065
22.500	6.005
22.620	6.020
22.800	6.095
22.875	6.185
22.890	6.365
22.845	6.440
22.785	6.455
22.755	6.455
22.695	6.410
22.680	6.380
22.725	6.350
22.830	6.350
22.995	6.395
23.055	6.455
22.920	6.455
22.830	6.395
22.830	6.365
23.025	6.350
23.190	6.395
23.190	6.440
23.145	6.425
23.085	6.425
23.070	6.380
23.100	6.335
23.205	6.275
23.310	6.245
23.385	6.245
23.400	6.290
23.325	6.380
23.295	6.395
23.250	6.335
23.250	6.290
23.325	6.200
23.430	6.215
23.460	6.230
23.460	6.260
23.415	6.320
23.325	6.380
23.175	6.380
23.055	6.335
23.025	6.275
23.025	6.230
23.055	6.185
23.160	6.125
23.265	6.155
23.280	6.185
23.265	6.230
23.175	6.320
23.085	6.365
22.995	6.365
22.905	6.335
22.815	6.335
22.755	6.305
22.680	6.215
22.725	6.155
22.770	6.125
22.920	6.140
22.785	6.215
22.665	6.245
22.485	6.200
22.425	6.155
22.425	6.080
22.455	5.960
22.485	5.945
22.530	5.945
22.665	6.005
22.680	6.050
22.575	6.155
22.440	6.185
22.380	6.170
22.350	6.140
22.305	6.125
22.275	6.095
22.260	6.020
22.260	5.990
22.305	5.945
22.350	5.930
22.470	5.930
22.575	5.990
22.605	6.020
22.605	6.095
22.560	6.185
22.455	6.215
22.410	6.215
22.245	6.155
22.230	6.080
22.230	6.035
22.305	5.975
22.410	5.945
22.515	5.945
22.680	6.020
22.710	6.095
22.680	6.200
22.650	6.245
22.560	6.320
22.485	6.320
22.425	6.305
22.410	6.275
22.410	6.230
22.425	6.200
22.515	6.140
22.770	6.185
22.920	6.260
22.950	6.290
22.950	6.350
22.875	6.395
22.650	6.425
22.470	6.365
22.515	6.275
22.635	6.215
22.740	6.185
22.905	6.185
23.085	6.245
23.115	6.275
23.115	6.350
23.100	6.395
23.070	6.425
23.025	6.440
22.905	6.440
22.845	6.395
22.815	6.350
22.815	6.260
22.830	6.215
22.950	6.140
23.175	6.125
23.370	6.230
23.355	6.260
23.145	6.275
23.040	6.200
22.995	6.140
23.055	6.065
23.205	6.005
23.355	5.990
23.385	6.020
23.430	6.035
23.310	6.080
23.025	6.035
22.980	6.005
22.965	5.975
22.980	5.930
23.160	5.855
23.310	5.855
23.430	5.915
23.505	6.005
23.505	6.065
23.430	6.110
23.310	6.065
23.280	6.020
23.325	5.975
23.460	5.990
23.505	6.005
23.550	6.065
23.565	6.140
23.520	6.275
23.490	6.320
23.490	6.350
23.475	6.380
23.400	6.365
23.340	6.260
23.370	6.200
23.505	6.140
23.640	6.155
23.670	6.170
23.610	6.275
23.535	6.350
23.370	6.440
23.340	6.470
23.310	6.470
23.250	6.410
23.370	6.440
23.385	6.485
23.190	6.590
23.085	6.605
23.010	6.590
22.905	6.500
22.905	6.380
22.965	6.290
23.040	6.230
23.130	6.200
23.250	6.215
23.325	6.275
23.325	6.365
23.295	6.425
23.205	6.515
23.100	6.560
22.980	6.560
22.800	6.530
22.725	6.500
22.695	6.470
22.710	6.395
22.845	6.290
23.145	6.230
23.295	6.275
23.235	6.410
23.145	6.500
23.055	6.560
22.965	6.590
22.845	6.575
22.785	6.500
22.755	6.380
22.755	6.275
22.785	6.095
22.845	6.035
22.965	6.005
23.295	6.110
23.265	6.125
23.295	6.050
23.370	6.035
23.430	6.065
23.460	6.170
23.445	6.215
POLYLINE BROWN
19.050	-1.225
18.960	-1.480
19.020	-1.465
19.080	-1.420
19.155	-1.420
19.215	-1.405
19.275	-1.435
19.290	-1.495
19.290	-1.630
19.275	-1.675
19.230	-1.690
19.185	-1.750
19.125	-1.795
19.050	-1.810
18.990	-1.780
18.975	-1.750
POLYLINE BROWN
19.020	-1.210
19.050	-1.195
19.125	-1.195
19.260	-1.165
POLYLINE BROWN
18.855	-1.585
18.735	-1.765
POLYLINE BROWN
18.615	-1.120
18.585	-1.120
18.555	-1.135
18.510	-1.225
18.510	-1.270
18.525	-1.300
18.525	-1.345
18.615	-1.555
18.585	-1.570
18.555	-1.555
18.495	-1.600
18.465	-1.540
18.465	-1.495
18.495	-1.420
18.600	-1.330
18.615	-1.300
18.675	-1.255
18.690	-1.225
18.645	-1.165
POLYLINE BROWN
17.835	-1.165
17.835	-1.090
17.895	-1.030
17.940	-1.015
18.000	-0.955
18.030	-0.955
18.120	-1.030
18.135	-1.090
18.090	-1.195
18.090	-1.225
18.045	-1.255
17.985	-1.255
17.910	-1.285
POLYLINE BROWN
17.775	-1.090
17.805	-1.120
17.865	-1.300
17.895	-1.345
17.895	-1.375
17.955	-1.570
POLYLINE BROWN
17.580	-0.070
17.685	-0.025
POLYLINE BROWN
17.445	0.350
17.490	0.350
17.550	0.365
17.580	0.395
POLYLINE BROWN
17.490	0.860
17.655	0.815
POLYLINE BROWN
17.610	1.220
17.655	1.220
17.790	1.160
POLYLINE BROWN
17.385	0.575
17.385	0.545
17.460	0.530
17.520	0.515
POLYLINE BLUE
18.045	0.395
17.985	0.395
POLYLINE BLUE
17.715	0.785
17.865	0.785
17.955	0.875
17.895	0.905
17.775	0.875
17.715	0.815
17.715	0.695
17.835	0.695
17.745	0.725
17.715	0.665
17.775	0.605
18.045	0.545
18.195	0.695
18.135	0.695
18.105	0.575
18.105	0.515
18.165	0.515
18.165	0.515
18.075	0.395
18.105	0.245
18.015	0.095
18.015	-0.055
18.045	-0.115
18.135	-0.025
18.165	0.065
18.045	0.035
18.015	-0.025
18.015	-0.025
17.865	0.035
17.745	-0.025
17.865	-0.055
17.955	0.035
17.985	0.095
17.925	0.245
17.775	0.275
17.655	0.275
17.775	0.395
17.745	0.515
17.685	0.575
17.565	0.575
17.655	0.695
17.655	0.755
17.535	0.785
17.625	0.815
17.685	0.785
17.715	0.875
17.625	0.875
17.565	0.755
17.625	0.455
17.715	0.305
17.775	0.275
17.805	0.335
17.685	0.245
17.775	-0.025
17.835	-0.055
18.105	0.005
18.165	0.065
18.195	0.275
18.135	0.335
18.165	0.575
18.195	0.725
18.015	0.815
17.955	0.905
17.955	0.965
17.895	0.965
17.595	0.845
17.595	0.965
17.535	0.755
17.535	0.455
17.625	0.215
17.805	0.065
17.775	-0.055
17.745	-0.115
17.925	-0.235
17.985	-0.235
18.135	-0.055
18.015	0.155
17.895	0.185
17.805	0.125
17.805	0.215
17.955	0.455
17.955	0.545
17.985	0.605
17.835	0.755
17.715	0.785
17.655	0.755
17.775	0.725
17.925	0.515
POLYLINE BLUE
17.565	0.695
17.565	0.635
17.625	0.575
17.775	0.605
17.835	0.665
POLYLINE BROWN
17.655	-0.205
17.715	-0.235
17.775	-0.205
POLYLINE BROWN
17.595	0.095
17.715	0.125
17.775	0.095
POLYLINE BROWN
17.535	0.275
17.625	0.275
17.685	0.305
POLYLINE BROWN
17.475	0.575
17.565	0.545
POLYLINE BROWN
17.445	0.815
17.505	0.755
17.565	0.785
POLYLINE BROWN
17.535	1.115
17.715	0.995
POLYLINE BROWN
19.275	2.495
19.275	2.165
19.155	1.625
19.005	1.415
18.735	1.235
18.615	1.235
18.495	1.205
18.345	1.235
17.925	1.415
17.685	1.325
17.565	1.205
17.415	0.665
17.385	0.545
17.445	0.245
17.535	0.095
17.505	-0.055
17.565	-0.205
17.625	-0.205
17.745	-0.325
POLYLINE BROWN
20.475	7.085
19.905	6.545
19.815	6.395
19.695	6.305
19.575	6.095
19.335	5.825
19.215	5.495
19.185	5.225
19.155	5.105
19.155	4.895
19.125	4.685
19.125	4.385
19.155	4.175
19.155	3.995
19.245	3.575
19.305	3.245
19.335	3.005
19.335	2.675
19.305	2.405
19.305	2.255
POLYLINE BROWN
23.295	8.705
22.935	8.765
22.725	8.765
22.545	8.675
22.365	8.645
22.305	8.585
22.185	8.555
22.065	8.525
22.005	8.465
21.885	8.435
21.615	8.285
21.495	8.135
21.435	8.135
21.405	8.045
21.225	7.925
20.535	7.235
20.385	6.935
20.265	6.785
20.175	6.575
POLYLINE BROWN
28.725	3.905
28.725	3.770
28.710	3.740
POLYLINE BROWN
28.590	3.410
28.680	3.590
POLYLINE BROWN
25.710	3.845
25.635	3.785
POLYLINE BROWN
25.365	3.965
25.335	3.950
POLYLINE BROWN
25.650	3.920
POLYLINE BROWN
26.010	3.830
25.920	3.725
POLYLINE BROWN
26.145	3.845
26.145	3.815
26.130	3.755
POLYLINE BROWN
28.455	3.845
POLYLINE BROWN
26.370	4.475
26.370	4.505
26.325	4.610
POLYLINE BROWN
26.100	4.385
26.100	4.505
POLYLINE BROWN
26.325	4.490
POLYLINE BROWN
26.340	4.580
POLYLINE BROWN
26.100	4.520
POLYLINE BROWN
25.815	4.565
25.800	4.490
POLYLINE BROWN
25.575	4.730
25.410	4.550
POLYLINE BROWN
25.440	4.985
25.410	4.985
25.290	4.940
POLYLINE BROWN
25.215	5.330
25.005	5.225
POLYLINE BROWN
25.035	5.555
24.855	5.405
POLYLINE BROWN
24.825	5.630
POLYLINE BROWN
24.705	5.495
24.735	5.525
POLYLINE BROWN
28.845	3.755
POLYLINE BROWN
20.595	4.775
POLYLINE BROWN
20.775	4.835
20.715	4.835
POLYLINE BROWN
20.985	4.985
20.925	5.045
POLYLINE BROWN
21.195	5.105
21.165	5.195
POLYLINE BROWN
21.375	5.315
21.315	5.375
POLYLINE BROWN
21.615	5.795
21.645	5.645
POLYLINE BROWN
21.765	6.215
POLYLINE BROWN
22.065	6.515
22.095	6.395
22.095	6.305
POLYLINE BROWN
22.305	6.785
22.305	6.665
POLYLINE BROWN
22.575	6.875
22.575	6.815
POLYLINE BROWN
23.085	6.935
23.025	6.875
POLYLINE BROWN
23.445	6.515
23.385	6.485
POLYLINE BROWN
23.685	6.215
23.535	6.185
POLYLINE BROWN
23.805	5.765
23.655	5.705
POLYLINE BROWN
23.865	5.315
23.805	5.285
POLYLINE BROWN
24.015	5.015
POLYLINE BROWN
24.285	4.685
24.225	4.625
24.165	4.625
POLYLINE BROWN
24.405	4.415
POLYLINE BROWN
24.705	4.325
24.645	4.265
POLYLINE BROWN
25.005	4.175
24.945	4.115
POLYLINE BROWN
25.185	4.025
25.065	3.965
POLYLINE BROWN
25.455	3.875
25.395	3.815
POLYLINE BROWN
25.785	3.695
POLYLINE BROWN
25.545	4.505
POLYLINE BROWN
25.335	4.745
POLYLINE BROWN
25.125	5.015
POLYLINE BROWN
24.795	5.225
24.915	5.285
POLYLINE BROWN
24.765	5.495
POLYLINE BROWN
24.465	5.615
24.585	5.705
POLYLINE BROWN
24.165	5.975
24.285	6.005
POLYLINE BROWN
23.895	6.305
24.015	6.335
POLYLINE BROWN
23.955	6.605
24.015	6.575
24.075	6.605
POLYLINE BROWN
23.895	6.815
23.955	6.845
24.075	6.815
POLYLINE BROWN
23.685	6.995
23.865	7.055
POLYLINE BROWN
23.595	7.145
23.655	7.205
23.715	7.205
POLYLINE BROWN
23.415	7.265
23.535	7.385
POLYLINE BROWN
23.205	7.265
23.235	7.385
POLYLINE BROWN
23.055	7.265
23.085	7.355
POLYLINE BROWN
22.815	7.295
POLYLINE BROWN
22.605	7.235
22.635	7.295
POLYLINE BROWN
22.365	7.085
22.455	7.205
POLYLINE BROWN
22.125	6.905
22.155	6.965
POLYLINE BROWN
21.975	6.935
POLYLINE BROWN
21.765	6.605
21.825	6.725
POLYLINE BROWN
21.585	6.395
21.585	6.455
POLYLINE BROWN
21.495	6.275
POLYLINE BROWN
21.285	6.125
POLYLINE BROWN
21.165	5.885
21.165	5.945
POLYLINE BROWN
21.105	5.795
21.105	5.855
POLYLINE BROWN
20.895	5.615
POLYLINE BROWN
20.715	5.375
20.685	5.495
POLYLINE BROWN
20.505	5.315
POLYLINE BROWN
20.385	5.135
POLYLINE BROWN
20.205	5.015
20.595	5.405
20.985	5.795
21.255	6.125
21.375	6.245
21.435	6.395
22.065	6.995
22.245	7.145
22.635	7.355
22.755	7.385
23.085	7.475
23.205	7.445
23.355	7.445
23.475	7.415
23.595	7.415
23.685	7.355
23.745	7.355
23.775	7.295
23.835	7.295
23.985	7.145
24.105	6.935
24.105	6.875
24.165	6.785
24.165	6.575
24.195	6.455
24.225	6.335
24.255	6.185
24.435	5.945
24.495	5.945
24.645	5.735
24.855	5.645
24.975	5.525
POLYLINE BROWN
20.595	4.715
20.715	4.745
20.865	4.865
20.985	4.865
21.225	5.015
21.465	5.255
21.555	5.405
21.555	5.465
21.645	5.615
21.765	5.885
22.245	6.485
22.425	6.665
22.635	6.815
22.815	6.845
22.935	6.815
23.055	6.785
23.115	6.725
23.235	6.725
23.415	6.515
23.475	6.365
23.595	6.185
23.655	5.885
23.685	5.585
23.745	5.315
23.775	5.165
23.925	4.835
24.015	4.745
24.165	4.565
24.195	4.475
24.615	4.175
24.825	4.055
POLYLINE BLUE
22.455	6.095
22.575	6.125
22.635	6.185
22.845	6.185
22.905	6.155
22.965	6.185
23.055	6.125
23.175	6.095
23.385	6.065
23.565	5.915
23.655	5.915
24.045	5.495
24.135	5.285
24.345	5.075
24.465	4.925
24.615	4.865
24.885	4.685
25.155	4.565
25.305	4.445
POLYLINE BLUE
22.485	6.125
22.755	6.185
22.905	6.185
22.965	6.245
23.415	6.125
23.625	5.945
23.715	5.915
24.015	5.615
24.105	5.525
24.165	5.435
24.255	5.405
24.375	5.195
24.675	4.955
24.885	4.745
25.035	4.655
25.185	4.475
POLYLINE BLUE
17.445	0.215
17.535	0.185
17.715	0.005
17.835	-0.025
18.015	-0.175
18.225	-0.145
18.435	-0.085
18.555	-0.085
18.885	0.095
18.945	0.095
19.275	0.305
19.365	0.455
19.575	0.785
19.665	1.085
19.755	1.235
19.935	1.745
20.025	2.045
20.025	2.135
20.085	2.315
20.085	2.405
20.055	2.525
20.055	3.365
20.115	3.785
20.145	3.905
20.175	4.085
20.235	4.355
20.385	4.715
20.595	5.045
20.685	5.075
20.985	5.405
21.105	5.555
21.255	5.645
21.375	5.735
21.675	5.855
21.945	6.035
POLYLINE BLUE
17.595	0.275
17.595	0.155
17.715	0.065
17.775	0.065
17.805	0.005
17.895	-0.025
17.955	0.005
18.075	-0.025
18.195	-0.055
18.315	-0.025
18.465	0.065
18.585	0.095
18.615	0.155
18.675	0.125
18.975	0.305
19.275	0.455
19.515	0.725
19.665	0.965
19.665	1.055
19.815	1.475
19.815	1.565
19.875	1.745
19.875	1.925
20.025	2.675
20.055	2.945
20.085	3.065
20.085	3.185
20.145	3.455
20.205	3.785
20.295	4.235
20.505	4.745
20.655	4.985
20.955	5.225
21.135	5.405
21.255	5.495
21.375	5.495
21.855	5.945
21.975	6.035
22.095	6.035
22.335	6.155
22.395	6.125
22.455	6.185
22.575	6.215
22.785	6.275
POLYLINE BROWN
17.535	-0.145
17.535	-0.205
17.895	-0.445
18.015	-0.475
18.195	-0.535
18.405	-0.505
18.555	-0.505
19.575	0.005
20.085	0.515
20.235	0.815
20.415	1.355
20.475	1.865
20.505	2.135
20.505	3.515
20.565	3.725
20.715	3.965
20.715	4.025
20.805	4.055
20.865	4.025
20.925	4.085
20.985	4.085
POLYLINE BROWN
23.025	2.915
22.905	2.885
22.725	2.945
22.605	2.975
22.275	3.125
22.215	3.125
22.155	3.185
22.035	3.215
21.465	3.785
21.465	3.845
21.405	3.845
21.255	3.995
21.135	4.025
20.925	4.025
20.745	3.905
POLYLINE BROWN
28.005	4.985
27.915	5.075
27.585	5.255
27.165	5.585
26.985	5.705
POLYLINE BROWN
27.945	5.165
28.215	5.075
28.605	4.655
28.815	4.535
28.905	4.535
28.965	4.505
29.025	4.535
29.295	4.445
29.475	4.565
29.685	4.775
29.775	4.985
29.835	5.045
POLYLINE BROWN
27.885	3.455
27.705	3.455
27.645	3.485
27.555	3.455
27.495	3.485
27.225	3.425
27.165	3.455
27.045	3.395
26.895	3.425
26.685	3.335
26.595	3.335
26.475	3.275
26.385	3.275
25.875	3.065
25.695	3.065
25.575	2.975
25.485	2.975
25.065	2.855
24.855	2.855
24.795	2.825
24.675	2.855
24.405	2.855
24.255	2.825
24.015	2.915
23.835	2.915
23.745	2.945
23.685	2.915
23.625	2.945
23.565	2.915
23.445	2.945
23.295	2.915
23.145	2.915
POLYLINE BROWN
23.265	8.735
23.385	8.735
23.475	8.705
23.535	8.735
23.655	8.705
23.865	8.675
23.985	8.705
24.135	8.705
24.525	8.555
24.795	8.435
24.855	8.435
25.125	8.225
25.185	8.225
25.545	7.865
25.605	7.865
26.055	7.385
26.145	7.235
26.235	7.085
26.625	6.425
26.715	6.275
26.715	6.215
26.925	5.915
26.985	5.765
27.255	5.525
27.375	5.465
POLYLINE BLUE
14.595	-1.555
14.385	-1.825
14.145	-2.005
14.025	-2.125
13.965	-2.275
13.815	-2.365
13.695	-2.395
13.605	-2.455
13.545	-2.455
13.485	-2.515
13.425	-2.515
13.305	-2.605
13.155	-2.605
12.915	-2.755
12.825	-2.755
12.525	-2.935
12.255	-2.965
12.105	-2.965
11.985	-2.995
11.865	-2.995
11.715	-2.965
11.595	-2.965
11.505	-2.905
11.355	-2.905
10.965	-2.665
10.695	-2.395
10.245	-1.945
10.095	-1.705
9.915	-1.405
9.615	-1.165
9.555	-1.165
9.465	-1.105
9.345	-1.075
POLYLINE BLUE
9.375	-1.015
9.645	-1.045
10.065	-1.315
10.335	-1.555
10.485	-1.705
10.485	-1.765
10.545	-1.825
10.605	-2.125
10.725	-2.395
10.935	-2.665
11.055	-2.785
11.415	-3.145
11.535	-3.175
11.595	-3.145
11.745	-3.205
11.895	-3.205
12.015	-3.235
12.285	-3.145
12.405	-3.085
12.555	-2.935
12.765	-2.785
13.035	-2.665
13.425	-2.335
14.055	-1.765
14.265	-1.645
14.325	-1.555
14.535	-1.435
POLYLINE GREEN
15.375	-1.945
POLYLINE GREEN
15.315	-1.915
POLYLINE GREEN
15.195	-1.795
POLYLINE GREEN
14.925	-1.705
14.985	-1.615
POLYLINE GREEN
14.745	-1.585
14.835	-1.465
POLYLINE GREEN
14.595	-1.435
14.685	-1.345
POLYLINE GREEN
14.565	-1.195
14.625	-1.165
POLYLINE GREEN
14.535	-1.045
14.595	-1.015
POLYLINE GREEN
14.415	-0.895
14.535	-0.865
14.595	-0.835
POLYLINE GREEN
15.255	-1.975
14.805	-1.705
14.745	-1.675
14.745	-1.615
14.625	-1.495
14.505	-1.285
14.385	-0.745
POLYLINE GREEN
10.245	-2.215
10.275	-2.275
POLYLINE GREEN
10.335	-1.945
POLYLINE GREEN
10.365	-1.615
10.485	-1.735
POLYLINE GREEN
10.425	-1.435
10.605	-1.555
POLYLINE GREEN
10.665	-1.255
10.665	-1.315
10.725	-1.405
POLYLINE GREEN
10.785	-1.045
10.875	-1.165
POLYLINE GREEN
10.905	-0.805
11.055	-1.045
POLYLINE GREEN
11.055	-0.775
10.875	-0.925
10.695	-1.045
10.605	-1.165
10.515	-1.315
10.305	-1.645
10.215	-1.945
10.215	-2.035
10.185	-2.155
10.185	-2.545
POLYLINE BLUE
9.525	-1.225
9.645	-1.255
9.705	-1.315
9.855	-1.345
10.155	-1.585
10.275	-1.705
10.425	-1.975
10.665	-2.305
10.725	-2.365
10.725	-2.425
10.935	-2.695
11.265	-2.905
11.325	-2.905
11.505	-3.085
11.685	-3.145
11.925	-3.115
12.015	-3.115
12.135	-3.085
12.195	-3.115
12.315	-3.025
12.525	-2.965
12.705	-2.875
12.765	-2.875
12.885	-2.785
POLYLINE GREEN
14.085	-0.895
13.785	-1.105
13.665	-1.135
13.455	-1.225
13.005	-1.225
12.945	-1.255
12.855	-1.225
12.555	-1.225
12.495	-1.195
12.435	-1.225
12.285	-1.135
12.165	-1.135
12.045	-1.105
11.985	-1.045
11.865	-1.015
11.685	-0.925
11.625	-0.925
11.595	-0.865
11.505	-0.865
11.325	-0.745
11.265	-0.745
11.205	-0.685
11.145	-0.715
11.025	-0.625
10.965	-0.655
10.725	-0.565
10.665	-0.595
10.545	-0.565
10.485	-0.505
10.425	-0.565
10.185	-0.535
10.125	-0.535
10.065	-0.475
POLYLINE GREEN
19.095	2.525
18.975	2.435
18.885	2.435
18.705	2.375
18.615	2.375
18.555	2.315
18.465	2.315
18.345	2.285
18.285	2.285
18.105	2.225
18.015	2.225
17.445	1.985
17.415	1.925
16.665	1.565
16.275	1.325
15.825	0.845
15.315	0.155
15.255	0.125
15.045	-0.145
14.535	-0.655
14.385	-0.775
14.175	-0.865
13.905	-0.985
13.845	-1.075
13.785	-1.075
POLYLINE GREEN
23.205	1.535
23.205	1.445
23.235	1.385
POLYLINE GREEN
23.385	1.475
23.175	1.325
POLYLINE GREEN
22.335	-0.085
22.335	0.095
POLYLINE GREEN
22.245	0.215
22.305	0.155
POLYLINE GREEN
22.305	0.485
22.365	0.425
22.425	0.455
22.485	0.425
POLYLINE GREEN
22.485	0.785
22.605	0.665
22.665	0.635
POLYLINE GREEN
22.575	0.965
22.665	0.845
POLYLINE GREEN
22.785	1.235
22.845	0.965
POLYLINE GREEN
23.025	1.445
23.175	1.235
POLYLINE GREEN
23.295	1.415
23.145	1.265
22.845	1.025
22.455	0.395
22.365	0.095
POLYLINE GREEN
23.475	0.755
23.415	0.455
23.415	0.395
23.355	0.335
23.325	0.215
23.115	0.065
22.995	0.035
22.845	0.005
22.785	0.005
22.695	-0.055
22.575	-0.025
22.305	-0.055
22.245	-0.025
22.125	-0.055
21.975	-0.025
21.855	-0.055
21.795	-0.025
21.645	-0.055
21.525	-0.025
POLYLINE GREEN
16.905	-1.165
17.115	-0.985
17.835	-0.655
17.985	-0.565
18.105	-0.535
18.315	-0.475
18.465	-0.475
18.945	-0.355
19.365	-0.355
19.455	-0.325
19.935	-0.385
20.085	-0.445
20.355	-0.445
20.805	-0.295
21.645	0.065
POLYLINE GREEN
16.935	-1.075
16.395	-1.435
16.185	-1.525
16.065	-1.615
15.855	-1.735
15.795	-1.795
15.735	-1.795
15.495	-2.035
15.285	-2.125
14.715	-2.635
14.085	-3.115
13.725	-3.325
13.575	-3.325
13.515	-3.265
13.005	-3.235
POLYLINE GREEN
19.155	2.585
19.515	2.675
19.725	2.795
19.905	2.825
20.085	2.915
20.145	2.915
20.295	3.005
20.445	3.065
20.535	3.065
20.805	3.155
21.255	3.305
21.315	3.365
21.435	3.365
21.765	3.485
21.915	3.455
21.975	3.515
22.035	3.485
22.185	3.515
22.275	3.515
22.395	3.485
22.515	3.455
22.575	3.485
22.815	3.305
22.875	3.305
22.965	3.155
23.055	3.065
23.235	2.735
23.235	2.675
23.295	2.615
23.325	2.495
23.385	2.255
23.385	2.105
23.415	1.985
23.415	1.445
23.475	1.205
23.475	1.055
23.505	0.935
23.505	0.725
23.535	0.605
23.535	0.545
POLYLINE GREEN
9.975	1.655
POLYLINE GREEN
9.615	-1.675
9.915	-1.915
10.305	-2.545
10.755	-3.055
10.815	-3.055
10.995	-3.175
11.205	-3.235
11.265	-3.295
11.385	-3.325
11.445	-3.295
11.625	-3.355
11.745	-3.325
12.075	-3.445
12.195	-3.475
12.255	-3.445
12.315	-3.505
12.765	-3.325
12.825	-3.265
12.885	-3.265
12.975	-3.205
13.095	-3.175
POLYLINE BLACK
19.470	1.850
19.530	1.850
POLYLINE BLACK
19.320	1.880
19.440	1.820
POLYLINE BLACK
19.050	1.880
19.110	1.850
POLYLINE BLACK
18.900	1.640
18.960	1.580
19.020	1.580
POLYLINE BLACK
18.690	1.430
POLYLINE BLACK
18.480	1.310
18.660	1.160
POLYLINE BLACK
18.360	1.040
POLYLINE BLACK
18.120	0.980
18.180	0.950
POLYLINE BLACK
17.910	1.070
17.910	0.950
POLYLINE BLACK
17.760	1.190
17.760	1.040
POLYLINE BLACK
17.580	1.430
17.520	1.370
17.520	1.310
POLYLINE BLACK
16.200	2.990
16.320	3.110
POLYLINE BLACK
17.280	1.760
17.340	1.790
POLYLINE BLACK
17.250	2.060
POLYLINE BLACK
17.100	2.210
17.160	2.210
POLYLINE BLACK
16.950	2.360
17.010	2.360
POLYLINE BLACK
16.710	2.480
16.830	2.540
POLYLINE BLACK
16.620	2.690
16.740	2.750
POLYLINE BLACK
16.380	2.810
16.560	2.870
POLYLINE BLACK
16.260	2.900
16.380	2.960
16.410	3.020
POLYLINE BLACK
16.200	2.990
16.500	2.750
16.590	2.600
16.740	2.510
17.010	2.240
17.040	2.120
17.160	1.970
17.160	1.910
17.220	1.850
POLYLINE BLACK
16.860	3.160
16.540	3.240
POLYLINE BLACK
17.140	2.880
POLYLINE BLACK
17.380	2.720
17.220	2.680
POLYLINE BLACK
17.700	2.520
17.620	2.480
POLYLINE BLACK
17.980	2.200
17.820	2.120
POLYLINE BLACK
18.380	2.120
18.300	2.120
18.220	2.040
POLYLINE BLACK
18.660	2.200
18.660	2.120
18.580	2.040
POLYLINE BLACK
19.700	4.280
19.780	4.320
POLYLINE BLACK
19.420	3.720
19.660	3.680
19.740	3.720
POLYLINE BLACK
19.420	3.160
19.660	3.160
POLYLINE BLACK
19.260	2.800
19.340	2.760
19.420	2.800
POLYLINE BLACK
19.020	2.400
19.180	2.320
POLYLINE BLACK
16.340	3.400
16.500	3.360
16.700	3.240
16.860	3.200
17.380	2.680
17.460	2.680
17.580	2.560
17.740	2.520
18.060	2.320
18.100	2.240
18.180	2.240
18.260	2.160
18.660	2.160
18.740	2.080
18.900	2.160
POLYLINE BLACK
21.180	-0.320
21.180	-0.400
21.220	-0.320
21.220	-0.400
POLYLINE BLACK
21.300	0.840
21.340	0.920
21.300	1.000
21.420	1.160
21.580	1.200
21.780	0.880
21.740	0.720
21.740	0.640
21.620	0.440
21.500	0.360
21.340	0.320
21.220	0.160
21.220	0.000
POLYLINE BLACK
20.700	0.440
20.620	0.440
POLYLINE BLACK
20.580	1.080
20.740	1.200
20.820	1.200
20.860	1.080
20.780	0.840
POLYLINE BLACK
20.020	1.280
20.020	1.560
19.900	1.800
19.780	1.800
19.700	1.880
19.380	1.800
19.020	1.440
18.660	0.880
18.300	0.760
18.220	0.680
18.060	0.680
17.820	0.760
17.540	0.960
17.260	1.440
17.220	1.640
POLYLINE BLACK
19.540	5.160
19.940	5.080
20.340	4.840
20.540	4.640
20.660	4.600
21.060	4.120
21.220	3.800
21.300	3.360
21.300	3.080
21.180	2.760
21.180	2.640
20.900	1.960
20.860	1.760
20.820	1.680
POLYLINE BLACK
19.260	2.800
19.380	3.320
19.580	4.120
19.620	4.480
19.660	4.640
19.700	5.000
POLYLINE BLACK
18.100	3.040
17.900	3.120
17.380	3.520
17.300	3.520
17.060	3.720
16.620	3.840
16.540	3.840
POLYLINE BLACK
17.980	3.080
18.540	2.640
18.940	2.240
19.060	2.520
19.300	2.800
19.380	2.960
POLYLINE BLACK
16.420	1.200
16.500	1.280
16.500	1.400
16.540	1.560
16.540	1.920
16.620	2.240
16.860	2.040
17.060	1.920
17.180	1.800
17.300	1.600
17.540	1.320
POLYLINE BLUE
17.460	2.720
POLYLINE BLUE
15.740	1.000
15.980	1.200
POLYLINE BLUE
15.820	1.040
POLYLINE BLUE
16.420	2.520
POLYLINE BLUE
17.100	2.720
POLYLINE BLUE
17.100	2.720
POLYLINE BLUE
16.620	2.640
POLYLINE BLUE
15.860	1.400
POLYLINE BLUE
15.740	1.200
POLYLINE BLUE
15.460	1.000
POLYLINE BLUE
16.580	2.160
POLYLINE BLACK
15.140	1.400
POLYLINE BLACK
15.300	1.920
POLYLINE BLACK
15.340	2.200
POLYLINE BLACK
15.420	2.600
POLYLINE BLACK
15.500	2.840
POLYLINE BLACK
15.660	3.080
15.660	3.000
15.500	3.120
POLYLINE BLACK
15.820	3.160
15.660	3.280
POLYLINE BLACK
16.220	3.280
16.100	3.440
POLYLINE BLACK
15.740	3.080
15.820	3.040
POLYLINE BLACK
15.460	2.880
15.540	2.880
POLYLINE BLACK
15.260	2.640
POLYLINE BLACK
15.260	2.120
POLYLINE BLACK
15.340	1.840
15.420	1.880
POLYLINE BLACK
15.420	1.440
15.500	1.480
POLYLINE BLACK
15.500	1.240
POLYLINE BLACK
15.420	0.920
15.660	0.920
POLYLINE BLACK
16.260	3.000
16.140	3.080
15.900	3.080
15.580	2.840
15.460	2.400
15.420	2.120
15.580	1.520
15.580	1.400
15.620	1.240
15.620	1.040
15.420	0.560
15.420	0.560
POLYLINE BLACK
16.460	3.360
16.100	3.440
15.860	3.360
15.740	3.360
15.500	3.240
15.380	3.120
15.260	2.680
15.220	2.360
15.260	2.200
15.260	1.680
15.100	1.280
14.860	1.080
14.620	1.040
14.300	1.120
14.220	1.120
POLYLINE BLACK
16.420	1.520
16.100	1.880
15.660	2.400
15.540	2.520
15.900	2.680
16.180	2.720
POLYLINE BLACK
16.820	3.800
16.580	3.880
16.460	3.960
16.300	3.960
16.220	4.040
16.060	4.040
15.740	4.120
15.580	4.040
15.500	4.080
15.300	4.040
14.820	3.560
14.740	3.360
14.740	3.240
14.660	2.920
14.660	2.320
14.740	1.960
14.580	1.440
14.500	1.400
14.460	1.280
14.220	1.000
POLYLINE BLACK
10.500	0.840
10.220	0.720
10.020	0.760
9.860	0.760
9.820	0.880
9.260	1.440
8.820	1.880
8.660	2.000
8.500	2.000
7.740	2.240
7.380	2.280
7.260	2.280
7.100	2.320
6.940	2.320
6.780	2.360
6.540	2.360
6.300	2.520
6.180	2.520
6.020	2.560
5.860	2.560
5.420	2.440
5.060	2.440
POLYLINE BLACK
10.140	5.840
POLYLINE BLACK
14.100	0.920
14.180	0.880
POLYLINE BLACK
13.940	0.640
14.060	0.680
POLYLINE BLACK
13.860	0.360
POLYLINE BLACK
13.700	0.240
POLYLINE BLACK
13.340	0.160
13.420	0.080
POLYLINE BLACK
13.060	0.160
13.100	0.080
POLYLINE BLACK
12.700	0.080
12.780	-0.200
12.860	-0.240
POLYLINE BLACK
12.420	0.160
12.460	0.000
POLYLINE BLACK
12.260	0.080
12.220	-0.120
POLYLINE BLACK
12.020	0.160
11.980	0.080
POLYLINE BLACK
11.740	0.200
11.700	0.040
POLYLINE BLACK
11.500	0.200
11.460	0.120
POLYLINE BLACK
11.260	0.400
11.100	0.120
POLYLINE BLACK
14.140	1.200
14.140	1.120
14.020	0.920
13.700	0.400
13.260	0.240
12.740	0.240
12.580	0.200
12.460	0.240
12.300	0.200
11.980	0.240
11.740	0.240
11.380	0.360
11.180	0.440
10.980	0.680
POLYLINE BLACK
15.700	0.720
POLYLINE BLACK
15.180	0.600
POLYLINE BLACK
14.780	0.440
14.860	0.440
14.900	0.320
14.980	0.320
POLYLINE BLACK
14.500	0.200
14.660	0.120
POLYLINE BLACK
14.180	-0.040
14.380	-0.200
POLYLINE BLACK
14.140	-0.480
14.060	-0.520
13.940	-0.360
POLYLINE BLACK
16.340	0.840
16.100	0.760
15.900	0.720
15.500	0.600
15.300	0.480
15.220	0.520
14.620	0.160
14.340	-0.200
13.940	-0.760
13.900	-0.880
POLYLINE BLACK
14.180	-0.920
14.420	-0.880
14.940	-0.640
15.020	-0.560
15.140	-0.560
15.460	-0.240
16.300	0.600
16.340	0.760
16.460	0.920
16.460	1.080
16.500	1.240
16.500	1.600
POLYLINE BLACK
14.580	1.440
14.500	1.440
14.420	1.360
13.620	1.200
13.260	1.320
13.020	1.320
12.940	1.360
12.740	1.160
12.620	0.920
12.620	0.800
12.540	0.560
12.540	0.640
12.420	0.640
12.100	0.880
12.060	0.960
11.940	0.960
11.900	1.040
11.740	1.040
11.540	0.920
11.380	0.880
11.300	0.920
11.140	0.800
10.980	0.840
10.900	0.760
10.180	0.760
POLYLINE BLACK
9.820	-1.680
9.940	-1.920
10.180	-2.120
10.500	-2.320
10.740	-2.280
11.260	-2.040
11.340	-2.040
11.900	-1.560
11.980	-1.400
12.180	-1.240
12.500	-1.240
12.780	-1.200
13.100	-1.200
13.340	-1.120
13.420	-1.160
13.780	-1.040
13.900	-1.040
13.980	-0.960
14.060	-0.960
14.300	-0.800
POLYLINE BLACK
5.620	2.560
5.500	2.560
5.420	2.520
5.020	2.640
4.660	2.680
4.500	2.720
4.420	2.720
4.220	2.840
3.660	3.000
3.580	3.000
3.300	3.080
3.220	3.080
3.060	3.160
2.740	3.200
2.580	3.160
2.420	3.200
1.740	3.320
1.300	3.400
POLYLINE BLACK
9.300	-0.600
9.420	-0.880
POLYLINE BLACK
9.660	-0.520
9.660	-0.600
9.740	-0.640
9.740	-0.720
POLYLINE BLACK
9.940	-0.320
10.020	-0.480
POLYLINE BLACK
10.220	-0.200
10.340	-0.320
POLYLINE BLACK
10.500	-0.040
10.580	-0.160
POLYLINE BLACK
10.620	0.280
10.700	0.200
POLYLINE BLACK
10.580	0.560
10.740	0.440
POLYLINE BLACK
7.900	-0.520
8.260	-0.520
8.420	-0.560
8.780	-0.480
9.140	-0.440
9.300	-0.480
9.540	-0.480
9.700	-0.440
9.820	-0.440
9.900	-0.400
9.980	-0.440
10.060	-0.360
10.220	-0.320
10.500	0.000
10.620	0.360
10.620	0.720
POLYLINE BLUE
8.440	-1.160
8.080	-1.240
7.880	-1.200
7.760	-1.200
7.680	-1.240
7.600	-1.200
7.240	-1.360
6.840	-1.360
6.760	-1.440
6.560	-1.480
6.320	-1.560
6.160	-1.680
5.960	-1.680
5.760	-1.760
5.520	-1.920
5.120	-1.920
5.000	-1.960
4.640	-1.960
4.280	-2.040
4.160	-2.000
4.080	-2.040
3.880	-2.000
3.800	-2.040
3.400	-1.960
3.040	-1.680
2.720	-1.120
2.280	-0.760
1.440	-0.280
POLYLINE BLUE
1.480	-0.400
1.640	-0.440
2.040	-0.640
2.120	-0.720
2.600	-0.880
2.840	-1.000
2.920	-1.000
3.160	-1.240
3.320	-1.400
3.680	-1.760
4.080	-1.880
4.240	-1.840
4.800	-1.840
4.960	-1.880
5.360	-1.800
5.520	-1.720
5.640	-1.760
6.120	-1.680
6.200	-1.680
6.280	-1.600
6.680	-1.600
6.800	-1.560
6.880	-1.600
7.160	-1.520
7.760	-1.520
7.960	-1.400
8.360	-1.320
8.760	-1.120
POLYLINE BLUE
1.240	-0.280
1.600	-0.440
1.840	-0.600
1.960	-0.600
2.040	-0.680
2.760	-1.000
3.400	-1.640
3.760	-1.800
3.920	-1.840
4.000	-1.880
4.080	-1.840
4.240	-1.880
4.760	-1.800
4.920	-1.800
5.280	-1.680
5.880	-1.520
6.520	-1.480
7.080	-1.480
7.240	-1.440
7.400	-1.400
7.600	-1.320
7.720	-1.320
8.120	-1.120
8.280	-1.000
8.560	-0.960
8.800	-0.920
8.920	-0.960
9.000	-0.920
9.160	-0.920
9.240	-0.960
POLYLINE BLACK
8.360	0.440
8.520	0.080
8.600	0.440
8.720	0.600
8.400	0.520
POLYLINE BLACK
7.360	0.840
7.560	0.360
7.800	0.760
7.560	0.880
7.320	0.920
POLYLINE BLACK
5.240	1.040
5.360	0.600
5.560	1.040
5.560	1.120
5.320	1.040
POLYLINE BLACK
7.800	-0.640
7.880	-0.640
POLYLINE BLACK
7.520	-0.640
POLYLINE BLACK
7.200	-0.640
7.280	-0.800
POLYLINE BLACK
6.760	-0.680
6.840	-0.760
POLYLINE BLACK
6.400	-0.720
6.480	-0.920
POLYLINE BLACK
5.960	-0.760
6.040	-0.880
POLYLINE BLACK
5.640	-0.840
5.680	-1.000
POLYLINE BLACK
5.320	-0.920
5.440	-1.080
POLYLINE BLACK
4.920	-0.960
5.000	-1.040
POLYLINE BLACK
4.640	-0.920
4.680	-1.080
POLYLINE BLACK
4.320	-0.920
4.280	-1.120
POLYLINE BLACK
4.080	-0.800
4.080	-0.960
POLYLINE BLACK
3.800	-0.640
3.800	-0.760
3.760	-0.840
POLYLINE BLACK
3.680	-0.480
3.600	-0.640
POLYLINE BLACK
3.440	-0.320
3.360	-0.480
POLYLINE BLACK
3.360	-0.080
3.600	-0.440
4.000	-0.720
4.080	-0.720
4.160	-0.800
4.360	-0.840
4.680	-0.920
4.960	-0.920
5.160	-0.880
5.240	-0.800
5.440	-0.800
6.000	-0.720
6.160	-0.720
6.720	-0.600
6.920	-0.600
7.000	-0.520
7.080	-0.560
7.320	-0.480
7.520	-0.520
7.600	-0.480
7.680	-0.520
7.760	-0.480
7.920	-0.520
8.160	-0.440
POLYLINE BLACK
8.160	1.720
8.320	1.480
8.320	1.400
8.400	1.320
8.440	1.480
8.520	1.840
8.360	1.840
8.280	1.800
POLYLINE BLACK
6.720	1.640
6.800	1.360
6.920	1.720
6.920	1.800
6.760	1.800
POLYLINE BLACK
5.400	1.920
5.400	1.560
5.720	1.840
5.400	1.840
5.280	1.880
4.960	1.880
POLYLINE BLACK
3.920	2.120
3.840	1.920
3.760	1.840
3.760	1.760
3.840	1.760
4.000	1.920
4.000	2.000
4.080	2.080
4.000	2.040
3.920	2.080
POLYLINE BLACK
5.960	0.240
5.840	-0.280
6.120	0.160
6.040	0.160
POLYLINE BLACK
4.280	0.480
4.320	0.360
4.280	0.200
4.240	0.040
4.400	0.200
4.560	0.480
4.360	0.440
POLYLINE BLACK
3.360	0.840
3.280	0.600
3.280	0.480
3.240	0.320
3.600	0.640
3.440	0.760
3.320	0.760
3.240	0.800
POLYLINE BLACK
3.040	1.600
2.760	1.240
2.960	1.280
3.120	1.320
3.120	1.400
3.000	1.560
POLYLINE BLACK
2.480	2.200
2.400	2.040
2.600	2.120
2.680	2.080
2.840	2.160
2.720	2.320
2.640	2.240
2.560	2.240
2.480	2.160
POLYLINE BLACK
0.120	-1.320
0.720	-1.620
0.960	-1.680
1.440	-2.040
1.740	-2.340
2.460	-2.760
2.640	-2.760
3.000	-2.880
3.120	-2.820
3.480	-2.940
3.600	-2.880
3.840	-2.940
4.260	-2.820
4.380	-2.700
4.620	-2.640
4.980	-2.400
5.220	-2.400
5.580	-2.160
5.820	-2.160
6.720	-1.860
6.960	-1.800
7.320	-1.680
7.500	-1.680
7.860	-1.560
8.340	-1.500
8.760	-1.500
9.000	-1.440
9.420	-1.440
9.780	-1.560
10.200	-2.040
POLYLINE BLUE
1.020	-0.180
0.120	0.660
-0.540	1.020
-0.660	1.020
-1.140	1.620
-1.380	1.740
-1.680	1.620
-1.980	1.620
-2.340	1.500
-2.640	1.320
-3.120	1.020
-3.240	1.020
-4.020	0.540
-4.320	0.420
-4.560	0.540
-4.860	0.480
-5.820	1.440
-6.420	2.280
-6.420	2.160
-6.120	1.860
-5.340	0.960
-5.040	0.900
-4.740	0.900
-4.620	0.960
-4.440	0.900
-4.320	0.960
-4.140	0.900
-4.020	0.960
-3.540	0.960
-3.180	1.080
-2.820	1.260
-2.580	1.260
-2.040	1.440
-1.500	1.800
-1.260	1.740
-1.080	1.680
-0.720	1.680
-0.300	1.560
0.000	1.380
0.780	0.240
0.840	-0.060
POLYLINE BLUE
-6.780	2.940
-6.540	2.220
-6.180	1.860
-5.280	1.560
-5.220	1.440
-5.040	1.440
-4.680	1.320
-4.140	1.320
-3.600	1.380
-3.240	1.560
-3.000	1.560
-2.760	1.620
-2.460	1.560
-2.100	1.680
-1.080	1.680
-0.240	1.320
0.360	0.840
0.600	0.420
0.780	0.120
0.960	0.060
1.020	-0.120
POLYLINE BLUE
-6.480	2.580
-5.820	1.920
-5.520	1.560
-5.460	1.320
-5.100	0.960
-4.560	0.840
-4.440	0.720
-3.780	0.960
-3.660	1.080
-3.420	1.140
-3.120	1.320
-2.760	1.380
-1.920	1.980
-1.680	1.980
-1.560	2.100
-1.440	2.040
-1.320	2.100
-1.200	1.980
-1.020	1.980
-0.540	1.800
0.000	1.200
0.480	0.600
1.140	-0.300
POLYLINE BLUE
-7.680	4.440
-7.380	4.260
-6.780	3.900
-6.600	3.360
-6.540	2.760
-6.480	2.640
POLYLINE BLUE
-7.380	4.620
-6.840	4.020
-6.720	3.660
-6.660	2.940
-6.600	2.820
POLYLINE BLUE
-9.420	4.020
-8.880	4.560
-8.700	4.560
-8.460	4.620
-8.100	4.620
-7.980	4.680
-7.860	4.560
-7.620	4.500
-7.320	4.080
-7.320	3.840
-7.200	3.420
-7.020	3.240
-7.020	3.060
-6.780	2.520
-6.600	2.460
-6.540	2.340
POLYLINE BLUE
-9.000	4.620
-8.520	4.860
-8.280	4.920
-7.740	4.740
-7.560	4.560
POLYLINE BLUE
-9.540	4.140
-9.120	4.680
-8.940	4.800
-8.700	4.860
-8.580	4.920
-8.460	4.860
-8.340	4.920
-8.100	4.860
-7.560	4.740
POLYLINE BLUE
-9.480	4.080
-9.300	4.440
-9.000	4.560
-8.700	4.860
-8.460	4.800
-8.340	4.860
-7.980	4.740
-7.860	4.620
-7.740	4.620
POLYLINE BLACK
-5.400	7.200
-5.400	6.540
-5.100	6.420
-4.800	6.540
-4.320	7.020
-4.320	7.200
-4.500	7.560
-4.740	7.620
-5.220	7.440
POLYLINE BLACK
-6.480	6.780
-5.820	7.260
-6.000	6.480
-6.000	6.240
-6.060	6.120
POLYLINE BLACK
-7.500	7.020
-7.320	7.080
-6.780	7.620
-6.600	7.440
-6.960	6.900
-7.140	6.720
POLYLINE BLACK
-7.440	6.960
-7.080	5.940
POLYLINE BLACK
-3.000	5.100
-3.060	4.860
-3.000	4.560
-2.820	4.140
-2.820	3.960
-3.000	3.780
-3.240	3.720
-3.360	3.780
-3.480	3.720
-3.300	4.020
-2.760	4.440
-2.460	4.980
-2.460	5.100
-2.760	5.280
POLYLINE BLACK
-4.620	4.620
-4.500	4.020
-4.500	3.780
-4.440	3.660
-4.440	4.620
-4.320	4.980
-4.080	5.160
-3.960	5.100
-3.840	5.160
-3.720	4.920
-3.780	4.800
-3.960	4.800
-4.020	4.620
-4.320	4.620
POLYLINE BLACK
-7.080	4.500
POLYLINE BLACK
-6.540	4.320
-6.420	4.380
-6.180	4.740
POLYLINE BLACK
-8.100	3.900
-8.100	3.720
-7.680	3.180
-7.620	3.060
POLYLINE BLACK
-8.220	3.600
POLYLINE BLACK
-6.540	4.800
POLYLINE BLACK
-6.840	5.160
-6.780	4.740
POLYLINE BLACK
-7.320	5.040
-7.320	4.680
POLYLINE BLACK
-7.620	4.860
-7.560	4.560
POLYLINE BLACK
-7.740	4.740
-7.620	4.320
POLYLINE BLACK
-8.160	4.380
-7.800	4.020
POLYLINE BLACK
-5.880	2.760
-5.820	2.640
POLYLINE BLACK
-6.180	2.700
-6.060	2.580
POLYLINE BLACK
-6.480	2.520
-6.300	2.280
POLYLINE BLACK
-6.600	2.400
-6.420	2.040
POLYLINE BLACK
-6.660	1.860
-6.540	1.740
POLYLINE BLACK
-6.660	1.440
-6.300	1.380
POLYLINE BLACK
-6.660	1.080
-6.660	0.960
-7.020	1.260
-7.080	1.440
POLYLINE BLACK
-5.700	2.900
-6.100	3.900
-6.100	4.200
-6.400	4.600
-6.400	4.800
-7.000	5.200
-7.600	5.100
-8.100	4.500
-8.200	4.000
-8.300	3.400
-8.200	2.900
-7.700	2.100
-7.600	1.800
-7.200	1.600
-7.100	1.300
-6.900	1.200
POLYLINE BLACK
1.400	3.300
1.100	3.300
-0.300	3.800
-0.700	3.700
-1.100	3.700
-2.100	3.400
-2.300	3.200
-2.700	3.100
-3.200	3.000
-3.400	3.000
-3.500	2.800
-4.200	2.800
-4.400	2.700
-5.300	3.000
-5.500	2.900
-5.700	3.000
-6.400	2.800
-6.700	2.400
-6.800	2.100
-6.700	1.900
-6.800	1.500
-6.700	1.100
-5.900	0.100
-5.000	-0.700
-3.700	-1.200
-3.500	-1.100
-3.100	-1.300
-2.600	-1.100
-2.400	-1.200
-2.000	-1.100
-1.100	-1.100
-0.100	-1.400

ELEVATION
STATIONS
0.000	0.000	1
5.870	5.391	2
11.436	8.423	3
15.491	7.282	4
18.636	7.135	5
21.470	1.135	6
22.602	-9.763	7
28.479	-19.442	8
32.366	-22.503	9
35.091	-21.308	10
38.003	-21.577	11
43.353	-25.340	12
45.438	-27.372	13
50.024	-34.010	15
56.097	-39.623	16
58.498	-40.958	17
61.654	-41.604	18
64.444	-43.040	19
SHOTS
61.654	-41.604	64.444	-43.040
64.444	-43.040	70.623	-53.122
64.444	-43.040	65.908	-49.305
64.444	-43.040	66.957	-34.571
58.498	-40.958	61.654	-41.604
61.654	-41.604	63.132	-37.412
61.654	-41.604	63.115	-44.725
56.097	-39.623	58.498	-40.958
58.498	-40.958	58.651	-43.373
58.498	-40.958	56.428	-25.335
50.024	-34.010	56.097	-39.623
56.097	-39.623	59.173	-41.392
56.097	-39.623	58.456	-43.020
45.438	-27.372	50.024	-34.010
50.024	-34.010	51.598	-40.921
50.024	-34.010	57.914	-29.298
50.024	-34.010	49.390	-33.346
50.024	-34.010	46.677	-34.360
50.024	-34.010	51.973	-33.635
50.024	-34.010	51.917	-33.432
50.024	-34.010	53.263	-32.709
43.353	-25.340	45.438	-27.372
45.438	-27.372	52.598	-30.171
45.438	-27.372	46.811	-34.815
38.003	-21.577	43.353	-25.340
43.353	-25.340	43.704	-28.976
43.353	-25.340	41.526	-17.050
43.353	-25.340	51.235	-29.061
35.091	-21.308	38.003	-21.577
38.003	-21.577	38.630	-18.417
38.003	-21.577	34.376	-13.948
38.003	-21.577	37.644	-26.267
32.366	-22.503	35.091	-21.308
35.091	-21.308	35.423	-25.367
35.091	-21.308	34.673	-30.075
28.479	-19.442	32.366	-22.503
32.366	-22.503	33.001	-25.409
32.366	-22.503	34.811	-16.417
22.602	-9.763	28.479	-19.442
28.479	-19.442	33.060	-20.175
28.479	-19.442	26.860	-18.627
28.479	-19.442	29.438	-18.998
28.479	-19.442	20.446	-20.707
28.479	-19.442	24.027	-18.953
28.479	-19.442	25.913	-19.194
28.479	-19.442	29.105	-22.485
21.470	1.135	22.602	-9.763
18.636	7.135	21.470	1.135
21.470	1.135	18.935	-1.456
21.470	1.135	23.616	1.558
15.491	7.282	18.636	7.135
18.636	7.135	20.765	6.936
18.636	7.135	20.869	6.080
11.436	8.423	15.491	7.282
15.491	7.282	18.503	7.315
15.491	7.282	21.416	-22.278
15.491	7.282	14.953	-11.413
5.870	5.391	11.436	8.423
0.000	0.000	5.870	5.391
5.870	5.391	5.472	7.210
5.870	5.391	6.886	-3.393
0.000	0.000	0.000	17.807
0.000	0.000	0.000	20.406
0.000	0.000	0.000	-1.999
0.000	0.000	0.000	31.801
0.000	0.000	0.000	18.785
0.000	0.000	0.000	19.709
0.000	0.000	0.000	0.411
0.000	0.000	0.000	0.364
0.000	0.000	0.000	-1.266
0.000	0.000	0.000	6.837
POLYLINE BLACK
66.160	-32.110
66.660	-33.610
67.460	-34.910
67.960	-35.010
68.460	-35.010
68.660	-34.910
70.360	-35.510
71.160	-36.310
71.760	-37.210
POLYLINE BLUE
63.260	-44.810
64.160	-45.110
64.660	-45.810
64.960	-46.310
65.360	-46.910
65.360	-47.110
65.860	-47.910
65.860	-48.310
66.060	-49.010
66.260	-49.210
66.260	-49.410
66.660	-49.610
66.960	-49.610
67.560	-49.810
67.860	-50.410
67.960	-50.910
68.960	-52.310
69.160	-52.510
69.360	-52.510
69.560	-52.710
69.760	-52.710
70.160	-53.010
70.660	-53.110
70.860	-53.410
71.560	-53.710
POLYLINE BLACK
63.360	-45.110
63.760	-45.210
64.660	-45.610
64.660	-46.310
64.460	-46.910
64.960	-47.910
65.360	-48.510
65.360	-48.710
65.660	-49.110
65.660	-49.610
65.960	-49.710
66.260	-49.610
66.660	-49.710
67.260	-50.210
67.360	-50.610
68.560	-52.210
69.760	-52.910
70.760	-53.810
71.160	-53.810
POLYLINE BLUE
48.660	-23.410
POLYLINE BLUE
63.360	-44.610
62.860	-44.710
62.460	-44.610
60.260	-43.310
59.860	-43.110
59.660	-43.210
59.460	-43.110
59.060	-43.110
58.560	-43.310
POLYLINE BLUE
62.660	-44.210
62.360	-43.910
62.060	-43.910
61.860	-43.810
61.660	-43.910
60.860	-43.510
60.460	-43.510
59.560	-43.210
58.960	-42.710
58.160	-42.910
57.660	-43.010
POLYLINE BLACK
63.660	-45.010
63.660	-45.210
63.360	-44.710
63.160	-44.710
62.860	-44.310
62.460	-44.410
62.060	-44.310
61.460	-44.110
60.960	-44.010
60.760	-43.910
60.560	-44.010
59.960	-43.610
59.660	-43.310
59.160	-43.110
58.760	-43.210
58.560	-43.210
58.060	-43.410
POLYLINE BLACK
66.160	-32.210
65.360	-31.510
65.160	-31.510
64.560	-31.010
62.360	-30.010
62.160	-29.810
61.960	-29.810
60.860	-28.910
58.760	-27.110
57.860	-26.510
57.060	-25.710
56.860	-25.710
56.360	-25.410
55.960	-25.510
POLYLINE BLACK
61.460	-33.810
60.960	-33.910
60.860	-34.110
61.960	-34.810
62.660	-34.510
62.660	-34.310
61.360	-33.410
61.360	-33.610
POLYLINE BLACK
63.660	-36.210
63.260	-36.310
63.460	-36.310
63.960	-36.610
64.160	-36.510
64.060	-36.110
63.660	-35.710
63.360	-35.810
63.160	-35.710
POLYLINE BLACK
63.860	-34.010
63.560	-34.510
63.560	-34.710
63.760	-34.910
64.260	-34.810
64.760	-34.810
64.960	-34.610
64.960	-34.410
64.160	-33.710
POLYLINE BLACK
61.660	-35.010
61.160	-35.510
61.260	-35.810
62.160	-36.210
63.060	-36.210
63.560	-36.010
63.660	-35.810
63.160	-35.110
62.660	-34.810
62.060	-34.710
POLYLINE BLACK
62.960	-33.610
63.160	-33.310
62.760	-32.710
62.260	-32.810
62.060	-32.810
61.860	-33.010
61.860	-33.510
62.760	-34.110
63.260	-34.110
63.460	-34.010
POLYLINE BLACK
64.160	-33.710
64.460	-34.110
64.660	-34.110
64.660	-33.810
64.560	-33.610
POLYLINE BLACK
62.060	-33.210
62.160	-33.510
62.660	-34.010
62.860	-34.010
63.060	-34.210
63.360	-34.210
63.460	-34.010
63.360	-33.810
POLYLINE BLACK
60.960	-34.710
60.560	-34.910
60.460	-35.110
60.960	-35.410
61.160	-35.310
POLYLINE BLACK
62.560	-37.010
62.860	-37.310
63.360	-37.310
63.560	-37.110
63.560	-36.910
63.260	-36.710
POLYLINE BLUE
58.060	-43.110
57.660	-43.010
57.160	-43.010
56.560	-42.810
56.360	-42.910
55.960	-42.510
55.760	-42.510
54.960	-41.810
54.760	-41.710
54.460	-41.810
52.760	-41.210
52.360	-41.110
51.560	-40.810
51.360	-40.810
50.960	-40.510
50.560	-40.610
50.260	-40.310
50.160	-39.910
49.960	-39.510
49.560	-39.510
49.160	-39.210
48.660	-39.110
48.460	-39.210
47.760	-39.010
POLYLINE BLUE
48.460	-39.410
48.960	-39.410
49.360	-39.210
49.760	-39.310
50.160	-39.210
50.660	-39.710
51.360	-40.510
51.760	-40.610
52.360	-41.010
53.060	-41.010
53.260	-41.110
53.460	-41.010
54.060	-41.310
55.360	-41.510
55.960	-41.610
56.660	-42.310
57.260	-42.410
58.260	-43.110
58.460	-43.110
POLYLINE BLACK
50.360	-26.610
51.060	-27.310
51.660	-27.510
51.860	-27.310
52.060	-27.310
52.960	-26.610
53.460	-26.410
53.660	-26.210
53.960	-26.210
54.560	-25.910
54.960	-25.910
55.460	-25.610
56.460	-25.610
57.160	-25.510
POLYLINE BLACK
63.660	-23.410
POLYLINE BLUE
55.160	-29.610
POLYLINE BLUE
63.460	-23.410
POLYLINE BLUE
47.660	-39.010
48.160	-39.210
POLYLINE BLUE
45.560	-37.210
46.760	-38.110
46.960	-38.410
POLYLINE BLUE
43.960	-35.810
44.160	-35.910
POLYLINE BLUE
40.760	-33.910
41.160	-34.410
POLYLINE BLUE
38.260	-31.710
38.860	-31.910
39.060	-32.210
POLYLINE BLUE
35.960	-30.210
36.360	-30.510
POLYLINE BLUE
36.060	-29.310
35.760	-29.310
35.560	-29.210
POLYLINE BLUE
39.360	-32.210
39.160	-31.810
POLYLINE BLUE
42.060	-34.210
41.660	-33.910
POLYLINE BLUE
43.860	-35.710
43.660	-35.610
POLYLINE BLUE
45.660	-37.010
45.460	-36.910
POLYLINE BLUE
47.860	-38.610
47.360	-38.510
47.160	-38.310
POLYLINE BLACK
49.960	-39.710
49.160	-39.510
48.760	-39.410
48.360	-39.510
47.860	-39.410
47.360	-39.410
POLYLINE BLACK
49.160	-35.510
49.660	-36.010
50.260	-38.110
50.260	-38.810
POLYLINE BLACK
52.760	-41.310
51.960	-41.210
51.560	-41.110
51.360	-41.210
50.960	-41.010
50.660	-40.510
50.460	-39.710
49.860	-39.310
POLYLINE BLACK
50.360	-38.710
50.160	-38.710
49.960	-38.910
49.160	-38.810
48.560	-38.810
POLYLINE BLACK
58.460	-43.210
57.560	-43.210
57.360	-43.410
57.360	-43.110
57.160	-43.110
56.360	-42.310
56.160	-42.310
55.960	-42.110
55.760	-42.110
55.660	-41.910
55.260	-41.810
54.860	-41.910
53.460	-41.510
53.160	-41.310
52.560	-41.310
POLYLINE BLACK
38.660	-26.310
39.260	-26.310
39.260	-27.710
39.460	-28.310
39.260	-29.010
39.260	-29.310
39.760	-29.310
39.960	-29.410
40.560	-29.210
40.760	-29.410
40.960	-29.410
41.060	-29.210
41.260	-29.310
41.660	-29.210
42.960	-29.210
43.160	-29.310
43.160	-29.110
43.360	-29.310
43.760	-29.210
44.160	-29.310
44.360	-29.510
44.560	-29.410
44.760	-29.610
44.860	-30.510
45.060	-31.410
45.160	-31.810
45.660	-33.210
45.960	-34.910
45.960	-35.110
46.160	-35.310
46.360	-35.310
46.560	-35.510
47.360	-35.510
47.760	-35.610
48.760	-35.610
49.660	-35.810
49.860	-35.710
POLYLINE BLACK
39.660	-18.910
41.160	-17.410
41.160	-17.210
41.660	-17.210
41.860	-17.010
42.260	-17.110
42.860	-17.310
43.560	-18.110
43.560	-18.410
43.860	-18.810
43.960	-19.310
44.360	-20.110
44.460	-20.510
44.660	-21.010
45.660	-22.010
46.560	-22.610
47.260	-23.410
48.660	-25.110
48.960	-25.210
49.460	-25.710
50.360	-26.410
50.960	-27.110
POLYLINE BLUE
32.360	-32.610
32.360	-33.010
POLYLINE BLUE
31.560	-28.710
32.260	-28.010
32.660	-28.110
32.860	-28.010
33.160	-28.510
33.260	-29.110
32.660	-29.910
31.860	-30.510
31.760	-30.710
32.060	-31.410
32.460	-31.710
32.660	-31.610
POLYLINE BLUE
32.160	-25.210
33.060	-25.410
33.060	-25.610
33.560	-26.110
33.960	-26.710
34.060	-27.110
34.660	-28.910
34.960	-29.310
35.160	-29.310
35.160	-29.610
36.060	-30.610
POLYLINE BLACK
34.760	-26.110
34.860	-26.810
POLYLINE BLACK
34.560	-26.310
34.860	-26.710
35.260	-27.910
35.660	-28.010
36.060	-28.110
POLYLINE BLACK
34.660	-26.010
34.760	-26.210
35.760	-26.010
36.160	-25.910
36.160	-26.110
36.560	-26.110
37.460	-26.410
38.860	-26.210
39.260	-26.310
POLYLINE BLACK
39.860	-18.910
39.460	-18.810
39.160	-18.810
38.560	-18.610
37.960	-17.910
37.660	-17.810
37.460	-17.310
36.560	-16.310
35.860	-15.610
35.860	-15.410
35.460	-15.010
34.260	-13.810
33.860	-13.810
33.660	-13.610
32.960	-13.610
32.160	-13.310
31.860	-13.310
31.460	-13.210
31.060	-13.210
30.660	-13.110
30.260	-13.110
30.060	-13.210
29.360	-13.010
29.160	-12.810
28.660	-12.710
27.660	-11.710
27.460	-11.710
27.260	-11.210
26.460	-10.410
POLYLINE BLACK
31.560	-24.910
32.160	-25.110
32.260	-25.310
32.660	-25.310
33.360	-25.910
33.360	-26.110
33.760	-26.710
33.960	-27.610
34.160	-27.610
34.060	-28.010
34.160	-28.410
34.260	-28.810
34.760	-29.610
35.060	-30.310
35.260	-30.310
35.460	-30.510
35.860	-30.510
36.260	-30.710
POLYLINE BLUE
28.460	-23.410
28.560	-23.610
28.960	-23.310
29.160	-23.310
29.360	-23.110
29.560	-23.110
29.660	-23.310
29.860	-23.310
31.160	-24.610
31.560	-24.710
32.160	-25.010
32.360	-25.010
POLYLINE BLACK
22.260	-2.610
22.360	-3.310
22.360	-3.710
22.560	-4.710
22.560	-5.010
22.960	-6.310
24.360	-7.710
24.360	-7.910
25.060	-8.810
26.360	-10.010
26.860	-10.210
POLYLINE BLUE
19.860	-22.010
20.060	-22.110
20.260	-22.010
19.260	-21.810
18.860	-21.910
19.160	-21.810
20.060	-21.910
21.160	-21.810
20.160	-22.010
19.460	-22.010
19.960	-22.110
20.760	-22.110
20.460	-22.310
19.560	-22.510
19.960	-22.510
20.260	-22.410
20.760	-22.410
20.160	-22.610
19.660	-22.610
19.960	-22.410
19.560	-22.310
19.560	-22.310
19.760	-22.210
20.160	-22.210
19.560	-22.210
19.060	-22.110
19.460	-22.210
20.160	-22.210
POLYLINE BLUE
26.860	-23.310
25.860	-22.710
25.460	-22.610
24.860	-22.410
24.660	-22.510
24.460	-22.410
24.060	-22.610
23.760	-22.610
23.160	-22.810
22.760	-22.710
22.560	-22.810
21.460	-22.510
21.060	-22.210
POLYLINE BLUE
28.760	-23.410
28.560	-23.410
28.160	-23.110
27.860	-23.110
27.060	-22.910
26.660	-23.010
26.460	-23.210
26.660	-23.110
27.160	-23.410
27.360	-23.310
28.060	-23.410
28.160	-23.210
27.460	-23.010
27.260	-23.010
26.960	-22.810
26.760	-22.910
26.360	-22.810
26.360	-23.010
26.560	-23.210
26.860	-23.210
27.460	-23.510
27.760	-23.510
27.960	-23.410
28.360	-23.510
28.460	-23.310
28.060	-22.910
27.560	-22.810
27.160	-22.810
26.760	-23.010
27.160	-23.310
27.560	-23.310
27.860	-23.410
28.060	-23.310
28.360	-23.410
28.760	-23.110
28.160	-22.910
27.360	-22.910
27.160	-22.810
26.960	-22.910
27.560	-23.210
28.260	-23.110
28.660	-23.010
28.460	-23.110
26.860	-22.810
26.760	-22.810
26.960	-22.710
27.860	-22.710
28.060	-22.810
28.460	-22.710
28.260	-22.810
27.460	-22.810
27.260	-22.910
27.660	-22.910
28.360	-23.010
28.560	-23.010
27.860	-23.110
27.560	-23.110
27.160	-23.210
27.460	-23.210
27.660	-23.110
27.960	-23.210
28.160	-23.110
27.860	-23.210
27.560	-23.110
26.560	-23.410
27.860	-23.410
28.260	-23.510
28.460	-23.510
28.360	-23.710
27.460	-23.910
27.760	-23.710
28.260	-23.810
28.460	-23.810
28.660	-23.610
28.860	-23.610
28.460	-23.510
26.760	-23.510
27.360	-23.310
27.660	-23.310
27.860	-23.110
26.860	-23.010
26.360	-23.210
27.360	-23.210
28.260	-23.110
28.560	-23.110
28.260	-23.610
28.360	-23.810
27.960	-23.810
26.760	-23.510
26.360	-23.510
26.160	-23.410
26.360	-23.610
26.660	-23.610
27.260	-23.810
27.060	-23.910
26.860	-23.710
26.160	-23.710
26.060	-23.510
26.160	-23.210
26.860	-23.210
27.060	-23.310
27.060	-23.510
26.860	-23.510
POLYLINE BLACK
29.560	-23.410
29.960	-23.810
30.460	-24.410
30.660	-24.410
30.860	-24.610
31.060	-24.610
31.460	-25.010
POLYLINE BLACK
26.360	-23.310
25.960	-22.910
25.760	-22.910
25.560	-22.710
25.060	-22.610
24.660	-22.710
24.260	-22.810
23.260	-23.210
23.060	-23.110
22.860	-23.210
22.660	-23.110
22.460	-23.210
22.060	-23.110
21.860	-22.910
21.660	-22.910
21.060	-22.210
20.660	-22.210
20.460	-22.410
20.060	-22.510
19.860	-22.610
19.460	-22.510
19.260	-22.610
18.660	-22.410
18.160	-21.610
18.460	-19.910
18.560	-19.010
18.360	-18.010
17.960	-17.110
POLYLINE BLACK
29.560	-23.310
29.360	-23.510
28.360	-23.710
27.760	-23.510
27.360	-23.510
26.160	-23.110
POLYLINE BLUE
25.060	-27.310
25.460	-26.910
25.860	-27.010
26.360	-27.510
25.860	-28.610
25.560	-29.010
25.860	-29.010
27.160	-29.610
POLYLINE BLUE
22.160	-27.910
22.460	-27.810
22.660	-27.510
22.960	-27.410
23.360	-27.010
POLYLINE BLUE
22.060	-26.810
22.860	-27.610
23.460	-28.210
23.660	-28.610
POLYLINE BLUE
18.260	-13.810
18.860	-15.510
18.860	-16.110
19.060	-17.210
19.060	-19.810
18.960	-20.510
18.960	-22.210
18.860	-22.810
POLYLINE BLUE
17.860	-14.210
18.460	-14.810
18.960	-15.910
18.960	-16.910
18.860	-17.410
18.860	-21.010
POLYLINE BLUE
20.260	-22.010
20.660	-21.910
20.960	-22.010
21.160	-21.910
21.660	-22.110
22.260	-22.510
22.460	-23.210
22.860	-23.310
23.360	-23.310
POLYLINE BLUE
18.760	-21.810
20.560	-22.210
POLYLINE BLUE
18.560	-21.710
19.660	-21.710
20.260	-21.610
POLYLINE BLUE
18.860	-21.810
19.360	-21.910
19.960	-21.810
20.460	-21.710
POLYLINE BLUE
18.860	-22.210
19.060	-22.310
19.960	-22.110
20.660	-22.110
POLYLINE BLUE
18.760	-22.110
18.960	-22.010
19.260	-22.110
19.560	-22.010
20.160	-22.210
POLYLINE BLUE
18.660	-21.910
18.960	-21.910
19.360	-22.010
19.860	-21.910
20.360	-22.010
20.560	-22.010
POLYLINE BLUE
18.860	-21.610
19.160	-21.910
20.060	-22.110
20.260	-22.110
POLYLINE BLUE
18.160	-22.110
20.260	-22.110
20.460	-22.210
POLYLINE BLUE
27.320	-24.410
26.960	-24.810
26.960	-24.890
27.040	-24.970
27.400	-24.970
27.600	-24.730
27.600	-24.490
27.400	-24.450
POLYLINE BLUE
26.480	-24.890
26.520	-24.970
26.480	-25.210
26.520	-25.290
POLYLINE BLUE
26.320	-24.490
26.200	-24.930
26.200	-25.050
26.280	-25.090
26.640	-24.930
26.880	-24.610
26.920	-24.490
POLYLINE BLUE
25.720	-24.570
25.680	-24.730
25.640	-24.930
25.640	-25.050
25.720	-24.970
25.760	-24.610
25.760	-24.490
25.800	-24.290
25.880	-24.290
25.920	-24.450
25.720	-24.810
26.080	-25.050
POLYLINE BLUE
24.800	-24.610
24.720	-24.850
24.720	-24.970
24.760	-25.130
24.920	-25.250
25.080	-25.210
25.280	-25.010
25.360	-24.730
25.240	-24.530
25.080	-24.450
24.880	-24.530
24.800	-24.610
POLYLINE BLUE
24.360	-24.050
POLYLINE BLUE
24.400	-24.650
24.280	-25.010
24.280	-25.130
24.320	-25.210
POLYLINE BLUE
23.120	-24.450
23.360	-24.410
23.760	-24.450
23.920	-24.450
23.920	-24.570
23.560	-24.890
23.480	-24.930
23.480	-25.010
23.680	-25.010
23.760	-24.970
23.960	-25.010
POLYLINE BLUE
21.960	-25.330
22.440	-25.210
22.520	-25.170
POLYLINE BLUE
22.120	-24.930
22.400	-24.890
22.560	-24.810
POLYLINE BLUE
21.880	-25.290
22.120	-24.730
22.440	-24.450
22.560	-24.450
22.720	-24.330
22.880	-24.290
POLYLINE BLUE
20.880	-24.490
21.160	-24.490
21.320	-24.530
21.640	-24.450
21.720	-24.410
21.680	-24.610
21.560	-25.010
21.480	-25.130
21.480	-25.210
21.280	-25.330
20.920	-25.290
20.760	-25.250
POLYLINE BLACK
16.460	-20.130
16.260	-20.530
16.260	-21.330
16.660	-21.630
17.060	-21.630
17.460	-21.830
17.560	-22.030
16.860	-23.330
16.460	-23.430
16.060	-23.230
POLYLINE BLACK
16.260	-20.030
16.560	-20.130
17.560	-19.930
17.760	-20.030
POLYLINE BLACK
15.160	-22.930
14.560	-24.230
POLYLINE BLACK
14.860	-19.430
14.760	-19.230
14.260	-19.130
13.760	-19.630
13.560	-20.430
13.560	-20.930
13.960	-22.330
14.060	-22.730
13.360	-22.730
12.960	-22.530
12.760	-21.830
14.160	-20.630
15.060	-19.630
15.360	-19.530
15.060	-19.330
14.660	-19.330
13.960	-20.030
13.860	-20.330
POLYLINE BLACK
10.460	-19.730
10.460	-22.930
10.360	-22.230
10.360	-21.730
10.160	-20.930
10.160	-19.430
10.360	-18.830
10.960	-18.430
11.560	-18.830
11.960	-18.930
12.060	-19.330
11.760	-19.630
10.760	-19.830
10.360	-19.730
11.060	-19.730
11.260	-19.530
11.460	-19.530
11.460	-18.830
11.060	-18.530
POLYLINE BLACK
9.860	-19.230
10.260	-20.530
10.260	-19.730
10.360	-19.230
10.460	-18.630
10.760	-18.030
11.360	-18.430
11.860	-19.030
11.060	-19.830
10.760	-19.730
POLYLINE BLACK
23.160	-0.830
23.160	-1.530
22.760	-1.630
22.560	-1.830
22.360	-1.830
22.060	-2.930
POLYLINE BLACK
20.260	8.570
20.760	8.070
21.160	7.170
21.160	5.770
21.060	5.270
21.060	4.670
21.360	3.970
22.060	3.270
22.660	2.870
22.760	2.570
22.960	2.470
23.060	2.070
23.260	1.370
23.160	0.570
23.160	-0.230
23.060	-0.430
23.160	-0.630
POLYLINE BLUE
18.560	4.270
18.560	4.470
POLYLINE BLUE
18.660	4.070
POLYLINE BLUE
-8.440	16.570
-8.140	17.670
-8.040	18.470
-7.740	19.870
-7.740	20.270
-7.140	22.270
-7.040	23.070
-7.040	23.870
-6.940	24.370
-6.940	25.370
-7.240	26.270
-7.340	26.670
-7.840	27.370
-8.040	27.370
-8.840	27.870
-9.440	27.870
-9.940	27.670
-10.240	27.670
-10.640	27.370
-11.040	27.370
-11.240	27.270
POLYLINE BLUE
3.260	-2.630
2.260	-2.030
1.860	-1.930
1.460	-1.730
1.160	-1.730
0.660	-1.630
0.260	-1.530
-0.140	-1.430
-0.740	-1.430
-1.840	-0.030
-2.140	0.670
-2.640	0.870
-3.240	1.370
-3.440	1.370
-3.640	1.570
-4.540	1.770
-5.340	2.170
-5.740	2.270
-6.140	3.670
-6.240	4.770
-6.340	5.270
-6.340	8.270
-6.640	9.570
-6.840	10.670
-6.840	11.070
-6.940	11.470
-7.040	12.070
-7.240	12.370
-7.640	12.470
-8.240	12.670
-8.440	12.670
-8.740	13.070
-8.740	14.370
-8.640	14.870
-8.640	15.570
-8.240	16.870
-8.240	17.370
POLYLINE BLACK
-2.740	33.670
-2.540	32.770
-3.040	32.470
-3.440	32.070
-4.840	31.870
-5.040	31.970
-5.340	31.870
-5.740	31.970
-6.140	31.870
-6.540	31.770
-6.740	31.770
-6.840	31.470
-7.040	31.470
-7.240	30.870
-8.440	29.370
POLYLINE BLACK
-12.540	29.170
-11.840	29.070
-11.440	29.170
POLYLINE BLACK
-12.140	29.170
-11.940	29.070
-11.740	29.170
-11.240	29.070
POLYLINE BLACK
-8.040	29.670
-8.240	29.370
-8.840	29.370
-9.240	29.270
-9.640	29.370
-9.840	29.270
-10.040	29.370
-10.540	29.270
-10.740	29.370
-10.840	29.170
-11.240	29.170
-11.640	29.070
-11.840	29.170
POLYLINE BLACK
19.860	6.070
20.060	5.870
20.460	5.870
POLYLINE BLACK
19.860	5.870
19.560	4.670
POLYLINE BLACK
19.360	6.170
19.860	6.070
20.060	6.170
POLYLINE BLACK
20.460	8.670
19.960	8.970
19.360	9.370
18.560	9.470
18.060	9.470
17.360	9.270
16.960	9.370
15.460	9.370
14.760	9.170
14.460	8.970
POLYLINE BLUE
1.060	-2.230
1.560	-2.630
2.060	-2.630
3.560	-3.130
4.860	-3.030
5.260	-2.930
6.360	-3.230
7.160	-3.230
7.460	-3.430
8.560	-3.530
9.060	-3.530
9.460	-3.630
9.660	-3.530
10.060	-3.730
10.560	-3.730
11.160	-3.930
12.160	-4.830
12.360	-6.130
12.360	-6.530
12.260	-7.030
12.260	-8.130
12.760	-9.630
13.060	-10.230
13.060	-10.430
13.660	-11.030
14.360	-11.130
14.660	-11.130
15.360	-11.330
16.060	-11.330
16.460	-11.530
17.260	-12.530
18.160	-13.430
18.860	-14.430
18.860	-14.630
POLYLINE BLUE
1.760	-2.230
3.060	-2.630
3.460	-2.630
3.860	-2.730
4.160	-2.730
4.560	-2.830
4.760	-3.030
4.960	-2.930
5.360	-3.130
5.660	-3.130
6.460	-3.330
7.760	-3.330
7.960	-3.430
8.160	-3.330
9.160	-3.530
9.360	-3.430
10.260	-3.630
10.660	-3.730
11.260	-3.930
11.560	-4.430
11.860	-4.830
12.160	-6.230
12.260	-6.630
12.360	-7.030
12.560	-7.430
12.560	-7.930
12.860	-9.030
12.860	-9.730
13.160	-10.430
13.560	-10.430
16.160	-11.330
17.760	-13.330
17.960	-13.430
17.960	-13.730
18.260	-14.130
POLYLINE BLACK
0.060	-2.230
1.060	-2.330
2.560	-2.830
2.760	-3.030
4.260	-3.230
5.760	-3.530
6.160	-3.430
6.460	-3.430
6.660	-3.330
7.260	-3.530
7.660	-3.530
7.860	-3.630
8.060	-3.530
9.160	-3.730
9.460	-3.730
9.860	-3.930
10.360	-3.930
10.860	-4.030
11.060	-4.030
11.560	-4.630
11.660	-5.030
11.760	-5.430
11.760	-5.730
11.960	-6.630
11.960	-7.530
11.860	-7.930
11.860	-9.630
12.160	-10.530
12.460	-10.930
12.560	-11.230
12.760	-11.330
12.960	-11.230
13.260	-11.430
14.860	-11.430
15.960	-11.730
16.260	-12.030
16.560	-12.930
17.260	-14.230
17.260	-14.530
17.560	-15.030
17.660	-15.430
17.960	-16.430
18.160	-17.430
POLYLINE BLACK
17.760	5.970
18.060	4.770
POLYLINE BLACK
17.460	6.070
18.160	6.070
18.360	6.170
18.560	6.070
18.760	6.170
POLYLINE BLACK
15.860	5.870
15.960	5.170
15.960	4.770
POLYLINE BLACK
15.460	5.870
15.960	5.870
16.160	5.770
16.360	5.870
16.760	5.770
POLYLINE BLACK
0.460	32.070
1.560	30.870
1.860	30.370
1.960	29.870
2.260	29.370
2.360	29.170
POLYLINE BLACK
4.460	21.070
4.160	21.970
4.060	22.570
3.860	23.070
3.760	23.670
3.560	24.270
3.560	24.770
3.460	25.370
3.160	27.270
2.760	28.170
2.660	28.670
2.460	29.370
1.960	30.170
1.460	31.070
1.460	31.070
2.160	29.770
2.760	29.170
3.060	28.070
3.060	26.870
3.160	26.170
3.160	25.370
3.460	24.170
3.660	23.070
3.660	22.770
3.960	21.870
4.160	20.770
4.160	20.470
4.360	19.570
4.460	19.170
POLYLINE BLACK
12.260	8.770
11.860	8.770
10.860	9.270
10.460	9.270
10.060	9.670
9.760	9.670
9.660	9.970
9.460	9.970
7.160	12.470
6.960	12.970
6.660	13.070
5.760	14.570
5.460	15.270
5.260	15.470
5.060	16.270
4.960	16.670
4.860	17.770
4.760	18.170
4.760	18.470
4.260	20.270
4.060	21.170
4.060	21.370
POLYLINE BLACK
16.560	9.170
16.160	8.970
15.460	9.070
14.660	9.070
14.460	9.170
13.960	9.070
13.560	9.170
13.160	9.070
12.760	9.170
12.360	8.970
11.660	8.970
POLYLINE BLACK
13.560	5.970
13.660	5.270
POLYLINE BLACK
12.960	6.170
13.360	6.070
13.660	6.070
14.060	6.170
14.460	6.070
POLYLINE BLACK
10.760	5.770
10.960	5.070
POLYLINE BLACK
10.260	5.970
10.960	5.970
11.160	6.070
11.660	5.970
POLYLINE BLACK
8.560	5.370
8.560	5.070
POLYLINE BLACK
7.960	5.470
8.160	5.370
8.760	5.570
9.260	5.570
POLYLINE BLUE
-13.840	27.070
-13.390	26.920
-12.490	27.070
-11.890	27.070
-11.140	27.220
-10.390	27.220
-9.340	27.070
-8.890	27.070
-8.590	27.370
-7.840	26.920
-7.390	26.470
-7.090	24.670
-7.090	23.920
-6.940	23.170
-6.940	22.570
-7.240	21.070
-7.240	20.620
-7.390	19.870
-7.390	18.820
-7.540	18.070
-7.540	17.020
-7.690	16.720
-7.540	16.120
-7.540	14.470
-7.690	13.420
-7.690	12.370
-7.540	12.070
-6.340	12.070
-5.890	11.020
-5.890	10.570
-6.190	9.970
-6.190	9.520
-6.340	8.920
-6.340	8.020
-6.190	6.970
-6.190	5.920
-5.290	3.970
-4.840	3.370
-4.840	3.070
-3.790	1.870
-3.190	0.970
-2.590	0.820
-2.290	0.520
-1.690	0.370
-1.090	-0.230
-1.090	-0.530
-0.190	-1.280
1.760	-1.880
4.010	-2.780
POLYLINE BLUE
-9.190	23.320
POLYLINE BLACK
6.260	4.450
6.380	3.910
POLYLINE BLACK
4.280	3.850
4.460	3.310
POLYLINE BLACK
2.420	2.530
2.480	2.350
2.420	2.110
2.420	1.810
POLYLINE BLACK
0.320	2.050
0.320	1.870
0.440	1.510
POLYLINE BLACK
-0.100	2.170
0.560	2.230
0.800	2.110
POLYLINE BLACK
2.000	2.710
2.600	2.770
2.780	2.830
POLYLINE BLACK
6.140	4.570
6.560	4.570
6.680	4.630
6.800	4.570
6.500	4.630
5.840	4.510
5.720	4.570
POLYLINE BLACK
4.760	3.970
4.520	3.910
4.280	3.910
4.160	3.850
3.740	3.910
4.160	4.030
4.460	3.970
4.580	3.970
POLYLINE BLACK
6.020	4.450
6.140	4.510
6.260	4.450
6.440	4.570
6.680	4.570
POLYLINE BLACK
4.160	4.090
4.460	4.030
4.700	4.090
POLYLINE BLACK
2.000	2.650
2.480	2.770
2.660	2.770
2.900	2.830
POLYLINE BLACK
0.800	2.350
0.500	2.350
-0.040	2.170
POLYLINE BLACK
-7.600	12.100
-8.950	12.400
-9.100	13.450
-8.950	14.200
-8.950	14.800
-8.800	15.550
-8.800	16.600
-8.650	17.500
-8.500	18.700
-8.500	19.900
-8.350	20.500
-8.350	21.850
-8.200	22.600
-8.200	26.200
-8.050	26.800
-8.650	27.400
-9.550	27.700
-10.600	27.400
-11.200	27.550
-12.700	27.550
-13.150	27.250
-13.750	27.250
POLYLINE BLACK
-7.450	12.250
-7.450	10.600
-7.300	9.850
-7.300	7.450
-7.150	6.850
-7.150	5.800
-7.000	5.200
-6.850	3.850
-6.700	3.250
-6.550	2.350
POLYLINE BLACK
0.650	-2.050
-0.100	-1.900
-2.200	-1.300
-2.350	0.200
-2.800	0.650
-4.150	0.950
-4.300	1.250
-4.900	1.100
-5.800	1.700
-6.400	1.850
-6.700	2.150
