TRIP
DATE 2005-07-06 
DECLINATION     0.00
DATA
1.0	1.1	67.37	2.66	5.606	>
1.1	1.2	134.40	-57.56	11.309	>
1.2	1.3	218.63	-64.49	3.180	>
1.3	1.4	278.78	-74.24	9.289	>
1.4	1.5	246.30	-15.54	1.049	>
1.5		4.60	18.77	0.277	>
1.5		357.20	58.29	1.013	>
1.5		300.89	78.48	1.278	>
1.5		215.35	57.98	0.525	>
1.5		8.03	-36.55	0.695	>
1.5		352.28	-73.75	5.956	>
1.5		208.87	-71.92	1.148	>
1.5		12.38	-18.72	0.399	>
1.5	1.6	284.29	12.06	0.555	>
1.6		77.78	-6.52	2.820	>
1.6		45.87	-20.00	2.178	>
1.6		353.78	-38.25	1.597	>
1.6		26.69	-80.50	1.268	>
1.6		322.55	-76.37	1.347	>
1.6		294.41	-48.36	1.180	>
1.6		287.74	-8.96	0.771	>
1.6		285.48	22.17	0.676	>
1.6		97.47	-33.13	2.040	>
1.6		115.01	-28.11	1.322	>
1.6		89.80	-44.00	1.219	>
1.6		145.03	-47.58	1.143	>
1.6	1.7	192.61	1.25	11.670	>
1.7	1.8	276.71	-7.72	4.583	>
1.8		35.48	-1.43	1.082	>
1.8		65.05	3.39	1.558	>
1.8		75.11	2.99	1.746	>
1.8		91.52	7.80	4.450	>
1.8		119.79	7.81	3.621	>
1.8		106.95	3.60	5.837	>
1.8		97.71	2.45	5.758	>
1.8		128.91	6.57	2.953	>
1.8		138.19	1.49	3.039	>
1.8		157.99	-0.43	3.087	>
1.8		174.26	-1.23	3.213	>
1.8		187.70	72.52	14.613	>
1.8		201.91	68.12	7.959	>
TRIP
DATE 2005-07-07 
DECLINATION     0.00
DATA
1.8		178.56	73.63	12.309	>
1.8		178.33	73.68	12.807	>
1.8		178.33	73.70	12.826	>
1.8	1.9	239.34	18.92	3.201	>
1.9		87.36	-3.55	0.937	>
1.9		96.14	33.18	0.983	>
1.9		84.63	69.16	2.583	>
1.9		86.75	-54.49	1.486	>
1.9		61.67	-84.74	1.586	>
1.9		265.76	-73.27	1.174	>
1.9		50.96	-22.89	6.776	>
1.9	1.10	153.76	17.10	2.910	>
1.10	1.11	226.21	-0.73	6.492	>
1.11	1.12	286.50	-3.54	7.539	>
1.12		340.16	39.05	0.398	>
1.12		347.21	17.97	0.950	>
1.12		351.07	2.39	1.657	>
1.12		342.51	-54.16	0.722	>
1.12		133.00	-53.13	0.877	>
1.12		132.56	-22.70	2.013	>
1.12		111.63	6.69	1.519	>
1.12		155.54	5.78	1.163	>
1.12		165.54	-30.22	1.437	>
1.12		182.18	61.26	0.712	>
1.12	1.13	197.27	-12.28	5.449	>
1.13		341.92	-3.68	1.821	>
1.13		333.32	24.52	1.889	>
1.13		323.38	48.14	2.065	>
1.13		290.28	67.60	0.386	>
1.13		227.68	-77.51	0.769	>
1.13	1.14	328.12	0.33	5.986	>
1.14		342.73	73.66	1.378	>
1.14		54.80	61.07	1.392	>
1.14		67.97	37.01	1.389	>
1.14		64.68	-0.53	0.760	>
1.14		68.43	-34.42	0.946	>
1.14	1.15	355.54	9.56	6.385	>
1.15		52.46	-80.60	0.834	>
1.15		272.06	-43.14	1.258	>
1.15		268.36	-3.46	1.258	>
1.15		264.84	22.80	1.097	>
1.15		260.07	52.51	0.696	>
1.15		343.67	-31.92	2.845	>
1.15		326.75	-38.72	1.963	>
1.15		354.18	-36.75	5.390	>
1.15	1.16	311.28	7.91	4.900	>
1.16		23.96	54.70	0.375	>
1.16		44.27	28.49	0.696	>
1.16		56.39	4.33	1.192	>
1.16		61.22	-11.48	1.100	>
1.16		59.83	-27.10	1.471	>
1.16		63.35	-55.10	1.017	>
1.16		60.90	-77.13	0.499	>
1.16	1.17	4.67	-20.80	1.825	>
1.17		274.48	10.25	0.624	>
1.17		267.99	-5.23	1.261	>
1.17		267.95	-37.97	0.533	>
1.17		266.48	-34.88	0.616	>
1.17		258.43	-46.62	0.632	>
1.17		87.92	-41.01	1.166	>
1.17		90.74	-30.56	0.987	>
1.17		98.15	-14.42	0.699	>
1.17		118.18	12.14	0.680	>
1.17		125.22	38.35	0.887	>
1.17		94.43	-41.63	1.161	>
1.17		93.12	-35.98	1.043	>

PLAN
STATIONS
0.000	0.000	1.0
5.169	2.155	1.1
9.503	-2.089	1.2
8.648	-3.159	1.3
6.154	-2.774	1.4
5.229	-3.180	1.5
4.703	-3.046	1.6
2.156	-14.432	1.7
-2.354	-13.901	1.8
-4.959	-15.445	1.9
-3.729	-17.940	1.10
-8.415	-22.432	1.11
-15.630	-20.295	1.12
-17.211	-25.379	1.13
-20.373	-20.296	1.14
-20.863	-14.019	1.15
-24.510	-10.817	1.16
-24.371	-9.117	1.17
SHOTS
-24.510	-10.817	-24.371	-9.117
-24.371	-9.117	-24.983	-9.069
-24.371	-9.117	-25.626	-9.161
-24.371	-9.117	-24.791	-9.132
-24.371	-9.117	-24.875	-9.148
-24.371	-9.117	-24.796	-9.204
-24.371	-9.117	-23.492	-9.085
-24.371	-9.117	-23.521	-9.128
-24.371	-9.117	-23.701	-9.213
-24.371	-9.117	-23.785	-9.431
-24.371	-9.117	-23.803	-9.518
-24.371	-9.117	-23.506	-9.184
-24.371	-9.117	-23.528	-9.163
-20.863	-14.019	-24.510	-10.817
-24.510	-10.817	-24.422	-10.619
-24.510	-10.817	-24.083	-10.379
-24.510	-10.817	-23.520	-10.159
-24.510	-10.817	-23.565	-10.298
-24.510	-10.817	-23.378	-10.159
-24.510	-10.817	-23.990	-10.556
-24.510	-10.817	-24.413	-10.763
-20.373	-20.296	-20.863	-14.019
-20.863	-14.019	-20.755	-13.936
-20.863	-14.019	-21.780	-13.986
-20.863	-14.019	-22.118	-14.055
-20.863	-14.019	-21.870	-14.110
-20.863	-14.019	-21.280	-14.092
-20.863	-14.019	-21.542	-11.702
-20.863	-14.019	-21.703	-12.738
-20.863	-14.019	-21.301	-9.723
-17.211	-25.379	-20.373	-20.296
-20.373	-20.296	-20.488	-19.926
-20.373	-20.296	-19.823	-19.908
-20.373	-20.296	-19.345	-19.880
-20.373	-20.296	-19.686	-19.971
-20.373	-20.296	-19.647	-20.009
-15.630	-20.295	-17.211	-25.379
-17.211	-25.379	-17.775	-23.651
-17.211	-25.379	-17.983	-23.843
-17.211	-25.379	-18.033	-24.273
-17.211	-25.379	-17.349	-25.328
-17.211	-25.379	-17.334	-25.491
-8.415	-22.432	-15.630	-20.295
-15.630	-20.295	-15.735	-20.004
-15.630	-20.295	-15.830	-19.414
-15.630	-20.295	-15.887	-18.659
-15.630	-20.295	-15.757	-19.892
-15.630	-20.295	-15.245	-20.654
-15.630	-20.295	-14.262	-21.551
-15.630	-20.295	-14.228	-20.851
-15.630	-20.295	-15.151	-21.348
-15.630	-20.295	-15.320	-21.497
-15.630	-20.295	-15.643	-20.637
-3.729	-17.940	-8.415	-22.432
-4.959	-15.445	-3.729	-17.940
-2.354	-13.901	-4.959	-15.445
-4.959	-15.445	-4.025	-15.402
-4.959	-15.445	-4.141	-15.533
-4.959	-15.445	-4.044	-15.359
-4.959	-15.445	-4.097	-15.396
-4.959	-15.445	-4.831	-15.376
-4.959	-15.445	-5.296	-15.470
-4.959	-15.445	-0.111	-11.513
2.156	-14.432	-2.354	-13.901
-2.354	-13.901	-1.726	-13.020
-2.354	-13.901	-0.944	-13.245
-2.354	-13.901	-0.669	-13.453
-2.354	-13.901	2.053	-14.018
-2.354	-13.901	0.759	-15.683
-2.354	-13.901	3.219	-15.599
-2.354	-13.901	3.347	-14.673
-2.354	-13.901	-0.071	-15.744
-2.354	-13.901	-0.329	-16.165
-2.354	-13.901	-1.197	-16.763
-2.354	-13.901	-2.033	-17.097
-2.354	-13.901	-2.942	-18.252
-2.354	-13.901	-3.461	-16.653
-2.354	-13.901	-2.267	-17.370
-2.354	-13.901	-2.249	-17.498
-2.354	-13.901	-2.249	-17.500
4.703	-3.046	2.156	-14.432
5.229	-3.180	4.703	-3.046
4.703	-3.046	7.441	-2.453
4.703	-3.046	6.172	-1.621
4.703	-3.046	4.567	-1.799
4.703	-3.046	4.797	-2.859
4.703	-3.046	4.510	-2.794
4.703	-3.046	3.989	-2.722
4.703	-3.046	3.978	-2.814
4.703	-3.046	4.100	-2.879
4.703	-3.046	6.397	-3.268
4.703	-3.046	5.760	-3.539
4.703	-3.046	5.580	-3.043
4.703	-3.046	5.145	-3.678
6.154	-2.774	5.229	-3.180
5.229	-3.180	5.250	-2.919
5.229	-3.180	5.203	-2.648
5.229	-3.180	5.010	-3.049
5.229	-3.180	5.068	-3.407
5.229	-3.180	5.307	-2.627
5.229	-3.180	5.005	-1.528
5.229	-3.180	5.057	-3.492
5.229	-3.180	5.310	-2.811
8.648	-3.159	6.154	-2.774
9.503	-2.089	8.648	-3.159
5.169	2.155	9.503	-2.089
0.000	0.000	5.169	2.155
POLYLINE BLACK
7.940	-4.860
7.820	-4.980
7.940	-5.180
8.100	-5.220
8.180	-5.220
8.220	-5.140
8.140	-4.900
7.980	-4.740
8.180	-4.900
8.380	-4.940
POLYLINE BLACK
7.820	-5.180
7.980	-5.460
7.980	-5.540
POLYLINE BLACK
7.660	-5.180
8.220	-5.420
8.300	-5.500
POLYLINE BLACK
7.740	-5.540
7.940	-5.620
8.060	-5.620
8.420	-5.780
POLYLINE BLACK
8.100	-6.220
8.100	-5.980
7.980	-5.860
7.820	-5.900
7.780	-6.020
7.900	-6.260
8.140	-6.340
8.220	-6.340
8.380	-6.140
POLYLINE BLACK
7.620	-6.380
8.100	-6.540
8.260	-6.660
8.340	-6.660
POLYLINE BLACK
7.860	-6.540
8.220	-6.660
8.340	-6.820
8.340	-6.940
8.380	-7.020
POLYLINE BLACK
7.860	-6.580
POLYLINE BLACK
8.260	-6.900
8.380	-7.100
8.380	-7.180
8.140	-6.940
8.060	-6.740
7.980	-6.740
7.860	-6.580
POLYLINE BLACK
9.940	-1.140
9.860	-1.140
9.700	-1.260
9.620	-1.260
9.540	-1.340
9.740	-1.420
9.900	-1.540
10.020	-1.540
10.180	-1.580
9.900	-1.420
9.820	-1.340
9.660	-1.300
9.900	-1.140
9.820	-1.140
9.620	-1.260
9.580	-1.340
9.980	-1.580
10.100	-1.580
9.940	-1.420
9.820	-1.420
9.740	-1.380
9.740	-1.260
10.020	-1.220
10.140	-1.220
10.300	-1.180
10.380	-1.220
10.500	-1.180
10.820	-1.300
10.540	-1.300
10.140	-1.220
9.900	-1.220
9.820	-1.260
9.740	-1.220
POLYLINE BLACK
10.980	-6.540
11.500	-6.100
11.860	-5.860
12.140	-5.540
12.380	-4.940
12.380	-4.820
12.540	-4.300
12.500	-4.180
12.500	-3.420
12.380	-2.900
12.220	-2.420
12.140	-2.340
12.100	-2.180
11.700	-1.660
11.020	-1.300
10.620	-1.220
10.460	-1.180
10.380	-1.220
10.300	-1.180
10.220	-1.220
10.140	-1.180
9.860	-1.260
POLYLINE BLACK
9.580	-1.700
9.300	-1.780
9.140	-1.740
8.900	-1.860
8.980	-1.860
9.340	-1.660
POLYLINE BLACK
8.300	-3.820
8.300	-3.700
8.580	-4.340
8.700	-4.700
8.380	-4.020
8.300	-3.940
8.740	-4.580
8.620	-4.540
8.300	-4.060
8.660	-4.500
8.740	-4.660
8.260	-4.020
8.260	-4.220
8.340	-4.540
8.340	-4.740
8.540	-5.540
POLYLINE BLACK
8.300	-3.780
8.100	-4.220
8.100	-4.420
8.060	-4.580
8.060	-4.700
8.140	-4.420
POLYLINE BLACK
8.180	-4.020
8.260	-3.940
POLYLINE BLACK
8.220	-3.820
8.140	-4.220
8.100	-4.460
POLYLINE BLACK
10.940	-6.700
10.660	-7.060
10.460	-7.260
POLYLINE BLACK
10.420	-6.460
11.140	-6.780
11.460	-7.020
POLYLINE BLACK
10.380	-6.420
10.580	-6.700
10.820	-7.300
10.820	-7.380
10.900	-7.460
10.900	-7.540
POLYLINE BLACK
10.100	-6.740
10.180	-7.460
10.180	-7.700
10.380	-7.820
10.540	-7.820
10.820	-7.700
POLYLINE BLACK
9.780	-7.140
10.020	-7.380
10.060	-7.500
10.340	-7.780
10.460	-7.940
POLYLINE BLACK
9.980	-7.500
9.740	-8.060
9.700	-8.260
9.620	-8.420
POLYLINE BLACK
10.220	-7.900
10.220	-8.580
POLYLINE BLACK
9.460	-7.780
9.380	-8.220
POLYLINE BLACK
10.220	-8.340
9.420	-7.500
POLYLINE BLACK
9.460	-7.500
10.100	-8.300
POLYLINE BLACK
8.580	-7.580
8.700	-7.780
8.740	-7.940
8.860	-8.140
POLYLINE BLACK
9.220	-8.220
9.300	-8.220
9.500	-8.500
9.500	-8.780
9.340	-9.020
9.180	-9.060
8.900	-8.780
8.780	-8.540
8.820	-8.100
8.900	-8.020
9.060	-8.020
POLYLINE BLACK
8.340	-8.420
8.420	-8.380
8.660	-8.540
8.700	-8.740
8.700	-8.820
8.620	-9.020
8.220	-9.420
POLYLINE BLACK
7.980	-8.700
8.060	-8.940
8.140	-9.020
8.220	-9.300
8.660	-10.060
POLYLINE BLACK
8.060	-3.940
8.260	-4.340
8.540	-4.660
POLYLINE BLACK
8.100	-3.980
8.100	-4.180
8.020	-4.540
8.020	-4.700
7.980	-4.820
POLYLINE BLACK
8.180	-3.900
8.220	-4.060
8.220	-4.660
8.500	-5.620
8.660	-6.180
8.780	-6.500
8.780	-6.660
8.940	-7.180
8.940	-7.260
9.020	-7.380
9.020	-7.540
POLYLINE BLACK
-2.620	-14.100
-2.620	-14.620
-2.660	-14.780
-2.660	-14.980
-2.620	-15.140
-2.620	-15.460
-2.500	-15.900
-2.420	-16.260
-2.300	-16.580
-2.260	-16.740
-2.060	-17.060
POLYLINE BLACK
-1.860	-12.940
-2.220	-13.340
-2.460	-13.820
-2.540	-14.140
-2.580	-14.220
POLYLINE BLUE
1.820	-12.500
2.020	-12.260
2.100	-12.380
2.140	-12.660
POLYLINE BLUE
2.460	-14.180
2.500	-13.740
2.380	-13.420
2.180	-13.100
2.140	-12.500
2.260	-12.260
POLYLINE BLUE
1.180	-14.860
1.540	-14.980
1.820	-15.100
1.700	-15.420
1.700	-15.500
POLYLINE BLUE
-0.340	-15.180
-0.260	-15.220
0.060	-15.100
0.260	-15.140
0.500	-15.140
0.660	-15.180
1.060	-15.260
1.260	-15.260
1.420	-15.300
1.740	-15.180
POLYLINE BLUE
-1.660	-15.620
-1.380	-15.580
-1.180	-15.580
-1.100	-15.540
-1.020	-15.580
-1.060	-15.940
-1.100	-16.020
POLYLINE BLUE
-2.420	-16.340
-2.060	-16.220
-1.820	-16.060
-1.620	-16.020
-1.540	-15.940
-0.980	-15.660
POLYLINE BLACK
-0.340	-14.860
-0.420	-14.820
-0.700	-14.820
-0.900	-14.780
-0.980	-14.820
-1.140	-14.780
-1.300	-14.740
-1.420	-14.780
POLYLINE BLACK
-0.860	-14.420
-0.780	-14.660
-0.780	-15.140
-0.700	-15.500
POLYLINE BLACK
-2.100	-17.060
-1.540	-16.900
-1.140	-16.700
-0.740	-16.420
-0.540	-16.340
-0.460	-16.220
-0.380	-16.220
-0.340	-16.140
-0.060	-16.020
0.100	-15.860
0.180	-15.860
0.260	-15.780
0.420	-15.740
0.500	-15.660
0.580	-15.700
0.740	-15.660
0.820	-15.660
POLYLINE BLACK
-0.740	-13.100
-0.660	-13.180
-0.460	-13.220
-0.220	-13.380
-0.060	-13.420
0.020	-13.500
0.100	-13.500
0.700	-13.860
0.940	-13.940
1.180	-13.980
1.260	-13.940
1.340	-13.980
1.420	-13.940
1.580	-13.980
1.740	-13.980
1.780	-14.100
1.780	-14.020
1.900	-14.260
1.980	-14.260
2.100	-14.420
POLYLINE BLACK
1.740	-12.580
1.740	-12.700
1.780	-12.900
1.860	-13.220
2.060	-13.700
2.140	-14.140
2.140	-14.300
2.100	-14.460
1.980	-14.580
POLYLINE BLACK
-1.700	-13.020
-1.460	-12.940
-1.260	-12.980
-0.940	-12.980
-0.700	-13.180
-0.620	-13.180
POLYLINE BLACK
2.940	-15.620
2.660	-15.780
2.500	-15.780
2.340	-15.860
2.020	-15.780
1.780	-15.780
1.700	-15.820
1.540	-15.780
1.340	-15.820
1.260	-15.780
1.100	-15.820
0.780	-15.660
0.700	-15.660
POLYLINE BLACK
3.260	-14.620
3.300	-14.780
3.340	-14.980
3.340	-15.260
3.180	-15.620
3.100	-15.660
POLYLINE BLACK
2.860	-12.900
3.180	-13.860
3.260	-13.980
3.260	-14.140
3.340	-14.460
3.340	-14.660
3.380	-14.820
POLYLINE BLACK
5.450	1.390
5.450	1.300
POLYLINE BLACK
5.660	1.660
5.630	1.480
5.630	1.390
POLYLINE BLACK
5.630	1.870
5.630	1.570
5.600	1.510
POLYLINE BLACK
5.870	1.690
5.840	1.510
5.840	1.270
POLYLINE BLACK
5.870	2.080
5.900	1.960
5.960	1.750
5.990	1.810
5.930	1.840
5.900	1.780
5.900	1.660
5.870	1.540
5.870	1.390
POLYLINE BLACK
5.570	2.050
5.720	2.080
5.840	2.110
6.020	2.110
6.080	2.050
5.900	2.140
POLYLINE BLACK
5.570	1.420
5.630	1.210
5.750	1.060
POLYLINE BLACK
5.570	1.450
5.600	1.330
5.660	1.210
POLYLINE BLACK
5.570	1.780
5.630	1.630
5.780	1.420
5.690	1.600
5.690	1.600
5.720	1.510
POLYLINE BLACK
5.630	1.960
5.720	2.080
POLYLINE BLACK
5.420	1.660
5.450	1.510
5.510	1.270
5.570	1.090
5.540	1.240
5.480	1.510
5.600	2.020
POLYLINE BLACK
5.570	1.870
5.630	1.870
POLYLINE BLACK
5.630	1.780
5.570	1.720
5.510	1.720
5.360	1.390
5.360	1.330
POLYLINE BLACK
8.720	-1.940
8.990	-2.390
9.020	-2.450
POLYLINE BLACK
8.360	-2.540
8.420	-2.630
8.630	-2.750
8.750	-2.870
POLYLINE BLACK
8.720	-3.920
8.870	-3.830
8.990	-3.800
9.110	-3.770
POLYLINE BLACK
9.590	-4.010
9.470	-4.220
9.380	-4.340
POLYLINE BLACK
10.430	-3.890
10.340	-4.280
POLYLINE BLACK
10.640	-3.290
10.850	-3.350
10.910	-3.350
10.760	-3.290
10.820	-3.350
10.910	-3.350
11.060	-3.410
11.120	-3.470
POLYLINE BLACK
10.790	-2.480
10.670	-2.540
10.670	-2.540
10.610	-2.540
10.490	-2.660
POLYLINE BLACK
10.250	-1.880
10.100	-2.120
10.160	-2.060
10.100	-2.090
POLYLINE BLACK
8.900	-1.880
8.750	-1.970
8.600	-2.060
8.480	-2.270
8.450	-2.360
POLYLINE BLACK
10.490	-1.850
10.370	-1.760
10.220	-1.730
10.160	-1.670
10.100	-1.700
9.920	-1.670
9.830	-1.670
POLYLINE BLACK
10.730	-2.180
10.670	-2.150
10.640	-2.060
POLYLINE BLACK
11.120	-3.650
10.940	-3.980
10.640	-4.250
10.220	-4.400
10.130	-4.400
9.950	-4.460
9.680	-4.460
9.860	-4.370
10.010	-4.370
10.220	-4.280
10.490	-4.250
10.970	-4.070
11.120	-3.920
11.210	-3.710
11.240	-3.410
11.180	-3.110
11.120	-2.840
10.940	-2.450
POLYLINE BLACK
10.940	-2.420
11.030	-2.570
11.120	-2.990
11.120	-3.230
11.150	-3.350
11.150	-3.620
POLYLINE BLACK
10.430	-1.940
10.730	-2.180
11.120	-2.690
11.150	-2.780
POLYLINE BLACK
10.070	-1.760
10.370	-1.820
10.580	-1.910
10.760	-2.120
POLYLINE BLACK
9.860	-1.850
10.190	-1.790
10.280	-1.820
10.490	-1.820
POLYLINE BLACK
9.500	-1.430
9.650	-1.790
POLYLINE BLACK
9.350	-1.160
9.440	-1.310
9.650	-1.610
POLYLINE BLACK
9.200	-0.950
9.500	-1.370
POLYLINE BLACK
9.350	-1.160
9.560	-1.310
9.800	-1.640
POLYLINE BLACK
8.780	-0.590
9.140	-0.860
9.350	-1.040
POLYLINE BLACK
9.230	-1.910
9.110	-1.940
8.720	-2.030
8.660	-2.090
8.600	-2.090
8.330	-2.360
8.270	-2.570
8.300	-2.690
8.270	-2.810
8.420	-2.480
8.450	-2.330
8.750	-2.000
8.900	-1.910
POLYLINE BLACK
8.630	-1.640
8.780	-1.700
8.990	-1.850
9.050	-1.850
9.110	-1.910
POLYLINE BLACK
8.150	-1.430
8.210	-1.430
8.780	-1.700
POLYLINE BLACK
8.000	-1.280
8.570	-1.670
POLYLINE BLACK
8.390	-2.630
8.240	-2.870
8.630	-2.480
8.780	-2.390
8.900	-2.390
8.840	-2.330
8.420	-2.510
8.270	-2.720
POLYLINE BLACK
8.810	-2.390
8.690	-2.390
8.510	-2.510
POLYLINE BLACK
8.990	-2.300
8.930	-2.330
8.840	-2.300
8.720	-2.360
POLYLINE BLACK
8.360	-0.470
8.660	-0.830
8.900	-1.250
POLYLINE BLACK
7.100	-0.350
6.980	-0.110
6.980	-0.290
6.440	0.370
6.320	0.430
7.940	-1.190
7.520	-0.770
7.280	-0.590
8.420	-1.790
POLYLINE BLACK
5.900	0.730
7.220	-0.410
POLYLINE BLACK
7.760	0.130
8.780	-0.590
POLYLINE BLACK
7.280	0.790
8.480	-0.350
8.780	-0.590
POLYLINE BLACK
6.980	1.030
7.340	0.430
8.180	-0.410
POLYLINE BLACK
6.080	2.050
7.040	0.970
7.640	0.490
POLYLINE BLACK
5.660	2.590
5.960	2.110
7.040	1.090
POLYLINE BLACK
5.360	1.330
6.200	0.850
POLYLINE BLACK
5.420	1.210
5.780	0.850
6.080	0.670
6.320	0.430
POLYLINE BLACK
4.040	1.330
3.920	1.210
3.680	1.150
3.860	1.090
4.280	1.330
4.460	1.330
4.820	1.510
5.180	1.570
5.480	1.030
POLYLINE BLACK
3.080	0.790
3.320	0.850
3.920	1.090
4.040	1.210
4.340	1.270
4.580	1.390
POLYLINE BLACK
11.420	5.590
POLYLINE BLACK
5.840	-0.290
POLYLINE BLACK
11.360	5.230
POLYLINE BLACK
6.560	1.990
POLYLINE BLACK
4.940	2.530
5.300	2.590
5.660	2.650
5.780	2.590
POLYLINE BLACK
3.080	0.850
POLYLINE BLUE
3.540	-10.470
3.680	-10.350
3.980	-9.970
4.020	-10.010
4.020	-10.130
4.040	-10.190
4.040	-10.390
4.080	-10.470
POLYLINE BLUE
3.900	-10.250
3.840	-10.490
3.760	-10.750
3.720	-11.030
3.700	-11.070
POLYLINE BLUE
4.340	-6.850
4.360	-6.890
4.400	-6.890
4.800	-6.510
4.840	-6.710
4.860	-6.790
POLYLINE BLUE
4.680	-6.690
4.660	-6.870
4.640	-6.910
4.640	-7.010
4.580	-7.190
POLYLINE BLUE
4.840	-5.270
5.000	-5.110
5.100	-4.970
5.180	-4.910
5.220	-4.970
5.240	-5.250
5.260	-5.330
POLYLINE BLUE
5.080	-5.050
5.080	-5.270
5.060	-5.390
5.040	-5.550
5.000	-5.690
POLYLINE BLACK
6.790	-3.570
6.810	-3.620
6.780	-3.720
6.740	-3.800
6.740	-3.830
6.690	-3.920
6.670	-4.000
6.650	-4.050
6.720	-4.090
6.770	-4.090
6.790	-4.100
POLYLINE BLACK
6.680	-3.970
6.660	-3.960
6.570	-4.030
6.560	-4.080
6.580	-4.090
6.640	-4.050
6.670	-4.010
POLYLINE BLACK
6.490	-4.030
6.460	-4.070
6.460	-4.090
POLYLINE BLACK
6.470	-4.000
6.450	-4.040
POLYLINE BLACK
6.530	-3.990
6.510	-3.970
6.460	-3.970
6.410	-4.000
6.400	-4.020
6.420	-4.020
POLYLINE BLACK
6.290	-4.000
6.290	-4.030
6.270	-4.050
6.240	-4.170
6.240	-4.170
6.250	-4.110
6.280	-4.050
6.340	-3.990
6.360	-3.980
6.380	-3.990
6.350	-4.040
6.250	-4.080
POLYLINE BLACK
6.210	-4.000
6.170	-4.010
6.160	-4.030
6.190	-4.060
6.190	-4.080
6.140	-4.110
POLYLINE BLACK
6.100	-4.040
6.080	-4.030
6.040	-4.060
6.040	-4.110
6.070	-4.140
6.120	-4.100
6.120	-4.080
6.080	-4.050
6.060	-4.050
POLYLINE BLACK
5.920	-4.040
5.860	-4.030
5.800	-4.070
5.800	-4.110
5.850	-4.120
5.880	-4.120
5.970	-4.020
6.040	-3.830
5.980	-3.940
5.980	-3.960
5.950	-4.050
5.950	-4.070
POLYLINE BLACK
5.750	-4.040
5.710	-4.050
5.660	-4.100
5.720	-4.150
5.740	-4.150
5.760	-4.080
POLYLINE BLACK
5.370	-4.110
5.390	-4.090
5.410	-4.090
5.460	-4.040
5.440	-4.130
5.470	-4.160
5.490	-4.160
5.540	-4.100
5.540	-4.150
5.580	-4.170
5.610	-4.140
5.630	-4.070
POLYLINE BLACK
5.730	-3.590
5.730	-3.620
5.820	-3.850
5.820	-3.870
5.920	-3.790
5.940	-3.760
5.990	-3.730
6.130	-3.610
6.140	-3.590
POLYLINE BLACK
5.810	-3.360
5.850	-3.510
5.850	-3.540
5.890	-3.660
POLYLINE BLUE
5.740	-3.150
5.760	-3.190
5.980	-3.110
6.020	-3.110
POLYLINE BLUE
5.440	-3.030
5.640	-2.910
5.720	-2.910
5.760	-2.950
5.840	-2.950
5.880	-2.970
5.980	-2.950
POLYLINE BLUE
4.960	-3.650
4.980	-3.550
5.100	-3.290
5.140	-3.250
5.220	-3.270
5.360	-3.210
5.500	-3.070
POLYLINE BLUE
4.660	-3.470
4.680	-3.410
4.800	-3.370
4.880	-3.370
5.000	-3.230
5.020	-3.170
5.160	-3.070
POLYLINE BLUE
4.560	-4.410
4.680	-4.170
4.600	-3.890
POLYLINE BLUE
4.160	-5.610
4.320	-5.370
4.320	-5.170
4.280	-5.090
POLYLINE BLUE
3.800	-7.370
3.960	-7.210
4.000	-7.050
3.880	-6.810
POLYLINE BLUE
3.200	-9.410
3.440	-9.050
3.440	-8.890
3.400	-8.810
POLYLINE BLUE
2.920	-11.130
2.840	-10.850
2.840	-10.690
3.040	-10.450
3.040	-10.250
POLYLINE BLUE
4.560	-4.050
4.480	-4.050
4.320	-3.890
4.280	-3.770
4.400	-3.610
4.480	-3.610
POLYLINE BLUE
3.960	-5.770
4.160	-5.570
4.200	-5.410
4.160	-5.250
4.160	-4.970
4.240	-4.810
POLYLINE BLUE
3.560	-7.330
3.600	-7.250
3.560	-7.170
3.680	-6.970
3.760	-6.730
3.640	-6.530
POLYLINE BLUE
3.080	-9.450
3.000	-9.450
2.920	-9.370
2.920	-9.210
3.320	-8.770
3.320	-8.610
3.280	-8.530
POLYLINE BLUE
2.800	-11.370
2.720	-11.370
2.600	-11.170
2.560	-10.890
2.800	-10.450
2.920	-10.330
2.840	-10.130
2.760	-10.050
POLYLINE BLACK
5.040	-2.410
5.050	-2.450
5.060	-2.470
POLYLINE BLACK
5.030	-2.410
4.970	-2.470
POLYLINE BLACK
4.890	-2.350
4.830	-2.430
POLYLINE BLACK
4.750	-2.270
4.700	-2.360
POLYLINE BLACK
4.250	-2.130
4.250	-2.150
POLYLINE BLACK
4.060	-2.280
4.080	-2.300
POLYLINE BLACK
3.970	-2.340
4.030	-2.400
POLYLINE BLACK
4.660	-2.160
4.680	-2.180
4.910	-2.250
4.980	-2.300
5.040	-2.380
5.040	-2.400
4.970	-2.310
4.800	-2.210
4.710	-2.170
4.680	-2.170
POLYLINE BLACK
3.920	-2.420
3.960	-2.330
4.060	-2.200
4.130	-2.140
4.180	-2.130
4.280	-2.070
4.310	-2.060
4.220	-2.080
4.110	-2.160
4.000	-2.280
POLYLINE BLACK
8.100	-3.520
8.170	-3.410
POLYLINE BLACK
8.260	-3.080
8.220	-3.120
POLYLINE BLACK
7.890	-3.450
7.930	-3.370
POLYLINE BLACK
7.880	-2.970
7.840	-3.060
POLYLINE BLACK
7.390	-3.190
7.430	-3.130
POLYLINE BLACK
7.420	-2.780
7.380	-2.870
POLYLINE BLACK
6.910	-3.000
6.900	-2.940
POLYLINE BLACK
6.880	-2.610
6.890	-2.630
6.890	-2.720
POLYLINE BLACK
6.480	-3.000
6.510	-3.070
POLYLINE BLACK
6.590	-2.670
6.590	-2.690
6.570	-2.720
6.570	-2.740
POLYLINE BLACK
6.300	-3.070
6.350	-3.140
POLYLINE BLACK
6.340	-3.080
POLYLINE BLACK
6.380	-2.690
6.370	-2.730
6.360	-2.750
POLYLINE BLACK
5.900	-3.170
5.910	-3.150
5.890	-3.170
5.890	-3.150
5.870	-3.200
POLYLINE BLACK
5.890	-3.080
5.860	-3.210
POLYLINE BLACK
5.600	-3.230
5.600	-3.210
5.600	-3.240
5.620	-3.260
5.640	-3.230
5.640	-3.210
5.660	-3.280
5.660	-3.210
5.670	-3.160
5.660	-3.120
5.650	-3.140
5.650	-3.300
POLYLINE BLACK
5.740	-2.400
5.710	-2.470
5.710	-2.420
5.720	-2.400
5.690	-2.490
POLYLINE BLACK
5.490	-2.470
5.490	-2.470
5.500	-2.580
5.480	-2.500
5.480	-2.480
5.500	-2.570
5.500	-2.590
5.500	-2.560
5.490	-2.540
POLYLINE BLACK
5.190	-2.520
5.200	-2.550
5.280	-2.630
5.230	-2.590
5.250	-2.610
5.240	-2.590
POLYLINE BLACK
4.950	-2.680
4.980	-2.680
5.030	-2.730
4.980	-2.700
4.960	-2.670
5.010	-2.690
5.050	-2.720
POLYLINE BLACK
4.960	-2.750
POLYLINE BLACK
4.960	-2.750
POLYLINE BLACK
5.070	-2.860
5.180	-2.800
5.050	-2.850
5.070	-2.860
5.150	-2.810
5.200	-2.800
POLYLINE BLACK
5.510	-3.190
5.480	-3.190
5.440	-3.210
POLYLINE BLACK
5.350	-3.260
5.510	-3.180
5.580	-3.120
5.560	-3.120
5.420	-3.190
5.530	-3.160
5.490	-3.190
POLYLINE BLACK
5.220	-3.060
5.310	-3.050
5.330	-3.050
5.280	-3.050
POLYLINE BLACK
5.260	-3.040
5.320	-3.020
POLYLINE BLACK
5.270	-3.040
5.320	-2.980
5.390	-2.950
POLYLINE BLACK
5.240	-2.960
5.280	-3.040
POLYLINE BLACK
5.260	-3.030
5.330	-2.980
5.360	-2.980
POLYLINE BLACK
4.870	-2.800
4.960	-2.670
5.020	-2.620
POLYLINE BLACK
4.900	-2.800
4.910	-2.740
4.970	-2.630
POLYLINE BLACK
5.370	-3.400
5.410	-3.510
5.400	-3.440
5.400	-3.400
5.320	-3.180
5.270	-3.100
5.260	-3.070
5.230	-3.070
5.090	-2.940
4.870	-2.830
4.820	-2.800
4.800	-2.790
4.860	-2.800
4.970	-2.830
5.140	-2.950
5.260	-3.060
5.350	-3.180
5.400	-3.350
5.400	-3.380
5.410	-3.420
5.400	-3.440
POLYLINE BLACK
5.490	-3.390
POLYLINE BLACK
5.020	-2.840
5.030	-2.860
5.160	-2.890
5.210	-2.920
5.350	-3.110
5.450	-3.300
POLYLINE BLACK
4.820	-2.820
POLYLINE BLACK
4.840	-2.850
POLYLINE BLACK
4.760	-2.810
4.900	-2.810
5.070	-2.900
POLYLINE BLACK
4.880	-2.820
4.830	-2.820
POLYLINE BLACK
5.040	-2.910
5.010	-2.900
4.990	-2.870
4.940	-2.840
POLYLINE BLACK
5.270	-3.250
5.400	-3.500
5.420	-3.520
5.390	-3.390
5.330	-3.230
5.210	-3.050
5.170	-3.010
5.070	-2.910
5.050	-2.910
POLYLINE BLACK
5.290	-3.250
5.300	-3.340
POLYLINE BLACK
5.290	-3.170
5.290	-3.230
POLYLINE BLACK
5.270	-3.050
5.290	-3.220
POLYLINE BLACK
5.240	-2.990
5.280	-3.130
POLYLINE BLACK
5.130	-2.870
5.240	-2.990
5.260	-3.030
5.260	-3.060
5.270	-3.080
POLYLINE BLACK
6.150	-2.620
6.240	-2.600
POLYLINE BLACK
5.960	-2.590
5.980	-2.610
6.090	-2.660
6.160	-2.670
POLYLINE BLACK
6.290	-3.160
6.150	-3.180
5.750	-3.290
5.690	-3.290
5.440	-3.410
POLYLINE BLACK
5.850	-3.240
6.150	-3.150
6.230	-3.140
POLYLINE BLACK
5.610	-3.330
5.750	-3.280
5.970	-3.250
6.030	-3.250
POLYLINE BLACK
5.570	-3.400
5.560	-3.360
5.600	-3.290
5.690	-3.260
POLYLINE BLACK
5.460	-3.500
5.460	-3.470
5.620	-3.260
POLYLINE BLACK
5.440	-3.570
5.520	-3.410
POLYLINE BLACK
5.010	-3.840
5.030	-3.810
5.080	-3.780
5.180	-3.710
5.280	-3.670
5.490	-3.500
5.530	-3.480
POLYLINE BLACK
4.910	-3.990
4.910	-3.960
4.940	-3.870
5.010	-3.780
POLYLINE BLACK
4.910	-4.030
4.900	-4.050
4.890	-4.030
4.940	-3.920
4.970	-3.880
POLYLINE BLACK
5.140	-3.750
5.050	-3.840
POLYLINE BLACK
5.250	-3.670
5.230	-3.690
POLYLINE BLACK
5.360	-3.600
5.240	-3.650
POLYLINE BLACK
5.450	-3.530
5.350	-3.590
POLYLINE BLACK
5.520	-3.440
5.470	-3.520
POLYLINE BLACK
5.560	-3.360
5.540	-3.360
5.430	-3.480
POLYLINE BLACK
5.750	-3.250
5.590	-3.380
POLYLINE BLACK
5.800	-3.270
5.770	-3.290
POLYLINE BLACK
6.090	-3.220
6.000	-3.210
5.890	-3.220
5.870	-3.210
5.790	-3.230
POLYLINE BLACK
6.110	-3.220
5.910	-3.250
POLYLINE BLACK
6.170	-3.230
6.080	-3.260
5.990	-3.310
POLYLINE BLACK
6.050	-3.250
6.030	-3.250
POLYLINE BLACK
6.130	-3.230
6.050	-3.240
5.970	-3.270
POLYLINE BLACK
6.270	-3.190
6.000	-3.230
POLYLINE BLACK
5.600	-2.300
5.520	-2.420
5.480	-2.450
5.370	-2.470
5.320	-2.470
5.240	-2.500
5.140	-2.520
5.040	-2.560
POLYLINE BLACK
5.030	-2.610
5.120	-2.560
5.240	-2.510
5.260	-2.510
5.430	-2.450
POLYLINE BLACK
4.940	-2.650
5.020	-2.570
5.070	-2.540
5.090	-2.540
5.130	-2.510
POLYLINE BLACK
4.910	-2.570
4.970	-2.470
POLYLINE BLACK
4.940	-2.470
4.950	-2.450
POLYLINE BLACK
5.870	-2.770
5.880	-2.790
POLYLINE BLACK
5.890	-2.770
5.880	-2.810
5.840	-2.900
POLYLINE BLACK
5.990	-2.630
POLYLINE BLACK
5.970	-2.630
6.000	-2.650
POLYLINE BLACK
5.960	-2.590
5.980	-2.600
POLYLINE BLACK
5.850	-2.530
5.920	-2.560
POLYLINE BLACK
5.690	-2.280
5.790	-2.350
POLYLINE BLACK
5.330	-2.190
5.410	-2.230
5.530	-2.240
POLYLINE BLACK
8.210	0.405
POLYLINE BLACK
8.180	0.375
POLYLINE BLACK
4.100	-1.935
POLYLINE BLACK
8.180	0.435
POLYLINE BLACK
4.160	-1.575
4.250	-1.875
4.370	-1.905
POLYLINE BLACK
4.220	-1.875
POLYLINE BLACK
5.630	-2.295
5.720	-2.355
POLYLINE BLACK
5.480	-2.145
5.750	-2.235
POLYLINE BLACK
5.300	-2.205
5.510	-2.235
5.690	-2.265
POLYLINE BLACK
5.300	-2.175
5.420	-2.265
POLYLINE BLACK
5.300	-2.115
5.240	-2.175
POLYLINE BLACK
5.330	-1.995
5.330	-2.055
POLYLINE BLACK
5.420	-1.785
5.360	-1.905
POLYLINE BLACK
5.360	-2.115
5.390	-1.935
5.390	-1.725
5.360	-1.785
POLYLINE BLACK
5.300	-2.055
5.300	-2.115
POLYLINE BLACK
5.390	-1.965
5.240	-2.025
POLYLINE BLACK
5.390	-1.845
5.330	-1.995
5.420	-1.845
5.300	-1.995
5.390	-1.995
5.420	-1.905
5.390	-1.965
POLYLINE BLACK
5.360	-1.905
5.360	-1.845
5.300	-2.055
5.300	-1.995
5.270	-2.055
POLYLINE BLACK
5.360	-2.115
5.360	-1.995
POLYLINE BLACK
5.060	-1.515
5.030	-1.665
4.940	-1.785
4.940	-1.845
5.000	-1.725
4.940	-1.725
4.940	-1.725
4.940	-1.725
4.820	-1.845
POLYLINE BLACK
5.060	-1.515
5.060	-1.575
POLYLINE BLACK
4.730	-1.875
4.850	-1.815
POLYLINE BLACK
4.640	-1.905
4.880	-1.815
POLYLINE BLACK
4.640	-1.935
4.700	-1.935
POLYLINE BLACK
4.490	-1.875
4.640	-1.875
POLYLINE BLACK
4.490	-1.905
POLYLINE BLACK
4.520	-1.875
4.550	-1.755
4.460	-1.845
4.490	-1.995
4.430	-1.785
4.400	-1.845
4.430	-1.995
4.430	-1.815
4.400	-1.755
4.400	-1.815
4.430	-1.755
4.400	-1.605
4.430	-1.785
4.430	-1.785
4.370	-1.635
4.430	-1.725
POLYLINE BLACK
3.860	-2.085
3.860	-2.145
POLYLINE BLACK
3.920	-1.875
3.830	-2.025
POLYLINE BLACK
3.920	-1.665
3.920	-1.755
3.860	-2.025
3.860	-2.145
POLYLINE BLACK
4.010	-1.605
3.980	-1.755
POLYLINE BLACK
4.010	-2.025
4.040	-1.965
POLYLINE BLACK
3.770	-2.265
3.890	-2.235
POLYLINE BLACK
3.230	-12.795
POLYLINE BLACK
3.230	-12.135
3.110	-12.405
3.110	-12.495
3.080	-12.645
3.080	-12.765
POLYLINE BLACK
1.850	-12.585
1.850	-12.585
1.940	-12.435
1.910	-12.195
1.970	-12.375
1.910	-12.465
POLYLINE BLACK
2.240	-11.655
2.120	-11.805
1.820	-12.525
1.640	-12.855
POLYLINE BLACK
3.200	-12.855
POLYLINE BLACK
3.320	-12.015
3.050	-12.645
3.020	-12.885
POLYLINE BLACK
3.410	-10.785
3.260	-11.715
3.230	-12.165
3.200	-12.285
3.230	-12.375
POLYLINE BLACK
3.440	-10.425
3.350	-11.145
3.350	-11.325
POLYLINE BLACK
3.650	-9.255
3.440	-10.305
3.350	-10.755
POLYLINE BLACK
2.420	-10.185
2.120	-11.685
2.060	-12.105
POLYLINE BLACK
2.780	-8.535
2.690	-8.805
2.690	-8.895
2.630	-9.135
2.450	-10.005
2.360	-10.185
2.270	-10.605
2.270	-10.755
POLYLINE BLACK
2.780	-8.235
2.750	-8.685
2.570	-9.645
POLYLINE BLACK
4.130	-7.275
3.980	-7.785
3.740	-8.685
3.680	-9.285
3.680	-9.345
POLYLINE BLACK
4.400	-6.075
4.160	-7.485
4.040	-7.845
4.040	-7.965
4.010	-8.085
POLYLINE BLACK
4.670	-5.115
4.400	-5.805
4.280	-6.255
4.160	-6.885
4.100	-7.065
4.100	-7.125
POLYLINE BLACK
3.680	-5.895
2.930	-7.965
2.870	-8.145
2.870	-8.235
2.840	-8.295
POLYLINE BLACK
3.590	-5.895
3.560	-6.045
POLYLINE BLACK
3.860	-4.815
3.770	-5.175
3.770	-5.325
3.710	-5.625
3.650	-6.015
3.590	-6.135
3.590	-6.225
POLYLINE BLACK
3.890	-5.055
3.890	-5.115
3.740	-5.535
POLYLINE BLACK
4.070	-3.975
4.070	-4.035
3.770	-4.995
3.680	-5.175
3.620	-5.445
3.560	-5.625
POLYLINE BLACK
4.820	-4.785
4.730	-5.085
4.520	-5.625
POLYLINE BLACK
4.910	-4.155
4.910	-4.245
4.880	-4.395
4.850	-4.575
4.700	-5.295
POLYLINE BLACK
4.010	-4.815
3.830	-5.145
POLYLINE BLACK
4.130	-3.765
3.980	-4.395
3.890	-4.515
3.890	-4.605
3.770	-4.965
POLYLINE BLACK
4.940	-4.185
4.880	-4.425
4.820	-4.695
POLYLINE BLACK
4.940	-3.855
4.820	-4.185
4.820	-4.275
POLYLINE BLACK
4.190	-3.885
4.130	-4.125
4.100	-4.275
POLYLINE BLACK
4.130	-3.585
4.070	-3.885
4.070	-3.975
4.040	-4.035
POLYLINE BLACK
4.100	-3.375
POLYLINE BLACK
4.970	-3.975
4.940	-4.035
POLYLINE BLACK
4.970	-4.005
POLYLINE BLACK
4.970	-3.945
4.940	-4.035
POLYLINE BLACK
5.030	-3.705
5.000	-3.855
POLYLINE BLACK
5.060	-3.405
5.030	-3.525
POLYLINE BLACK
5.000	-3.315
5.060	-3.765
POLYLINE BLACK
4.040	-3.405
4.100	-3.825
POLYLINE BLACK
3.950	-3.075
3.980	-3.345
4.160	-3.615
POLYLINE BLACK
3.860	-2.925
3.830	-3.105
POLYLINE BLACK
3.890	-2.325
3.860	-2.385
3.860	-2.715
3.890	-2.805
3.890	-2.985
POLYLINE BLACK
3.770	-2.505
3.860	-2.745
POLYLINE BLACK
3.740	-2.265
3.860	-2.565
3.860	-2.655
POLYLINE BLACK
3.890	-2.055
3.770	-2.205
3.740	-2.325
POLYLINE BLACK
4.850	-1.905
4.760	-1.875
POLYLINE BLACK
4.970	-1.875
POLYLINE BLACK
5.090	-2.025
POLYLINE BLACK
5.150	-2.115
POLYLINE BLACK
5.300	-2.145
5.240	-2.145
POLYLINE BLACK
5.330	-2.175
POLYLINE BLACK
5.210	-2.175
POLYLINE BLACK
5.840	-2.535
POLYLINE BLACK
5.480	-2.145
5.660	-2.235
POLYLINE BLACK
5.510	-2.115
5.630	-2.145
POLYLINE BLACK
5.750	-2.355
5.660	-2.085
POLYLINE BLACK
5.930	-2.565
5.870	-2.235
POLYLINE BLACK
5.990	-2.565
POLYLINE BLACK
5.780	-2.265
5.930	-2.415
POLYLINE BLACK
5.750	-2.295
POLYLINE BLACK
10.130	-4.095
10.190	-4.185
10.130	-4.125
10.160	-4.365
10.010	-4.425
9.950	-4.485
POLYLINE BLACK
9.140	-4.245
9.170	-4.305
9.320	-4.335
9.380	-4.395
9.920	-4.395
10.040	-4.365
10.160	-4.335
POLYLINE BLACK
8.720	-4.095
8.840	-4.125
8.900	-4.185
9.050	-4.215
9.200	-4.305
9.320	-4.335
9.380	-4.365
POLYLINE BLACK
8.540	-3.825
8.720	-3.945
8.840	-3.975
8.900	-4.035
POLYLINE BLACK
10.090	-4.235
10.050	-4.115
10.050	-3.635
POLYLINE BLACK
9.970	-4.395
9.890	-4.475
9.690	-4.475
9.610	-4.555
10.010	-4.395
11.130	-3.675
POLYLINE BLACK
9.650	-4.315
9.810	-4.275
10.170	-4.155
10.370	-4.035
10.450	-4.035
10.530	-3.955
POLYLINE BLACK
9.130	-4.355
9.530	-4.195
9.610	-4.235
9.730	-4.195
POLYLINE BLACK
9.090	-4.155
POLYLINE BLACK
8.130	-2.715
8.210	-2.795
POLYLINE BLACK
7.290	-2.035
7.290	-2.155
7.730	-2.595
POLYLINE BLACK
9.830	-3.355
9.710	-3.355
POLYLINE BLACK
9.950	-3.355
10.010	-3.475
POLYLINE BLACK
11.270	8.345
POLYLINE BLACK
11.030	8.345
POLYLINE BLACK
2.390	1.805
2.750	1.985
2.990	2.165
3.710	2.405
4.130	2.465
4.550	2.705
5.030	2.765
POLYLINE BLACK
2.570	1.925
3.470	2.225
3.590	2.285
POLYLINE BLACK
0.710	1.205
2.270	1.805
3.290	2.225
POLYLINE BLACK
-0.610	0.485
-0.370	0.425
0.230	0.785
0.530	1.085
0.830	1.205
0.950	1.325
1.310	1.445
1.730	1.745
POLYLINE BLACK
5.190	-3.285
5.170	-3.285
POLYLINE BLACK
5.220	-3.285
5.140	-3.335
POLYLINE BLACK
6.395	-2.670
6.335	-2.670
6.260	-2.700
6.185	-2.700
6.155	-2.715
POLYLINE BLACK
6.950	-2.595
6.920	-2.610
6.770	-2.610
6.695	-2.625
6.605	-2.625
6.440	-2.655
6.410	-2.655
POLYLINE BLACK
7.175	-2.610
7.070	-2.580
6.860	-2.580
POLYLINE BLACK
7.235	-2.670
7.160	-2.580
POLYLINE BLACK
7.265	-2.550
POLYLINE BLACK
7.265	-2.640
POLYLINE BLACK
7.430	-2.745
7.235	-2.700
7.370	-2.700
7.520	-2.745
7.670	-2.790
7.745	-2.835
7.925	-2.850
POLYLINE BLACK
7.790	-2.865
7.685	-2.850
7.565	-2.820
POLYLINE BLACK
8.390	-3.015
8.360	-3.015
8.255	-2.970
8.225	-2.970
8.120	-2.940
8.015	-2.940
7.940	-2.910
7.805	-2.895
7.775	-2.880
POLYLINE BLACK
8.330	-2.955
8.240	-2.925
8.090	-2.910
8.060	-2.895
POLYLINE BLACK
8.390	-3.220
8.570	-3.430
POLYLINE BLACK
8.300	-3.370
8.300	-3.430
8.420	-3.460
8.480	-3.520
8.540	-3.520
POLYLINE BLACK
8.300	-3.580
8.510	-3.670
POLYLINE BLACK
8.480	-3.190
8.360	-3.340
8.360	-3.430
8.330	-3.550
8.360	-3.670
POLYLINE BLACK
4.390	-1.900
POLYLINE BLACK
8.740	-4.040
8.500	-3.760
8.420	-3.640
8.340	-3.640
8.140	-3.520
7.980	-3.520
7.820	-3.440
7.780	-3.360
7.700	-3.360
7.540	-3.240
7.340	-3.200
7.180	-3.160
7.100	-3.080
6.780	-3.000
6.380	-3.120
6.300	-3.200
6.300	-3.120
6.340	-3.200

ELEVATION
STATIONS
0.000	0.000	1.0
5.600	0.260	1.1
11.666	-9.285	1.2
13.036	-12.155	1.3
15.559	-21.095	1.4
16.569	-21.376	1.5
17.112	-21.260	1.6
28.780	-21.005	1.7
33.321	-21.621	1.8
36.350	-20.583	1.9
39.131	-19.727	1.10
45.622	-19.810	1.11
53.146	-20.275	1.12
58.470	-21.434	1.13
64.457	-21.400	1.14
70.753	-20.340	1.15
75.606	-19.666	1.16
77.312	-20.314	1.17
SHOTS
75.606	-19.666	77.312	-20.314
77.312	-20.314	77.308	-20.203
77.312	-20.314	77.163	-20.429
77.312	-20.314	77.262	-20.642
77.312	-20.314	77.239	-20.666
77.312	-20.314	77.190	-20.773
77.312	-20.314	77.417	-21.079
77.312	-20.314	77.372	-20.816
77.312	-20.314	77.271	-20.488
77.312	-20.314	77.047	-20.171
77.312	-20.314	76.959	-19.764
77.312	-20.314	77.317	-21.085
77.312	-20.314	77.336	-20.927
70.753	-20.340	75.606	-19.666
75.606	-19.666	75.810	-19.360
75.606	-19.666	76.006	-19.334
75.606	-19.666	75.995	-19.576
75.606	-19.666	75.813	-19.885
75.606	-19.666	75.908	-20.336
75.606	-19.666	75.682	-20.500
75.606	-19.666	75.628	-20.152
64.457	-21.400	70.753	-20.340
70.753	-20.340	70.774	-21.163
70.753	-20.340	71.405	-21.200
70.753	-20.340	71.539	-20.416
70.753	-20.340	71.301	-19.915
70.753	-20.340	70.932	-19.788
70.753	-20.340	72.792	-21.844
70.753	-20.340	72.229	-21.568
70.753	-20.340	74.173	-23.565
58.470	-21.434	64.457	-21.400
64.457	-21.400	64.835	-20.078
64.457	-21.400	64.707	-20.182
64.457	-21.400	64.549	-20.564
64.457	-21.400	64.575	-21.407
64.457	-21.400	64.514	-21.935
53.146	-20.275	58.470	-21.434
58.470	-21.434	60.234	-21.551
58.470	-21.434	60.181	-20.650
58.470	-21.434	59.843	-19.896
58.470	-21.434	58.586	-21.077
58.470	-21.434	58.526	-22.185
45.622	-19.810	53.146	-20.275
53.146	-20.275	53.114	-20.024
53.146	-20.275	52.976	-19.982
53.146	-20.275	52.758	-20.206
53.146	-20.275	53.090	-20.860
53.146	-20.275	52.739	-20.977
53.146	-20.275	51.675	-21.052
53.146	-20.275	51.644	-20.098
53.146	-20.275	53.320	-20.158
53.146	-20.275	53.846	-20.998
53.146	-20.275	53.476	-19.651
39.131	-19.727	45.622	-19.810
36.350	-20.583	39.131	-19.727
33.321	-21.621	36.350	-20.583
36.350	-20.583	35.648	-20.641
36.350	-20.583	36.010	-20.045
36.350	-20.583	35.567	-18.169
36.350	-20.583	35.683	-21.793
36.350	-20.583	36.205	-22.162
36.350	-20.583	36.438	-21.707
36.350	-20.583	30.173	-23.219
28.780	-21.005	33.321	-21.621
33.321	-21.621	32.643	-21.648
33.321	-21.621	31.995	-21.529
33.321	-21.621	31.698	-21.530
33.321	-21.621	28.929	-21.017
33.321	-21.621	30.023	-21.129
33.321	-21.621	27.589	-21.254
33.321	-21.621	27.569	-21.375
33.321	-21.621	30.841	-21.283
33.321	-21.621	31.221	-21.542
33.321	-21.621	32.577	-21.644
33.321	-21.621	33.815	-21.690
33.321	-21.621	35.390	-7.683
33.321	-21.621	35.630	-14.235
33.321	-21.621	34.213	-9.811
33.321	-21.621	34.225	-9.330
33.321	-21.621	34.226	-9.311
17.112	-21.260	28.780	-21.005
16.569	-21.376	17.112	-21.260
17.112	-21.260	14.601	-21.580
17.112	-21.260	15.718	-22.005
17.112	-21.260	16.736	-22.249
17.112	-21.260	16.988	-22.511
17.112	-21.260	17.134	-22.569
17.112	-21.260	17.416	-22.142
17.112	-21.260	17.456	-21.380
17.112	-21.260	17.408	-21.005
17.112	-21.260	15.415	-22.375
17.112	-21.260	15.967	-21.883
17.112	-21.260	16.262	-22.107
17.112	-21.260	17.002	-22.104
15.559	-21.095	16.569	-21.376
16.569	-21.376	16.508	-21.287
16.569	-21.376	16.541	-20.514
16.569	-21.376	16.812	-20.124
16.569	-21.376	16.721	-20.931
16.569	-21.376	16.393	-21.790
16.569	-21.376	16.683	-27.094
16.569	-21.376	16.737	-22.467
16.569	-21.376	16.410	-21.504
13.036	-12.155	15.559	-21.095
11.666	-9.285	13.036	-12.155
5.600	0.260	11.666	-9.285
0.000	0.000	5.600	0.260
POLYLINE BLACK
23.370	-6.000
27.720	-7.650
POLYLINE BLACK
36.420	-19.650
35.070	-19.650
33.720	-19.350
POLYLINE BLACK
36.720	-15.450
35.970	-15.900
34.170	-16.200
33.870	-16.500
POLYLINE BLACK
35.970	-11.700
35.670	-12.000
35.070	-12.150
34.320	-12.450
POLYLINE BLACK
36.720	-7.200
36.420	-7.200
34.320	-8.400
33.720	-9.000
32.970	-9.450
POLYLINE BLACK
11.670	-28.950
8.820	-31.500
7.620	-32.550
POLYLINE BLACK
11.970	-26.250
10.770	-27.900
10.320	-27.900
9.420	-28.800
7.170	-31.050
POLYLINE BLACK
11.970	-23.100
11.670	-23.400
11.520	-24.000
9.870	-25.650
7.620	-27.150
7.320	-27.150
POLYLINE BLACK
12.270	-18.600
11.970	-18.900
11.670	-19.800
10.320	-21.150
8.520	-22.500
8.220	-22.950
7.320	-23.250
5.820	-24.450
POLYLINE BLACK
12.720	-28.800
12.870	-29.550
12.870	-30.150
13.170	-31.500
13.170	-31.800
13.320	-31.200
13.470	-29.850
13.470	-29.400
13.320	-29.100
13.620	-27.900
13.470	-27.600
POLYLINE BLACK
26.520	-33.150
26.220	-31.950
25.770	-31.500
25.170	-31.650
24.720	-32.400
24.720	-33.000
25.020	-33.900
25.620	-34.350
26.370	-34.050
26.520	-32.700
26.370	-31.950
26.070	-32.250
26.370	-33.000
27.420	-34.050
28.020	-34.200
28.620	-34.200
29.070	-34.050
POLYLINE BLACK
22.470	-28.800
POLYLINE BLACK
20.670	-31.350
19.620	-31.050
19.020	-31.950
19.470	-33.000
20.370	-32.850
20.970	-31.050
21.120	-30.450
20.370	-28.800
20.220	-29.400
20.370	-30.300
20.820	-31.800
20.820	-32.250
21.120	-33.600
21.120	-31.800
21.270	-31.500
21.870	-32.700
21.870	-33.300
22.170	-31.650
22.470	-31.650
22.920	-32.550
23.070	-33.150
23.520	-33.750
23.970	-33.000
23.970	-31.950
23.820	-31.650
23.520	-31.650
23.370	-32.250
23.370	-32.700
23.820	-33.600
POLYLINE BLACK
16.470	-31.500
16.620	-32.250
16.770	-33.150
17.520	-33.300
17.820	-33.300
18.570	-32.250
18.270	-31.200
17.970	-32.250
18.420	-33.450
POLYLINE BLACK
16.020	-31.650
15.420	-31.800
15.120	-31.800
POLYLINE BLACK
15.420	-30.300
15.570	-31.650
15.870	-33.000
16.020	-33.300
POLYLINE BLACK
14.670	-31.350
14.070	-31.500
13.920	-31.800
14.370	-32.400
15.270	-32.550
15.420	-32.850
14.820	-33.450
14.520	-33.600
13.920	-33.300
POLYLINE BLACK
4.470	-0.750
5.070	-1.800
4.920	-2.100
5.070	-2.700
POLYLINE BLACK
5.070	-2.250
5.070	-1.950
5.370	-1.500
4.770	-0.900
POLYLINE BLACK
12.420	-12.300
12.570	-14.550
POLYLINE BLACK
12.420	-12.900
12.720	-14.250
12.720	-18.600
12.870	-19.350
12.870	-19.800
13.020	-20.550
13.020	-25.800
13.170	-26.550
13.170	-28.200
13.020	-28.950
13.020	-29.250
POLYLINE BLACK
10.920	-11.850
9.570	-15.900
8.670	-17.700
8.670	-18.000
7.320	-20.550
POLYLINE BLACK
8.820	-10.950
8.970	-11.250
8.970	-11.850
7.620	-15.600
6.420	-18.150
POLYLINE BLACK
6.120	-9.900
5.970	-11.550
4.620	-15.900
4.320	-16.500
4.320	-16.950
POLYLINE BLACK
4.620	-5.850
4.620	-6.600
3.870	-9.750
3.420	-11.250
3.420	-12.000
2.670	-14.700
POLYLINE BLACK
4.320	-2.700
3.420	-4.500
2.970	-5.250
1.770	-8.850
1.320	-10.050
0.720	-10.950
POLYLINE BLACK
11.250	-9.570
11.370	-10.050
11.370	-10.470
11.430	-10.710
11.550	-11.250
11.850	-11.910
12.030	-11.970
12.330	-12.270
12.630	-12.210
12.990	-12.330
POLYLINE BLACK
10.950	-9.570
11.310	-9.450
POLYLINE BLACK
10.590	-9.750
POLYLINE BLACK
10.770	-9.550
10.570	-9.650
9.570	-9.650
9.170	-9.550
8.970	-9.350
8.770	-9.450
8.370	-9.350
7.770	-9.350
7.570	-9.250
7.370	-9.350
7.070	-9.050
6.870	-8.950
6.670	-8.250
6.470	-8.050
6.270	-7.250
6.070	-7.050
5.970	-6.650
5.370	-4.750
5.170	-3.650
5.170	-3.250
5.070	-2.850
5.070	-2.550
4.970	-2.150
5.270	-1.750
POLYLINE BLACK
12.270	-23.150
POLYLINE BLACK
19.470	-20.560
19.380	-20.590
19.320	-20.560
19.260	-20.590
19.200	-20.560
19.140	-20.590
19.080	-20.560
19.020	-20.620
18.960	-20.590
18.840	-20.620
18.570	-20.620
18.510	-20.650
18.450	-20.620
18.330	-20.650
18.060	-20.620
17.940	-20.650
17.820	-20.620
17.670	-20.650
17.550	-20.650
POLYLINE BLACK
24.090	-20.590
23.850	-20.650
23.550	-20.740
23.370	-20.740
23.160	-20.710
23.040	-20.680
22.830	-20.650
22.680	-20.650
22.620	-20.620
22.560	-20.650
22.410	-20.620
22.290	-20.620
22.020	-20.560
21.780	-20.560
21.720	-20.530
21.600	-20.560
21.120	-20.650
21.030	-20.650
20.880	-20.680
20.760	-20.680
20.640	-20.650
20.160	-20.650
19.740	-20.590
19.560	-20.560
POLYLINE BLACK
28.620	-19.540
28.590	-19.960
28.380	-20.200
28.200	-20.470
27.870	-20.620
27.810	-20.590
27.510	-20.740
27.360	-20.770
27.240	-20.740
27.000	-20.740
26.880	-20.710
26.460	-20.650
26.310	-20.650
26.250	-20.620
26.100	-20.650
26.010	-20.650
25.890	-20.620
25.770	-20.590
25.560	-20.560
25.410	-20.560
25.350	-20.590
25.290	-20.560
25.230	-20.590
25.170	-20.560
25.110	-20.590
24.870	-20.530
24.780	-20.530
24.720	-20.560
24.660	-20.530
24.600	-20.560
24.540	-20.530
24.420	-20.560
24.300	-20.530
24.180	-20.560
POLYLINE BLACK
24.840	-21.450
24.660	-21.570
24.420	-21.570
24.180	-21.630
23.520	-21.630
23.400	-21.690
23.160	-21.570
23.040	-21.630
22.740	-21.570
21.720	-21.570
21.540	-21.510
21.300	-21.570
21.060	-21.510
20.940	-21.570
20.400	-21.450
19.920	-21.450
19.680	-21.390
18.900	-21.390
18.780	-21.450
18.660	-21.390
18.420	-21.450
18.060	-21.510
17.940	-21.450
17.700	-21.510
17.460	-21.510
POLYLINE BLACK
24.660	-21.150
POLYLINE BLACK
33.120	-21.810
32.640	-21.810
32.400	-21.750
32.040	-21.810
31.800	-21.750
31.560	-21.750
31.200	-21.630
30.960	-21.570
30.840	-21.630
30.480	-21.510
30.120	-21.450
30.000	-21.510
29.760	-21.450
29.520	-21.450
29.400	-21.390
29.280	-21.450
29.040	-21.390
28.440	-21.390
28.200	-21.330
27.720	-21.330
27.480	-21.390
27.360	-21.330
27.240	-21.390
27.000	-21.270
26.760	-21.330
25.980	-21.330
25.860	-21.390
25.620	-21.330
25.260	-21.330
25.140	-21.270
25.020	-21.330
24.900	-21.270
POLYLINE BLACK
32.760	-8.230
32.860	-8.430
32.860	-9.030
33.560	-10.430
33.760	-11.430
33.560	-12.230
33.860	-12.830
33.860	-13.830
33.960	-14.230
33.960	-16.630
33.860	-16.830
33.960	-17.230
33.860	-18.130
33.760	-18.530
33.660	-19.430
33.660	-20.630
33.560	-21.330
33.460	-21.730
POLYLINE BLACK
28.260	-8.280
28.410	-10.530
28.560	-10.830
28.410	-11.430
28.560	-12.180
28.560	-12.930
28.710	-13.230
28.560	-14.280
28.560	-15.030
28.410	-15.630
28.410	-17.430
28.560	-18.030
28.560	-18.780
28.710	-19.380
28.710	-19.680
