ZK gora   (m, 360)

[1]: 2005/07/01     0.00  


     1.0                   0.000    0.00    0.00         
     1.0                   7.140  176.65   -0.32  [1]    
     1.0         1.1       7.150  177.62    1.17  [1]    
     1.0         1.1       7.160  177.54    1.38  [1]    
     1.0         1.1       7.160  177.65    1.47  [1]    
     1.1         1.2       7.750  253.27   -0.82  [1]    
     1.1         1.2       7.740  253.52   -0.59  [1]    
     1.1         1.2       7.750  253.41   -0.80  [1]    
     1.2         1.3       4.910  110.44   17.05  [1]    
     1.2         1.3       4.920  110.55   17.03  [1]    
     1.2         1.3       4.930  110.41   17.22  [1]    
     1.3                  11.160  269.79   65.79  [1]    
     1.3                   0.650  342.11   25.21  [1]    
     1.3                   1.230  287.03   19.96  [1]    
     1.3                   1.700  270.48  -10.87  [1]    
     1.3                   3.570  127.94   29.79  [1]    
     1.3                   2.490  131.58   60.83  [1]    
     1.3                   3.570  128.15   28.49  [1]    
     1.3         1.4       5.640   78.73    4.02  [1]    
     1.3         1.4       5.640   78.43    4.28  [1]    
     1.3         1.4       5.640   78.55    4.33  [1]    
     1.4                   2.070  249.10   77.20  [1]    
     1.4                   1.300  232.53  -83.52  [1]    
     1.4                   0.670  192.46   16.66  [1]    
     1.4         1.5       5.450  158.99    6.23  [1]    
     1.4         1.5       5.440  159.05    6.37  [1]    
     1.4         1.5       5.440  159.09    6.37  [1]    
     1.5                   2.190  226.63   82.42  [1]    
     1.5                   1.140  281.27  -73.56  [1]    
     1.5                   0.880  272.92    3.84  [1]    
     1.5         1.6       2.110  192.94    9.33  [1]    
     1.5         1.6       2.110  192.49    9.61  [1]    
     1.5         1.6       2.110  192.83    9.63  [1]    
     1.6                   1.690  174.30   73.27  [1]    
     1.6                   1.280   78.45  -63.68  [1]    
     1.6                   0.740   77.84   20.01  [1]    
     1.6                   0.560  234.96   32.72  [1]    
     1.6                   5.030  118.45   -3.06  [1]    
     1.6                   5.520  131.57   -2.33  [1]    
     1.6                   4.910  161.56    1.22  [1]    
     1.6                   4.150  186.43    1.12  [1]    
     1.6                   3.810  193.69    3.63  [1]    
     1.6                   3.060  221.65   -0.53  [1]    
     1.6         1.7       6.340  172.46   22.12  [1]    
     1.6         1.7       6.330  173.12   21.67  [1]    
     1.6         1.7       6.320  173.36   21.86  [1]    
