TRIP
DATE 2024-08-13
DECLINATION 0.0
DATA
0		314.41	1.12	1.137	>
0		314.32	1.14	1.135	>
0		314.41	1.15	1.135	>
0	1	314.38	1.14	1.136	>
1		358.52	3.48	0.544	>
1		346.71	-65.13	1.468	>
1		256.87	-9.95	1.284	>
1		257.61	-9.83	1.270	>
1		257.45	-9.55	1.273	>
1	2	257.31	-9.77	1.276	>
2		198.83	28.49	0.334	>
2		265.29	18.96	1.097	>
2		163.93	-87.70	1.039	>
2		194.61	22.48	0.136	>
2		167.34	2.47	1.139	>
2		168.01	1.68	1.148	>
2		168.09	1.31	1.146	>
2	3	167.81	1.82	1.144	>
3		198.40	35.99	1.355	>
3		155.32	26.28	0.202	>
3		117.75	6.90	0.686	>
3		116.26	20.35	0.393	>
3		294.72	-12.71	1.131	>
3		294.79	-12.89	1.130	>
3		294.66	-12.97	1.132	>
3	4	294.72	-12.86	1.131	>
4		315.36	18.93	0.371	>
4		253.25	-20.50	1.343	>
4		253.34	-20.65	1.329	>
4		253.52	-20.78	1.332	>
4	5	253.37	-20.64	1.335	>
5		164.40	7.98	1.800	>
5		164.31	8.10	1.805	>
5		164.17	8.04	1.800	>
5	6	164.30	8.04	1.802	>
6		152.96	28.24	0.557	>
6		230.05	-75.99	13.462	>
6		152.06	-79.04	3.879	>
6		151.36	-78.73	3.296	>
6		150.53	-79.06	3.324	>
6		151.39	-79.12	3.344	>
6	7	151.09	-78.97	3.321	>
7		292.30	12.38	4.217	>
7		122.53	13.25	0.360	>
7		155.13	-87.00	12.923	>
7		147.79	-87.45	12.932	>
7		144.14	-87.30	12.930	>
7		229.69	-85.41	12.721	>
7		227.58	-84.95	12.711	>
7		225.29	-84.68	12.676	>
7	8	227.52	-85.02	12.703	>
8		65.82	-4.95	0.142	>
8		313.39	-9.96	3.547	>
8		313.76	-9.90	3.508	>
8		313.48	-9.80	3.526	>
8	9	313.54	-9.89	3.527	>
9		313.65	-9.46	3.495	>
9		34.30	9.24	0.147	>
9		26.20	-0.66	2.174	>
9		19.72	8.63	0.145	>

PLAN
STATIONS
0.000	0.000	0
-0.811	0.794	1
-2.038	0.518	2
-1.797	-0.600	3
-2.798	-0.139	4
-3.995	-0.496	5
-3.512	-2.214	6
-3.205	-2.770	7
-4.019	-3.515	8
-6.537	-1.122	9
SHOTS
0.000	0.000	-0.811	0.794
-0.811	0.794	-0.826	1.337
-0.811	0.794	-0.953	1.395
-0.811	0.794	-2.038	0.518
-2.038	0.518	-2.133	0.240
-2.038	0.518	-3.072	0.433
-2.038	0.518	-2.026	0.478
-2.038	0.518	-2.070	0.396
-2.038	0.518	-1.797	-0.600
-1.797	-0.600	-2.143	-1.640
-1.797	-0.600	-1.721	-0.764
-1.797	-0.600	-1.194	-0.917
-1.797	-0.600	-1.466	-0.763
-1.797	-0.600	-2.798	-0.139
-2.798	-0.139	-3.045	0.111
-2.798	-0.139	-3.995	-0.496
-3.995	-0.496	-3.512	-2.214
-3.512	-2.214	-3.289	-2.651
-3.512	-2.214	-6.010	-4.306
-3.512	-2.214	-3.166	-2.865
-3.512	-2.214	-3.205	-2.770
-3.205	-2.770	-7.016	-1.207
-3.205	-2.770	-2.909	-2.958
-3.205	-2.770	-2.920	-3.384
-3.205	-2.770	-2.898	-3.257
-3.205	-2.770	-2.848	-3.263
-3.205	-2.770	-4.019	-3.515
-4.019	-3.515	-3.890	-3.457
-4.019	-3.515	-6.537	-1.122
-6.537	-1.122	-9.032	1.258
-6.537	-1.122	-6.456	-1.002
-6.537	-1.122	-5.578	0.829
-6.537	-1.122	-6.489	-0.987
POLYLINE GREEN
-2.251	1.352
-2.249	1.313
-2.229	1.206
-2.303	1.210
-2.310	1.211
-2.357	1.216
-2.361	1.233
-2.363	1.242
-2.353	1.251
-2.346	1.256
-2.321	1.273
-2.294	1.289
-2.265	1.299
-2.170	1.334
-2.046	1.366
-1.942	1.367
-1.846	1.368
-1.750	1.365
-1.656	1.353
-1.588	1.344
-1.524	1.321
-1.458	1.304
-1.342	1.274
-1.227	1.240
-1.111	1.213
-1.001	1.188
-0.916	1.240
-0.815	1.263
-0.802	1.266
-0.788	1.268
-0.775	1.269
-0.762	1.269
-0.749	1.267
-0.735	1.266
-0.726	1.265
-0.716	1.261
-0.707	1.264
-0.674	1.277
-0.644	1.296
-0.613	1.312
POLYLINE GREEN
-0.645	1.285
-0.613	1.258
-0.578	1.234
-0.548	1.204
-0.493	1.151
-0.470	1.099
-0.419	1.042
-0.402	1.023
-0.381	1.007
-0.363	0.990
-0.231	0.869
-0.288	0.926
-0.199	0.833
POLYLINE GREEN
-2.138	2.097
-2.119	2.282
-2.108	2.467
-2.082	2.651
-2.067	2.708
-2.055	2.765
-2.037	2.821
-2.036	2.825
-2.030	2.827
-2.026	2.825
-2.020	2.822
-2.015	2.816
-2.013	2.809
-1.968	2.668
-1.930	2.524
-1.885	2.382
-1.872	2.340
-1.849	2.330
-1.843	2.383
-1.815	2.659
-1.789	2.935
-1.766	3.211
-1.758	3.314
-1.760	3.417
-1.750	3.519
-1.741	3.554
-1.733	3.590
-1.724	3.626
-1.717	3.626
-1.708	3.630
-1.704	3.625
-1.695	3.614
-1.692	3.599
-1.691	3.586
-1.649	3.257
-1.618	2.926
-1.574	2.597
-1.569	2.564
-1.561	2.529
-1.543	2.500
-1.525	2.471
-1.494	2.453
-1.469	2.430
POLYLINE GREEN
-1.390	2.540
-1.357	2.577
-1.302	2.629
-1.284	2.681
-1.259	2.752
-1.241	2.825
-1.222	2.899
-1.209	2.950
-1.279	2.999
-1.324	2.978
-1.368	2.957
-1.377	2.865
-1.375	2.833
-1.368	2.714
-1.353	2.596
-1.335	2.479
-1.325	2.406
-1.227	2.191
-1.162	2.356
-1.137	2.421
-1.113	2.486
-1.088	2.550
POLYLINE GREEN
-1.050	2.339
-1.026	2.371
-0.940	3.070
-0.828	2.821
-0.807	2.773
-0.782	2.726
-0.771	2.675
-0.674	2.241
-0.601	2.342
-0.715	2.204
POLYLINE GREEN
-0.956	2.650
-0.878	2.527
-0.848	2.526
-0.708	2.498
POLYLINE GREEN
-0.690	2.246
-0.680	2.375
-0.689	2.386
-0.658	2.485
-0.641	2.539
-0.622	2.591
-0.604	2.644
-0.598	2.660
-0.595	2.676
-0.588	2.691
-0.568	2.735
-0.481	2.866
-0.445	2.759
-0.432	2.721
-0.419	2.683
-0.413	2.644
-0.395	2.529
-0.459	2.219
-0.372	2.296
-0.259	2.395
-0.329	2.594
-0.301	2.742
-0.296	2.768
-0.215	2.990
-0.165	2.879
-0.089	2.711
-0.183	2.531
-0.106	2.358
-0.097	2.338
-0.087	2.317
-0.073	2.300
-0.059	2.284
-0.038	2.273
-0.021	2.259
POLYLINE GREEN
0.032	2.790
-0.006	2.688
-0.054	2.582
-0.011	2.475
-0.002	2.451
0.014	2.428
0.036	2.415
0.077	2.389
0.144	2.397
0.162	2.447
0.177	2.489
0.165	2.583
0.163	2.597
0.151	2.678
0.130	2.757
0.114	2.837
POLYLINE GREEN
0.145	3.393
0.166	3.083
0.181	2.772
0.209	2.462
0.212	2.425
0.249	2.218
0.317	2.191
0.351	2.178
0.388	2.172
0.423	2.162
POLYLINE GREEN
0.460	2.376
0.489	2.408
0.521	2.438
0.548	2.471
0.606	2.544
0.601	2.666
0.589	2.750
0.584	2.785
0.576	2.819
0.564	2.851
0.561	2.859
0.554	2.869
0.545	2.871
0.509	2.876
0.484	2.754
0.483	2.748
0.464	2.644
0.480	2.560
0.497	2.451
0.504	2.403
0.526	2.348
0.551	2.307
0.617	2.200
0.670	2.164
0.740	2.287
0.819	2.429
0.779	2.628
0.897	2.754
0.916	2.774
0.942	2.753
0.950	2.735
0.968	2.688
0.988	2.642
0.998	2.593
1.025	2.471
1.032	2.345
1.061	2.223
1.063	2.215
1.079	2.228
1.083	2.236
1.136	2.334
1.174	2.439
1.229	2.535
1.507	3.021
1.403	2.735
1.477	2.950
POLYLINE GREEN
-0.962	1.923
-0.992	1.987
-1.040	2.070
-1.009	2.145
-1.002	2.161
-0.982	2.209
-0.980	2.191
-0.970	2.021
-0.978	1.850
-0.979	1.680
-0.979	1.656
-0.987	1.633
-0.984	1.609
-0.981	1.586
-0.944	1.602
-0.940	1.604
-0.920	1.614
-0.896	1.622
-0.883	1.640
-0.878	1.648
-0.903	1.644
-0.912	1.643
-0.939	1.640
-0.965	1.633
-0.992	1.628
-1.032	1.628
-1.072	1.630
-1.111	1.627
-1.161	1.623
-1.219	1.579
-1.264	1.617
-1.313	1.658
-1.340	1.768
-1.353	1.809
-1.357	1.822
-1.372	1.843
-1.360	1.849
-1.338	1.861
-1.310	1.847
-1.284	1.846
POLYLINE GREEN
-2.228	1.333
-2.301	1.322
-2.373	1.311
-2.445	1.299
-2.505	1.296
-2.566	1.297
-2.625	1.289
-2.656	1.284
-2.686	1.270
-2.716	1.260
POLYLINE GREEN
7.470	6.960
7.453	6.901
7.439	6.842
7.420	6.784
7.411	6.757
7.392	6.729
7.371	6.709
7.346	6.684
7.284	6.662
7.283	6.720
7.282	6.794
7.290	6.810
7.308	6.879
7.312	6.896
7.332	6.916
7.321	6.929
7.311	6.942
7.272	6.898
7.267	6.890
7.234	6.836
7.313	6.782
7.361	6.784
7.387	6.786
7.411	6.799
7.431	6.815
7.536	6.902
7.518	7.004
7.536	7.130
7.546	7.200
7.636	7.326
7.650	7.350
POLYLINE GREEN
-2.747	-0.864
-2.748	-0.939
-2.757	-0.977
-2.737	-1.042
-2.730	-1.062
-2.720	-1.080
-2.712	-1.099
-2.696	-1.136
-2.676	-1.172
-2.664	-1.210
-2.638	-1.289
-2.623	-1.372
-2.597	-1.451
-2.579	-1.506
-2.516	-1.579
-2.482	-1.613
-2.409	-1.685
-2.245	-1.887
-2.095	-1.926
-1.948	-1.965
-1.791	-1.905
-1.651	-1.879
-1.623	-1.874
-1.595	-1.865
-1.567	-1.865
-1.348	-1.863
-1.268	-1.895
-1.033	-1.942
POLYLINE GREEN
7.391	-10.627
7.390	-10.630
POLYLINE GREEN
-1.308	-1.048
-1.214	-1.034
POLYLINE GREEN
-1.955	-0.577
-1.867	-0.454
POLYLINE GREEN
-1.820	-0.373
-1.868	-0.334
POLYLINE GREEN
-1.867	-0.399
-1.809	-0.423
-1.763	-0.434
-1.717	-0.475
-1.676	-0.511
-1.642	-0.554
-1.600	-0.588
-1.540	-0.636
-1.473	-0.673
-1.413	-0.720
-1.360	-0.762
-1.260	-0.919
-1.248	-0.935
-1.231	-0.957
-1.211	-0.977
-1.195	-1.000
-1.176	-1.027
-1.164	-1.058
-1.156	-1.090
-1.105	-1.290
-1.065	-1.380
-1.066	-1.560
-1.067	-1.631
-1.144	-1.893
-1.248	-1.831
-1.311	-1.795
-1.318	-1.727
-1.354	-1.658
POLYLINE GREEN
-1.311	-1.844
-1.331	-1.912
-1.338	-1.993
-1.408	-1.922
-1.448	-1.882
-1.499	-1.850
-1.525	-1.800
-1.551	-1.746
-1.547	-1.682
-1.558	-1.624
POLYLINE GREEN
-1.229	-1.515
-1.289	-1.518
-1.499	-1.559
-1.534	-1.463
-1.538	-1.453
-1.542	-1.427
-1.539	-1.417
-1.527	-1.385
-1.510	-1.354
-1.496	-1.322
POLYLINE GREEN
-1.270	-1.022
-1.455	-1.061
-1.521	-1.107
-1.666	-1.011
POLYLINE GREEN
-2.407	-1.939
-2.415	-1.980
-2.435	-2.020
-2.432	-2.061
-2.431	-2.074
-2.407	-2.053
-2.399	-2.043
-2.258	-1.882
-2.214	-1.809
-2.097	-1.640
POLYLINE GREEN
-2.469	-1.524
-2.357	-1.340
-2.422	-1.431
-2.268	-1.255
POLYLINE GREEN
-2.754	-1.023
-2.586	-1.016
-2.510	-0.975
-2.355	-0.907
POLYLINE GREEN
-2.771	-0.761
-2.653	-0.718
-2.534	-0.675
-2.417	-0.630
-2.378	-0.614
-2.341	-0.590
-2.301	-0.579
-2.250	-0.565
-2.084	-0.552
-2.001	-0.507
-1.987	-0.499
-1.974	-0.488
-1.961	-0.480
-1.906	-0.444
-1.850	-0.410
-1.794	-0.375
POLYLINE GREEN
-6.164	-1.441
-5.992	-1.388
-5.963	-1.369
-5.873	-1.195
-5.835	-1.122
-5.804	-1.046
-5.776	-0.970
-5.764	-0.937
-5.756	-0.902
-5.752	-0.868
-5.748	-0.842
-5.746	-0.815
-5.751	-0.790
-5.752	-0.783
-5.761	-0.777
-5.768	-0.779
-5.781	-0.783
-5.789	-0.796
-5.799	-0.806
-5.865	-0.876
-5.829	-1.013
-5.793	-1.087
-5.757	-1.161
-5.694	-1.203
-5.627	-1.250
-5.586	-1.279
-5.561	-1.282
-5.534	-1.316
-5.492	-1.370
-5.502	-1.457
-5.527	-1.515
-5.534	-1.529
-5.538	-1.548
-5.551	-1.554
-5.587	-1.572
-5.629	-1.574
-5.668	-1.583
POLYLINE GREEN
-5.547	-0.116
-5.548	-0.503
-5.562	-0.439
-5.450	-0.962
-5.422	-1.094
-5.345	-1.311
-5.237	-1.416
-5.196	-1.456
-5.146	-1.488
-5.100	-1.524
POLYLINE GREEN
-5.516	-0.981
-5.411	-0.856
-5.405	-0.858
-5.250	-0.854
POLYLINE GREEN
-5.023	-1.047
-5.049	-1.102
-5.084	-1.162
-5.075	-1.227
-5.070	-1.266
-5.062	-1.305
-5.051	-1.342
-5.036	-1.395
-5.021	-1.438
-4.988	-1.479
-4.955	-1.519
-4.883	-1.553
-4.847	-1.500
-4.812	-1.449
-4.809	-1.350
-4.805	-1.301
-4.800	-1.223
-4.844	-1.074
-4.856	-1.031
-4.859	-1.022
-4.866	-1.007
-4.874	-1.011
-4.885	-1.016
-4.885	-1.033
-4.887	-1.045
-4.891	-1.066
-4.894	-1.087
-4.893	-1.109
-4.892	-1.163
-4.869	-1.338
-4.800	-1.363
-4.776	-1.372
-4.750	-1.375
-4.725	-1.381
POLYLINE GREEN
-4.644	-1.039
-4.652	-1.125
-4.667	-1.182
-4.649	-1.264
-4.643	-1.289
-4.573	-1.546
-4.498	-1.517
-4.481	-1.511
-4.469	-1.492
-4.460	-1.477
-4.399	-1.372
-4.467	-1.228
-4.529	-1.140
-4.567	-1.085
-4.603	-1.079
-4.669	-1.041
POLYLINE GREEN
-4.762	-0.336
-4.760	-0.295
-4.772	-0.172
-4.756	-0.211
-4.644	-0.493
-4.572	-0.790
-4.467	-1.076
-4.437	-1.157
-4.355	-1.317
-4.274	-1.380
-4.219	-1.423
-4.172	-1.430
-4.100	-1.457
POLYLINE GREEN
-4.272	-0.999
-4.252	-1.040
-4.230	-1.080
-4.213	-1.122
-4.203	-1.150
-4.197	-1.179
-4.191	-1.209
-4.184	-1.249
-4.205	-1.353
-4.172	-1.329
-4.144	-1.308
-4.151	-1.127
-4.153	-1.083
-4.154	-1.060
-4.171	-1.034
-4.159	-1.014
-4.152	-1.002
-4.137	-1.033
-4.130	-1.045
-4.106	-1.087
-4.084	-1.130
-4.066	-1.176
-4.027	-1.276
-4.022	-1.357
-3.967	-1.441
-3.927	-1.503
-3.862	-1.416
-3.848	-1.380
-3.838	-1.354
-3.834	-1.325
-3.834	-1.297
-3.837	-1.212
-3.849	-1.127
-3.846	-1.041
-3.846	-1.033
-3.831	-1.049
-3.828	-1.057
-3.785	-1.155
-3.753	-1.257
-3.709	-1.355
-3.695	-1.387
-3.634	-1.493
-3.582	-1.446
-3.569	-1.434
-3.556	-1.414
-3.551	-1.397
-3.536	-1.341
-3.524	-1.283
-3.511	-1.227
POLYLINE GREEN
-3.946	-0.304
-3.863	-0.340
POLYLINE GREEN
-3.468	-1.407
-3.496	-1.378
-3.525	-1.350
-3.551	-1.320
-3.615	-1.244
-3.636	-1.061
-3.644	-0.998
-3.645	-0.991
-3.630	-0.994
-3.624	-0.998
-3.608	-1.006
-3.595	-1.018
-3.582	-1.030
-3.509	-1.104
-3.491	-1.134
-3.441	-1.229
-3.399	-1.307
-3.365	-1.389
-3.322	-1.466
-3.318	-1.474
-3.309	-1.482
-3.300	-1.481
-3.292	-1.479
-3.287	-1.468
-3.284	-1.460
-3.278	-1.445
-3.277	-1.428
-3.274	-1.412
-3.264	-1.352
-3.256	-1.292
-3.246	-1.233
POLYLINE GREEN
-3.548	-1.250
-3.434	-1.231
-3.487	-1.248
-3.388	-1.200
POLYLINE GREEN
-1.463	-0.561
-1.463	-0.564
POLYLINE GREEN
-1.451	-0.582
-1.481	-0.421
-1.620	-0.114
-1.446	0.036
-1.400	0.075
-1.341	0.107
-1.280	0.110
-1.225	0.114
-1.108	0.129
-1.043	0.094
-1.023	0.084
-1.000	0.065
-0.987	0.048
-0.952	-0.003
-0.844	-0.227
-0.734	-0.288
-0.722	-0.295
-0.710	-0.300
-0.697	-0.304
-0.618	-0.330
-0.537	-0.350
-0.458	-0.378
-0.413	-0.394
-0.371	-0.418
-0.326	-0.434
-0.307	-0.440
-0.287	-0.445
-0.268	-0.445
-0.142	-0.446
-0.017	-0.439
0.108	-0.436
POLYLINE GREEN
-0.307	0.896
-0.299	0.857
-0.295	0.817
-0.285	0.778
-0.260	0.682
-0.166	0.570
-0.083	0.519
-0.033	0.487
0.019	0.481
0.080	0.470
0.119	0.463
0.159	0.461
0.198	0.454
0.223	0.450
0.248	0.430
0.274	0.436
0.296	0.442
0.306	0.469
0.322	0.486
POLYLINE BLACK
-2.426	-0.896
-2.554	-0.530
POLYLINE BLACK
-2.337	-0.810
-2.384	-0.697
POLYLINE BLACK
-3.237	0.011
-3.236	-0.031
POLYLINE BLACK
-3.694	-0.081
-3.369	0.050
-3.416	0.002
-3.079	0.031
-3.026	0.036
-2.779	0.100
-2.663	0.060
-2.575	0.029
-2.521	-0.053
-2.453	-0.111
-2.372	-0.180
-2.251	-0.201
-2.152	-0.229
POLYLINE GREEN
-2.835	1.216
-2.847	0.716
-2.883	0.215
-2.872	-0.285
-2.856	-1.016
-3.016	-0.952
-2.725	-1.031
POLYLINE GREEN
-2.343	-0.232
-2.342	-0.230
POLYLINE GREEN
-2.340	-0.227
-2.197	-0.186
POLYLINE GREEN
-2.341	-0.157
-2.246	-0.289
-2.225	-0.372
-2.201	-0.539
-2.196	-0.571
-2.200	-0.634
-2.213	-0.667
-2.224	-0.697
-2.242	-0.725
-2.256	-0.755
POLYLINE BLACK
-2.472	-0.074
-2.410	-0.125
-2.346	-0.173
-2.286	-0.226
-2.181	-0.320
-2.183	-0.486
-2.198	-0.612
-2.202	-0.652
-2.222	-0.706
-2.258	-0.729
-2.405	-0.821
-2.569	-0.841
-2.738	-0.854
-2.847	-0.863
-2.966	-0.878
-3.076	-0.853
-3.164	-0.833
-3.290	-0.760
-3.350	-0.726
-3.427	-0.682
-3.476	-0.543
-3.510	-0.487
-3.536	-0.445
-3.614	-0.390
-3.662	-0.426
-3.670	-0.432
-3.689	-0.452
-3.687	-0.464
-3.684	-0.492
-3.673	-0.518
-3.665	-0.545
POLYLINE BLACK
3.440	3.460
3.511	3.338
3.577	3.213
3.654	3.094
3.657	3.089
3.667	3.098
3.669	3.104
3.674	3.113
3.673	3.124
3.674	3.134
3.681	3.244
3.683	3.355
3.691	3.466
3.716	3.775
4.133	3.785
4.350	3.820
POLYLINE BLACK
-0.930	-14.440
-0.930	-14.440
POLYLINE BLACK
-0.690	-14.420
-0.410	-14.480
POLYLINE BLACK
-3.723	0.022
-3.793	-0.006
-3.856	-0.039
-3.931	-0.021
-3.978	-0.010
-4.009	0.016
-4.058	0.033
-4.111	0.052
-4.166	0.056
-4.221	0.053
-4.318	0.047
-4.381	-0.005
-4.468	-0.042
-4.505	-0.058
-4.576	-0.065
-4.613	-0.101
-4.634	-0.121
-4.641	-0.149
-4.642	-0.178
-4.647	-0.309
-4.678	-0.505
-4.640	-0.655
-4.627	-0.706
-4.604	-0.755
-4.593	-0.806
-4.480	-1.363
-4.721	-0.664
-4.373	-1.639
-4.295	-1.856
-4.250	-1.840
-4.135	-2.051
-3.762	-2.734
-4.291	-1.890
-3.801	-2.735
-3.787	-2.759
-3.760	-2.772
-3.739	-2.791
POLYLINE BLACK
-3.608	-0.519
-3.624	-0.677
-3.647	-0.750
-3.623	-0.893
-3.560	-1.265
-3.242	-1.639
-3.078	-1.964
-2.623	-2.865
-3.108	-2.062
-2.847	-2.485
POLYLINE BLACK
-3.156	-0.840
-3.248	-0.677
-3.214	-0.759
-3.263	-0.597
POLYLINE BLACK
-2.963	-0.722
-3.121	-0.557
-3.127	-0.535
-3.076	-0.324
POLYLINE BLACK
-6.849	2.645
-6.918	2.672
-7.032	2.730
-7.059	2.623
-7.069	2.581
-7.069	2.535
-7.055	2.494
-7.050	2.482
-7.047	2.468
-7.038	2.458
-6.932	2.349
-6.820	2.245
-6.710	2.140
-6.666	2.098
-6.661	2.105
-6.637	2.059
-6.597	1.980
-6.634	1.852
-6.731	1.840
-6.742	1.839
-6.753	1.839
-6.764	1.839
-6.876	1.845
-6.989	1.857
-7.102	1.859
-7.163	1.860
-7.117	1.809
-7.090	1.807
-7.025	1.801
-6.959	1.803
-6.893	1.801
POLYLINE BLACK
-6.694	3.149
-6.635	2.781
-6.705	2.118
-6.440	1.763
-6.435	1.757
-6.430	1.750
-6.423	1.746
-6.375	1.717
-6.325	1.691
-6.276	1.663
POLYLINE BLACK
-6.467	2.553
-6.502	2.585
-6.531	2.624
-6.571	2.649
-6.579	2.654
-6.589	2.639
-6.591	2.630
-6.596	2.612
-6.593	2.593
-6.591	2.574
-6.585	2.527
-6.560	2.487
-6.521	2.462
-6.452	2.417
-6.324	2.404
-6.260	2.390
POLYLINE BLACK
-6.103	2.314
-6.118	2.178
-6.129	1.876
-6.005	1.769
-5.979	1.747
-5.948	1.772
-5.938	1.798
-5.914	1.857
-5.892	1.917
-5.876	1.979
-5.864	2.024
-5.859	2.070
-5.853	2.116
-5.851	2.134
-5.851	2.187
-5.854	2.170
-5.882	2.014
-5.879	1.808
-5.756	1.689
-5.741	1.674
-5.726	1.653
-5.705	1.653
-5.639	1.653
-5.576	1.677
-5.511	1.689
POLYLINE BLACK
-5.442	2.018
-5.456	1.964
-5.472	1.911
-5.483	1.857
-5.509	1.736
-5.418	1.605
-5.359	1.516
-5.355	1.510
-5.343	1.505
-5.338	1.511
-5.329	1.519
-5.327	1.534
-5.327	1.547
-5.330	1.648
-5.335	1.750
-5.347	1.851
-5.359	1.949
-5.381	2.047
-5.398	2.145
POLYLINE BLACK
-5.601	3.105
-5.550	2.936
-5.499	2.767
-5.448	2.597
-5.398	2.391
-5.364	2.181
-5.300	1.978
-5.256	1.840
-5.185	1.712
-5.127	1.579
POLYLINE BLACK
-5.181	2.030
-5.137	2.050
-5.095	2.075
-5.049	2.091
-4.977	2.117
-4.990	1.927
-4.989	1.924
-4.978	1.884
-4.942	1.988
-4.908	1.994
-4.886	1.997
-4.861	1.981
-4.848	1.968
-4.774	1.893
-4.712	1.806
-4.631	1.740
-4.618	1.730
-4.625	1.773
-4.627	1.789
-4.635	1.878
-4.736	2.006
-4.660	2.054
-4.590	2.099
-4.619	1.891
-4.590	1.812
-4.559	1.729
-4.478	1.615
-4.421	1.553
-4.396	1.526
-4.363	1.507
-4.335	1.484
POLYLINE BLACK
-4.536	2.619
-4.504	2.615
POLYLINE BLACK
-4.185	1.966
-4.215	1.584
-4.221	2.053
-4.316	2.156
-4.345	2.186
-4.272	2.082
-4.264	2.040
-4.247	1.943
-4.250	1.843
-4.243	1.745
POLYLINE BLACK
-5.111	1.313
-5.153	1.272
-5.215	1.229
-5.242	1.171
-5.258	1.136
-5.265	1.087
-5.252	1.050
-5.174	0.835
-5.096	0.621
-5.011	0.409
-4.997	0.375
-4.980	0.341
-4.956	0.313
-4.950	0.306
-4.928	0.303
-4.928	0.313
-4.906	0.563
-4.899	0.813
-4.892	1.064
-4.889	1.179
-4.991	1.414
-4.840	1.036
POLYLINE BLACK
-2.899	-2.628
-2.821	-2.370
-2.924	-2.453
-3.058	-2.251
-3.106	-2.180
-3.147	-2.104
-3.195	-2.032
-3.210	-2.010
-3.253	-1.977
-3.277	-1.964
-3.361	-1.921
-3.467	-1.847
-3.573	-1.835
-3.587	-1.834
-3.600	-1.834
-3.613	-1.836
-3.680	-1.846
-3.745	-1.862
-3.812	-1.871
-3.967	-1.893
-4.121	-1.872
-4.216	-2.015
-4.343	-2.204
-4.189	-2.461
-4.002	-2.537
-3.918	-2.571
-3.835	-2.567
-3.747	-2.566
POLYLINE BLACK
-3.997	-2.512
-3.935	-2.251
POLYLINE BLACK
-3.897	-2.647
-3.612	-2.540
-3.744	-2.599
-3.497	-2.475
POLYLINE BLACK
-3.531	-2.677
-3.546	-2.569
POLYLINE BLACK
-4.155	-2.177
-4.152	-2.088
POLYLINE BLACK
-4.176	-1.981
-4.026	-2.355
POLYLINE BLACK
-3.932	-2.014
-3.883	-2.153
POLYLINE BLACK
-3.688	-1.840
-3.688	-1.840
POLYLINE BLACK
-3.626	-1.842
-3.633	-1.963
-3.633	-1.901
-3.625	-2.027
POLYLINE BLACK
-3.589	-1.865
-3.600	-1.988
-3.602	-1.919
-3.568	-2.072
POLYLINE BLACK
-3.487	-1.566
-3.875	-1.626
-3.711	-1.595
-3.980	-1.650
POLYLINE BLACK
-3.435	-1.450
-3.764	-1.501
POLYLINE BLACK
-4.639	-1.650
-4.501	-1.600
-4.482	-1.565
-4.376	-1.453
POLYLINE BLACK
-4.657	-1.148
-4.558	-1.030
-4.617	-1.094
-4.473	-0.962
POLYLINE BLACK
-4.670	-0.884
-4.559	-0.970
-4.497	-0.968
-4.362	-0.968
POLYLINE BLACK
-4.513	-0.354
-4.444	-0.490
-4.382	-0.530
-4.258	-0.604
POLYLINE BLACK
-3.930	0.114
-3.947	-0.022
-3.914	-0.145
-3.877	-0.273
POLYLINE BLACK
-3.665	-0.073
-3.685	-0.203
-3.678	-0.125
-3.671	-0.307
POLYLINE BLACK
-3.399	-1.627
-3.721	-1.664
POLYLINE BLACK
-3.728	-0.899
-3.860	-0.899
POLYLINE BLACK
-4.353	-1.775
-4.424	-1.840
POLYLINE BLACK
-4.084	-2.470
-4.114	-2.470
POLYLINE BLACK
-3.312	-3.201
-3.313	-3.180
POLYLINE BLACK
-4.173	-1.983
-4.216	-1.984
POLYLINE BLACK
-6.964	-1.102
-6.981	-1.131
POLYLINE BLACK
-6.867	-1.234
-6.815	-1.206
-6.763	-1.177
-6.711	-1.148
-6.669	-1.120
-6.631	-1.085
-6.584	-1.064
-6.447	-1.001
-6.276	-0.938
-6.119	-0.921
-5.860	-0.894
-5.660	-1.006
-5.416	-1.079
-4.086	-1.479
-5.466	-1.002
-4.362	-1.457
-3.802	-1.688
-4.535	-1.348
-4.008	-1.528
-3.768	-1.610
-3.533	-1.710
-3.298	-1.808
-3.270	-1.819
-3.244	-1.837
-3.221	-1.857
-3.166	-1.904
-3.011	-2.022
-2.980	-2.128
-2.963	-2.185
-2.945	-2.242
-2.935	-2.301
-2.911	-2.444
-2.944	-2.680
-2.957	-2.793
-2.962	-2.837
-2.990	-2.870
-2.993	-2.913
POLYLINE BLACK
-3.269	-3.195
-3.298	-3.207
-3.327	-3.222
-3.357	-3.231
-3.433	-3.256
-3.552	-3.254
-3.606	-3.184
-3.654	-3.124
-3.665	-3.037
-3.684	-2.966
POLYLINE BLACK
-6.553	-3.859
-5.988	-3.619
POLYLINE BLACK
-6.648	-3.009
-6.298	-2.930
-6.440	-2.985
-6.210	-2.877
POLYLINE BLACK
-6.930	-2.539
-6.867	-2.344
-6.838	-2.319
-6.685	-2.198
POLYLINE BLACK
-7.188	-1.894
-6.949	-1.978
-6.899	-1.983
-6.678	-1.970
POLYLINE BLACK
-6.735	-1.234
-6.678	-1.436
-6.675	-1.530
-6.582	-1.684
-6.555	-1.728
-6.522	-1.770
-6.492	-1.813
POLYLINE BLACK
-5.610	-1.091
-5.623	-1.125
-5.640	-1.157
-5.648	-1.192
-5.670	-1.287
-5.690	-1.441
-5.645	-1.536
-5.629	-1.569
-5.590	-1.596
-5.565	-1.619
POLYLINE BLACK
-5.193	-1.280
-5.206	-1.342
-5.226	-1.404
-5.232	-1.467
-5.250	-1.639
-5.240	-1.880
-5.139	-2.032
-5.115	-2.068
-5.075	-2.098
-5.045	-2.126
POLYLINE BLACK
-4.750	-1.682
-4.728	-1.985
POLYLINE BLACK
-3.048	-2.906
-3.046	-2.852
POLYLINE BLACK
-3.046	-2.843
-3.034	-2.817
POLYLINE BLACK
-3.031	-2.781
-3.027	-2.950
-3.000	-3.148
-3.080	-3.307
-3.196	-3.538
-3.508	-3.722
-3.744	-3.782
-4.010	-3.851
-4.283	-3.898
-4.557	-3.928
-4.947	-3.971
-5.339	-3.986
-5.731	-4.003
-5.781	-4.005
-5.832	-4.001
-5.881	-3.987
-6.043	-3.938
-6.202	-3.877
-6.361	-3.815
-6.389	-3.804
-6.414	-3.787
-6.439	-3.770
-6.643	-3.618
-6.959	-3.029
-6.990	-2.963
-7.098	-2.731
-7.160	-2.481
-7.239	-2.238
-7.248	-2.211
-7.251	-2.182
-7.253	-2.153
-7.270	-1.890
-7.072	-1.548
-6.982	-1.363
-6.953	-1.304
-6.912	-1.251
-6.872	-1.199
-6.841	-1.158
-6.772	-1.047
-6.696	-1.026
-6.649	-1.014
-6.593	-1.028
-6.549	-1.034
POLYLINE BLACK
-5.389	-4.010
-5.330	-3.685
-5.371	-3.823
-5.285	-3.591
POLYLINE BLACK
-4.652	-3.896
-4.715	-3.620
-4.680	-3.725
-4.734	-3.574
POLYLINE BLACK
-3.396	-3.638
-3.539	-3.495
-3.539	-3.512
-3.748	-3.494
POLYLINE BLACK
-3.266	-3.334
-3.501	-3.199
-3.397	-3.239
-3.567	-3.186
POLYLINE BLACK
-2.628	-2.756
-2.608	-2.771
-2.588	-2.786
-2.569	-2.802
-2.555	-2.815
-2.533	-2.854
-2.530	-2.867
-2.498	-3.030
-2.478	-3.195
-2.446	-3.358
-2.438	-3.400
-2.400	-3.342
-2.397	-3.336
-2.378	-3.301
-2.362	-3.265
-2.344	-3.229
-2.341	-3.222
-2.339	-3.213
-2.335	-3.206
-2.333	-3.204
-2.330	-3.201
-2.328	-3.202
-2.324	-3.203
-2.322	-3.208
-2.321	-3.211
-2.306	-3.301
-2.303	-3.393
-2.282	-3.481
-2.267	-3.538
-2.239	-3.591
-2.214	-3.644
-2.206	-3.664
-2.173	-3.723
-2.144	-3.689
-2.084	-3.620
-2.081	-3.441
-2.082	-3.377
-2.084	-3.273
-2.097	-3.169
-2.108	-3.066
-2.128	-2.894
-2.145	-2.943
-2.129	-2.818
POLYLINE BLACK
-1.787	-2.971
-1.855	-3.036
-1.945	-3.100
-1.981	-3.193
-2.012	-3.274
-1.995	-3.372
-1.980	-3.452
-1.970	-3.500
-1.949	-3.570
-1.906	-3.602
-1.834	-3.656
-1.737	-3.518
-1.728	-3.460
-1.701	-3.285
-1.677	-3.153
-1.726	-2.984
-1.749	-2.907
-1.807	-2.865
-1.875	-2.827
-1.898	-2.814
-1.929	-2.809
-1.952	-2.826
-1.985	-2.852
-1.995	-2.924
-2.003	-2.955
POLYLINE BLACK
-1.586	-2.882
-1.599	-2.907
-1.614	-2.932
-1.625	-2.958
-1.631	-2.972
-1.636	-2.988
-1.636	-3.004
-1.644	-3.133
-1.642	-3.262
-1.649	-3.392
-1.651	-3.418
-1.671	-3.457
-1.665	-3.486
-1.662	-3.503
-1.647	-3.516
-1.630	-3.522
-1.597	-3.533
-1.474	-3.608
-1.426	-3.547
-1.378	-3.486
-1.374	-3.387
-1.385	-3.313
-1.407	-3.180
-1.440	-3.041
-1.520	-2.929
-1.535	-2.909
-1.587	-2.896
-1.589	-2.935
-1.591	-2.962
-1.589	-2.989
-1.589	-3.016
POLYLINE BLACK
-0.982	-2.964
-1.004	-2.956
-1.044	-2.932
-1.076	-2.935
-1.117	-2.938
-1.145	-2.986
-1.153	-3.022
-1.189	-3.164
-1.219	-3.308
-1.128	-3.434
-1.078	-3.504
-1.031	-3.490
-1.000	-3.408
-0.969	-3.325
-0.941	-3.241
-0.918	-3.155
-0.908	-3.121
-0.903	-3.084
-0.900	-3.048
-0.898	-3.012
-0.905	-2.898
-0.927	-2.869
-0.949	-2.840
-0.989	-2.830
-1.020	-2.810
POLYLINE BLACK
-0.757	-3.141
-0.760	-3.107
-0.763	-3.073
-0.766	-3.040
-0.764	-3.036
-0.763	-3.031
-0.759	-3.029
-0.749	-3.024
-0.730	-3.039
-0.726	-3.043
-0.647	-3.125
-0.569	-3.208
-0.494	-3.294
-0.472	-3.319
-0.444	-3.368
-0.442	-3.404
-0.439	-3.450
-0.494	-3.493
-0.538	-3.477
-0.567	-3.465
-0.588	-3.421
-0.602	-3.401
POLYLINE BLACK
-0.377	-3.130
-0.396	-3.386
-0.412	-3.641
-0.433	-3.897
-0.435	-3.912
-0.441	-3.928
-0.446	-3.943
-0.463	-3.993
-0.498	-3.951
-0.513	-3.925
-0.541	-3.877
-0.553	-3.808
-0.545	-3.754
-0.519	-3.569
-0.487	-3.385
-0.451	-3.202
-0.419	-3.041
-0.316	-2.964
-0.171	-2.902
-0.131	-2.885
-0.065	-2.869
-0.027	-2.901
-0.009	-2.917
-0.006	-2.944
-0.011	-2.966
-0.040	-3.082
-0.139	-3.144
-0.240	-3.203
-0.263	-3.216
-0.291	-3.214
-0.317	-3.220
POLYLINE BLACK
0.038	-3.010
0.009	-3.043
-0.022	-3.074
-0.050	-3.108
-0.074	-3.137
-0.093	-3.181
-0.094	-3.219
-0.095	-3.230
-0.095	-3.250
-0.077	-3.245
-0.068	-3.243
-0.059	-3.238
-0.052	-3.232
0.014	-3.174
0.068	-3.114
0.079	-3.025
0.081	-3.006
0.086	-2.985
0.079	-2.967
0.064	-2.934
0.036	-2.908
0.014	-2.878
POLYLINE BLACK
0.143	-2.925
0.162	-2.874
POLYLINE BLACK
0.174	-2.837
0.125	-2.983
0.128	-2.949
0.119	-3.140
0.117	-3.168
0.117	-3.258
0.142	-3.291
0.144	-3.294
0.149	-3.296
0.153	-3.297
0.195	-3.313
0.238	-3.327
0.280	-3.342
POLYLINE BLACK
0.482	-2.857
0.380	-2.922
0.357	-2.971
0.295	-3.092
0.269	-3.142
0.235	-3.223
0.255	-3.283
0.270	-3.331
0.349	-3.370
0.393	-3.340
0.413	-3.326
0.418	-3.304
0.426	-3.282
0.465	-3.176
0.503	-3.069
0.542	-2.963
POLYLINE BLACK
0.834	-2.289
0.811	-2.267
0.778	-2.225
0.750	-2.260
0.743	-2.269
0.735	-2.277
0.731	-2.287
0.675	-2.449
0.615	-2.610
0.569	-2.775
0.544	-2.869
0.527	-2.965
0.520	-3.062
0.510	-3.205
0.516	-3.349
0.518	-3.493
0.519	-3.547
0.541	-3.587
0.590	-3.608
0.596	-3.611
0.603	-3.615
0.609	-3.614
0.654	-3.603
0.698	-3.587
0.742	-3.573
POLYLINE BLACK
-2.494	-4.367
-2.468	-4.264
-2.505	-4.004
-2.415	-4.060
-2.314	-4.122
-2.417	-4.298
-2.414	-4.416
-2.413	-4.440
-2.408	-4.464
-2.403	-4.487
-2.393	-4.530
-2.362	-4.558
-2.318	-4.543
-2.300	-4.537
-2.283	-4.528
-2.271	-4.512
-2.264	-4.502
-2.240	-4.439
-2.236	-4.438
-2.228	-4.436
-2.224	-4.449
-2.220	-4.456
-2.213	-4.471
-2.210	-4.488
-2.203	-4.504
-2.186	-4.536
-2.150	-4.503
-2.138	-4.487
-2.124	-4.468
-2.110	-4.449
-2.099	-4.429
-2.088	-4.410
-2.080	-4.391
-2.073	-4.370
-2.046	-4.289
-2.054	-4.211
-2.058	-4.123
-2.060	-4.099
-2.064	-4.074
-2.070	-4.051
-2.080	-4.015
-2.105	-3.981
-2.104	-3.944
-2.103	-3.927
-2.078	-3.921
-2.065	-3.909
POLYLINE BLACK
-1.841	-4.370
-1.800	-4.230
-1.805	-4.273
-1.800	-4.076
-1.799	-4.050
-1.805	-3.967
-1.851	-3.970
-1.870	-3.971
-1.891	-3.977
-1.888	-4.000
-1.888	-4.008
-1.885	-4.016
-1.881	-4.022
-1.858	-4.060
-1.833	-4.097
-1.807	-4.133
-1.758	-4.201
-1.669	-4.280
-1.656	-4.375
-1.653	-4.395
-1.652	-4.549
-1.702	-4.507
-1.718	-4.495
-1.735	-4.462
-1.742	-4.447
-1.764	-4.398
-1.752	-4.351
-1.744	-4.301
POLYLINE BLACK
-1.547	-3.900
-1.548	-3.487
-1.552	-3.812
-1.489	-4.429
-1.486	-4.458
-1.477	-4.487
-1.469	-4.515
-1.467	-4.523
-1.456	-4.554
-1.440	-4.543
-1.436	-4.539
-1.433	-4.534
-1.430	-4.530
-1.420	-4.513
-1.411	-4.496
-1.401	-4.479
POLYLINE BLACK
-1.578	-4.068
-1.348	-4.002
POLYLINE BLACK
-1.242	-3.996
-1.267	-4.139
-1.340	-4.315
-1.271	-4.461
-1.265	-4.475
-1.228	-4.557
-1.195	-4.522
-1.190	-4.516
-1.185	-4.508
-1.182	-4.500
-1.158	-4.434
-1.141	-4.365
-1.114	-4.299
-1.112	-4.295
-1.104	-4.299
-1.101	-4.303
-1.093	-4.312
-1.090	-4.324
-1.086	-4.336
-1.075	-4.369
-1.067	-4.403
-1.055	-4.436
-1.049	-4.451
-1.041	-4.464
-1.033	-4.477
-0.983	-4.557
-0.926	-4.510
-0.909	-4.436
-0.893	-4.367
-0.886	-4.297
-0.870	-4.228
-0.869	-4.225
-0.862	-4.225
-0.860	-4.227
-0.854	-4.235
-0.852	-4.244
-0.849	-4.253
-0.833	-4.304
-0.820	-4.355
-0.802	-4.405
-0.796	-4.422
-0.775	-4.444
-0.762	-4.454
-0.679	-4.518
-0.670	-4.422
-0.670	-4.355
-0.669	-4.268
-0.678	-4.173
-0.729	-4.099
-0.756	-4.058
-0.789	-4.021
-0.820	-3.982
POLYLINE BLACK
-0.761	-3.745
-0.798	-3.931
-0.772	-4.111
-0.716	-4.290
-0.714	-4.296
-0.680	-4.422
-0.630	-4.403
-0.561	-4.376
-0.512	-4.164
-0.488	-4.104
-0.486	-4.100
-0.479	-4.095
-0.474	-4.098
-0.445	-4.113
-0.437	-4.223
-0.436	-4.246
-0.435	-4.264
-0.438	-4.282
-0.435	-4.301
-0.435	-4.305
-0.430	-4.311
-0.426	-4.309
-0.392	-4.296
-0.379	-4.198
-0.335	-4.191
-0.306	-4.187
-0.292	-4.264
-0.290	-4.270
-0.250	-4.365
-0.137	-4.196
-0.097	-4.214
-0.089	-4.218
-0.088	-4.230
-0.089	-4.237
-0.094	-4.290
-0.103	-4.342
-0.107	-4.394
-0.108	-4.422
-0.094	-4.508
-0.050	-4.503
-0.030	-4.500
-0.005	-4.480
0.005	-4.463
0.036	-4.407
0.064	-4.348
0.093	-4.290
POLYLINE BLACK
0.000	-3.644
-0.079	-3.615
-0.067	-3.621
0.039	-3.652

ELEVATION
STATIONS
0.000	0.000	0
-0.811	0.023	1
-2.038	-0.194	2
-1.797	-0.158	3
-2.798	-0.409	4
-3.995	-0.880	5
-3.512	-0.628	6
-3.205	-3.888	7
-4.019	-16.543	8
-6.537	-17.148	9
SHOTS
0.000	0.000	-0.811	0.023
-0.811	0.023	-0.826	0.055
-0.811	0.023	-0.953	-1.309
-0.811	0.023	-2.038	-0.194
-2.038	-0.194	-2.133	-0.035
-2.038	-0.194	-3.072	0.162
-2.038	-0.194	-2.026	-1.232
-2.038	-0.194	-2.070	-0.142
-2.038	-0.194	-1.797	-0.158
-1.797	-0.158	-2.143	0.638
-1.797	-0.158	-1.721	-0.068
-1.797	-0.158	-1.194	-0.075
-1.797	-0.158	-1.466	-0.021
-1.797	-0.158	-2.798	-0.409
-2.798	-0.409	-3.045	-0.289
-2.798	-0.409	-3.995	-0.880
-3.995	-0.880	-3.512	-0.628
-3.512	-0.628	-3.289	-0.364
-3.512	-0.628	-6.010	-13.690
-3.512	-0.628	-3.166	-4.436
-3.512	-0.628	-3.205	-3.888
-3.205	-3.888	-7.016	-2.984
-3.205	-3.888	-2.909	-3.805
-3.205	-3.888	-2.920	-16.793
-3.205	-3.888	-2.898	-16.807
-3.205	-3.888	-2.848	-16.804
-3.205	-3.888	-4.019	-16.543
-4.019	-16.543	-3.890	-16.555
-4.019	-16.543	-6.537	-17.148
-6.537	-17.148	-9.032	-17.723
-6.537	-17.148	-6.456	-17.125
-6.537	-17.148	-5.578	-17.173
-6.537	-17.148	-6.489	-17.126
POLYLINE GREEN
-2.799	-1.794
-2.821	-1.765
-2.902	-1.700
-2.863	-1.649
-2.809	-1.579
-2.629	-1.536
-2.564	-1.516
-2.521	-1.504
-2.476	-1.497
-2.433	-1.484
-2.374	-1.466
-2.315	-1.429
-2.250	-1.429
-2.152	-1.431
-2.054	-1.444
-1.955	-1.446
-1.899	-1.447
-1.847	-1.422
-1.793	-1.413
-1.686	-1.394
-1.591	-1.421
-1.485	-1.381
-1.213	-1.280
-1.209	-1.229
-0.966	-1.203
-0.751	-1.180
-0.670	-1.240
-0.456	-1.286
-0.312	-1.318
-0.239	-1.305
-0.088	-1.315
-0.058	-1.317
-0.028	-1.324
0.002	-1.328
POLYLINE GREEN
-0.577	0.225
-0.684	0.228
-0.791	0.227
-0.898	0.234
-1.024	0.243
-1.021	0.268
-1.125	0.254
-1.435	0.213
-1.691	0.023
-2.019	0.069
-2.312	0.110
-2.605	0.152
-2.897	0.200
-2.960	0.211
-3.103	0.282
-3.169	0.216
POLYLINE GREEN
-0.749	0.185
-0.547	0.201
-0.447	0.282
-0.249	0.374
-0.174	0.408
-0.098	0.440
-0.022	0.473
POLYLINE GREEN
-3.130	0.126
-3.220	0.189
-3.289	0.216
-3.393	0.220
-3.428	0.221
-3.463	0.218
-3.498	0.222
-3.573	0.232
-3.647	0.254
-3.722	0.262
-3.869	0.279
-4.032	0.245
-4.152	0.156
-4.169	0.143
-4.186	0.129
-4.199	0.113
-4.313	-0.035
-4.414	-0.192
-4.534	-0.336
-4.673	-0.503
-4.695	-0.452
-4.776	-0.590
-4.846	-0.711
-4.836	-0.816
-4.835	-0.956
-4.834	-1.015
-4.825	-1.021
-4.841	-1.076
-4.872	-1.179
-4.943	-1.202
-5.036	-1.268
POLYLINE GREEN
-2.825	-1.557
-2.851	-1.585
POLYLINE GREEN
-2.861	-1.411
-2.906	-1.503
-2.948	-1.581
-3.058	-1.577
-3.085	-1.576
-3.112	-1.569
-3.136	-1.556
-3.194	-1.526
-3.222	-1.463
-3.280	-1.430
-3.296	-1.421
-3.312	-1.413
-3.330	-1.409
-3.429	-1.383
-3.529	-1.360
-3.629	-1.339
-3.714	-1.321
-3.773	-1.428
-3.792	-1.490
-3.819	-1.577
-3.840	-1.665
-3.856	-1.755
-3.861	-1.786
-3.887	-2.012
-3.854	-2.061
-3.823	-2.107
-3.763	-2.124
-3.717	-2.156

