TRIP
DATE 2005-07-01 
DECLINATION     0.00
DATA
1.0	1.1	15.06	-35.96	7.976	>
1.1		205.90	29.43	4.809	>
1.1		167.33	28.70	6.070	>
1.1		98.44	-4.87	3.240	>
1.1		186.09	13.25	4.380	>
1.1		181.01	41.28	3.480	>
1.1		43.52	-3.28	4.680	>
1.1		73.03	-17.54	2.871	>
1.1	1.2	73.46	-67.80	5.086	>
1.2		222.52	19.27	4.130	>
1.2		314.07	32.41	2.420	>
1.2		225.56	-13.36	2.960	>
1.2		239.57	-4.42	4.760	>
1.2		206.49	0.84	4.360	>
1.2	1.3	223.26	-10.19	8.990	>
1.3		339.97	-0.15	3.080	>
1.3		351.38	49.47	2.330	>
1.3	1.4	332.18	-43.09	3.626	>
1.4		267.88	79.09	3.430	>
1.4		287.71	47.83	7.290	>
1.4		319.73	-37.04	8.940	>
1.4		299.10	-35.68	3.250	>
1.4		259.80	-30.72	2.699	>
1.4		264.85	-1.84	4.859	>
1.4		229.47	-2.56	5.491	>
1.4		207.02	-14.17	10.560	>
1.4	1.5	235.29	-2.07	7.786	>
1.5		120.17	-86.14	0.740	>
1.5		302.95	-37.98	0.760	>
1.5		121.67	-17.66	0.949	>
1.5		231.40	13.21	3.010	>
1.5	1.6	230.24	-18.73	10.156	>
1.6		343.07	0.69	1.250	>
1.6		130.80	4.13	3.070	>
1.6		109.60	7.93	1.370	>
1.6		341.85	19.24	0.680	>
1.6		350.62	-13.60	0.600	>
1.6	1.7	295.69	-9.62	1.729	>
1.7		229.30	43.61	1.080	>
1.7	1.8	181.35	29.46	4.786	>
1.8		225.56	85.09	1.700	>
1.8		88.82	23.63	0.901	>
1.8		269.61	-33.06	3.120	>
1.8	1.9	179.51	49.07	9.313	>
1.9		339.82	41.62	6.550	>
1.9		314.51	8.66	4.099	>
1.9		356.94	-2.74	5.330	>
1.9		28.12	-5.47	2.790	>

PLAN
STATIONS
1.677	6.234	1.1
3.519	6.781	1.2
-2.544	0.337	1.3
-3.780	2.679	1.4
-10.176	-1.752	1.5
-17.570	-7.904	1.6
-19.106	-7.165	1.7
-19.204	-11.331	1.8
-19.152	-17.432	1.9
SHOTS
-19.204	-11.331	-19.152	-17.432
-19.152	-17.432	-20.841	-12.836
-19.152	-17.432	-22.042	-14.591
-19.152	-17.432	-19.436	-12.116
-19.152	-17.432	-17.843	-14.983
-19.106	-7.165	-19.204	-11.331
-19.204	-11.331	-19.308	-11.433
-19.204	-11.331	-18.379	-11.314
-19.204	-11.331	-21.819	-11.349
-17.570	-7.904	-19.106	-7.165
-19.106	-7.165	-19.699	-7.675
-10.176	-1.752	-17.570	-7.904
-17.570	-7.904	-17.934	-6.708
-17.570	-7.904	-15.252	-9.905
-17.570	-7.904	-16.292	-8.359
-17.570	-7.904	-17.770	-7.294
-17.570	-7.904	-17.665	-7.329
-3.780	2.679	-10.176	-1.752
-10.176	-1.752	-10.133	-1.777
-10.176	-1.752	-10.679	-1.426
-10.176	-1.752	-9.406	-2.227
-10.176	-1.752	-12.466	-3.580
-2.544	0.337	-3.780	2.679
-3.780	2.679	-4.429	2.655
-3.780	2.679	-8.442	4.168
-3.780	2.679	-8.393	8.124
-3.780	2.679	-6.087	3.963
-3.780	2.679	-6.064	2.268
-3.780	2.679	-8.617	2.243
-3.780	2.679	-7.949	-0.886
-3.780	2.679	-8.432	-6.442
3.519	6.781	-2.544	0.337
-2.544	0.337	-3.599	3.231
-2.544	0.337	-2.771	1.834
1.677	6.234	3.519	6.781
3.519	6.781	0.884	3.907
3.519	6.781	2.051	8.202
3.519	6.781	1.463	4.765
3.519	6.781	-0.573	4.377
3.519	6.781	1.574	2.879
0.000	0.000	1.677	6.234
1.677	6.234	-0.153	2.466
1.677	6.234	2.845	1.040
1.677	6.234	4.870	5.760
1.677	6.234	1.225	1.995
1.677	6.234	1.631	3.619
1.677	6.234	4.894	9.622
1.677	6.234	4.295	7.033
POLYLINE GREEN
-8.540	-9.685
-8.600	-9.805
POLYLINE GREEN
-11.960	-4.205
-12.200	-4.365
-12.920	-4.885
-13.280	-5.245
-13.360	-5.245
-13.600	-5.445
-13.760	-5.485
-13.880	-5.605
-14.040	-5.645
-14.160	-5.765
-14.480	-6.005
-14.640	-6.045
-14.960	-6.245
-15.000	-6.325
-15.160	-6.365
-15.440	-6.565
-15.520	-6.525
-15.960	-6.925
-16.200	-7.045
-16.280	-7.165
-16.360	-7.125
-16.560	-7.365
-16.640	-7.605
-16.640	-7.765
-16.400	-8.245
-16.360	-8.445
-16.280	-8.445
-16.200	-8.525
POLYLINE GREEN
-4.150	4.415
-4.290	4.475
-5.430	4.835
POLYLINE GREEN
-3.650	4.235
-3.690	4.235
-5.490	4.775
POLYLINE GREEN
-4.010	3.095
-4.010	3.135
-3.870	2.935
POLYLINE GREEN
-4.310	2.715
-4.290	2.655
-4.130	2.635
-4.090	2.635
POLYLINE GREEN
-4.350	2.095
-4.230	2.135
-4.170	2.135
-4.090	2.155
-4.050	2.155
POLYLINE GREEN
-4.150	1.555
-4.110	1.555
-3.850	1.695
-3.810	1.695
POLYLINE GREEN
-3.450	1.155
-3.450	1.195
-3.530	1.195
-3.830	1.115
POLYLINE GREEN
-3.210	0.795
-3.290	0.795
-3.350	0.815
-3.510	0.715
-3.550	0.715
POLYLINE GREEN
-2.950	0.535
-3.070	0.475
-3.190	0.475
-3.390	0.415
POLYLINE GREEN
-2.690	4.855
-2.730	4.815
POLYLINE GREEN
-3.650	3.115
-3.770	3.035
-3.810	3.035
-3.970	2.915
-4.070	2.695
-4.090	2.535
-4.090	2.415
-4.050	2.295
-4.050	2.235
-3.910	1.875
-3.750	1.755
-3.570	1.455
-3.410	1.135
-3.370	1.095
-3.370	1.055
-3.210	0.895
-3.030	0.615
-2.910	0.455
-2.890	0.335
-2.850	0.295
-2.850	0.235
-2.730	0.075
-2.730	0.035
POLYLINE GREEN
-11.250	8.905
-11.190	9.025
POLYLINE GREEN
-5.870	3.985
-5.830	4.065
POLYLINE GREEN
-8.710	2.105
-8.710	2.305
-8.830	2.625
-8.830	3.105
-8.870	3.305
-8.870	3.465
-8.790	3.785
-8.630	3.945
-8.470	3.985
-8.070	4.145
-7.950	4.105
-7.870	4.145
-7.790	4.105
-7.710	4.145
-7.470	4.025
-7.310	4.065
-6.910	3.985
-6.750	4.025
-6.590	3.985
-6.510	4.025
-6.190	3.945
-6.110	4.025
-5.950	3.985
POLYLINE GREEN
-14.990	0.385
POLYLINE GREEN
-14.870	0.305
POLYLINE GREEN
-15.150	0.665
-15.070	0.665
POLYLINE GREEN
-10.430	-2.535
-10.390	-2.615
-10.230	-2.535
-10.270	-2.375
-10.350	-2.295
-10.430	-2.295
POLYLINE GREEN
-10.910	-2.775
-10.990	-2.815
-10.910	-2.975
-10.750	-2.895
-10.710	-2.735
-10.790	-2.655
POLYLINE GREEN
-10.950	-2.295
-11.030	-2.215
-11.110	-2.295
-11.030	-2.335
-10.910	-1.975
POLYLINE GREEN
-11.390	-3.295
-11.470	-3.255
-11.510	-3.335
-11.430	-3.375
-11.350	-3.335
-11.350	-3.215
POLYLINE GREEN
-11.950	-2.895
-12.030	-2.975
-12.030	-3.055
-11.950	-3.095
-11.750	-2.855
-11.710	-2.775
-11.790	-2.775
POLYLINE GREEN
-12.510	-3.295
-12.590	-3.295
-12.670	-3.375
-12.630	-3.455
-12.470	-3.415
-12.430	-3.335
-12.510	-3.255
-12.590	-3.295
POLYLINE GREEN
-12.110	-3.695
-12.230	-3.855
-12.310	-3.855
-12.550	-4.095
-12.310	-4.015
-12.110	-3.775
-12.070	-3.695
-12.150	-3.775
-12.230	-3.775
POLYLINE GREEN
-13.230	-3.975
-13.310	-3.895
-13.430	-4.055
-13.230	-4.095
-13.150	-4.055
-13.190	-3.895
-13.270	-3.895
POLYLINE GREEN
-13.190	-4.655
-13.230	-4.735
-13.150	-4.815
-13.030	-4.655
-13.030	-4.575
-13.110	-4.575
POLYLINE GREEN
-13.350	-4.135
-13.390	-4.175
POLYLINE GREEN
-14.030	-4.415
-14.230	-4.615
-14.230	-4.695
-14.150	-4.775
-13.990	-4.575
-13.990	-4.415
POLYLINE GREEN
-13.750	-5.095
-13.750	-5.255
-13.670	-5.255
-13.630	-5.175
-13.750	-5.055
POLYLINE GREEN
-14.230	-5.455
-14.350	-5.695
-14.310	-5.775
-14.110	-5.575
-14.190	-5.495
POLYLINE GREEN
-14.870	-5.055
-14.910	-5.135
-14.870	-5.215
-14.790	-5.215
-14.710	-4.975
-14.710	-4.895
-14.870	-5.015
POLYLINE GREEN
-15.430	-5.575
-15.550	-5.695
-15.470	-5.775
-15.390	-5.535
-15.390	-5.415
POLYLINE GREEN
-15.190	-6.135
-15.270	-6.255
-15.150	-6.415
-15.110	-6.335
-15.150	-6.215
POLYLINE GREEN
-15.990	-6.055
-16.070	-6.335
-15.990	-6.335
-15.950	-6.255
-15.990	-5.975
-15.910	-5.895
POLYLINE GREEN
-16.430	-6.575
-16.550	-6.735
-16.510	-6.815
-16.430	-6.775
-16.350	-6.815
-16.270	-6.735
-16.270	-6.615
-16.350	-6.455
-16.470	-6.615
POLYLINE GREEN
-1.630	1.925
-1.650	1.885
-1.470	2.045
-1.430	2.125
-1.150	2.365
-1.570	1.865
-1.610	1.845
-1.430	2.065
-1.370	2.105
-1.650	1.805
-1.650	1.845
-1.510	1.985
-1.390	2.105
-1.710	1.845
-1.710	1.885
-1.390	2.205
-1.610	1.945
-1.770	1.785
-1.690	1.785
-1.230	1.965
-1.330	1.885
-1.650	1.825
-1.690	1.845
-1.930	1.765
-1.870	1.725
-1.690	1.765
-1.570	1.765
-1.290	1.805
-1.250	1.825
-1.310	1.825
-1.410	1.765
-1.630	1.705
-1.790	1.685
-1.750	1.705
-1.670	1.705
-1.390	1.805
-1.330	1.805
-1.250	1.845
-1.310	1.805
-1.350	1.805
-1.410	1.765
-1.890	1.605
-1.790	1.605
-1.670	1.665
-1.470	1.745
-1.250	1.865
-1.350	1.845
-1.570	1.745
-1.730	1.725
-1.850	1.705
-1.890	1.665
-1.650	1.785
-1.610	1.785
-1.370	1.905
-1.510	1.845
-1.730	1.765
-2.050	1.605
-2.090	1.565
-2.050	1.565
-1.950	1.645
-1.770	1.745
-1.710	1.805
-1.650	1.825
-1.570	1.905
-1.730	1.885
-1.910	1.765
-1.950	1.725
-1.650	1.985
-1.750	1.945
-1.950	1.785
-2.030	1.685
-1.590	2.125
-1.690	2.065
-1.850	1.905
-1.930	1.825
-1.870	1.845
-1.470	2.245
-1.430	2.265
-1.650	2.065
-1.650	2.025
-1.430	2.365
-1.350	2.405
-1.230	2.225
-1.170	1.965
-1.170	1.885
-1.270	2.305
-1.290	2.345
-1.150	2.105
-1.150	2.105
-1.210	2.225
-1.290	2.325
-1.130	2.085
-1.090	2.045
-1.130	2.045
-1.270	2.265
-1.330	2.405
-1.370	2.445
-1.310	2.425
-1.190	2.285
-1.050	2.085
-1.050	2.045
-1.230	2.265
-1.350	2.485
-1.290	2.385
-1.210	2.285
-1.050	1.985
-1.190	2.125
-1.290	2.325
-1.250	2.205
-1.190	2.105
-1.090	1.945
-1.150	1.965
-1.390	2.205
-1.350	2.105
-1.150	1.905
-1.250	2.065
-1.330	2.245
-1.150	1.945
-1.210	2.005
-1.370	2.245
-1.310	2.165
-1.230	2.005
-1.290	1.945
-1.330	1.985
-1.330	2.025
-1.370	2.085
-1.350	2.165
-1.310	2.205
-1.290	2.165
-1.330	2.065
-1.370	2.025
-1.270	2.125
-1.450	1.905
-1.330	2.085
-1.290	2.125
-1.490	2.005
-1.570	1.965
-1.490	1.945
-1.370	1.965
-1.250	2.005
-1.150	1.985
-1.110	2.005
-1.110	1.965
-1.250	1.885
-1.310	1.885
-1.390	1.865
-1.430	1.865
-1.330	1.845
-1.250	1.905
-1.150	1.905
-1.070	1.945
-1.170	1.885
-1.250	1.845
-1.310	1.845
-1.170	1.885
-1.070	1.945
-1.070	1.985
-1.330	1.985
-1.470	1.965
-1.670	1.985
-1.570	2.045
-1.330	2.305
-1.390	2.285
-1.650	2.025
-1.450	2.265
-1.550	2.225
-1.730	2.045
-1.550	2.245
-1.490	2.265
POLYLINE GREEN
-2.230	2.965
-2.130	3.065
-1.770	3.385
-1.770	3.385
-2.130	3.065
-2.090	3.145
-1.950	3.245
-1.550	3.645
-1.650	3.525
-1.690	3.385
-1.590	3.265
POLYLINE GREEN
-1.990	3.165
-1.990	3.165
-1.710	3.465
-1.610	3.525
-2.130	3.005
-1.610	3.365
-2.050	3.065
-1.570	3.425
-1.670	3.345
-1.930	3.205
-2.130	3.045
-2.050	3.065
-1.650	3.245
-1.590	3.245
-1.510	3.285
-1.830	3.065
-2.170	2.925
-2.090	2.985
-1.650	3.105
-1.570	3.145
-1.510	3.145
-1.470	3.165
-1.590	3.105
-1.850	3.045
-2.090	2.965
-2.150	2.925
-2.210	2.925
-2.150	2.905
-1.850	2.985
-1.730	3.025
-1.550	3.085
-1.730	3.065
-1.990	2.965
-2.170	2.925
-2.110	2.905
-1.690	3.025
-1.370	3.125
-1.470	3.125
-1.770	3.045
-2.010	2.965
-2.050	2.925
-1.950	2.925
-1.430	3.145
-1.390	3.185
-1.550	3.145
-1.670	3.065
-1.730	3.065
-1.810	3.045
-1.770	3.045
-1.730	3.085
-1.670	3.085
-1.490	3.185
-1.450	3.185
-1.670	3.345
-1.750	3.465
-1.510	3.385
-1.350	3.285
-1.250	3.125
-1.390	3.225
-1.470	3.305
-1.590	3.545
-1.450	3.365
-1.350	3.245
-1.290	3.105
-1.530	3.405
-1.590	3.505
-1.370	3.265
-1.290	3.085
-1.510	3.385
-1.610	3.545
-1.530	3.305
-1.470	3.245
-1.390	3.105
-1.390	3.045
-1.510	3.125
-1.570	3.225
-1.630	3.285
-1.530	3.125
-1.490	3.105
-1.470	3.045
-1.590	3.205
-1.650	3.345
-1.690	3.385
-1.590	3.145
-1.590	3.065
-1.630	3.225
-1.610	3.345
-1.530	3.405
-1.550	3.305
-1.670	3.145
-1.670	3.185
-1.510	3.405
-1.670	3.305
-1.810	3.165
-1.850	3.165
-1.750	3.325
-1.570	3.505
-2.010	3.145
-1.730	3.425
-1.690	3.445
-1.770	3.425
-1.970	3.285
-1.870	3.345
-1.630	3.565
-1.850	3.385
-1.730	3.485
-1.770	3.385
POLYLINE GREEN
0.110	4.385
0.090	4.465
0.070	4.425
0.110	4.305
0.130	4.125
0.170	3.985
0.170	4.065
0.070	4.445
0.030	4.385
0.090	4.005
0.110	3.945
0.010	4.285
0.010	4.285
0.030	4.125
0.070	3.965
0.070	4.085
0.030	4.305
0.050	4.265
0.070	4.065
0.050	4.205
0.030	4.025
0.010	3.985
0.010	4.285
-0.030	4.105
-0.070	4.165
-0.070	4.205
0.010	4.285
-0.050	4.285
-0.270	4.145
-0.070	4.265
-0.130	4.245
-0.210	4.165
-0.310	4.125
-0.350	4.085
-0.390	4.085
-0.250	4.225
-0.070	4.345
-0.250	4.205
-0.370	4.065
-0.050	4.365
-0.330	4.125
-0.350	4.065
-0.270	4.065
-0.130	4.145
-0.010	4.185
-0.070	4.105
-0.290	4.045
-0.330	4.065
-0.250	4.085
-0.030	4.065
0.010	4.045
-0.090	4.005
-0.270	4.025
-0.310	4.025
-0.230	4.065
-0.150	4.045
-0.010	4.065
-0.050	4.105
-0.150	4.125
-0.230	4.185
-0.150	4.205
-0.030	4.245
0.050	4.305
0.010	4.325
-0.090	4.305
-0.190	4.205
-0.010	4.285
0.070	4.365
-0.110	4.245
POLYLINE GREEN
-0.310	4.105
-0.350	4.105
-0.350	4.105
-0.270	4.185
-0.090	4.325
0.070	4.505
-0.410	4.105
-0.430	4.065
0.030	4.485
0.110	4.565
-0.030	4.465
-0.190	4.265
-0.410	4.065
-0.450	4.085
-0.430	4.045
-0.290	4.005
-0.090	3.985
0.030	3.925
0.070	3.925
0.030	3.965
-0.010	3.945
-0.330	4.005
-0.410	4.025
-0.450	4.045
-0.450	4.085
-0.390	4.105
0.030	3.965
0.070	3.965
POLYLINE GREEN
-1.010	3.265
-0.810	3.505
-1.070	3.225
-0.870	3.505
-1.130	3.245
-1.150	3.185
-0.850	3.465
-0.990	3.285
-1.050	3.225
-0.870	3.465
-0.830	3.565
-0.950	3.425
-1.030	3.345
-1.050	3.285
-0.850	3.545
-1.010	3.385
-1.030	3.345
-1.010	3.425
-0.850	3.625
-0.810	3.645
-0.850	3.645
-1.050	3.385
-0.930	3.505
-0.950	3.425
-0.810	3.285
-0.770	3.265
-0.770	3.305
-0.890	3.505
-0.850	3.505
-0.790	3.465
-0.750	3.465
-0.670	3.365
-0.650	3.305
-0.750	3.465
-0.770	3.545
-0.610	3.385
-0.590	3.345
-0.670	3.425
-0.790	3.605
-0.630	3.425
-0.630	3.385
-0.710	3.425
-0.790	3.585
-0.590	3.325
-0.690	3.305
-0.770	3.305
-0.850	3.325
-0.650	3.365
-0.630	3.325
-0.670	3.285
-0.910	3.265
-0.950	3.285
-0.670	3.425
-0.770	3.345
-0.930	3.285
-0.810	3.365
-0.770	3.405
-0.990	3.285
-1.070	3.225
-1.030	3.225
-0.810	3.365
-0.790	3.305
-0.890	3.205
-0.990	3.205
-1.030	3.185
-1.070	3.205
-1.070	3.245
-0.890	3.365
-0.750	3.485
-0.850	3.465
-0.970	3.345
-0.990	3.285
-0.830	3.565
-0.930	3.465
-0.950	3.405
-0.790	3.665
-0.930	3.525
-0.850	3.605
-0.870	3.565
POLYLINE GREEN
-0.890	3.845
-0.850	3.645
-0.950	3.505
-0.990	3.405
-1.070	3.325
-1.070	3.285
-1.130	3.205
-1.010	3.185
-0.550	3.305
-0.550	3.265
-0.630	3.225
POLYLINE GREEN
-0.850	3.605
POLYLINE GREEN
-0.830	3.745
-0.770	3.705
-0.670	3.505
-0.530	3.305
-0.530	3.265
POLYLINE BLACK
0.290	5.525
0.270	5.245
0.230	5.085
-0.070	4.425
-0.130	4.325
-0.150	4.245
-0.230	4.065
-0.250	3.985
-0.270	3.885
-0.290	3.725
-0.290	3.645
-0.310	3.605
-0.290	3.505
-0.290	3.465
POLYLINE BLACK
-2.950	6.945
POLYLINE BLACK
0.360	1.815
0.330	1.965
0.420	2.235
0.420	2.265
0.360	1.995
0.360	2.265
0.330	2.385
0.240	2.295
0.240	2.205
0.210	2.145
0.150	2.205
0.150	2.505
0.180	2.565
0.090	2.415
0.090	2.415
0.150	2.565
0.090	2.595
-0.060	2.325
-0.060	2.385
0.030	2.535
0.060	2.565
0.060	2.625
0.150	2.775
-0.090	2.505
0.120	2.805
0.180	2.865
-0.030	2.655
-0.150	2.475
-0.090	2.475
0.180	2.805
0.000	2.475
0.000	2.415
0.060	2.415
0.120	2.475
0.120	2.325
0.240	2.505
0.270	2.625
0.300	2.685
0.210	2.535
0.180	2.325
0.270	2.475
0.270	2.475
0.240	2.325
POLYLINE BLACK
-0.300	2.535
0.540	3.435
0.180	2.985
0.060	2.805
-0.150	2.655
0.450	3.465
0.540	3.615
0.240	3.195
0.120	2.955
-0.210	2.505
0.000	2.775
0.120	3.015
0.390	3.405
0.570	3.705
0.360	3.195
0.270	2.295
0.270	2.235
0.330	2.505
0.450	3.105
0.570	3.465
0.570	3.405
0.480	3.135
0.390	2.505
0.300	2.145
0.630	3.345
0.570	3.225
0.450	2.505
0.420	2.145
0.390	2.055
0.390	2.175
0.540	2.535
0.540	2.685
0.570	2.745
0.570	2.925
0.690	3.495
0.630	3.375
0.630	3.165
0.600	2.865
0.570	2.745
0.630	2.865
0.660	3.225
0.720	3.405
0.720	3.555
0.780	3.735
0.630	3.495
0.480	3.195
0.420	3.135
0.600	3.495
0.690	3.765
0.540	3.555
0.510	3.435
0.480	3.315
0.570	3.405
0.690	3.705
0.600	3.615
0.570	3.495
0.660	3.645
0.690	3.705
0.540	3.525
0.480	3.405
0.660	3.585
0.780	3.825
0.330	3.105
0.060	2.835
-0.150	2.535
-0.210	2.565
-0.330	2.445
-0.240	2.355
0.000	2.175
0.120	2.145
0.270	2.055
0.330	2.055
0.180	2.025
-0.180	2.325
0.240	1.905
-0.180	2.385
-0.240	2.415
0.210	1.905
0.030	2.085
-0.150	2.295
0.000	2.235
0.300	1.935
0.210	1.965
-0.270	2.415
0.150	1.905
-0.060	2.145
-0.300	2.535
-0.180	2.565
-0.120	2.535
-0.120	2.445
0.300	1.905
0.270	2.055
0.300	2.175
0.330	2.325
POLYLINE BLACK
1.500	2.445
1.440	2.445
1.410	2.355
1.410	1.485
1.470	1.275
1.350	2.115
1.350	2.295
1.320	2.595
1.290	2.535
1.320	2.475
1.320	2.145
1.350	2.085
1.350	1.605
1.380	1.455
1.380	1.365
1.380	1.365
1.410	1.605
1.410	1.815
1.440	1.905
1.440	2.235
1.470	2.325
1.470	2.535
1.440	2.205
1.440	1.935
1.470	1.665
1.470	1.635
1.380	2.445
1.380	2.715
1.350	2.595
1.350	2.265
1.380	2.145
1.380	2.955
1.410	3.015
1.410	2.925
1.380	2.805
1.380	2.475
1.470	2.895
1.470	3.105
1.680	2.355
1.800	2.115
1.830	1.995
1.740	2.115
1.680	2.355
1.590	2.625
1.560	2.685
1.530	2.625
1.590	2.535
1.680	2.175
1.860	1.635
1.890	1.515
1.860	1.665
1.590	2.325
1.530	2.565
1.710	2.055
1.770	1.815
1.830	1.605
1.650	2.085
1.920	1.305
1.890	1.485
1.800	1.665
1.830	1.545
1.920	1.365
1.920	1.305
1.950	1.365
1.860	1.545
1.950	1.395
1.980	1.275
2.040	1.215
2.040	1.155
1.920	1.425
1.950	1.275
1.980	1.215
1.890	1.275
1.890	1.365
1.800	1.575
1.800	1.455
1.860	1.125
1.800	1.185
1.770	1.305
1.740	1.425
1.710	1.275
1.710	1.095
1.590	1.365
1.530	1.575
1.470	1.365
1.470	1.005
1.350	1.515
1.320	1.395
1.320	1.275
1.350	1.185
1.350	1.515
1.380	1.575
1.350	1.425
1.380	1.125
1.410	1.065
1.440	1.185
1.440	1.275
1.410	1.395
1.410	1.455
1.380	1.335
1.380	1.125
1.410	1.035
1.710	1.275
1.650	1.125
1.590	1.065
1.410	1.035
1.410	0.975
1.710	1.155
1.560	1.065
1.440	1.065
1.500	1.125
1.620	1.155
POLYLINE BLACK
0.450	-0.135
0.390	-0.135
0.330	-0.195
0.300	-0.375
0.360	-0.255
0.360	-0.105
0.390	-0.015
0.300	-0.105
0.270	-0.225
0.240	-0.285
0.300	-0.015
0.240	-0.075
0.180	-0.345
0.600	-0.285
0.720	-0.285
0.780	-0.315
0.660	-0.315
0.540	-0.285
0.390	-0.315
0.270	-0.435
0.540	-0.345
0.660	-0.375
0.870	-0.225
0.690	-0.285
0.630	-0.345
0.780	-0.405
0.960	-0.315
1.020	-0.315
1.110	-0.255
0.960	-0.225
0.840	-0.255
0.810	-0.315
0.870	-0.375
0.990	-0.375
1.170	-0.315
1.050	-0.285
0.990	-0.255
1.050	-0.315
1.170	-0.315
POLYLINE BLACK
0.570	0.345
0.570	0.555
0.630	0.735
0.540	0.615
0.540	0.525
0.600	0.735
0.540	0.465
0.660	0.885
0.600	0.825
0.600	0.735
0.570	0.615
0.660	0.885
0.780	0.705
0.780	0.645
0.840	0.585
0.840	0.525
0.900	0.465
0.870	0.585
0.780	0.705
0.900	0.525
0.750	0.855
0.870	0.765
1.140	0.195
1.200	0.015
1.200	0.015
1.020	0.315
0.900	0.525
1.260	-0.195
1.350	-0.315
1.230	-0.375
1.170	-0.315
1.050	-0.345
0.900	-0.315
0.840	-0.255
0.780	-0.285
0.600	-0.285
0.540	-0.345
0.540	-0.345
0.690	-0.345
0.750	-0.315
0.810	-0.345
1.050	-0.255
0.930	-0.285
0.840	-0.255
0.720	-0.315
0.570	-0.315
0.450	-0.345
0.450	-0.345
0.660	-0.255
0.750	-0.135
0.720	-0.015
0.480	-0.195
0.450	-0.315
POLYLINE BLACK
0.360	-0.105
0.330	-0.165
0.360	0.045
0.540	0.585
0.450	0.285
0.360	-0.195
0.360	-0.315
0.570	0.645
0.510	0.345
0.480	-0.195
0.540	-0.105
0.540	0.075
0.630	0.555
0.660	0.675
0.630	0.525
0.630	0.195
0.660	-0.225
0.690	-0.285
0.720	-0.135
0.720	0.615
0.690	0.495
0.780	-0.015
0.840	-0.135
0.810	0.195
0.750	0.465
0.750	0.525
0.780	0.405
0.900	0.165
0.930	-0.015
1.080	-0.345
1.110	-0.195
0.900	0.315
0.870	0.465
1.140	-0.105
1.140	-0.045
1.080	0.045
1.020	0.285
0.900	0.495
1.230	-0.165
0.960	0.435
0.810	0.675
0.810	0.615
0.930	0.495
1.290	-0.285
1.350	-0.345
1.170	0.045
1.050	0.195
1.050	0.255
0.930	0.495
0.900	0.615
1.080	0.135
0.960	0.195
0.900	0.345
0.840	0.405
POLYLINE BLACK
-0.750	-0.045
-0.630	-0.015
-0.450	0.045
POLYLINE BLACK
-1.020	0.285
-0.900	0.285
-0.750	0.315
-0.690	0.285
-0.630	0.315
POLYLINE BLACK
-1.110	0.825
-1.050	0.795
-0.840	0.825
-0.660	0.825
POLYLINE BLACK
-1.080	1.305
-0.960	1.275
-0.810	1.275
-0.690	1.305
-0.630	1.275
POLYLINE BLACK
-1.020	1.845
-0.900	1.785
-0.720	1.785
-0.600	1.725
POLYLINE BLACK
-0.900	2.385
-0.720	2.445
-0.570	2.385
-0.510	2.415
-0.390	2.325
POLYLINE BLACK
0.060	8.745
0.100	8.765
0.140	8.745
POLYLINE BLACK
0.060	8.825
0.140	8.825
0.180	8.805
POLYLINE BLACK
1.560	6.905
1.520	6.905
1.520	6.865
1.560	6.885
2.020	6.865
2.160	6.865
2.320	6.905
2.520	6.905
2.600	6.925
2.680	6.925
POLYLINE GREEN
-18.260	-6.505
-18.380	-6.415
-18.500	-6.415
-18.560	-6.445
-18.620	-6.415
-18.890	-6.505
-19.130	-6.745
-19.370	-7.195
-19.370	-7.285
-19.430	-7.465
-19.400	-7.255
-19.250	-7.075
-19.160	-6.925
-19.070	-6.775
-19.040	-6.715
-18.980	-6.715
-18.710	-6.535
-18.590	-6.505
-18.410	-6.445
-18.350	-6.475
-18.290	-6.445
-18.020	-6.535
POLYLINE GREEN
-19.280	-7.780
-19.310	-7.795
-19.310	-7.870
-19.325	-7.930
-19.325	-8.005
POLYLINE GREEN
-19.325	-7.660
-19.265	-7.765
-19.235	-7.735
-19.220	-7.690
-19.160	-7.600
POLYLINE GREEN
-19.355	-9.040
-19.355	-9.070
-19.370	-9.130
-19.355	-9.205
-19.355	-9.235
POLYLINE GREEN
-19.385	-8.935
-19.340	-9.025
-19.280	-8.980
-19.265	-8.950
-19.205	-8.905
POLYLINE GREEN
-19.415	-8.635
-19.385	-8.740
-19.385	-8.770
POLYLINE GREEN
-19.415	-8.485
-19.385	-8.590
-19.295	-8.515
-19.280	-8.485
POLYLINE GREEN
-19.415	-8.125
-19.430	-8.155
-19.430	-8.290
POLYLINE GREEN
-19.475	-7.960
-19.445	-7.990
-19.445	-8.020
-19.415	-8.050
-19.415	-8.095
-19.400	-8.125
-19.370	-8.110
-19.310	-7.990
POLYLINE GREEN
-19.750	-12.510
POLYLINE GREEN
-19.750	-16.710
-19.750	-16.510
-19.830	-16.190
-19.950	-15.630
-20.030	-15.310
-20.150	-14.710
-20.230	-14.470
-20.310	-14.390
-20.350	-14.230
-20.430	-14.030
-20.670	-13.710
-20.750	-13.670
-20.910	-13.310
-20.910	-13.150
-21.070	-13.110
-21.310	-13.270
-21.510	-13.550
-21.630	-13.670
-21.990	-14.190
-22.030	-14.630
-21.950	-14.990
-21.390	-15.510
-20.950	-15.910
-20.950	-15.990
-20.350	-16.710
-19.910	-17.310
-19.670	-17.630
-19.590	-17.910
-19.510	-17.990
-19.430	-17.990
-19.270	-18.110
-18.950	-18.150
-18.710	-18.030
-18.390	-17.390
-18.350	-17.230
-17.910	-16.350
-17.830	-16.270
-17.830	-16.190
-17.750	-16.070
-17.750	-15.990
-17.630	-15.830
-17.510	-15.390
-17.510	-15.230
-17.550	-15.110
-18.030	-14.990
-18.270	-15.310
-18.550	-15.910
-18.590	-16.070
POLYLINE GREEN
-19.910	-11.630
-19.790	-11.990
-19.790	-12.350
-19.750	-12.550
-19.750	-12.910
-19.670	-13.310
-19.670	-13.590
-19.630	-13.750
-19.630	-14.030
-19.670	-14.190
-19.630	-14.390
-19.670	-14.550
-19.670	-16.470
-19.550	-16.950
POLYLINE GREEN
-18.470	-11.230
-18.510	-11.430
-18.510	-11.910
-18.550	-12.190
-18.550	-12.430
-18.590	-12.590
-18.630	-12.750
-18.710	-13.110
-18.710	-14.110
-18.670	-14.310
-18.670	-14.590
-18.630	-14.750
-18.630	-15.710
-18.590	-15.870
-18.590	-16.150
-18.550	-16.310
-18.550	-16.510
-18.430	-16.950
-18.430	-17.150
-18.390	-17.230
POLYLINE BLACK
-21.080	-12.220
-21.140	-12.160
POLYLINE GREEN
-19.430	-9.430
-19.490	-9.640
-19.490	-9.760
POLYLINE GREEN
-18.950	-10.150
-19.040	-10.270
-19.040	-10.360
-19.010	-10.420
-18.890	-10.450
-18.890	-10.360
-18.920	-10.300
POLYLINE GREEN
-19.400	-9.940
-19.490	-10.240
-19.370	-10.210
-19.220	-10.210
-19.160	-10.240
-19.160	-9.940
-19.220	-9.910
-19.280	-9.970
POLYLINE GREEN
-19.040	-11.230
-19.070	-11.410
-18.980	-11.560
-18.860	-11.530
-18.740	-11.350
-18.740	-11.290
-18.860	-11.230
-18.980	-11.320
POLYLINE GREEN
-19.580	-11.350
-19.580	-11.470
-19.550	-11.590
-19.430	-11.590
-19.250	-11.500
-19.250	-11.440
-19.310	-11.350
-19.370	-11.350
POLYLINE GREEN
-19.100	-11.080
-18.920	-10.810
-18.860	-10.930
-18.860	-11.080
-18.950	-11.200
-19.040	-11.080
POLYLINE GREEN
-19.340	-10.780
-19.310	-10.630
-19.220	-10.510
-19.160	-10.510
-19.040	-10.600
-19.010	-10.750
-19.190	-10.990
-19.250	-10.990
-19.430	-10.750
-19.370	-10.690
POLYLINE GREEN
-19.910	-11.170
-19.850	-11.200
-19.670	-10.900
-19.490	-10.930
-19.460	-10.990
-19.580	-11.170
-19.580	-11.230
-19.640	-11.290
-19.790	-11.200
POLYLINE GREEN
-20.300	-11.290
-20.300	-11.350
-20.210	-11.140
-20.150	-11.080
-20.030	-11.290
-20.030	-11.350
-20.270	-11.500
-20.240	-11.440
POLYLINE GREEN
-20.120	-10.840
-20.030	-10.750
-20.000	-10.630
-19.790	-10.840
-19.940	-10.930
-20.120	-10.960
-20.090	-10.840
POLYLINE GREEN
-20.420	-11.020
-20.330	-10.810
-20.210	-10.870
-20.210	-10.930
-20.390	-10.990
-20.450	-10.960
POLYLINE GREEN
-22.100	-11.590
-22.220	-11.350
POLYLINE GREEN
-22.190	-10.660
-22.220	-10.510
-22.220	-10.450
-22.160	-10.450
-22.070	-10.390
-21.950	-10.450
-21.890	-10.630
-21.890	-10.690
-22.010	-10.810
-22.100	-11.050
-22.130	-11.170
-22.100	-11.230
POLYLINE GREEN
-21.230	-11.140
-21.110	-11.140
-21.110	-11.140
-21.230	-11.140
-21.170	-11.110
-21.110	-11.140
-21.050	-11.110
-21.080	-11.170
-21.230	-11.140
-21.140	-11.140
-21.020	-11.110
-20.960	-11.110
-21.050	-11.110
-21.170	-11.140
-21.290	-11.110
POLYLINE GREEN
-21.050	-10.870
-21.320	-10.960
-21.470	-11.200
-21.470	-11.320
-21.290	-11.440
-21.170	-11.470
-20.870	-11.380
-20.750	-11.290
-20.630	-11.080
-20.660	-10.930
-20.780	-10.900
-20.840	-10.870
-21.050	-10.930
POLYLINE GREEN
-19.280	-7.210
-19.430	-7.540
-19.460	-7.810
-19.490	-7.930
-19.520	-8.170
-19.490	-8.380
-19.490	-9.130
-19.460	-9.250
-19.460	-9.760
-19.520	-10.000
-19.580	-10.240
-19.670	-10.390
-20.030	-10.510
-20.150	-10.480
-20.270	-10.510
-20.600	-10.510
-20.720	-10.540
-20.840	-10.570
-20.960	-10.630
-21.020	-10.600
-21.530	-10.810
-21.800	-11.080
-21.830	-11.200
-21.830	-11.410
-21.740	-11.650
-21.560	-11.680
-21.350	-11.650
-21.230	-11.680
-21.170	-11.650
-21.110	-11.680
-20.930	-11.620
-20.810	-11.650
-20.540	-11.650
-20.480	-11.620
-20.360	-11.650
-20.180	-11.650
-20.060	-11.680
-19.790	-11.680
-19.730	-11.740
-19.670	-11.740
POLYLINE GREEN
-17.510	-8.430
-17.590	-8.430
-17.790	-8.310
-18.190	-7.970
-18.250	-7.910
-18.450	-7.790
-18.510	-7.730
-18.590	-7.710
-18.670	-7.690
-18.750	-7.770
-18.810	-7.990
-18.810	-8.050
-18.830	-8.130
-18.850	-8.350
-18.830	-8.510
-18.830	-8.950
-18.810	-9.030
-18.810	-9.110
-18.770	-9.190
-18.770	-9.310
-18.730	-9.390
-18.730	-9.490
-18.630	-9.850
-18.610	-10.030
-18.590	-10.110
-18.590	-10.170
-18.570	-10.270
-18.510	-10.650
-18.490	-10.730
-18.470	-10.850
-18.390	-10.970
-18.370	-11.050
-18.350	-11.130
-18.350	-11.310
POLYLINE GREEN
-19.270	-11.410
POLYLINE GREEN
-19.250	-11.250
-19.250	-11.290
POLYLINE GREEN
-18.330	-6.390
-18.290	-6.430
-18.450	-6.590
POLYLINE BLACK
-17.410	-9.110
POLYLINE BLACK
-17.530	-9.110
-17.450	-9.190
-17.410	-9.110
POLYLINE BLACK
-12.650	-5.110
POLYLINE GREEN
-16.770	-9.030
-16.770	-9.150
-16.610	-9.110
-16.530	-9.110
-16.410	-9.230
-16.250	-9.150
POLYLINE GREEN
-16.130	-9.350
-15.970	-9.310
-15.890	-9.470
-15.810	-9.430
POLYLINE GREEN
-16.370	-9.470
-16.330	-9.550
-16.250	-9.470
-16.050	-9.670
-15.970	-9.790
-15.890	-9.750
POLYLINE GREEN
-11.970	-0.950
POLYLINE GREEN
-16.330	-7.870
-16.370	-8.150
-16.290	-8.470
-16.010	-8.870
-15.810	-9.070
-15.530	-9.470
-15.410	-9.710
-15.410	-9.950
-15.650	-10.030
-15.770	-10.030
-16.090	-9.910
-16.690	-9.310
-16.930	-9.030
-17.130	-8.790
-17.330	-8.590
-17.370	-8.470
-17.530	-8.430
POLYLINE GREEN
-18.090	-6.470
-18.010	-6.550
-17.850	-6.510
-17.690	-6.510
-17.530	-6.470
-17.450	-6.470
-17.410	-6.390
-17.290	-6.390
-17.250	-6.270
-16.930	-5.990
-16.850	-5.990
-16.810	-5.910
-16.730	-5.910
-16.050	-5.310
-15.970	-5.310
-15.730	-5.070
-15.650	-5.110
-15.610	-5.030
-15.450	-4.990
-15.370	-4.910
-15.210	-4.870
-15.130	-4.830
POLYLINE GREEN
-12.770	-0.790
POLYLINE GREEN
-11.610	-2.110
-11.370	-1.870
-11.170	-1.750
-11.130	-1.670
-10.970	-1.630
-10.810	-1.510
POLYLINE GREEN
-11.530	-1.990
-11.650	-2.110
POLYLINE GREEN
-11.370	-1.950
-11.730	-2.310
-12.210	-2.670
-12.410	-2.870
-12.570	-2.990
-12.690	-2.990
-13.050	-3.310
-13.810	-3.870
-13.970	-4.030
-14.130	-4.070
-14.810	-4.550
-14.890	-4.550
-15.010	-4.670
-15.290	-4.830
-15.490	-5.030
-15.610	-5.070
-15.850	-5.310
-16.050	-5.470
-16.250	-5.590
-16.650	-5.950
-16.890	-6.110
-17.330	-6.710
-17.330	-6.630
POLYLINE GREEN
-15.770	0.770
-15.690	0.730
POLYLINE GREEN
-9.650	-2.270
-9.850	-2.470
-10.210	-2.830
-10.290	-2.830
-10.690	-3.230
-10.890	-3.430
-11.890	-4.070
-12.090	-4.270
POLYLINE GREEN
-9.610	-2.190
POLYLINE BLACK
-13.050	3.330
POLYLINE BLACK
-12.970	3.210
POLYLINE GREEN
-9.570	-0.950
-9.370	-0.710
-9.290	-0.750
-9.250	-0.910
-9.370	-1.150
-9.530	-1.150
-9.610	-1.190
-9.650	-1.030
-9.610	-0.950
POLYLINE GREEN
-9.690	-1.870
-9.730	-1.710
-9.490	-1.510
-9.490	-1.710
-9.610	-1.870
POLYLINE GREEN
-9.930	-1.670
-9.970	-1.510
-9.890	-1.350
-9.730	-1.430
-9.690	-1.590
-9.770	-1.670
-9.930	-1.710
POLYLINE GREEN
-10.290	-1.430
-10.210	-1.350
-10.170	-1.190
-10.130	-1.110
-10.090	-1.270
-10.090	-1.350
-10.250	-1.470
POLYLINE GREEN
-9.450	-2.150
-9.370	-1.910
-9.330	-1.750
-9.210	-1.470
POLYLINE GREEN
-9.650	-1.990
-9.610	-2.070
POLYLINE GREEN
-8.170	-0.670
-8.330	-0.670
-8.490	-0.710
-8.810	-1.110
-9.210	-1.550
-9.250	-1.670
POLYLINE GREEN
-8.570	0.690
-8.810	0.130
-9.570	-0.630
-10.290	-1.190
-10.570	-1.310
-10.610	-1.390
POLYLINE GREEN
-7.970	-0.810
POLYLINE GREEN
-7.090	-1.190
-7.090	-1.270
-7.010	-1.110
-6.850	-1.030
-6.610	-1.150
-6.370	-0.950
POLYLINE GREEN
-7.330	-1.630
-7.290	-1.510
-7.170	-1.390
-7.090	-1.390
-6.930	-1.550
-6.770	-1.550
-6.650	-1.390
POLYLINE GREEN
-5.570	1.490
-5.570	1.570
-5.450	1.770
-5.290	1.810
-5.250	1.610
-5.290	1.450
-5.410	1.330
POLYLINE GREEN
-5.210	0.890
-5.170	0.810
POLYLINE GREEN
-5.130	0.730
-5.010	0.890
-4.890	0.650
-5.010	0.370
-5.170	0.330
-5.250	0.330
-5.250	0.450
-5.210	0.650
POLYLINE GREEN
-5.890	1.170
-5.730	1.330
-5.730	1.410
-5.570	1.370
-5.490	1.130
-5.530	1.010
-5.770	0.890
-5.850	0.970
-5.850	1.050
POLYLINE GREEN
-7.330	2.730
-7.290	2.890
-7.170	2.970
-7.010	2.930
-6.890	2.770
-6.930	2.610
-7.050	2.610
-7.130	2.570
-7.210	2.650
POLYLINE GREEN
-6.890	1.770
-6.930	1.930
-6.850	1.970
-6.690	1.850
-6.690	1.730
-6.890	1.490
-6.970	1.570
-6.970	1.690
POLYLINE GREEN
-6.770	0.770
-6.530	1.290
-6.450	1.210
-6.410	0.850
-6.370	0.770
-6.570	0.690
-6.810	0.770
POLYLINE GREEN
-8.010	1.290
-7.730	1.770
-7.650	1.970
-7.570	1.970
-7.210	1.490
-7.210	1.330
-7.490	1.250
-7.810	1.250
-7.890	1.290
-7.850	1.450
POLYLINE GREEN
-8.690	2.050
-8.570	1.690
-8.570	1.570
-8.490	1.170
-8.490	0.570
-8.530	0.650
-8.490	0.850
-8.490	1.450
-8.650	1.930
-8.730	2.170
POLYLINE GREEN
-5.850	-1.110
-5.490	-0.750
-4.970	-0.430
-4.650	-0.390
-4.450	-0.270
-4.010	-0.150
-3.810	-0.150
-3.370	-0.070
-3.130	-0.070
-2.970	-0.030
-2.730	-0.030
-2.650	0.010
-2.570	-0.030
POLYLINE GREEN
-8.090	-0.630
-7.850	-0.790
-7.650	-1.030
-7.650	-1.510
-7.370	-1.790
-7.050	-1.990
-6.890	-1.950
-6.770	-1.990
-6.690	-1.950
-6.610	-1.990
-6.370	-1.910
-6.290	-1.830
-6.210	-1.830
-6.130	-1.750
-6.090	-1.590
-6.050	-1.390
-5.810	-1.070
POLYLINE GREEN
-3.730	3.410
-4.570	4.290
-4.610	4.410
-5.090	4.810
-5.290	5.010
-5.330	5.130
-5.530	5.210
-5.930	5.570
-6.490	6.090
-6.690	6.210
-6.890	6.410
-6.970	6.610
-7.170	6.850
-7.490	7.330
-7.570	7.370
-7.610	7.490
-7.930	7.730
-8.250	7.770
-8.330	7.770
-8.370	7.610
-8.370	7.170
-8.290	7.050
-8.290	6.970
-8.050	6.610
-7.570	6.050
-7.490	6.050
-7.410	5.970
-7.330	5.970
-6.730	5.450
-6.450	5.050
-6.170	4.650
-6.050	4.450
-5.770	4.050
-5.770	3.970
-5.570	3.650
POLYLINE BLACK
-7.790	7.250
-8.030	7.430
-7.730	7.610
POLYLINE BLACK
-7.550	6.590
-7.610	6.830
-7.370	6.770
-7.250	6.650
-7.310	6.410
POLYLINE BLACK
-7.190	5.990
-7.310	6.230
-7.130	6.470
-6.830	6.170
-6.830	5.810
-6.950	5.810
POLYLINE BLACK
-6.410	5.450
-6.170	5.510
-5.810	5.510
-5.870	5.210
-6.050	4.970
-6.170	4.970
-6.290	5.270
POLYLINE BLACK
-5.690	4.130
-5.750	4.370
-5.810	4.610
-5.810	4.730
-5.570	4.790
-5.390	4.370
-5.450	4.250
-5.570	4.250
POLYLINE BLACK
-5.030	3.950
-5.330	3.590
-5.210	3.470
-4.970	3.410
-4.910	3.590
-4.790	3.650
-4.850	3.950
-4.970	4.070
-5.090	4.070
POLYLINE BLACK
-5.510	3.170
-5.510	3.050
-5.630	2.930
-5.630	2.750
-5.750	2.930
-5.570	2.630
-5.330	2.570
-5.150	2.750
-5.150	2.990
-5.390	3.230
POLYLINE BLACK
0.730	9.110
POLYLINE GREEN
-1.340	2.570
-2.030	1.700
-2.030	1.700
-1.790	1.880
-1.490	2.360
-1.400	2.570
-1.580	2.330
-1.760	2.030
-2.000	1.670
-2.030	1.610
-1.970	1.580
-1.910	1.610
-1.700	1.610
-1.070	1.790
-0.950	1.820
-0.950	1.910
-1.310	2.510
-1.370	2.630
-1.400	2.390
-1.760	1.820
-1.760	1.820
-1.490	2.090
-1.460	2.210
-1.400	2.270
-1.550	2.150
-1.730	1.910
-1.850	1.790
-1.880	1.700
-1.430	2.180
-1.400	2.240
-1.460	2.300
-1.460	2.450
-1.310	2.090
-1.280	1.910
-1.190	2.060
-1.190	2.060
-1.220	1.970
-1.490	1.700
-1.640	1.640
-1.550	1.700
-1.490	1.700
-1.280	1.820
-1.430	1.730
-1.490	1.670
-1.160	1.880
-1.490	1.640
POLYLINE GREEN
-2.060	1.970
POLYLINE GREEN
-1.400	3.890
-1.520	3.710
-1.700	3.530
-1.910	3.260
-2.180	2.990
-2.330	2.780
-2.150	2.900
-1.910	2.900
-1.520	2.990
-1.430	2.990
-1.370	3.020
-1.250	2.990
-1.280	3.110
-1.490	3.440
-1.520	3.590
-1.610	3.740
-1.640	3.860
-1.580	3.680
-1.610	3.470
-1.670	3.320
-1.880	3.020
-1.790	3.170
-1.610	3.410
-1.430	3.590
-1.520	3.590
-1.730	3.440
-2.150	2.990
-2.120	3.080
-1.550	3.650
-1.520	3.710
-2.000	3.230
-2.180	2.930
-1.730	3.350
-1.580	3.440
-1.970	3.050
-1.790	3.140
-1.970	3.020
-2.000	2.930
-1.880	3.050
-1.490	3.140
-1.580	3.140
-1.850	2.990
-1.790	3.050
-1.550	3.080
-1.640	3.230
-1.610	3.350
-1.610	3.350
-1.550	3.230
-1.550	3.140
-1.490	2.960
-1.550	3.320
-1.550	3.530
-1.400	3.080
POLYLINE GREEN
2.800	6.320
2.890	6.230
2.800	6.170
2.470	5.570
2.410	5.150
2.290	4.670
2.290	4.460
2.230	4.160
2.140	3.770
2.020	3.410
1.990	3.200
1.840	2.900
1.510	2.480
1.090	2.090
1.030	2.090
0.910	2.000
0.820	2.000
0.640	1.880
0.580	1.910
0.520	1.850
0.460	1.850
0.400	1.790
0.310	1.790
0.130	1.700
0.040	1.700
-0.140	1.550
-0.260	1.520
-0.320	1.460
-0.380	1.460
-0.770	1.190
-0.830	1.190
-1.580	0.650
-1.730	0.500
-2.330	0.140
-2.450	0.110
POLYLINE GREEN
2.800	6.320
2.860	6.320
2.890	6.260
2.890	6.320
POLYLINE GREEN
-0.950	4.340
-1.280	4.340
-1.550	4.280
-1.820	4.160
-1.880	4.160
-2.000	4.070
-2.060	4.070
-2.120	4.010
-2.240	3.980
-2.510	3.890
-2.570	3.800
-2.630	3.800
-2.780	3.710
-2.840	3.710
-3.590	3.230
-3.620	3.170
-3.680	3.170
-3.740	3.080
POLYLINE GREEN
2.110	4.190
POLYLINE GREEN
1.120	6.890
1.120	6.830
1.030	6.680
0.850	6.200
0.790	6.020
0.520	5.600
0.280	5.270
0.130	5.120
-0.260	4.730
-0.500	4.580
-0.620	4.550
-0.860	4.400
-0.980	4.370
POLYLINE BLACK
3.180	9.960
POLYLINE BLACK
-0.100	2.600
-0.100	2.300
0.400	3.100
0.300	2.700
0.200	2.500
0.500	2.900
0.300	2.200
0.500	3.100
0.600	3.400
0.100	2.300
0.100	2.700
0.100	2.700
-0.100	2.300
0.000	2.800
0.200	3.200
0.200	3.000
POLYLINE BLACK
-0.200	2.200
0.400	3.100
0.200	2.900
POLYLINE BLACK
-0.400	2.600
-0.200	2.200
0.300	1.700
0.200	2.100
POLYLINE BLACK
-0.200	2.700
0.900	4.100
0.800	3.700
0.700	3.300
0.400	1.800
0.400	1.600
POLYLINE BLACK
1.100	1.100
1.300	1.700
1.300	2.200
1.500	3.000
1.500	3.200
1.700	2.600
1.900	1.700
2.100	1.100
1.700	1.000
1.300	0.900
1.300	2.300
1.500	2.700
1.500	2.800
1.500	1.900
1.600	1.500
1.500	1.900
1.700	1.000
1.500	2.300
1.700	1.600
1.800	1.200
1.700	1.600
1.600	2.200
POLYLINE BLACK
0.400	0.200
0.500	-0.100
0.500	0.300
0.600	0.100
POLYLINE BLACK
0.100	0.500
0.400	0.000
0.500	0.200
0.600	-0.200
0.700	0.200
0.700	0.400
0.900	-0.300
1.000	0.100
1.000	-0.100
0.800	0.300
0.700	-0.100
0.700	0.300
POLYLINE BLACK
0.100	0.400
0.200	0.100
0.300	0.300
POLYLINE BLACK
0.200	-0.400
0.400	0.400
0.700	1.000
1.200	0.200
1.300	-0.500
0.700	-0.500
0.300	-0.400
POLYLINE BLACK
4.000	9.700
4.400	9.600
4.500	9.200
4.500	8.800
4.200	7.800
4.100	7.000
4.200	6.500
3.800	5.900
3.000	5.700
2.600	5.600
2.200	5.300
POLYLINE BLACK
2.400	9.300
2.800	9.300
3.000	9.500
3.200	9.500
3.400	9.700
POLYLINE BLACK
0.300	5.800
0.300	5.500
0.200	6.200
0.500	7.300
1.000	7.900
1.100	8.200
1.500	8.500
1.900	8.600
2.300	8.800
2.800	9.500
POLYLINE BLACK
1.700	7.700
1.200	7.100
1.100	6.900
1.700	6.100
2.100	6.000
2.500	6.100
2.700	6.000
3.100	6.600
3.100	7.300
2.400	7.800
2.000	7.700
1.800	7.800
1.800	7.600
POLYLINE BLACK
1.800	7.700
POLYLINE BLACK
1.800	7.700
POLYLINE BLACK
4.100	6.800
4.100	6.400
3.700	6.100
3.500	6.100
3.100	5.800
2.900	5.900
2.200	5.200
2.100	4.800
POLYLINE BLACK
2.200	4.400
2.200	5.200
POLYLINE BLACK
-0.600	-0.700
-0.600	-0.500
0.100	0.200
POLYLINE BLACK
-0.300	3.500
-0.300	3.300
-0.800	2.700
-1.100	1.600
-1.100	0.400
-1.000	0.100
-0.700	-0.200
-0.500	-0.600
0.400	-1.000
1.200	-1.100
2.300	-1.100
2.700	-1.000
3.100	0.100
2.900	0.800
3.000	1.300
2.500	3.100
2.400	3.500
2.400	4.200
2.300	4.400

ELEVATION
STATIONS
6.456	-4.684	1.1
8.378	-9.393	1.2
17.226	-10.984	1.3
19.875	-13.461	1.4
27.656	-13.742	1.5
37.275	-17.003	1.6
38.980	-17.292	1.7
43.147	-14.938	1.8
49.248	-7.902	1.9
SHOTS
43.147	-14.938	49.248	-7.902
49.248	-7.902	44.640	-3.552
49.248	-7.902	46.387	-7.285
49.248	-7.902	43.929	-8.157
49.248	-7.902	46.807	-8.168
38.980	-17.292	43.147	-14.938
43.147	-14.938	43.247	-13.244
43.147	-14.938	43.121	-14.577
43.147	-14.938	43.188	-16.640
37.275	-17.003	38.980	-17.292
38.980	-17.292	39.504	-16.547
27.656	-13.742	37.275	-17.003
37.275	-17.003	37.665	-16.988
37.275	-17.003	35.547	-16.782
37.275	-17.003	36.254	-16.814
37.275	-17.003	37.500	-16.779
37.275	-17.003	37.316	-17.144
19.875	-13.461	27.656	-13.742
27.656	-13.742	27.635	-14.480
27.656	-13.742	27.850	-14.210
27.656	-13.742	27.315	-14.030
27.656	-13.742	30.585	-13.054
17.226	-10.984	19.875	-13.461
19.875	-13.461	20.422	-10.093
19.875	-13.461	23.112	-8.058
19.875	-13.461	23.704	-18.846
19.875	-13.461	21.562	-15.357
19.875	-13.461	21.987	-14.840
19.875	-13.461	24.100	-13.617
19.875	-13.461	25.331	-13.706
19.875	-13.461	26.527	-16.046
8.378	-9.393	17.226	-10.984
17.226	-10.984	20.277	-10.992
17.226	-10.984	18.656	-9.213
6.456	-4.684	8.378	-9.393
8.378	-9.393	12.276	-8.030
8.378	-9.393	7.379	-8.096
8.378	-9.393	11.255	-10.077
8.378	-9.393	3.768	-9.760
8.378	-9.393	12.552	-9.329
0.000	0.000	6.456	-4.684
6.456	-4.684	2.342	-2.321
6.456	-4.684	1.742	-1.769
6.456	-4.684	9.378	-4.959
6.456	-4.684	2.244	-3.680
6.456	-4.684	3.919	-2.388
6.456	-4.684	10.509	-4.952
6.456	-4.684	9.192	-5.549
POLYLINE BLACK
44.030	-3.460
43.970	-3.580
43.850	-3.580
43.670	-3.400
43.490	-3.340
POLYLINE BLACK
43.790	-2.080
43.790	-1.960
44.030	-1.720
44.270	-1.780
44.330	-2.080
44.210	-2.440
43.970	-2.800
43.970	-2.920
POLYLINE BLACK
48.410	-8.920
48.490	-8.800
48.490	-8.720
48.770	-8.440
48.970	-8.120
49.010	-7.960
49.050	-7.800
48.890	-7.360
49.050	-7.480
POLYLINE BLACK
48.850	-7.440
48.970	-7.560
49.050	-7.800
POLYLINE BLACK
48.770	-8.800
48.890	-8.680
49.050	-8.360
49.050	-8.280
49.130	-8.200
49.170	-8.040
49.210	-7.840
49.210	-7.600
49.250	-7.520
49.170	-7.400
49.090	-7.440
POLYLINE BLACK
43.050	-15.040
43.290	-14.880
43.330	-14.760
43.490	-14.720
43.570	-14.640
43.730	-14.600
44.330	-14.160
45.010	-13.400
45.490	-12.960
45.530	-12.840
45.730	-12.720
46.170	-12.200
46.330	-11.920
46.570	-11.640
46.690	-11.360
47.050	-10.840
47.130	-10.760
47.130	-10.680
47.450	-10.360
47.530	-10.160
47.770	-9.920
48.170	-9.320
48.250	-9.120
48.370	-8.960
48.450	-8.960
48.570	-8.800
48.650	-8.840
48.730	-8.760
48.890	-8.760
49.010	-8.640
POLYLINE BLACK
44.810	-3.240
45.090	-3.400
45.130	-3.480
45.210	-3.480
45.250	-3.560
45.370	-3.600
45.490	-3.720
45.650	-3.800
45.850	-4.000
46.090	-4.160
46.170	-4.240
46.250	-4.240
46.250	-4.320
46.410	-4.480
46.650	-4.920
47.610	-5.880
48.010	-6.200
48.170	-6.360
48.290	-6.400
48.330	-6.520
48.730	-6.920
48.930	-7.160
49.090	-7.400
49.490	-7.720
49.570	-8.040
49.530	-8.240
49.490	-8.400
49.410	-8.600
49.290	-8.800
49.090	-9.160
POLYLINE BLACK
47.690	-8.560
47.690	-7.920
47.650	-7.840
POLYLINE BLACK
47.770	-8.000
47.810	-7.840
47.850	-7.680
47.690	-7.200
47.410	-6.720
47.210	-6.520
47.010	-6.440
46.450	-5.960
46.370	-5.960
46.170	-5.800
45.970	-5.680
45.770	-5.560
44.850	-4.880
44.650	-4.520
44.610	-4.360
44.570	-4.160
44.450	-3.640
POLYLINE BLACK
43.090	-13.240
43.370	-12.720
43.530	-12.520
POLYLINE BLACK
43.370	-12.960
43.410	-12.840
43.810	-12.520
44.050	-12.280
44.130	-12.240
44.250	-12.040
44.610	-11.680
45.250	-10.880
45.570	-10.600
46.130	-10.120
46.170	-10.000
46.250	-10.000
46.410	-9.840
46.610	-9.720
46.930	-9.400
47.530	-8.800
47.850	-8.400
POLYLINE GREEN
43.210	-6.480
POLYLINE BLACK
38.770	-17.340
38.800	-17.400
38.920	-17.400
38.980	-17.430
39.040	-17.400
39.100	-17.430
39.280	-17.370
39.340	-17.310
39.400	-17.310
39.490	-17.220
39.550	-17.220
39.610	-17.160
39.670	-17.160
39.730	-17.100
39.790	-17.100
39.910	-17.010
39.970	-17.010
40.090	-16.920
40.150	-16.920
40.270	-16.830
40.330	-16.830
40.510	-16.680
40.570	-16.710
40.990	-16.440
41.410	-16.140
41.590	-16.110
41.650	-16.050
41.710	-16.050
41.770	-15.990
41.890	-15.960
42.010	-15.930
42.190	-15.780
42.310	-15.750
42.640	-15.540
42.760	-15.480
42.790	-15.420
42.850	-15.420
43.000	-15.270
POLYLINE BLACK
39.160	-16.530
39.160	-16.590
39.340	-16.530
39.400	-16.470
39.460	-16.470
39.520	-16.410
39.640	-16.410
39.700	-16.350
39.760	-16.380
40.060	-16.200
40.180	-16.200
40.300	-16.110
40.360	-16.110
40.420	-16.050
40.510	-16.050
40.750	-15.900
40.840	-15.810
41.110	-15.690
41.170	-15.690
41.320	-15.510
41.380	-15.510
41.440	-15.420
41.890	-15.240
42.250	-14.970
42.340	-14.880
42.430	-14.730
42.580	-14.520
42.610	-14.400
42.700	-14.280
42.700	-14.220
42.760	-14.160
42.790	-14.040
42.880	-13.830
42.970	-13.710
42.970	-13.650
43.060	-13.500
43.180	-13.290
POLYLINE BLACK
37.150	-17.055
37.210	-17.055
37.240	-17.085
37.270	-17.070
37.330	-17.100
37.360	-17.100
37.480	-17.145
37.510	-17.115
37.540	-17.115
37.600	-17.100
37.630	-17.100
37.690	-17.115
37.720	-17.115
37.750	-17.130
37.825	-17.130
37.885	-17.145
37.975	-17.145
38.065	-17.190
38.095	-17.190
38.215	-17.220
38.245	-17.250
38.275	-17.220
38.305	-17.250
38.335	-17.235
38.395	-17.265
38.485	-17.265
38.515	-17.295
38.545	-17.280
38.605	-17.295
38.635	-17.295
38.695	-17.325
38.725	-17.325
38.785	-17.400
38.815	-17.400
38.875	-17.430
38.905	-17.430
POLYLINE BLACK
38.830	-17.190
38.845	-17.220
38.905	-17.175
38.920	-17.130
38.980	-17.040
38.980	-17.010
39.010	-16.980
39.025	-16.935
39.055	-16.905
39.055	-16.875
39.190	-16.590
POLYLINE BLACK
37.150	-16.875
37.180	-16.875
37.330	-16.950
37.360	-16.950
37.420	-16.980
37.525	-16.965
37.585	-16.980
37.645	-16.965
37.705	-16.965
37.750	-16.950
37.780	-16.965
37.855	-16.965
37.915	-16.995
38.065	-17.025
38.305	-17.085
38.350	-17.085
38.410	-17.100
38.470	-17.100
38.530	-17.130
38.560	-17.130
38.590	-17.160
38.620	-17.160
38.710	-17.190
38.740	-17.220
38.800	-17.220
38.830	-17.250
38.890	-17.250
POLYLINE BLACK
35.590	-14.160
POLYLINE BLACK
35.605	-17.040
35.635	-17.040
35.695	-17.085
35.725	-17.070
35.785	-17.085
35.845	-17.085
35.935	-17.115
35.995	-17.100
36.025	-17.100
36.085	-17.115
36.145	-17.115
36.280	-17.145
36.370	-17.145
36.430	-17.160
36.520	-17.160
36.580	-17.175
36.640	-17.160
36.670	-17.130
36.730	-17.130
36.790	-17.145
36.880	-17.145
36.910	-17.115
36.940	-17.115
37.000	-17.085
37.030	-17.100
37.090	-17.055
37.150	-17.070
37.210	-17.055
POLYLINE BLACK
38.230	-14.250
38.170	-14.250
POLYLINE BLACK
35.590	-16.290
35.860	-16.470
36.070	-16.575
36.130	-16.575
36.190	-16.620
36.235	-16.590
36.355	-16.665
36.385	-16.665
36.445	-16.710
36.475	-16.710
36.535	-16.695
36.565	-16.710
36.595	-16.695
36.655	-16.710
36.715	-16.755
36.745	-16.755
36.775	-16.785
36.805	-16.785
36.865	-16.815
36.895	-16.815
36.955	-16.845
36.985	-16.845
37.090	-16.890
37.120	-16.890
37.180	-16.905
37.210	-16.905
POLYLINE GREEN
31.160	-11.780
31.160	-11.700
POLYLINE GREEN
31.200	-11.820
31.240	-11.700
POLYLINE GREEN
31.120	-11.780
POLYLINE GREEN
31.240	-11.860
POLYLINE GREEN
31.240	-11.900
POLYLINE GREEN
31.000	-11.700
31.040	-11.620
POLYLINE BLACK
35.160	-16.980
35.400	-17.060
35.480	-17.020
35.880	-17.140
35.960	-17.220
POLYLINE BLACK
30.880	-13.460
31.360	-14.100
32.000	-14.700
32.200	-14.820
32.280	-14.820
32.920	-15.140
33.000	-15.140
33.320	-15.300
33.680	-15.420
33.840	-15.420
33.920	-15.500
34.400	-15.660
34.480	-15.740
34.560	-15.700
34.680	-15.820
35.080	-16.020
35.240	-16.140
35.400	-16.180
35.480	-16.220
POLYLINE BLACK
29.080	-11.260
POLYLINE BLACK
29.360	-11.420
POLYLINE BLACK
28.120	-14.780
28.360	-14.860
28.440	-14.940
28.600	-14.980
28.960	-15.060
29.120	-15.100
29.560	-15.180
29.760	-15.220
29.920	-15.220
30.120	-15.340
30.280	-15.380
30.440	-15.420
30.520	-15.500
30.720	-15.540
30.920	-15.660
31.360	-15.860
31.520	-15.900
31.680	-16.020
31.920	-16.060
32.000	-16.140
32.160	-16.180
32.520	-16.260
32.840	-16.420
32.920	-16.380
33.120	-16.460
33.200	-16.540
33.360	-16.580
33.560	-16.620
33.720	-16.660
33.920	-16.780
34.160	-16.780
34.320	-16.820
34.720	-16.900
35.040	-16.940
35.200	-16.980
35.360	-17.020
POLYLINE BLACK
26.920	-10.300
POLYLINE BLACK
26.800	-10.300
POLYLINE BLACK
28.120	-14.940
28.120	-15.020
28.200	-15.100
28.200	-15.180
28.240	-15.100
POLYLINE BLACK
30.920	-13.420
31.000	-13.500
POLYLINE BLACK
30.200	-12.540
30.600	-12.780
30.920	-13.180
31.000	-13.380
31.080	-13.460
POLYLINE BLACK
27.680	-13.620
27.920	-13.660
28.000	-13.620
28.160	-13.660
28.320	-13.660
28.640	-13.540
28.720	-13.580
28.960	-13.460
29.120	-13.460
29.200	-13.380
29.280	-13.380
29.400	-13.260
30.120	-12.700
30.360	-12.620
POLYLINE BLACK
18.960	-15.620
19.120	-15.620
19.480	-15.380
19.640	-15.380
19.800	-15.340
20.040	-15.300
20.360	-15.380
20.560	-15.380
20.640	-15.460
POLYLINE BLACK
26.680	-13.420
26.760	-13.500
27.320	-13.620
27.480	-13.620
27.560	-13.700
27.720	-13.740
POLYLINE BLACK
24.720	-14.460
24.880	-14.460
25.520	-14.660
25.600	-14.580
25.760	-14.620
25.920	-14.620
26.080	-14.580
26.720	-14.420
26.800	-14.460
26.960	-14.420
27.040	-14.460
27.120	-14.420
27.400	-14.460
27.720	-14.540
27.960	-14.620
28.040	-14.580
28.120	-14.620
POLYLINE BLACK
22.140	-14.340
22.200	-14.460
22.440	-14.400
22.980	-14.400
23.100	-14.460
23.220	-14.400
23.340	-14.460
23.580	-14.400
24.540	-14.400
24.780	-14.460
25.140	-14.520
25.380	-14.700
25.560	-14.700
26.040	-14.880
26.280	-14.940
POLYLINE BLACK
22.140	-14.700
22.740	-15.300
22.860	-15.300
22.920	-15.420
23.040	-15.420
23.160	-15.540
23.280	-15.540
23.400	-15.660
23.760	-15.720
24.480	-16.200
24.600	-16.200
24.720	-16.320
24.840	-16.320
25.320	-16.800
26.040	-17.640
26.220	-18.000
26.280	-18.240
26.340	-18.360
POLYLINE BLACK
22.380	-11.520
22.380	-12.300
22.680	-12.600
22.920	-12.660
23.040	-12.780
23.340	-12.780
23.700	-12.960
24.480	-13.080
24.600	-13.020
25.080	-13.140
25.440	-13.140
25.860	-13.260
26.280	-13.260
26.760	-13.440
POLYLINE BROWN
23.700	-13.440
POLYLINE BROWN
27.180	-7.200
POLYLINE BLACK
26.880	-7.320
POLYLINE BLACK
15.180	-16.320
15.180	-16.440
15.000	-16.740
15.000	-16.860
14.880	-16.980
14.820	-17.340
15.000	-17.760
15.600	-17.880
15.960	-17.760
16.080	-17.880
16.740	-17.640
16.860	-17.640
17.280	-17.220
17.700	-16.620
18.240	-16.020
18.240	-15.900
18.420	-15.900
19.020	-15.540
POLYLINE BLACK
15.120	-16.440
POLYLINE BLACK
15.240	-17.400
15.360	-17.820
15.600	-17.880
15.900	-17.760
POLYLINE BLACK
18.960	-13.680
18.960	-14.040
18.900	-14.280
18.360	-14.820
18.120	-14.940
17.940	-15.120
17.820	-15.120
17.040	-15.660
15.900	-16.140
15.780	-16.080
15.480	-16.260
15.360	-16.260
15.180	-16.500
POLYLINE BLACK
13.020	-5.340
POLYLINE BLACK
12.900	-5.460
POLYLINE BLACK
22.020	-16.260
21.900	-16.140
21.780	-16.140
20.700	-15.300
20.640	-15.180
21.360	-15.840
POLYLINE BLACK
13.620	-7.560
POLYLINE BLACK
26.520	-18.540
26.400	-18.540
26.280	-18.420
26.040	-18.360
25.800	-18.300
25.680	-18.180
25.440	-18.120
25.080	-17.880
24.840	-17.820
24.540	-17.520
23.520	-16.980
23.280	-16.920
22.560	-16.440
22.080	-16.320
POLYLINE BLACK
25.920	-18.900
POLYLINE BLACK
26.880	-18.840
26.880	-18.960
POLYLINE BLACK
12.780	-5.280
POLYLINE BLACK
13.020	-5.160
POLYLINE BLACK
22.860	-8.160
23.100	-8.100
23.220	-8.100
23.400	-8.340
23.400	-8.820
23.220	-9.480
23.040	-10.140
22.680	-10.740
22.560	-11.280
22.560	-11.520
22.620	-11.760
POLYLINE BLACK
22.020	-5.580
POLYLINE BLACK
21.840	-5.580
POLYLINE BLACK
22.740	-10.920
22.740	-11.040
POLYLINE BLACK
22.920	-8.100
23.040	-8.160
23.160	-8.100
23.220	-8.220
23.340	-8.220
23.400	-8.340
POLYLINE BLACK
19.980	-10.320
20.400	-9.780
20.580	-9.600
21.000	-9.120
21.240	-9.180
21.480	-9.240
21.720	-9.180
22.200	-8.940
22.500	-8.640
23.040	-8.160
POLYLINE BLACK
17.460	-9.420
17.700	-9.360
17.940	-9.420
18.300	-9.300
18.540	-9.240
18.660	-9.360
18.900	-9.360
19.380	-9.720
19.500	-9.720
19.500	-9.840
19.620	-9.840
19.800	-10.140
20.160	-10.380
POLYLINE BLACK
8.640	-2.880
POLYLINE BLACK
8.460	-3.240
POLYLINE BLACK
8.700	-2.820
POLYLINE BLACK
8.820	-9.420
9.180	-9.540
9.300	-9.540
9.420	-9.660
9.900	-9.660
10.140	-9.720
10.320	-9.660
10.440	-9.720
10.740	-9.660
10.980	-9.720
11.640	-9.720
11.940	-9.780
12.360	-9.720
12.960	-9.660
13.320	-9.660
13.740	-9.540
13.860	-9.600
14.280	-9.540
14.520	-9.600
14.640	-9.540
15.480	-9.540
15.600	-9.480
15.720	-9.540
15.960	-9.480
16.260	-9.540
16.740	-9.480
16.980	-9.420
17.160	-9.420
17.460	-9.480
17.700	-9.540
17.820	-9.480
18.060	-9.540
18.300	-9.600
POLYLINE BLACK
19.260	-13.380
19.440	-13.680
POLYLINE BLACK
8.040	-10.800
8.040	-10.920
8.220	-10.860
8.700	-11.160
9.180	-11.280
9.660	-11.460
10.200	-11.520
10.440	-11.520
10.980	-11.640
11.460	-11.760
12.120	-11.940
12.360	-11.940
12.840	-12.180
13.140	-12.120
13.980	-12.360
14.220	-12.420
14.400	-12.420
14.640	-12.480
15.180	-12.600
16.020	-12.840
16.320	-12.900
16.680	-13.080
16.920	-13.080
17.040	-13.200
17.160	-13.140
17.640	-13.320
17.880	-13.320
18.240	-13.500
18.360	-13.440
18.480	-13.560
18.600	-13.500
18.840	-13.620
18.960	-13.560
19.140	-13.740
POLYLINE BLACK
12.300	-14.460
12.000	-14.220
11.880	-14.220
11.400	-13.920
POLYLINE BLACK
8.340	-10.800
8.100	-10.740
7.980	-10.620
7.860	-10.620
7.500	-10.260
7.380	-10.260
7.260	-10.020
8.280	-10.740
POLYLINE BLACK
6.000	-5.160
6.420	-5.820
6.480	-6.060
6.660	-6.540
6.660	-7.200
6.720	-7.620
6.720	-8.100
6.780	-8.340
6.840	-8.580
7.200	-9.420
7.200	-9.600
7.380	-9.840
7.380	-9.960
7.560	-10.260
7.560	-10.380
POLYLINE BLACK
8.280	2.460
POLYLINE BLACK
6.000	-5.100
POLYLINE BLACK
11.100	-4.560
11.340	-4.620
11.460	-4.560
POLYLINE BLACK
10.980	-5.280
11.100	-5.280
11.220	-5.160
11.340	-5.160
POLYLINE BLACK
10.440	-4.260
10.800	-4.380
10.920	-4.380
POLYLINE BLACK
9.300	-3.720
9.660	-3.960
9.900	-4.020
10.020	-4.140
POLYLINE BLACK
9.420	-3.840
9.600	-3.900
POLYLINE BLACK
9.660	-7.200
10.380	-6.600
10.740	-5.880
10.860	-5.760
POLYLINE BLACK
8.940	-7.500
9.060	-7.560
9.300	-7.380
9.780	-7.320
10.020	-7.140
POLYLINE BLACK
8.400	-9.180
8.460	-8.880
8.460	-8.400
8.580	-7.980
8.940	-7.680
9.180	-7.620
9.240	-7.500
POLYLINE BLACK
8.460	-9.120
POLYLINE BLACK
7.800	-8.100
POLYLINE BLACK
0.000	-1.700
POLYLINE BLACK
8.300	-3.500
8.600	-3.800
8.800	-3.700
9.200	-3.900
POLYLINE BLACK
5.900	-3.500
6.200	-3.800
6.800	-4.000
7.000	-3.800
7.400	-3.800
7.600	-3.900
8.200	-3.700
8.600	-3.800
9.000	-3.900
POLYLINE BLACK
2.000	-0.200
2.000	-0.200
2.000	-0.400
2.400	-0.900
2.400	-1.100
2.700	-1.200
3.200	-1.700
3.600	-1.800
3.800	-2.000
4.000	-2.000
4.300	-2.400
4.500	-2.400
5.300	-3.200
5.700	-3.300
6.500	-3.900
6.600	-4.100
POLYLINE BLACK
-0.700	0.200
-1.000	-0.900
-1.000	-1.300
0.300	-2.600
0.500	-2.600
0.800	-2.900
1.400	-3.200
2.800	-3.500
3.200	-3.600
3.500	-3.700
3.700	-3.600
3.800	-3.800
4.200	-3.900
4.800	-4.300
5.000	-4.300
5.300	-4.600
5.700	-4.700
5.800	-4.900
6.200	-5.000
