    -2     1   1   1   1 02/07/05                              0    0.00   0   1
    -1     1   1   1   1  360.00  360.00    0.05    1.00    1.00  100.00  100.00
     1    -2   1   1   1 
     1    -1   1   1   1       1       0       1       9       9       3       0
     1     0   1   1   1    0.00    0.00    0.00    0.00    1.01    0.94    2.76
(    1     0   1   1   1 [1.25 18.7 17.1]
(    1     0   2   1   1 [1.08 168.8 24.1]
(    1     0   3   1   1 [5.27 176.6 88.1]
(    1     0   4   1   1 [4.23 215.5 -85.5]
     1     1   1   1   1    4.06  322.04   48.20    2.70    0.00    2.33    1.10
(    1     1   1   1   1 [2.11 261.4 72.2]
(    1     1   2   1   1 [2.75 170.5 66.7]
(    1     1   3   1   1 [1.13 221.6 -79.1]
(    1     1   4   1   1 [3.03 189.7 -3.3]
(    1     1   5   1   1 [2.93 173.9 -42.1]
     1     2   1   1   1    4.31  182.77   -8.77    1.05    0.32    1.31    1.45
(    1     2   1   1   1 [1.45 334.1 -86.1]
(    1     2   2   1   1 [1.43 274.5 70.8]
(    1     2   3   1   1 [0.36 279.8 -11.0]
(    1     2   4   1   1 [2.33 109.0 3.5]
(    1     2   5   1   1 [1.11 95.6 2.5]
(    1     2   6   1   1 [1.09 177.5 -16.9]
(    1     2   7   1   1 [2.79 151.7 -9.7]
     1     3   1   1   1    2.79  149.44   -9.60    0.62    0.00    0.44    0.54
(    1     3   1   1   1 [0.16 340.6 6.5]
(    1     3   2   1   1 [1.35 327.6 10.2]
(    1     3   3   1   1 [0.17 336.7 9.6]
(    1     3   4   1   1 [0.15 310.5 6.6]
(    1     3   5   1   1 [1.34 329.7 13.5]
(    1     3   6   1   1 [0.83 4.7 -47.4]
(    1     3   7   1   1 [0.46 3.3 70.1]
(    1     3   8   1   1 [0.68 26.3 10.7]
     1     4   1   1   1    1.51  125.70   30.73    0.38    0.30    0.75    0.94
(    1     4   1   1   1 [1.05 268.2 -72.7]
(    1     4   2   1   1 [0.78 18.3 72.4]
(    1     4   3   1   1 [0.34 258.3 -10.3]
(    1     4   4   1   1 [0.42 79.3 3.6]
     1     5   1   1   1    1.43  159.80   -8.77    0.00    0.00    4.45    1.35
(    1     5   1   1   1 [0.90 348.6 52.3]
(    1     5   2   1   1 [2.27 35.7 80.0]
(    1     5   3   1   1 [2.01 178.9 53.3]
(    1     5   4   1   1 [1.16 129.6 19.0]
(    1     5   5   1   1 [4.60 128.0 37.9]
(    1     5   6   1   1 [1.45 310.8 -30.9]
(    1     5   7   1   1 [0.63 62.9 -65.6]
     1     6   1   1   1    3.21  113.49  -70.25    0.00    0.37    0.82    0.88
(    1     6   1   1   1 [1.11 193.9 31.2]
(    1     6   2   1   1 [1.30 210.7 -84.9]
(    1     6   3   1   1 [0.40 254.6 -1.1]
     1     7   1   1   1    1.37  172.32  -21.11    0.24    0.28    2.10    0.00
(    1     7   1   1   1 [2.11 306.2 78.5]
(    1     7   2   1   1 [0.33 234.3 29.0]
(    1     7   3   1   1 [0.32 49.5 36.3]
(    1     7   4   1   1 [2.19 143.6 35.2]
     1     8   1   1   1    2.24  142.56   38.23    0.00    0.00    0.00    0.00
(    1     8   1   1   1 [0.26 194.8 -10.6]
(    1     8   2   1   1 [0.72 194.9 -10.9]
(    1     8   3   1   1 [0.26 194.0 -11.1]
(    1     8   4   1   1 [0.72 194.6 -10.7]
(    1     8   5   1   1 [0.73 195.7 -8.6]
(    1     8   6   1   1 [0.69 197.0 -9.0]
(    1     8   7   1   1 [0.69 195.0 -8.7]
(    1     8   8   1   1 [0.69 195.1 -7.8]
     1     9   1   1   1    0.69  192.62   -7.55    0.00    0.00    0.00    9.06
(    1     9   1   1   1 [9.13 74.4 -87.7]
