TRIP
DATE 2024-08-22
DECLINATION 0.0
DATA
0		20.44	-11.84	2.360	>
0		98.09	-13.18	1.472	>
0		161.68	-0.95	1.191	>
0		85.13	-81.18	7.659	>
0		84.72	-81.10	7.660	>
0		84.90	-81.10	7.668	>
0	1	84.92	-81.12	7.662	>
1		185.10	-13.63	0.633	>
1		261.28	-0.05	0.583	>
1		345.01	-9.68	0.810	>
1		341.98	-82.97	5.776	>
1		342.42	-82.88	5.804	>
1		342.56	-82.88	5.825	>
1	2	342.32	-82.91	5.802	>
2		1.24	-1.75	1.493	>
2		59.29	-1.19	1.046	>
2		78.58	-64.00	3.078	>
2		78.42	-63.90	3.074	>
2		78.39	-64.04	3.083	>
2	3	78.46	-63.98	3.078	>
3		333.13	6.94	1.041	>
3		249.21	1.60	1.314	>
3		212.07	-27.84	3.584	>
3		211.94	-28.00	3.591	>
3		211.93	-27.94	3.591	>
3	4	211.98	-27.93	3.589	>
4		84.94	-1.29	1.232	>
4		162.01	6.75	4.472	>
4		87.36	-49.67	4.010	>
4		87.32	-49.72	3.996	>
4		87.29	-49.64	3.995	>
4	5	87.32	-49.67	4.000	>
5		24.72	-59.89	2.036	>
5		24.30	-59.93	2.048	>
5		24.30	-59.74	2.046	>
5	6	24.44	-59.86	2.043	>
6		300.01	-35.86	1.535	>
6		299.67	-36.44	1.529	>
6		299.31	-36.23	1.529	>
6	7	299.66	-36.18	1.531	>
7		30.49	-23.60	1.509	>
7		30.74	-23.68	1.509	>
7		30.60	-23.65	1.512	>
7	8	30.61	-23.64	1.510	>
8		183.03	-30.61	3.384	>
8		283.16	-49.14	11.248	>
8		348.80	-64.46	4.866	>
8		349.10	-64.47	4.883	>
8		349.11	-64.68	4.896	>
8	9	349.00	-64.54	4.882	>
9		133.51	-69.57	2.445	>
9		315.73	-0.38	2.022	>
9		239.10	26.85	2.549	>
9		236.03	25.09	3.678	>
9	10	133.74	-69.48	6.511	>
10		187.40	-69.46	4.036	>
10		187.36	-69.45	4.035	>
10		188.19	-69.72	4.034	>
10		251.54	6.03	0.620	>
10		353.56	-8.28	2.904	>
10		36.01	-0.63	0.542	>
10	11	187.65	-69.55	4.035	>
11		187.96	-69.78	4.035	>
11		187.66	-69.83	4.044	>
11		165.08	-33.60	3.319	>
11		165.15	-33.57	3.308	>
11		165.18	-33.50	3.303	>
11		112.53	6.21	0.384	>
11	12	165.14	-33.56	3.310	>
12		165.09	-33.55	3.342	>
12		164.79	-33.84	3.319	>
12		164.73	-33.78	3.318	>
12		257.50	-5.79	2.992	>
12		320.23	-4.71	1.858	>
12		24.25	-13.31	0.930	>
12		314.08	67.25	2.686	>
12		105.67	-71.94	9.895	>
12		105.17	-71.96	9.944	>
12		105.39	-71.99	9.915	>
12	13	105.41	-71.96	9.918	>
13		298.50	-55.48	4.053	>
13		298.75	-55.67	4.033	>
13		298.80	-55.61	4.032	>
13		223.78	1.68	1.621	>
13		150.67	33.13	5.697	>
13		176.90	22.17	2.083	>
13		144.96	24.16	4.642	>
13		144.89	24.00	4.643	>
13		144.87	24.10	4.645	>
13	14	298.68	-55.58	4.039	>
14		60.42	-37.52	3.129	>
14		60.47	-37.34	3.109	>
14		60.39	-37.44	3.112	>
14	15	60.42	-37.43	3.117	>
15		76.96	-58.90	2.771	>
15		76.89	-58.71	2.776	>
15		76.76	-58.69	2.774	>
15	16	76.87	-58.77	2.774	>
16		102.12	-38.93	3.711	>
16		101.96	-39.00	3.712	>
16		102.09	-39.03	3.716	>
16	17	102.06	-38.99	3.713	>
17		57.57	-43.43	3.048	>
17		57.87	-43.78	3.062	>
17		57.77	-43.75	3.047	>
17	18	57.74	-43.65	3.052	>
18		17.98	-59.21	4.974	>
18		17.92	-59.39	4.971	>
18		18.00	-59.34	4.971	>
18	19	17.97	-59.32	4.972	>
19		156.36	-6.55	2.592	>
19		188.75	-4.25	2.950	>
19		117.91	-75.25	9.364	>
19		117.74	-75.26	9.358	>
19		117.72	-75.27	9.374	>
19	20	117.79	-75.26	9.365	>
20		188.35	-88.28	0.128	>
20		145.55	-87.98	12.671	>
20		149.37	-88.01	12.519	>
20		147.97	-88.17	12.546	>
20	21	147.63	-88.05	12.579	>
21		136.06	-3.42	3.245	>
21		135.89	-3.49	3.262	>
21		135.86	-3.53	3.255	>
21	22	135.94	-3.48	3.254	>
13	13.1	144.91	24.09	4.643	>
13.1		204.34	15.79	2.063	>
13.1		302.38	-12.62	2.651	>
13.1		307.97	78.66	13.149	>
13.1		297.52	-73.40	1.332	>
13.1		155.13	29.91	2.277	>
13.1		149.33	25.10	3.259	>
13.1		149.05	25.31	3.264	>
13.1		149.04	25.62	3.256	>
13.1	13.2	149.14	25.35	3.260	>
13.2		261.40	-9.13	0.728	>
13.2		202.66	0.20	2.130	>
13.2		197.87	-77.37	18.452	>
13.2		195.88	-11.46	2.448	>
13.2		196.34	-11.50	2.425	>
13.2		196.17	-11.63	2.430	>
13.2	13.3	196.13	-11.53	2.434	>
13.3		75.86	29.30	2.973	>
13.3		94.04	24.02	2.748	>
13.3		84.09	-79.30	6.984	>
13.3		84.81	-79.20	6.974	>
13.3		84.86	-79.44	7.014	>
13.3	13.4	84.59	-79.31	6.991	>
13.4		256.48	-32.62	2.406	>
13.4		255.38	-34.06	2.410	>
13.4		255.72	-33.80	2.414	>
13.4	13.5	255.86	-33.50	2.410	>
13.5		86.89	-64.10	3.206	>
13.5		85.95	-64.42	3.216	>
13.5		85.62	-64.23	3.236	>
13.5	13.6	86.15	-64.25	3.219	>
13.6		216.72	-72.39	6.506	>
13.6		216.29	-72.51	6.568	>
13.6		216.53	-72.47	6.508	>
13.6	13.7	216.51	-72.46	6.527	>
13.7		111.53	-4.32	3.977	>
13.7		111.62	-4.53	3.976	>
13.7		111.70	-4.87	3.993	>
13.7	13.8	111.62	-4.57	3.982	>
13.8		126.16	13.28	5.757	>
13.8		125.88	13.34	5.764	>
13.8		125.74	13.21	5.775	>
13.8	13.9	125.93	13.28	5.765	>
13.9		354.66	-0.84	0.931	>
13.9		55.87	3.47	2.091	>
13.9		55.74	3.43	2.095	>
13.9		55.62	3.48	2.089	>
13.9	13.10	55.75	3.46	2.092	>
13.10		140.99	-3.43	0.657	>
13.10		63.90	2.22	1.416	>
13.10		63.70	2.38	1.419	>
13.10	13.11	63.92	2.50	1.413	>
13.11		348.35	4.56	0.626	>
13.11		78.10	-80.55	8.621	>
13.11		91.21	-78.96	8.563	>
13.11		90.97	-79.05	8.576	>
13.11		91.24	-79.02	8.562	>
13.11		2.81	19.75	0.691	>
13.11	13.12	91.14	-79.01	8.567	>
13.12		207.65	1.58	0.568	>
13.12		148.41	-40.17	2.409	>
13.12		147.23	-40.62	2.429	>
13.12		147.24	-40.61	2.437	>
13.12	13.13	147.63	-40.47	2.425	>
13.13		23.92	8.55	0.892	>
13.13		147.72	-40.46	2.417	>

PLAN
STATIONS
0.000	0.000	0
1.178	0.105	1
0.960	0.787	2
2.283	1.057	3
0.604	-1.632	4
3.190	-1.511	5
3.614	-0.577	6
2.540	0.035	7
3.245	1.225	8
2.844	3.285	9
4.494	1.707	10
4.306	0.309	11
5.013	-2.357	12
7.974	-3.173	13
5.971	-2.077	14
8.124	-0.855	15
9.524	-0.529	16
12.347	-1.131	17
14.214	0.048	18
14.997	2.461	19
17.105	1.350	20
17.334	0.988	21
19.593	-1.345	22
10.411	-6.641	13.1
11.922	-9.170	13.2
11.260	-11.461	13.3
12.550	-11.339	13.4
10.601	-11.830	13.5
11.997	-11.736	13.6
10.826	-13.317	13.7
14.516	-14.780	13.8
19.060	-18.072	13.9
20.786	-16.897	13.10
22.054	-16.276	13.11
23.687	-16.309	13.12
24.674	-17.867	13.13
SHOTS
0.000	0.000	0.807	2.164
0.000	0.000	1.419	-0.202
0.000	0.000	0.374	-1.130
0.000	0.000	1.178	0.105
1.178	0.105	1.123	-0.508
1.178	0.105	0.601	0.016
1.178	0.105	0.971	0.876
1.178	0.105	0.960	0.787
0.960	0.787	0.992	2.279
0.960	0.787	1.859	1.321
0.960	0.787	2.283	1.057
2.283	1.057	1.816	1.979
2.283	1.057	1.055	0.591
2.283	1.057	0.604	-1.632
0.604	-1.632	1.831	-1.523
0.604	-1.632	1.975	-5.856
0.604	-1.632	3.190	-1.511
3.190	-1.511	3.614	-0.577
3.614	-0.577	2.540	0.035
2.540	0.035	3.245	1.225
3.245	1.225	3.091	-1.683
3.245	1.225	-3.921	2.901
3.245	1.225	2.844	3.285
2.844	3.285	3.464	2.698
2.844	3.285	1.433	4.733
2.844	3.285	0.893	2.117
2.844	3.285	0.082	1.424
2.844	3.285	4.494	1.707
4.494	1.707	3.909	1.512
4.494	1.707	4.171	4.563
4.494	1.707	4.812	2.145
4.494	1.707	4.306	0.309
4.306	0.309	4.113	-1.072
4.306	0.309	4.120	-1.073
4.306	0.309	4.658	0.163
4.306	0.309	5.013	-2.357
5.013	-2.357	2.107	-3.001
5.013	-2.357	3.829	-0.933
5.013	-2.357	5.385	-1.531
5.013	-2.357	4.267	-1.634
5.013	-2.357	7.974	-3.173
7.974	-3.173	6.853	-4.342
7.974	-3.173	10.311	-7.332
7.974	-3.173	8.079	-5.099
7.974	-3.173	5.971	-2.077
5.971	-2.077	8.124	-0.855
8.124	-0.855	9.524	-0.529
9.524	-0.529	12.347	-1.131
12.347	-1.131	14.214	0.048
14.214	0.048	14.997	2.461
14.997	2.461	16.030	0.102
14.997	2.461	14.550	-0.447
14.997	2.461	17.105	1.350
17.105	1.350	17.104	1.346
17.105	1.350	17.334	0.988
17.334	0.988	19.593	-1.345
7.974	-3.173	10.411	-6.641
10.411	-6.641	9.593	-8.450
10.411	-6.641	8.226	-5.256
10.411	-6.641	8.372	-5.050
10.411	-6.641	10.074	-6.465
10.411	-6.641	11.241	-8.432
10.411	-6.641	11.922	-9.170
11.922	-9.170	11.212	-9.277
11.922	-9.170	11.102	-11.135
11.922	-9.170	10.684	-13.009
11.922	-9.170	11.260	-11.461
11.260	-11.461	13.774	-10.827
11.260	-11.461	13.764	-11.638
11.260	-11.461	12.550	-11.339
12.550	-11.339	10.601	-11.830
10.601	-11.830	11.997	-11.736
11.997	-11.736	10.826	-13.317
10.826	-13.317	14.516	-14.780
14.516	-14.780	19.060	-18.072
19.060	-18.072	18.973	-17.145
19.060	-18.072	20.786	-16.897
20.786	-16.897	21.199	-17.406
20.786	-16.897	22.054	-16.276
22.054	-16.276	21.928	-15.665
22.054	-16.276	23.439	-15.984
22.054	-16.276	22.086	-15.627
22.054	-16.276	23.687	-16.309
23.687	-16.309	23.423	-16.812
23.687	-16.309	24.674	-17.867
24.674	-17.867	25.032	-17.061
24.674	-17.867	25.657	-19.422
POLYLINE BLACK
0.708	2.141
0.661	2.147
0.607	2.165
0.558	2.153
0.517	2.143
0.474	2.110
0.451	2.075
0.368	1.944
0.274	1.818
0.211	1.676
0.121	1.475
0.053	1.264
-0.005	1.051
-0.081	0.772
-0.190	0.332
-0.179	-0.000
-0.173	-0.193
-0.160	-0.398
-0.092	-0.582
-0.032	-0.744
0.179	-1.009
0.238	-1.085
0.302	-1.167
0.400	-1.218
0.503	-1.218
0.540	-1.218
0.594	-1.206
0.623	-1.179
0.822	-0.993
1.025	-0.811
1.216	-0.616
1.354	-0.476
1.460	-0.263
1.524	-0.086
1.696	0.390
1.671	0.561
1.577	1.069
1.543	1.255
1.470	1.347
1.406	1.530
1.374	1.621
1.359	1.717
1.328	1.807
1.248	2.041
0.974	2.160
0.763	2.225
0.730	2.235
0.706	2.188
0.678	2.169
POLYLINE BLACK
0.958	0.863
0.883	0.816
0.862	0.771
0.812	0.693
0.783	0.649
0.751	0.608
0.727	0.561
0.651	0.413
0.612	0.298
0.589	0.132
0.565	-0.046
0.568	-0.284
0.691	-0.431
0.744	-0.493
0.809	-0.502
0.890	-0.512
0.904	-0.514
0.919	-0.513
0.933	-0.511
1.016	-0.502
1.046	-0.464
1.079	-0.387
1.164	-0.188
1.204	-0.093
1.229	0.125
1.239	0.221
1.239	0.318
1.238	0.414
1.237	0.477
1.214	0.578
1.173	0.630
1.131	0.683
1.085	0.732
1.042	0.784
1.035	0.794
1.028	0.804
1.023	0.815
1.018	0.829
1.015	0.845
1.011	0.859
POLYLINE BLACK
1.645	-5.618
1.657	-5.684
1.662	-5.759
1.709	-5.811
1.776	-5.885
1.890	-5.897
1.982	-5.881
2.031	-5.872
2.096	-5.860
2.122	-5.810
2.129	-5.797
2.134	-5.779
2.134	-5.764
2.138	-5.673
2.157	-5.539
2.126	-5.439
2.004	-5.038
2.153	-5.633
1.945	-5.055
1.889	-4.897
1.850	-4.733
1.811	-4.570
1.742	-4.283
1.836	-4.439
1.698	-4.138
1.567	-3.856
1.475	-3.766
1.384	-3.484
1.307	-3.249
1.255	-3.006
1.180	-2.770
1.061	-2.396
1.100	-2.705
1.077	-2.417
POLYLINE BLACK
1.139	-2.445
1.169	-2.411
1.199	-2.359
1.248	-2.344
1.311	-2.325
1.424	-2.385
1.466	-2.424
1.523	-2.478
1.574	-2.537
1.628	-2.593
POLYLINE BLACK
1.600	-2.505
1.737	-2.450
1.826	-2.430
1.935	-2.346
2.050	-2.258
2.149	-2.150
2.272	-2.074
2.483	-1.945
2.715	-1.852
2.934	-1.735
3.044	-1.677
3.151	-1.616
3.256	-1.551
3.279	-1.537
3.300	-1.519
3.316	-1.498
3.424	-1.362
3.530	-1.234
3.597	-1.075
3.606	-1.054
3.612	-1.031
3.615	-1.008
3.634	-0.858
3.658	-0.708
3.665	-0.557
3.672	-0.402
3.565	-0.087
3.527	0.004
3.458	0.173
3.379	0.316
3.253	0.442
3.153	0.542
3.018	0.605
2.899	0.675
POLYLINE BLACK
-7.510	-20.074
-7.559	-20.098
POLYLINE BLACK
4.109	-0.478
3.972	-0.970
4.050	-0.819
3.753	-1.186
3.683	-1.271
3.620	-1.361
3.548	-1.444
3.469	-1.534
3.339	-1.570
3.271	-1.671
3.218	-1.749
3.179	-1.835
3.121	-1.909
3.071	-1.974
2.373	-2.793
2.287	-2.887
2.204	-2.979
2.094	-3.009
2.146	-3.140
2.184	-3.238
2.325	-3.318
2.423	-3.340
2.471	-3.351
2.521	-3.352
2.568	-3.366
2.655	-3.392
2.737	-3.435
2.824	-3.460
2.899	-3.481
3.050	-3.482
3.123	-3.471
3.283	-3.446
3.444	-3.418
3.600	-3.376
3.981	-3.276
4.650	-2.697
4.741	-2.634
4.763	-2.619
4.789	-2.609
4.814	-2.603
4.886	-2.584
4.958	-2.569
5.031	-2.559
5.207	-2.534
5.477	-2.638
5.632	-2.720
5.688	-2.750
6.188	-3.081
6.417	-3.130
6.594	-3.167
6.774	-3.182
6.951	-3.214
6.974	-3.218
6.996	-3.226
7.017	-3.237
7.138	-3.296
7.216	-3.413
7.345	-3.458
7.370	-3.467
7.658	-3.586
7.780	-3.564
7.962	-3.532
8.106	-3.237
8.081	-3.066
8.063	-2.941
8.040	-2.809
7.978	-2.695
7.774	-2.315
7.273	-2.092
6.954	-1.906
6.736	-1.778
6.505	-1.675
6.274	-1.572
6.182	-1.530
6.077	-1.516
5.987	-1.471
5.858	-1.406
5.738	-1.324
5.620	-1.242
5.435	-1.113
5.252	-0.980
5.078	-0.836
4.902	-0.689
4.781	-0.463
4.693	-0.257
4.675	-0.215
4.666	-0.170
4.652	-0.127
POLYLINE BLACK
6.145	-2.961
6.146	-2.961
POLYLINE BLACK
6.151	-2.961
6.198	-3.003
6.254	-3.037
6.292	-3.087
6.728	-3.660
6.692	-3.737
7.014	-4.500
POLYLINE BLACK
6.238	-1.523
6.184	-1.517
6.166	-1.522
6.211	-1.509
6.447	-1.440
6.097	-1.551
6.506	-1.390
6.983	-1.202
6.371	-1.520
7.157	-1.088
7.377	-0.968
7.347	-0.941
7.622	-0.855
8.262	-0.656
7.700	-0.854
7.922	-0.807
8.069	-0.776
7.982	-0.763
8.104	-0.804
POLYLINE BLACK
6.788	-1.816
6.810	-1.796
6.829	-1.772
6.854	-1.756
6.955	-1.692
7.062	-1.640
7.164	-1.578
7.636	-1.288
7.062	-1.632
7.382	-1.407
7.536	-1.299
7.697	-1.200
7.853	-1.094
7.875	-1.079
7.895	-1.060
7.917	-1.046
8.119	-0.916
8.064	-0.941
8.180	-0.894
POLYLINE BLACK
8.083	-0.779
8.216	-0.707
8.107	-0.768
8.225	-0.695
8.242	-0.685
8.260	-0.679
8.272	-0.663
8.295	-0.631
8.316	-0.597
8.338	-0.563
8.394	-0.473
8.448	-0.382
8.505	-0.293
8.509	-0.287
8.515	-0.282
8.521	-0.277
8.527	-0.273
8.533	-0.268
8.540	-0.265
8.782	-0.188
8.712	-0.202
8.881	-0.183
POLYLINE BLACK
8.141	-0.907
8.168	-0.907
8.195	-0.908
8.222	-0.906
8.444	-0.883
8.665	-0.860
8.886	-0.830
8.914	-0.827
8.940	-0.817
8.965	-0.807
9.025	-0.785
9.085	-0.761
9.143	-0.734
9.198	-0.708
9.236	-0.660
9.293	-0.637
9.306	-0.632
9.321	-0.627
9.335	-0.625
9.470	-0.603
9.452	-0.607
9.567	-0.610
POLYLINE BLACK
8.873	-0.180
8.904	-0.191
8.934	-0.204
8.966	-0.212
9.125	-0.254
9.397	-0.281
9.524	-0.300
9.626	-0.315
9.482	-0.306
9.601	-0.311
POLYLINE BLACK
9.551	-0.626
9.692	-0.619
9.697	-0.613
9.905	-0.680
10.319	-0.811
10.721	-0.976
11.135	-1.105
11.540	-1.232
11.394	-1.148
11.739	-1.180
12.222	-1.225
11.836	-1.241
12.277	-1.221
12.296	-1.220
12.325	-1.213
12.343	-1.204
12.364	-1.193
12.387	-1.174
12.405	-1.161
POLYLINE BLACK
9.570	-0.289
9.643	-0.325
9.685	-0.351
9.772	-0.361
9.956	-0.382
10.143	-0.378
10.326	-0.404
10.615	-0.445
10.642	-0.547
10.956	-0.623
11.113	-0.661
11.279	-0.651
11.437	-0.684
11.968	-0.793
11.870	-0.843
12.346	-0.921
12.409	-0.931
12.474	-0.924
12.539	-0.926
POLYLINE BLACK
12.504	-0.870
12.528	-0.875
12.563	-0.889
12.588	-0.873
12.646	-0.837
12.703	-0.799
12.760	-0.763
12.782	-0.750
12.805	-0.738
12.825	-0.724
12.894	-0.677
12.960	-0.626
13.029	-0.579
13.053	-0.563
13.080	-0.553
13.103	-0.537
13.215	-0.456
13.325	-0.372
13.433	-0.287
13.550	-0.194
13.555	-0.160
13.681	-0.101
13.914	0.007
13.815	-0.049
14.044	-0.000
14.386	0.072
14.191	0.056
14.358	0.067
POLYLINE BLACK
12.437	-1.186
12.434	-1.185
12.369	-1.174
12.389	-1.150
12.398	-1.140
12.434	-1.121
12.436	-1.121
12.504	-1.089
12.575	-1.063
12.643	-1.030
12.753	-0.977
12.862	-0.923
12.968	-0.863
13.034	-0.826
13.094	-0.780
13.158	-0.738
13.317	-0.654
13.479	-0.574
13.637	-0.486
13.841	-0.373
14.042	-0.254
14.243	-0.135
14.254	-0.129
14.262	-0.121
14.270	-0.112
14.281	-0.100
14.290	-0.086
14.299	-0.074
POLYLINE BLACK
14.058	0.015
14.140	0.165
14.083	0.049
14.171	0.295
14.178	0.313
14.187	0.331
14.194	0.350
14.211	0.396
14.220	0.429
14.232	0.477
POLYLINE BLACK
14.282	-0.091
14.324	-0.054
14.372	-0.018
14.396	0.035
14.409	0.065
14.410	0.118
14.414	0.141
14.426	0.206
14.441	0.271
14.452	0.336
14.454	0.346
14.452	0.357
14.452	0.368
14.450	0.391
14.448	0.414
14.446	0.437
POLYLINE BLACK
19.759	-1.343
19.736	-1.284
19.718	-1.262
19.671	-1.220
19.663	-1.212
19.653	-1.206
19.645	-1.198
19.632	-1.185
19.621	-1.170
19.608	-1.157
19.578	-1.125
19.570	-1.125
19.552	-1.095
19.545	-1.084
19.539	-1.064
19.535	-1.054
POLYLINE BLACK
19.530	-1.495
19.493	-1.440
19.488	-1.423
19.446	-1.387
19.432	-1.375
19.416	-1.366
19.403	-1.353
19.372	-1.321
19.342	-1.289
19.311	-1.257
19.300	-1.245
19.291	-1.232
19.279	-1.220
19.237	-1.179
19.189	-1.143
19.148	-1.100
19.120	-1.071
19.098	-1.036
19.071	-1.005
19.057	-0.990
19.040	-0.977
19.026	-0.962
19.017	-0.953
19.009	-0.931
19.003	-0.923
18.997	-0.913
18.989	-0.904
18.981	-0.895
POLYLINE BLACK
19.577	-1.126
19.569	-1.110
19.564	-1.094
19.555	-1.079
19.539	-1.054
19.466	-0.976
19.461	-0.970
19.443	-0.948
19.426	-0.925
19.409	-0.902
19.376	-0.864
19.343	-0.827
19.311	-0.788
19.292	-0.765
19.275	-0.740
19.254	-0.718
19.237	-0.701
19.216	-0.687
19.197	-0.672
19.150	-0.635
19.136	-0.636
19.090	-0.577
19.041	-0.506
18.992	-0.435
18.943	-0.364
18.926	-0.332
18.913	-0.297
18.892	-0.267
18.795	-0.133
18.696	0.000
18.591	0.127
18.526	0.205
18.501	0.195
18.431	0.249
18.409	0.265
18.391	0.287
18.369	0.304
18.335	0.328
18.302	0.353
18.268	0.377
18.257	0.384
18.244	0.390
18.234	0.398
18.220	0.409
18.209	0.421
18.196	0.432
POLYLINE BLACK
19.004	-0.957
18.830	-0.783
18.983	-0.926
18.857	-0.827
18.819	-0.798
18.784	-0.767
18.747	-0.737
POLYLINE BLACK
18.742	-0.867
18.654	-0.788
18.566	-0.709
18.478	-0.630
18.461	-0.620
18.445	-0.606
18.427	-0.600
18.272	-0.546
18.115	-0.503
17.960	-0.450
17.878	-0.422
17.697	-0.325
17.641	-0.296
POLYLINE BLACK
18.558	-0.738
18.776	-0.788
18.613	-0.744
18.806	-0.813
18.848	-0.828
18.856	-0.822
18.891	-0.854
19.000	-0.956
18.971	-0.948
19.064	-0.998
POLYLINE BLACK
18.214	0.400
18.175	0.480
18.169	0.508
18.111	0.576
17.896	0.826
18.028	0.605
17.833	0.982
17.828	0.992
17.824	1.004
17.823	1.015
17.796	1.257
17.860	0.946
17.862	1.390
17.862	1.418
17.834	1.437
17.819	1.460
POLYLINE BLACK
17.866	1.400
17.875	1.427
17.888	1.453
17.893	1.481
17.909	1.561
17.917	1.659
17.891	1.739
17.876	1.783
17.853	1.824
17.842	1.869
17.826	1.939
17.818	2.010
17.808	2.081
17.806	2.096
17.811	2.112
17.806	2.127
17.795	2.153
17.776	2.175
17.761	2.200
POLYLINE BLACK
17.507	1.729
17.513	1.751
17.520	1.774
17.523	1.797
17.536	1.879
17.493	2.012
17.479	2.076
POLYLINE BLACK
17.388	2.872
17.409	2.899
17.419	2.920
17.445	2.936
17.461	2.946
17.482	2.954
17.500	2.957
17.532	2.962
17.590	2.973
17.622	2.951
17.632	2.943
17.641	2.927
17.638	2.914
17.614	2.804
17.580	2.696
17.563	2.585
17.559	2.556
17.570	2.526
17.573	2.496
POLYLINE BLACK
17.573	2.481
17.601	2.402
POLYLINE BLACK
17.563	2.086
17.602	2.068
POLYLINE BLACK
17.626	-0.305
17.339	-0.167
17.452	-0.204
17.300	-0.158
POLYLINE BLACK
17.501	1.744
17.463	1.693
17.466	1.692
17.412	1.648
17.402	1.641
17.392	1.634
17.381	1.629
17.356	1.618
17.331	1.610
17.306	1.600
POLYLINE BLACK
14.436	0.407
14.448	0.402
14.461	0.398
14.473	0.393
14.514	0.376
14.529	0.328
14.527	0.286
14.526	0.235
14.511	0.212
14.504	0.154
14.493	0.069
14.483	-0.017
14.478	-0.102
14.474	-0.161
14.486	-0.246
14.501	-0.302
14.514	-0.353
14.531	-0.417
14.579	-0.448
14.663	-0.500
14.782	-0.460
14.861	-0.426
14.999	-0.367
15.135	-0.304
15.268	-0.234
15.712	0.001
15.403	-0.099
15.846	0.049
15.864	0.055
15.883	0.058
15.902	0.057
15.974	0.055
16.046	0.048
16.118	0.040
16.130	0.039
16.143	0.034
16.155	0.031
16.294	-0.007
16.431	-0.055
16.573	-0.083
16.701	-0.108
16.832	-0.118
16.962	-0.127
17.040	-0.132
17.118	-0.122
17.196	-0.124
17.232	-0.124
17.267	-0.132
17.302	-0.134
17.344	-0.136
17.377	-0.136
17.400	-0.099
17.429	-0.051
17.460	0.029
17.471	0.074
17.481	0.112
17.483	0.152
17.487	0.191
17.492	0.235
17.490	0.279
17.497	0.322
17.507	0.379
17.528	0.435
17.539	0.492
17.555	0.574
17.554	0.720
17.548	0.789
17.532	1.003
17.512	1.176
17.425	1.374
17.325	1.604
17.190	1.764
16.991	1.925
16.819	2.065
16.630	2.183
16.425	2.266
15.973	2.447
15.961	2.463
15.460	2.534
15.401	2.542
15.341	2.541
15.282	2.535
15.199	2.526
15.038	2.477
14.957	2.444
14.911	2.424
14.840	2.363
14.811	2.334
14.677	2.197
14.607	2.094
14.514	1.912
14.464	1.812
14.425	1.706
14.385	1.601
14.365	1.551
14.351	1.499
14.336	1.447
14.291	1.287
14.224	1.094
14.214	0.916
14.205	0.753
14.202	0.609
14.263	0.457
POLYLINE BLACK
14.443	0.424
14.449	0.419
14.501	0.387
14.516	0.364
14.527	0.349
14.532	0.327
14.531	0.309
14.527	0.214
14.521	0.120
14.514	0.025
14.510	-0.028
14.501	-0.081
14.499	-0.134
14.495	-0.234
14.522	-0.352
14.614	-0.406
14.645	-0.425
14.681	-0.428
14.717	-0.428
14.726	-0.428
14.735	-0.428
14.744	-0.425
14.847	-0.383
14.949	-0.340
15.050	-0.294
15.434	-0.119
15.091	-0.260
15.262	-0.191
POLYLINE BLACK
-6.128	4.161
-6.233	4.290
-6.253	4.299
-6.317	4.512
-6.626	5.539
-6.622	5.602
-6.631	6.758
-6.633	7.045
-6.563	7.090
-6.516	7.349
-6.484	7.521
-6.477	7.697
-6.440	7.868
-6.420	7.959
-6.383	8.045
-6.346	8.129
-6.298	8.235
-6.221	8.394
-6.131	8.491
-6.056	8.571
-5.980	8.649
-5.900	8.724
-5.874	8.748
-5.847	8.772
-5.814	8.785
-5.603	8.874
-5.389	8.957
-5.172	9.031
-5.022	9.082
-4.751	9.107
-4.598	9.036
-4.489	8.985
-4.399	8.922
-4.307	8.842
-4.247	8.791
-4.174	8.685
-4.163	8.605
-4.054	7.799
-4.032	7.614
-4.171	6.760
-4.228	6.405
-4.478	5.902
-4.384	5.484
-4.365	5.401
-4.347	5.273
-4.279	5.200
-4.276	5.197
-4.273	5.194
-4.269	5.192
-4.255	5.181
-4.240	5.170
-4.226	5.159
POLYLINE BLACK
19.676	-1.608
19.684	-1.582
19.695	-1.556
19.718	-1.541
19.754	-1.519
19.802	-1.534
19.835	-1.554
19.920	-1.606
19.786	-1.661
19.752	-1.687
19.741	-1.696
19.731	-1.707
19.722	-1.718
19.697	-1.748
19.666	-1.801
19.702	-1.836
19.719	-1.853
19.743	-1.858
19.764	-1.867
POLYLINE BLACK
19.703	-2.003
19.712	-2.010
POLYLINE BLACK
-1.326	1.934
-1.814	2.145
-0.912	1.762
-1.726	2.070
-1.798	2.097
-1.861	2.141
-1.932	2.170
-2.107	2.241
-2.287	2.299
-2.462	2.370
-2.505	2.387
-2.544	2.416
-2.587	2.433
-2.624	2.448
-2.664	2.458
-2.703	2.466
-2.860	2.497
-3.021	2.510
-3.176	2.551
-3.334	2.593
-3.474	2.684
-3.618	2.756
-3.651	2.773
-3.685	2.785
-3.718	2.801
-3.743	2.813
-3.768	2.828
-3.794	2.839
-3.826	2.854
-3.860	2.865
-3.892	2.880
-3.912	2.890
-3.929	2.908
-3.951	2.915
-4.975	3.247
-4.775	3.100
-5.414	3.440
-5.433	3.451
-5.449	3.466
-5.466	3.479
-5.500	3.507
-5.532	3.536
-5.566	3.563
-5.652	3.632
-5.742	3.697
-5.828	3.766
-5.837	3.773
-5.844	3.783
-5.851	3.793
-5.870	3.819
-5.886	3.847
-5.905	3.873
-5.930	3.906
-5.956	3.939
-5.985	3.968
-6.040	4.024
-6.097	4.048
-6.129	4.119
-6.132	4.126
-6.137	4.132
-6.135	4.140
-6.133	4.151
-6.124	4.160
-6.119	4.171
POLYLINE BLACK
0.878	2.201
0.871	2.232
0.871	2.253
0.857	2.279
0.835	2.320
0.783	2.364
0.740	2.384
0.686	2.409
0.633	2.432
0.578	2.454
0.523	2.475
0.335	2.524
0.251	2.590
0.190	2.639
0.133	2.691
0.073	2.742
-0.152	2.904
-0.385	3.057
-0.603	3.229
-0.677	3.303
-0.751	3.376
-0.825	3.450
-0.849	3.478
-0.867	3.510
-0.895	3.533
-0.998	3.617
-1.097	3.711
-1.215	3.772
-1.531	3.934
-1.864	4.061
-2.191	4.198
-2.620	4.377
-3.055	4.542
-3.485	4.720
-3.508	4.729
-3.529	4.745
-3.549	4.760
-3.586	4.787
-3.620	4.819
-3.658	4.845
-3.682	4.862
-3.711	4.871
-3.736	4.887
-3.757	4.901
-3.776	4.918
-3.796	4.934
-3.870	4.974
-3.947	5.010
-4.020	5.054
-4.154	5.136
-4.134	5.104
-4.163	5.191
POLYLINE BLACK
0.810	2.196
0.828	2.208
0.847	2.219
0.864	2.233
0.877	2.244
0.889	2.256
0.899	2.270
0.966	2.353
0.987	2.399
1.013	2.520
1.040	2.649
1.056	2.780
1.071	2.911
1.121	3.337
1.075	3.052
1.092	3.400
1.108	3.712
1.117	4.026
1.150	4.337
1.157	4.407
1.185	4.473
1.211	4.538
1.256	4.655
1.337	4.749
1.448	4.807
1.459	4.812
1.470	4.818
1.481	4.819
1.581	4.831
1.681	4.837
1.780	4.846
POLYLINE BLACK
2.973	0.655
3.002	0.710
3.026	0.769
3.059	0.822
3.164	0.993
3.580	1.312
3.593	1.324
POLYLINE BLACK
0.000	-0.000
0.000	-0.000
POLYLINE BLACK
1.767	4.870
1.789	4.857
1.801	4.846
1.824	4.842
1.833	4.840
1.843	4.839
1.852	4.839
1.929	4.835
2.006	4.832
2.082	4.828
2.521	4.805
2.960	4.798
3.397	4.757
3.548	4.744
4.136	4.611
4.305	4.557
4.424	4.519
4.538	4.466
4.652	4.417
4.664	4.413
4.674	4.405
4.683	4.397
4.743	4.347
4.747	4.335
4.797	4.272
POLYLINE BLACK
4.771	4.310
4.782	4.299
4.793	4.288
4.804	4.275
4.869	4.194
4.881	3.987
4.888	3.905
4.934	3.319
4.915	3.704
4.888	3.344
4.885	3.302
4.887	3.261
4.887	3.219
4.884	3.066
4.884	2.913
4.878	2.761
4.874	2.658
4.863	2.556
4.857	2.454
4.855	2.419
4.857	2.384
4.854	2.349
4.851	2.298
4.841	2.248
4.837	2.197
4.820	1.971
4.809	1.746
4.793	1.520
4.791	1.479
4.777	1.494
4.803	1.477
POLYLINE BLACK
3.557	1.331
3.586	1.391
3.579	1.385
3.648	1.454
3.679	1.485
3.757	1.565
3.818	1.570
3.843	1.573
3.892	1.563
3.906	1.538
3.939	1.484
3.976	1.431
4.000	1.372
4.054	1.237
4.095	1.096
4.139	0.957
4.154	0.908
4.159	0.856
4.176	0.808
4.199	0.745
4.232	0.687
4.257	0.625
4.263	0.611
4.266	0.596
4.268	0.581
4.277	0.515
4.290	0.449
4.288	0.383
4.285	0.279
4.230	-0.011
4.206	-0.105
4.129	-0.333
4.171	-0.187
4.125	-0.403
4.123	-0.411
4.118	-0.419
4.118	-0.427
4.117	-0.443
4.121	-0.460
4.123	-0.476
POLYLINE BLACK
4.799	1.523
4.774	1.443
4.768	1.432
4.756	1.317
4.748	1.247
4.752	1.176
4.745	1.106
4.710	0.739
4.731	1.399
4.708	0.789
4.707	0.751
4.714	0.712
4.713	0.674
4.705	0.526
4.695	0.597
4.679	0.471
4.672	0.411
4.666	0.350
4.663	0.290
4.662	0.255
4.665	0.220
4.668	0.185
4.669	0.176
4.672	0.167
4.674	0.158
4.677	0.149
4.681	0.140
4.681	0.131
4.684	0.098
4.683	0.065
4.685	0.033
4.686	0.013
4.691	-0.007
4.690	-0.026
4.683	-0.174
4.666	-0.098
4.683	-0.163
POLYLINE BLACK
1.632	-5.633
1.607	-5.556
1.587	-5.478
1.557	-5.403
1.534	-5.356
1.511	-5.308
1.487	-5.261
1.479	-5.247
1.470	-5.233
1.464	-5.218
1.447	-5.179
1.435	-5.137
1.418	-5.098
1.406	-5.069
1.390	-5.043
1.379	-5.014
1.364	-4.975
1.355	-4.933
1.340	-4.894
1.324	-4.855
1.300	-4.820
1.285	-4.781
1.228	-4.624
1.171	-4.467
1.114	-4.310
1.103	-4.270
1.094	-4.230
1.081	-4.191
0.711	-3.127
1.097	-4.304
0.895	-3.633
0.850	-3.482
0.798	-3.333
0.753	-3.182
0.739	-3.136
0.724	-3.090
0.718	-3.042
0.574	-1.989
0.705	-2.917
0.659	-2.272
0.653	-2.190
0.587	-2.041
0.574	-1.983
0.563	-1.940
0.562	-1.894
0.559	-1.850
0.557	-1.817
0.562	-1.785
0.560	-1.752
0.558	-1.703
0.552	-1.663
0.532	-1.618
0.521	-1.594
0.510	-1.570
0.494	-1.550
0.329	-1.341
0.152	-1.142
-0.010	-0.931
-0.100	-0.816
-0.226	-0.472
-0.246	-0.410
-0.318	-0.183
-0.369	0.050
-0.433	0.280
-0.464	0.391
-0.459	0.309
-0.457	0.414
POLYLINE BLACK
-0.458	0.335
-0.461	0.353
-0.466	0.370
-0.467	0.387
-0.471	0.422
-0.459	0.455
-0.465	0.490
-0.512	0.781
-0.533	0.784
-0.701	1.214
-0.718	1.259
-0.747	1.297
-0.771	1.338
-0.806	1.399
-0.839	1.461
-0.879	1.519
-0.920	1.577
-0.968	1.631
-1.014	1.686
-1.026	1.701
-1.040	1.715
-1.052	1.729
-1.071	1.755
-1.089	1.781
-1.109	1.806
-1.117	1.816
-1.127	1.824
-1.137	1.832
-1.162	1.855
-1.186	1.880
-1.214	1.899
-1.296	1.956
-1.309	1.959
-1.376	1.986
POLYLINE BLACK
8.007	-3.160
8.054	-3.216
8.098	-3.275
8.149	-3.328
8.259	-3.441
8.416	-3.484
8.544	-3.572
8.585	-3.601
8.626	-3.634
8.657	-3.674
8.721	-3.759
8.769	-3.855
8.829	-3.943
8.848	-3.971
8.909	-4.021
8.934	-4.037
8.950	-4.048
8.968	-4.055
8.985	-4.064
POLYLINE BLACK
7.034	-4.476
7.041	-4.491
7.046	-4.506
7.055	-4.520
7.059	-4.529
7.065	-4.537
7.072	-4.543
7.216	-4.669
7.133	-4.590
7.281	-4.694
7.306	-4.712
7.360	-4.767
7.403	-4.781
7.540	-4.827
7.529	-4.798
7.662	-4.894
7.755	-4.960
7.838	-5.040
7.929	-5.108
8.010	-5.168
8.001	-5.143
8.075	-5.187
8.110	-5.208
8.145	-5.231
8.178	-5.255
8.203	-5.272
8.218	-5.300
8.222	-5.329
8.233	-5.432
8.137	-5.528
8.085	-5.607
8.068	-5.632
8.067	-5.654
8.061	-5.683
POLYLINE BLACK
8.081	-5.652
8.091	-5.817
8.109	-5.878
8.186	-6.024
8.194	-6.039
8.205	-6.053
8.216	-6.066
8.345	-6.222
8.485	-6.370
8.608	-6.531
8.700	-6.650
8.785	-6.775
8.858	-6.906
8.945	-7.062
9.018	-7.224
9.086	-7.389
9.177	-7.609
9.249	-7.837
9.335	-8.059
9.345	-8.085
9.360	-8.108
9.375	-8.132
9.449	-8.248
9.707	-8.419
9.724	-8.438
10.011	-8.745
9.800	-8.757
9.997	-8.728
POLYLINE BLACK
8.907	-3.987
8.965	-4.007
9.007	-4.040
9.034	-4.097
9.113	-4.265
9.188	-4.434
9.264	-4.604
9.330	-4.751
9.393	-4.899
9.460	-5.046
9.486	-5.102
9.520	-5.155
9.543	-5.213
9.649	-5.484
9.590	-5.453
9.741	-5.703
9.793	-5.775
9.846	-5.847
9.898	-5.918
9.928	-5.951
9.964	-5.980
9.989	-6.017
10.104	-6.186
10.200	-6.367
10.316	-6.536
10.342	-6.573
10.379	-6.601
10.412	-6.633
10.584	-6.796
10.763	-6.953
10.931	-7.121
10.960	-7.151
10.980	-7.189
11.004	-7.224
11.089	-7.343
11.174	-7.462
11.258	-7.582
11.310	-7.658
11.370	-7.729
11.413	-7.809
11.527	-8.026
11.638	-8.244
11.730	-8.471
11.773	-8.578
11.782	-8.696
11.815	-8.807
11.836	-8.875
11.867	-8.940
11.894	-9.007
11.929	-9.098
11.929	-9.114
11.981	-9.188
11.990	-9.201
11.999	-9.216
12.013	-9.224
12.030	-9.233
12.050	-9.233
12.068	-9.238
POLYLINE BLACK
10.632	-6.850
10.596	-6.849
10.575	-6.845
10.542	-6.854
10.532	-6.856
10.523	-6.860
10.514	-6.864
10.473	-6.882
10.419	-6.899
10.392	-6.939
10.239	-7.158
10.189	-7.189
10.119	-7.385
10.040	-7.605
9.966	-7.827
9.890	-8.047
9.860	-8.132
9.826	-8.216
9.801	-8.302
9.788	-8.344
9.789	-8.420
9.794	-8.462
9.797	-8.489
9.802	-8.521
9.821	-8.542
9.865	-8.591
9.967	-8.584
10.020	-8.563
10.057	-8.549
10.087	-8.525
10.116	-8.498
10.139	-8.476
10.160	-8.451
10.179	-8.426
10.299	-8.268
10.429	-8.118
10.533	-7.949
10.592	-7.852
10.725	-7.580
10.753	-7.414
10.776	-7.276
10.781	-7.191
10.766	-7.060
10.763	-7.031
10.753	-6.983
10.736	-6.954
10.705	-6.900
10.652	-6.864
10.604	-6.826
POLYLINE BLACK
9.974	-8.730
10.012	-8.751
10.041	-8.758
10.084	-8.747
10.274	-8.700
10.464	-8.655
10.653	-8.601
10.734	-8.578
10.822	-8.510
10.890	-8.471
10.918	-8.455
11.007	-8.439
11.020	-8.437
11.029	-8.435
11.177	-8.407
11.220	-8.435
11.263	-8.463
11.271	-8.557
11.273	-8.589
11.280	-8.682
11.284	-8.776
11.278	-8.869
11.224	-9.619
11.198	-9.218
11.218	-9.489
POLYLINE BLACK
11.222	-9.385
11.154	-9.644
11.153	-9.634
11.113	-10.076
11.102	-10.197
11.118	-10.318
11.111	-10.439
11.103	-10.570
11.080	-10.700
11.070	-10.830
11.068	-10.853
11.071	-10.875
11.076	-10.897
11.092	-10.974
11.107	-11.051
11.131	-11.126
11.158	-11.206
11.198	-11.282
11.228	-11.361
11.237	-11.387
11.240	-11.425
11.226	-11.450
11.211	-11.478
11.160	-11.506
11.143	-11.516
11.071	-11.559
10.998	-11.549
10.917	-11.561
10.840	-11.573
10.733	-11.638
10.682	-11.666
10.668	-11.674
10.614	-11.711
10.608	-11.734
10.604	-11.749
10.611	-11.765
10.613	-11.781
POLYLINE BLACK
10.593	-11.743
10.640	-12.629
10.602	-12.389
10.782	-13.375
10.798	-13.459
10.816	-13.477
10.857	-13.538
POLYLINE BLACK
11.987	-9.187
12.073	-9.336
12.182	-9.499
12.236	-9.668
12.269	-9.770
12.294	-9.874
12.317	-9.979
12.348	-10.121
12.420	-10.691
12.423	-10.707
12.436	-10.785
12.467	-10.860
12.483	-10.938
12.491	-10.982
12.493	-11.027
12.494	-11.072
12.494	-11.162
12.478	-11.234
12.432	-11.310
12.419	-11.332
12.404	-11.353
12.387	-11.371
12.279	-11.484
12.166	-11.591
12.057	-11.703
12.051	-11.709
12.047	-11.717
12.043	-11.725
12.029	-11.753
12.029	-11.753
12.052	-11.765
POLYLINE BLACK
12.001	-11.762
13.056	-13.233
11.718	-11.341
12.811	-12.977
12.824	-12.996
13.275	-13.588
13.298	-13.614
13.363	-13.689
13.441	-13.751
13.510	-13.824
13.747	-14.075
14.098	-14.536
14.452	-14.741
14.512	-14.775
14.577	-14.799
14.640	-14.827
POLYLINE BLACK
10.818	-13.420
10.814	-13.477
10.806	-13.509
10.818	-13.561
10.865	-13.763
11.149	-14.044
11.226	-14.122
11.382	-14.278
11.545	-14.429
11.726	-14.556
12.310	-14.966
12.908	-15.357
13.516	-15.732
15.020	-16.660
14.915	-16.367
17.007	-17.262
17.295	-17.386
17.544	-17.588
17.830	-17.715
18.837	-18.161
18.418	-17.903
19.076	-18.117
19.186	-18.153
19.292	-18.201
19.400	-18.243
POLYLINE BLACK
14.449	-14.722
14.501	-14.753
14.547	-14.793
14.603	-14.815
14.960	-14.957
15.328	-15.068
15.684	-15.213
15.802	-15.262
15.907	-15.340
16.023	-15.395
16.326	-15.540
16.634	-15.673
16.939	-15.813
POLYLINE BLACK
16.880	-15.750
17.003	-15.871
17.115	-16.003
17.248	-16.111
17.517	-16.329
17.725	-16.440
17.997	-16.606
18.538	-16.935
18.297	-16.818
18.837	-17.054
19.193	-17.209
19.147	-17.186
19.606	-17.324
19.611	-17.325
19.616	-17.323
19.621	-17.322
19.662	-17.314
19.703	-17.304
19.744	-17.296
POLYLINE BLUE
22.290	-15.974
22.294	-15.974
POLYLINE BLACK
19.696	-17.315
19.738	-17.299
19.780	-17.283
19.822	-17.267
20.037	-17.196
20.255	-17.134
20.468	-17.054
20.533	-17.029
20.597	-16.996
20.654	-16.954
20.731	-16.898
20.796	-16.826
20.867	-16.763
POLYLINE BLACK
19.398	-18.237
19.418	-18.239
19.437	-18.243
19.457	-18.244
19.539	-18.246
19.658	-18.208
19.716	-18.188
19.819	-18.153
19.920	-18.113
20.019	-18.067
20.257	-17.957
20.494	-17.844
20.725	-17.719
21.064	-17.537
21.054	-17.542
21.229	-17.404
POLYLINE BLACK
20.861	-16.727
21.206	-16.275
21.044	-16.470
21.780	-15.758
21.869	-15.672
21.958	-15.632
22.070	-15.584
22.088	-15.576
22.108	-15.570
22.127	-15.566
22.145	-15.562
22.163	-15.561
22.180	-15.559
POLYLINE BLACK
21.164	-17.441
21.391	-17.119
21.613	-16.794
21.846	-16.476
21.890	-16.415
21.971	-16.330
22.054	-16.315
22.064	-16.313
22.074	-16.313
22.085	-16.312
POLYLINE BLACK
22.102	-15.563
22.123	-15.566
22.143	-15.569
22.163	-15.572
22.198	-15.572
22.234	-15.567
22.269	-15.573
22.347	-15.588
22.423	-15.610
22.498	-15.633
22.682	-15.689
22.867	-15.743
23.048	-15.809
23.157	-15.850
23.310	-15.966
23.392	-16.035
23.471	-16.103
23.631	-16.238
23.707	-16.349
23.778	-16.453
23.726	-16.437
23.768	-16.448
POLYLINE BLACK
22.031	-16.308
22.057	-16.310
22.082	-16.310
22.108	-16.315
22.406	-16.375
22.793	-16.535
23.017	-16.630
23.426	-16.803
23.192	-16.729
23.368	-16.836
23.384	-16.846
23.468	-16.876
23.471	-16.878
POLYLINE BLACK
23.385	-16.839
23.771	-17.096
23.529	-16.919
23.877	-17.212
23.902	-17.233
23.931	-17.248
23.954	-17.271
24.023	-17.342
24.086	-17.418
24.151	-17.492
24.186	-17.532
24.214	-17.578
24.254	-17.613
24.282	-17.640
24.486	-17.807
24.572	-17.854
24.681	-17.915
24.690	-17.917
24.767	-17.947
POLYLINE BLACK
21.413	-21.041
21.376	-21.046
POLYLINE BLACK
23.729	-16.341
23.744	-16.364
23.758	-16.389
23.776	-16.410
23.823	-16.468
23.893	-16.521
23.960	-16.551
24.299	-16.700
24.652	-16.820
24.988	-16.977
25.064	-17.013
25.123	-17.077
25.192	-17.125
25.213	-17.140
25.243	-17.106
25.253	-17.096
POLYLINE BLUE
26.146	-17.537
26.222	-17.580
26.364	-17.639
26.347	-17.753
26.343	-17.783
26.332	-17.832
26.314	-17.858
26.222	-17.994
26.107	-18.092
26.101	-18.260
26.099	-18.338
26.176	-18.394
26.248	-18.397
26.296	-18.399
26.363	-18.382
26.400	-18.352
26.434	-18.324
26.462	-18.288
26.494	-18.257
POLYLINE BLUE
26.177	-18.844
26.209	-18.825
POLYLINE BLACK
0.688	2.257
0.669	2.257
0.650	2.258
0.631	2.256
0.620	2.255
0.608	2.252
0.598	2.248
0.500	2.206
0.402	2.165
0.306	2.119
0.248	2.091
0.188	2.036
0.147	1.989
0.115	1.953
0.082	1.918
0.061	1.875
0.003	1.759
-0.052	1.639
-0.089	1.514
-0.166	1.255
-0.234	0.992
-0.278	0.725
-0.305	0.560
-0.302	0.391
-0.302	0.223
-0.302	0.007
-0.291	-0.209
-0.279	-0.425
-0.278	-0.447
-0.271	-0.469
-0.264	-0.491
-0.259	-0.509
-0.253	-0.528
-0.242	-0.543
-0.137	-0.700
-0.036	-0.860
0.082	-1.007
0.108	-1.040
0.315	-1.253
0.421	-1.251
0.513	-1.249
0.605	-1.245
0.696	-1.235
0.798	-1.224
0.851	-1.201
0.938	-1.153
0.954	-1.144
0.971	-1.133
0.984	-1.120
1.151	-0.961
1.250	-0.808
1.391	-0.605
1.491	-0.461
1.592	-0.202
1.626	-0.066
1.693	0.201
1.784	0.638
1.775	0.960
1.773	1.023
1.766	1.086
1.750	1.147
1.682	1.415
1.632	1.549
1.488	1.776
1.429	1.869
1.297	2.085
1.175	2.179
1.126	2.217
0.996	2.289
0.940	2.315
0.921	2.324
0.901	2.330
0.881	2.334
0.859	2.337
0.761	2.353
0.718	2.342
0.512	2.287
0.571	2.287
0.333	2.165
0.260	2.127
0.172	2.130
0.092	2.129
POLYLINE BLACK
4.628	-0.185
4.597	-0.191
4.565	-0.194
4.535	-0.203
4.462	-0.226
4.398	-0.265
4.337	-0.311
4.153	-0.451
4.182	-0.427
4.063	-0.554
POLYLINE BLACK
8.716	-3.953
8.677	-4.084
8.637	-4.216
8.598	-4.347
8.597	-4.359
8.595	-4.371
8.595	-4.383
8.595	-4.393
8.596	-4.402
8.598	-4.412
8.615	-4.467
8.640	-4.521
8.654	-4.577
8.678	-4.671
8.689	-4.767
8.712	-4.860
8.740	-4.972
8.792	-5.025
8.867	-5.114
8.874	-5.123
8.885	-5.131
8.895	-5.135
8.932	-5.148
8.980	-5.123
8.994	-5.087
9.022	-5.012
9.041	-4.967
9.049	-4.892
9.063	-4.769
8.962	-4.547
8.912	-4.444
8.833	-4.286
8.826	-4.330
8.788	-4.198
8.776	-4.156
8.773	-4.039
8.771	-4.018
8.765	-3.966
8.741	-3.936
8.711	-3.897
POLYLINE BLACK
7.736	-4.556
7.715	-4.597
7.675	-4.649
7.684	-4.700
7.688	-4.718
7.697	-4.733
7.710	-4.746
7.764	-4.801
7.897	-4.737
7.904	-4.666
7.908	-4.627
7.872	-4.603
7.851	-4.576
7.838	-4.560
7.833	-4.541
7.816	-4.531
7.807	-4.525
7.796	-4.524
7.786	-4.526
7.724	-4.538
7.723	-4.600
7.709	-4.652
POLYLINE BLACK
8.132	-4.495
8.124	-4.510
8.101	-4.534
8.105	-4.556
8.109	-4.576
8.132	-4.589
8.149	-4.595
8.204	-4.617
8.335	-4.603
8.356	-4.535
8.363	-4.511
8.343	-4.494
8.332	-4.475
8.320	-4.452
8.324	-4.421
8.305	-4.403
8.296	-4.394
8.284	-4.390
8.271	-4.388
8.209	-4.380
8.154	-4.457
8.122	-4.499
POLYLINE BLACK
8.268	-4.945
8.280	-4.984
8.280	-5.064
8.320	-5.101
8.364	-5.141
8.426	-5.113
8.455	-5.069
8.467	-5.051
8.474	-5.034
8.479	-5.013
8.487	-4.977
8.477	-4.942
8.458	-4.911
8.415	-4.844
8.307	-4.807
8.260	-4.889
8.252	-4.902
8.242	-4.926
8.248	-4.942
8.255	-4.959
8.264	-4.974
8.272	-4.991
POLYLINE BLACK
8.354	-5.391
8.391	-5.350
8.391	-5.344
8.438	-5.314
8.451	-5.306
8.465	-5.299
8.479	-5.293
8.495	-5.287
8.526	-5.275
8.546	-5.283
8.577	-5.294
8.574	-5.343
8.566	-5.368
8.553	-5.403
8.517	-5.450
8.482	-5.468
8.428	-5.496
8.372	-5.466
8.353	-5.411
8.347	-5.393
8.347	-5.363
8.345	-5.349
POLYLINE BLACK
8.966	-5.374
8.934	-5.359
8.902	-5.341
8.865	-5.345
8.852	-5.347
8.839	-5.350
8.827	-5.357
8.803	-5.370
8.771	-5.405
8.784	-5.435
8.797	-5.465
8.842	-5.480
8.872	-5.483
8.928	-5.489
9.034	-5.474
9.059	-5.411
9.067	-5.389
9.068	-5.343
9.036	-5.338
8.990	-5.330
8.944	-5.324
8.898	-5.317
POLYLINE BLACK
8.441	-5.667
8.409	-5.657
8.380	-5.646
8.348	-5.657
8.289	-5.677
8.258	-5.730
8.250	-5.789
8.248	-5.804
8.251	-5.821
8.261	-5.833
8.312	-5.891
8.404	-5.835
8.425	-5.774
8.439	-5.729
8.417	-5.665
8.410	-5.628
POLYLINE BLACK
8.863	-5.709
8.844	-5.732
8.824	-5.749
8.814	-5.776
8.806	-5.798
8.811	-5.801
8.807	-5.829
8.803	-5.856
8.781	-5.896
8.749	-5.899
8.736	-5.900
8.726	-5.893
8.714	-5.890
8.697	-5.885
8.644	-5.888
8.648	-5.917
8.651	-5.942
8.714	-5.977
8.718	-5.980
8.744	-5.997
8.771	-6.013
8.798	-6.030
8.814	-6.040
8.814	-6.043
8.833	-6.049
8.904	-6.071
8.975	-6.023
8.979	-5.949
8.985	-5.870
8.920	-5.823
8.881	-5.764
8.868	-5.744
8.860	-5.723
8.849	-5.702
POLYLINE BLACK
9.215	-5.568
9.185	-5.552
9.148	-5.530
9.120	-5.561
9.092	-5.593
9.097	-5.623
9.124	-5.654
9.151	-5.685
9.192	-5.713
9.234	-5.720
9.271	-5.725
9.306	-5.710
9.337	-5.694
9.396	-5.664
9.456	-5.616
9.483	-5.554
9.499	-5.516
9.458	-5.485
9.425	-5.478
9.405	-5.474
9.370	-5.474
9.351	-5.479
9.308	-5.489
9.266	-5.506
9.223	-5.516
9.191	-5.524
9.124	-5.514
9.103	-5.512
POLYLINE BLACK
8.791	-6.205
8.761	-6.193
8.732	-6.180
8.702	-6.170
8.687	-6.164
8.669	-6.160
8.652	-6.162
8.611	-6.166
8.577	-6.201
8.598	-6.242
8.604	-6.253
8.612	-6.264
8.622	-6.273
8.670	-6.315
8.741	-6.324
8.799	-6.298
8.817	-6.290
8.832	-6.275
8.835	-6.255
8.840	-6.211
8.807	-6.152
8.794	-6.117

ELEVATION
STATIONS
0.000	0.000	0
1.178	-7.571	1
0.960	-13.328	2
2.283	-16.094	3
0.604	-17.775	4
3.190	-20.825	5
3.614	-22.592	6
2.540	-23.495	7
3.245	-24.101	8
2.844	-28.509	9
4.494	-34.607	10
4.306	-38.387	11
5.013	-40.217	12
7.974	-49.647	13
5.971	-52.980	14
8.124	-54.874	15
9.524	-57.246	16
12.347	-59.582	17
14.214	-61.689	18
14.997	-65.965	19
17.105	-75.022	20
17.334	-87.593	21
19.593	-87.791	22
10.411	-47.752	13.1
11.922	-46.357	13.2
11.260	-46.844	13.3
12.550	-53.713	13.4
10.601	-55.043	13.5
11.997	-57.943	13.6
10.826	-64.166	13.7
14.516	-64.484	13.8
19.060	-63.160	13.9
20.786	-63.034	13.10
22.054	-62.972	13.11
23.687	-71.382	13.12
24.674	-72.956	13.13
SHOTS
0.000	0.000	0.807	-0.484
0.000	0.000	1.419	-0.336
0.000	0.000	0.374	-0.020
0.000	0.000	1.178	-7.571
1.178	-7.571	1.123	-7.720
1.178	-7.571	0.601	-7.571
1.178	-7.571	0.971	-7.707
1.178	-7.571	0.960	-13.328
0.960	-13.328	0.992	-13.374
0.960	-13.328	1.859	-13.350
0.960	-13.328	2.283	-16.094
2.283	-16.094	1.816	-15.968
2.283	-16.094	1.055	-16.057
2.283	-16.094	0.604	-17.775
0.604	-17.775	1.831	-17.803
0.604	-17.775	1.975	-17.250
0.604	-17.775	3.190	-20.825
3.190	-20.825	3.614	-22.592
3.614	-22.592	2.540	-23.495
2.540	-23.495	3.245	-24.101
3.245	-24.101	3.091	-25.824
3.245	-24.101	-3.921	-32.607
3.245	-24.101	2.844	-28.509
2.844	-28.509	3.464	-30.800
2.844	-28.509	1.433	-28.522
2.844	-28.509	0.893	-27.357
2.844	-28.509	0.082	-26.949
2.844	-28.509	4.494	-34.607
4.494	-34.607	3.909	-34.542
4.494	-34.607	4.171	-35.025
4.494	-34.607	4.812	-34.613
4.494	-34.607	4.306	-38.387
4.306	-38.387	4.113	-42.174
4.306	-38.387	4.120	-42.183
4.306	-38.387	4.658	-38.346
4.306	-38.387	5.013	-40.217
5.013	-40.217	2.107	-40.519
5.013	-40.217	3.829	-40.370
5.013	-40.217	5.385	-40.431
5.013	-40.217	4.267	-37.740
5.013	-40.217	7.974	-49.647
7.974	-49.647	6.853	-49.600
7.974	-49.647	10.311	-46.534
7.974	-49.647	8.079	-48.861
7.974	-49.647	5.971	-52.980
5.971	-52.980	8.124	-54.874
8.124	-54.874	9.524	-57.246
9.524	-57.246	12.347	-59.582
12.347	-59.582	14.214	-61.689
14.214	-61.689	14.997	-65.965
14.997	-65.965	16.030	-66.260
14.997	-65.965	14.550	-66.183
14.997	-65.965	17.105	-75.022
17.105	-75.022	17.104	-75.150
17.105	-75.022	17.334	-87.593
17.334	-87.593	19.593	-87.791
7.974	-49.647	10.411	-47.752
10.411	-47.752	9.593	-47.191
10.411	-47.752	8.226	-48.332
10.411	-47.752	8.372	-34.860
10.411	-47.752	10.074	-49.029
10.411	-47.752	11.241	-46.617
10.411	-47.752	11.922	-46.357
11.922	-46.357	11.212	-46.472
11.922	-46.357	11.102	-46.349
11.922	-46.357	10.684	-64.363
11.922	-46.357	11.260	-46.844
11.260	-46.844	13.774	-45.389
11.260	-46.844	13.764	-45.725
11.260	-46.844	12.550	-53.713
12.550	-53.713	10.601	-55.043
10.601	-55.043	11.997	-57.943
11.997	-57.943	10.826	-64.166
10.826	-64.166	14.516	-64.484
14.516	-64.484	19.060	-63.160
19.060	-63.160	18.973	-63.174
19.060	-63.160	20.786	-63.034
20.786	-63.034	21.199	-63.073
20.786	-63.034	22.054	-62.972
22.054	-62.972	21.928	-62.922
22.054	-62.972	23.439	-71.476
22.054	-62.972	22.086	-62.739
22.054	-62.972	23.687	-71.382
23.687	-71.382	23.423	-71.366
23.687	-71.382	24.674	-72.956
24.674	-72.956	25.032	-72.823
24.674	-72.956	25.657	-74.524
POLYLINE BLACK
2.477	1.044
2.477	1.051
2.465	1.050
2.459	1.053
2.465	1.050
2.477	1.038
2.477	1.044
POLYLINE BLACK
1.483	-0.137
1.353	-8.504
1.589	-3.018
1.247	-7.033
1.199	-7.596
1.252	-7.937
1.175	-7.532
POLYLINE BLACK
0.000	-0.000
0.000	-0.000
POLYLINE BLACK
0.012	-0.019
0.004	-0.069
-0.009	-0.118
-0.013	-0.168
-0.017	-0.209
-0.015	-0.251
-0.012	-0.292
0.004	-0.508
0.016	-0.724
0.043	-0.939
0.059	-1.070
0.108	-1.197
0.115	-1.329
0.129	-1.575
0.100	-1.822
0.103	-2.069
0.104	-2.158
0.121	-2.246
0.128	-2.335
0.158	-2.708
0.188	-3.081
0.216	-3.454
0.229	-3.629
0.226	-3.806
0.253	-3.980
0.505	-5.639
0.518	-4.725
0.620	-6.694
0.671	-7.680
0.368	-7.400
0.623	-7.626
POLYLINE BLACK
1.153	-7.661
1.155	-7.662
POLYLINE BLACK
1.214	-7.667
1.209	-7.803
1.204	-7.939
1.200	-8.074
1.194	-8.113
1.181	-8.151
1.184	-8.189
1.225	-8.735
1.315	-9.278
1.331	-9.825
1.354	-10.610
1.206	-10.351
1.148	-11.035
1.128	-11.271
1.145	-11.510
1.148	-11.747
1.148	-11.801
1.166	-11.855
1.158	-11.908
0.920	-13.437
0.957	-12.544
0.943	-13.427
POLYLINE BLACK
0.603	-7.589
0.603	-7.615
0.601	-7.640
0.603	-7.665
0.614	-7.804
0.781	-7.876
0.773	-8.021
0.771	-8.051
0.769	-8.082
0.761	-8.111
0.705	-8.323
0.644	-8.534
0.581	-8.745
0.533	-8.907
0.473	-9.066
0.429	-9.230
0.337	-9.568
0.258	-9.909
0.173	-10.248
-0.046	-10.932
-0.281	-11.611
-0.485	-12.299
-0.534	-12.463
-0.546	-12.636
-0.586	-12.802
-0.722	-13.363
-0.727	-13.087
-0.714	-13.343
POLYLINE BLACK
0.936	-13.214
0.954	-13.280
0.956	-13.318
0.990	-13.371
1.095	-13.534
1.295	-13.589
1.399	-13.771
1.778	-14.434
1.931	-14.638
2.107	-15.250
2.145	-15.386
2.180	-15.524
2.201	-15.664
2.320	-16.417
2.166	-15.859
2.301	-16.306
POLYLINE BLACK
-0.801	-13.286
-0.651	-13.471
-0.484	-13.644
-0.382	-13.863
-0.330	-13.976
-0.289	-14.095
-0.255	-14.216
-0.101	-14.760
0.023	-15.159
0.001	-15.716
-0.043	-16.821
-0.152	-16.210
-0.085	-16.562
POLYLINE BLACK
0.119	-13.309
0.278	-13.308
0.187	-13.313
0.392	-13.283
POLYLINE BLACK
0.314	-13.058
0.312	-13.340
0.301	-13.199
0.347	-13.479
POLYLINE BLACK
0.128	-13.234
0.220	-13.379
0.155	-13.298
0.349	-13.451
POLYLINE BLACK
0.432	-13.176
0.334	-13.363
POLYLINE BLACK
0.262	-13.873
0.529	-13.833
POLYLINE BLACK
0.326	-13.757
0.301	-13.933
0.314	-14.001
0.352	-14.164
POLYLINE BLACK
0.224	-13.702
0.329	-13.831
0.355	-13.841
0.500	-13.910
POLYLINE BLACK
0.520	-13.697
0.274	-13.965
POLYLINE BLACK
0.396	-14.313
0.621	-14.200
0.507	-14.246
0.735	-14.171
POLYLINE BLACK
0.574	-14.086
0.502	-14.341
0.513	-14.318
0.600	-14.569
POLYLINE BLACK
0.520	-14.015
0.494	-14.335
0.476	-14.196
0.539	-14.437
POLYLINE BLACK
0.337	-14.532
0.612	-14.356
0.454	-14.472
0.785	-14.155
POLYLINE BLACK
0.407	-14.075
0.458	-14.243
0.503	-14.250
0.662	-14.323
POLYLINE BLACK
0.569	-14.845
0.878	-14.727
POLYLINE BLACK
0.695	-14.572
0.699	-14.909
0.673	-14.755
0.757	-15.036
POLYLINE BLACK
0.507	-14.817
0.690	-14.818
0.765	-14.779
0.928	-14.704
POLYLINE BLACK
0.645	-14.679
0.656	-14.719
0.665	-14.760
0.679	-14.800
0.712	-14.895
0.915	-14.922
0.960	-14.936
POLYLINE BLACK
0.504	-15.068
0.830	-14.692
POLYLINE BLACK
0.697	-15.372
1.133	-15.216
POLYLINE BLACK
0.875	-15.144
0.852	-15.293
0.881	-15.415
0.921	-15.554
POLYLINE BLACK
0.780	-15.063
0.887	-15.318
0.821	-15.172
0.990	-15.497
POLYLINE BLACK
0.665	-15.537
0.928	-15.358
0.771	-15.476
1.116	-15.156
POLYLINE BLACK
0.983	-15.807
1.108	-15.792
POLYLINE BLACK
0.921	-15.577
0.918	-15.657
0.914	-15.737
0.910	-15.817
0.905	-15.844
0.895	-15.872
0.895	-15.900
0.896	-15.958
0.906	-16.016
0.911	-16.075
POLYLINE BLACK
0.682	-15.743
1.003	-15.818
0.863	-15.797
1.098	-15.823
POLYLINE BLACK
1.071	-15.682
1.206	-15.762
1.118	-15.723
1.349	-15.762
POLYLINE BLACK
1.182	-15.584
1.220	-15.790
1.238	-15.817
1.349	-15.981
POLYLINE BLACK
0.668	-15.718
0.664	-15.885
0.654	-15.787
0.738	-16.006
POLYLINE BLACK
-0.125	-13.955
0.116	-13.968
POLYLINE BLACK
-0.012	-13.747
-0.069	-14.113
-0.079	-13.947
-0.015	-14.246
POLYLINE BLACK
-0.014	-13.685
-0.028	-13.763
-0.042	-13.840
-0.056	-13.917
-0.055	-13.943
-0.062	-13.970
-0.055	-13.994
-0.035	-14.064
-0.001	-14.130
0.026	-14.198
POLYLINE BLACK
-0.104	-14.344
0.179	-14.355
0.031	-14.355
0.341	-14.341
POLYLINE BLACK
0.154	-14.216
0.150	-14.238
0.087	-14.467
0.101	-14.548
0.110	-14.601
0.131	-14.652
0.146	-14.704
POLYLINE BLACK
0.015	-14.644
0.317	-14.656
0.183	-14.665
0.417	-14.635
POLYLINE BLACK
0.191	-14.419
0.138	-14.701
0.130	-14.633
0.208	-14.892
POLYLINE BLACK
0.048	-15.110
0.439	-15.005
POLYLINE BLACK
0.243	-14.782
0.229	-14.907
0.214	-15.039
0.260	-15.160
0.275	-15.201
0.295	-15.241
0.312	-15.281
POLYLINE BLACK
0.083	-14.785
0.187	-14.997
0.199	-15.011
0.402	-15.090
POLYLINE BLACK
0.394	-14.907
0.221	-15.117
0.293	-15.008
0.171	-15.229
POLYLINE BLACK
0.028	-15.530
0.437	-15.523
0.254	-15.547
0.580	-15.479
POLYLINE BLACK
0.379	-15.311
0.339	-15.627
0.346	-15.488
0.346	-15.728
POLYLINE BLACK
0.189	-15.259
0.216	-15.381
0.252	-15.514
0.361	-15.590
0.394	-15.613
0.429	-15.631
0.464	-15.652
POLYLINE BLACK
0.442	-15.449
0.276	-15.597
0.349	-15.516
0.221	-15.690
POLYLINE BLACK
0.139	-15.986
0.239	-16.005
0.358	-16.041
0.465	-16.030
0.535	-16.022
0.605	-16.006
0.675	-15.995
POLYLINE BLACK
0.337	-15.868
0.373	-16.033
0.346	-15.935
0.432	-16.158
POLYLINE BLACK
0.404	-15.755
0.370	-16.064
0.373	-15.932
0.377	-16.149
POLYLINE BLACK
0.123	-16.153
0.463	-15.969
0.307	-16.037
0.584	-15.931
POLYLINE BLACK
0.254	-15.760
0.316	-15.940
0.327	-15.945
0.479	-16.051
POLYLINE BLACK
1.044	-16.364
1.347	-16.278
1.210	-16.303
1.450	-16.273
POLYLINE BLACK
1.209	-16.081
1.186	-16.560
POLYLINE BLACK
1.014	-16.279
1.119	-16.610
POLYLINE BLACK
0.680	-16.284
0.863	-16.307
0.754	-16.301
1.009	-16.281
POLYLINE BLACK
0.625	-16.174
0.704	-16.340
0.720	-16.330
0.900	-16.377
POLYLINE BLACK
0.740	-16.124
0.648	-16.644
POLYLINE BLACK
0.204	-16.382
0.559	-16.471
POLYLINE BLACK
0.331	-16.153
0.324	-16.220
0.298	-16.369
0.320	-16.454
0.331	-16.501
0.352	-16.545
0.369	-16.590
POLYLINE BLACK
0.228	-16.547
0.480	-16.392
POLYLINE BLACK
-0.130	-16.475
0.024	-16.669
0.150	-16.885
0.209	-17.126
0.247	-17.279
0.235	-17.341
0.296	-17.461
0.364	-17.594
0.383	-17.556
0.499	-17.713
0.538	-17.767
0.566	-17.829
0.600	-17.886
POLYLINE BLACK
0.647	-16.948
1.325	-16.780
POLYLINE BLACK
1.056	-16.697
1.064	-17.089
1.044	-16.910
1.103	-17.236
POLYLINE BLACK
0.946	-16.760
1.123	-16.939
1.004	-16.834
1.334	-17.036
POLYLINE BLACK
0.542	-17.204
1.289	-17.129
POLYLINE BLACK
0.254	-16.748
0.506	-16.895
0.387	-16.852
0.598	-16.906
POLYLINE BLACK
0.380	-16.708
0.457	-17.208
POLYLINE BLACK
0.959	-17.089
1.091	-17.141
POLYLINE BLACK
1.086	-17.530
1.390	-17.561
1.085	-17.522
1.509	-17.620
1.558	-17.631
1.609	-17.636
1.660	-17.643
POLYLINE BLACK
1.189	-17.585
1.518	-17.687
1.386	-17.657
1.578	-17.697
POLYLINE BLACK
1.535	-17.449
1.609	-17.568
1.633	-17.698
1.668	-17.831
POLYLINE BLACK
1.489	-17.131
1.823	-17.126
1.687	-17.115
1.898	-17.139
POLYLINE BLACK
1.513	-17.833
1.567	-18.030
1.528	-17.915
1.650	-18.173
POLYLINE BLACK
1.459	-17.778
1.387	-18.388
1.430	-18.152
1.362	-18.490
POLYLINE BLACK
1.730	-16.683
1.599	-16.888
1.522	-17.124
1.530	-17.369
1.532	-17.427
1.542	-17.484
1.549	-17.541
POLYLINE BLACK
1.444	-16.603
1.693	-16.651
POLYLINE BLACK
1.381	-16.465
1.472	-16.684
1.474	-16.834
1.480	-17.064
POLYLINE BLACK
1.635	-17.234
1.863	-17.275
1.743	-17.265
1.996	-17.259
POLYLINE BLACK
1.911	-16.982
1.918	-17.024
1.930	-17.064
1.932	-17.106
1.940	-17.235
1.867	-17.498
1.853	-17.563
POLYLINE BLACK
1.858	-17.899
1.949	-18.540
POLYLINE BLACK
2.344	-16.247
2.307	-16.272
2.268	-16.295
2.233	-16.322
2.215	-16.336
2.197	-16.351
2.185	-16.370
2.103	-16.511
2.018	-16.653
1.953	-16.803
1.846	-17.048
1.802	-17.337
1.810	-17.602
1.821	-17.973
1.841	-18.132
1.960	-18.418
POLYLINE BLACK
0.649	-17.792
0.652	-17.846
0.647	-17.900
0.657	-17.953
0.660	-17.964
0.720	-18.225
0.774	-18.295
0.978	-18.556
1.026	-18.624
1.274	-18.795
1.385	-18.871
1.435	-18.870
1.515	-18.949
1.534	-18.968
1.549	-18.990
1.566	-19.011
1.707	-19.184
1.840	-19.364
1.989	-19.531
2.054	-19.603
2.143	-19.651
2.204	-19.725
2.411	-19.976
2.588	-20.251
2.793	-20.504
2.844	-20.567
3.160	-20.810
3.183	-20.827
POLYLINE BLACK
1.722	-17.945
2.260	-17.714
2.033	-17.789
2.389	-17.684
POLYLINE BLACK
2.134	-17.620
2.150	-17.835
2.095	-18.037
2.039	-18.241
POLYLINE BLACK
2.007	-17.556
2.073	-17.717
2.138	-17.727
2.267	-17.840
2.291	-17.861
2.312	-17.886
2.334	-17.910
POLYLINE BLACK
1.882	-18.207
2.073	-18.241
2.133	-18.266
2.318	-18.251
2.394	-18.245
2.469	-18.228
2.544	-18.216
POLYLINE BLACK
2.388	-17.971
2.368	-18.168
2.379	-18.258
2.323	-18.417
2.309	-18.458
2.290	-18.496
2.273	-18.535
POLYLINE BLACK
2.208	-18.011
2.208	-18.011
2.379	-18.283
2.466	-18.341
2.513	-18.373
2.566	-18.396
2.617	-18.424
POLYLINE BLACK
2.004	-18.427
2.407	-18.263
2.235	-18.317
2.513	-18.241
POLYLINE BLACK
2.215	-18.757
2.333	-18.791
2.366	-18.811
2.492	-18.808
2.553	-18.806
2.613	-18.795
2.673	-18.788
POLYLINE BLACK
2.514	-18.544
2.493	-19.194
POLYLINE BLACK
2.554	-18.715
2.726	-18.829
2.743	-18.812
2.957	-18.809
POLYLINE BLACK
2.559	-18.330
2.713	-18.370
2.779	-18.335
2.924	-18.277
POLYLINE BLACK
2.826	-18.008
2.920	-18.469
POLYLINE BLACK
2.535	-17.864
2.666	-17.919
2.731	-17.901
2.866	-17.871
POLYLINE BLACK
2.759	-17.446
2.767	-18.028
2.792	-17.777
2.724	-18.201
POLYLINE BLACK
2.556	-17.605
2.898	-17.654
POLYLINE BLACK
2.144	-17.199
2.246	-17.308
2.330	-17.364
2.450	-17.428
POLYLINE BLACK
2.033	-17.590
2.439	-17.355
2.273	-17.471
2.545	-17.263
POLYLINE BLACK
2.859	-18.770
3.319	-18.839
3.148	-18.795
3.381	-18.861
POLYLINE BLACK
3.110	-18.645
2.994	-19.288
POLYLINE BLACK
2.611	-19.240
3.004	-19.259
2.824	-19.274
3.152	-19.216
POLYLINE BLACK
2.825	-18.897
2.898	-19.217
2.872	-19.034
2.878	-19.450
POLYLINE BLACK
2.938	-18.500
3.230	-18.434
3.094	-18.474
3.348	-18.385
POLYLINE BLACK
3.070	-18.296
3.141	-18.465
3.137	-18.426
3.164	-18.588
3.172	-18.635
3.174	-18.684
3.184	-18.730
3.194	-18.772
3.210	-18.813
3.225	-18.854
3.227	-18.860
3.230	-18.866
3.234	-18.871
3.267	-18.921
3.301	-18.969
3.335	-19.019
POLYLINE BLACK
2.921	-18.342
3.214	-18.356
3.043	-18.339
3.433	-18.417
POLYLINE BLACK
3.510	-18.425
3.522	-18.528
3.535	-18.631
3.547	-18.733
3.548	-18.776
3.545	-18.820
3.549	-18.863
3.554	-18.906
3.567	-18.949
3.575	-18.992
POLYLINE BLACK
3.379	-18.806
3.529	-18.823
3.660	-18.773
3.801	-18.730
POLYLINE BLACK
3.338	-18.644
3.730	-18.662
3.562	-18.667
3.843	-18.648
POLYLINE BLACK
3.752	-18.488
3.343	-18.972
3.486	-18.753
3.278	-19.112
POLYLINE BLACK
3.080	-19.505
3.587	-19.502
3.382	-19.483
3.700	-19.524
POLYLINE BLACK
3.369	-19.277
3.342	-19.645
3.379	-19.246
3.302	-19.711
3.292	-19.769
3.290	-19.827
3.284	-19.885
POLYLINE BLACK
3.173	-19.246
3.238	-19.383
3.327	-19.478
3.467	-19.537
3.501	-19.550
3.577	-19.565
3.607	-19.571
POLYLINE BLACK
3.134	-19.722
3.334	-19.656
3.393	-19.541
3.562	-19.401
3.612	-19.360
3.669	-19.329
3.722	-19.294
POLYLINE BLACK
3.717	-19.102
3.816	-19.096
3.916	-19.090
4.016	-19.085
4.056	-19.082
4.096	-19.076
4.136	-19.077
4.201	-19.080
4.265	-19.091
4.329	-19.097
POLYLINE BLACK
4.000	-18.868
4.056	-19.182
4.037	-18.998
4.024	-19.423
POLYLINE BLACK
3.742	-18.809
3.855	-18.965
4.010	-19.055
4.180	-19.132
POLYLINE BLACK
4.061	-19.120
3.973	-19.207
3.935	-19.313
3.892	-19.426
POLYLINE BLACK
2.370	-16.264
2.435	-16.565
2.419	-16.568
2.566	-16.870
2.606	-16.951
2.650	-17.031
2.705	-17.103
2.848	-17.274
2.991	-17.445
3.133	-17.616
3.206	-17.690
3.285	-17.757
3.351	-17.837
3.436	-17.940
3.501	-18.058
3.584	-18.163
4.005	-18.696
3.806	-18.339
4.257	-19.017
4.475	-19.345
4.331	-19.221
4.520	-19.534
4.646	-19.744
4.803	-19.937
4.921	-20.152
5.001	-20.299
5.250	-21.019
5.294	-21.141
POLYLINE BLACK
3.125	-20.847
3.089	-21.057
3.048	-21.266
3.017	-21.477
2.999	-21.600
3.036	-21.740
3.111	-21.838
3.230	-21.990
3.395	-22.056
3.420	-22.268
3.434	-22.387
3.336	-22.538
3.236	-22.595
3.178	-22.628
3.113	-22.650
3.059	-22.689
2.933	-22.778
2.714	-22.981
2.606	-23.096
2.445	-23.268
2.411	-23.336
2.341	-23.559
2.322	-23.621
2.317	-23.687
2.339	-23.748
2.354	-23.789
2.383	-23.819
2.409	-23.854
POLYLINE BLACK
5.289	-21.065
5.230	-21.385
5.164	-21.714
5.154	-22.038
5.148	-22.207
5.186	-22.375
5.203	-22.543
5.209	-22.596
5.219	-22.648
5.222	-22.702
5.223	-22.722
5.220	-22.742
5.217	-22.761
5.211	-22.781
5.205	-22.800
5.199	-22.819
5.199	-22.822
5.198	-22.827
5.199	-22.826
5.212	-22.816
5.222	-22.804
5.233	-22.792
POLYLINE BLACK
5.270	-22.711
5.245	-22.747
5.218	-22.782
5.196	-22.820
5.141	-22.918
5.119	-23.080
5.155	-23.191
5.157	-23.197
5.162	-23.202
5.167	-23.207
5.206	-23.258
5.245	-23.309
5.285	-23.360
POLYLINE BLACK
2.366	-23.807
2.462	-23.854
2.558	-23.900
2.653	-23.947
2.705	-23.977
2.756	-24.011
2.809	-24.039
2.906	-24.090
3.004	-24.140
3.105	-24.184
3.151	-24.204
3.200	-24.215
3.247	-24.231
POLYLINE BLACK
4.309	-34.912
4.034	-37.019
4.288	-34.632
4.243	-37.305
4.237	-37.705
4.173	-38.102
4.137	-38.500
POLYLINE BLACK
4.174	-38.337
4.086	-38.453
4.135	-38.383
4.032	-38.552
POLYLINE BLACK
3.792	-38.367
3.795	-38.364
POLYLINE BLACK
4.107	-38.521
3.982	-38.561
3.894	-38.652
3.790	-38.726
3.521	-38.919
3.646	-38.777
3.279	-39.180
3.166	-39.304
3.084	-39.454
2.966	-39.572
2.599	-39.940
2.192	-40.132
2.008	-40.613
POLYLINE BLACK
4.893	-38.696
4.893	-38.696
POLYLINE BLACK
4.778	-38.568
4.760	-38.551
POLYLINE BLACK
2.239	-40.798
2.140	-40.808
2.015	-40.795
1.930	-40.865
1.693	-41.058
1.772	-41.741
1.806	-41.943
1.906	-42.525
2.079	-43.093
2.163	-43.677
2.238	-44.200
2.229	-44.732
2.283	-45.257
2.304	-45.454
2.366	-45.645
2.386	-45.842
2.519	-47.161
2.535	-48.318
2.707	-49.638
3.416	-55.072
3.118	-51.350
3.349	-54.732
POLYLINE BLACK
7.966	-49.798
8.236	-51.414
8.159	-50.650
8.120	-53.153
8.119	-53.274
8.089	-53.393
8.074	-53.514
POLYLINE BLACK
8.011	-54.951
7.996	-55.082
7.972	-55.212
7.965	-55.343
7.952	-55.580
8.146	-56.255
8.146	-56.257
8.156	-56.294
8.171	-56.329
8.191	-56.360
8.331	-56.583
8.478	-56.802
8.626	-57.020
8.709	-57.143
8.789	-57.205
8.831	-57.334
8.867	-57.443
8.880	-57.718
8.887	-57.760
8.899	-57.834
8.963	-57.963
8.983	-58.028
9.001	-58.084
9.007	-58.142
9.024	-58.198
9.067	-58.335
9.281	-58.523
9.323	-58.566
9.518	-58.766
9.634	-58.750
9.917	-58.807
POLYLINE BLACK
8.950	-54.733
8.953	-54.777
8.949	-55.007
8.988	-55.113
8.994	-55.131
9.004	-55.148
9.013	-55.165
9.041	-55.219
9.072	-55.259
9.084	-55.319
9.120	-55.494
9.049	-55.442
9.120	-55.708
9.199	-56.004
9.322	-56.286
9.405	-56.581
9.445	-56.725
9.457	-56.876
9.489	-57.023
9.500	-57.075
9.519	-57.125
9.533	-57.177
9.542	-57.206
9.541	-57.217
9.557	-57.244
9.611	-57.331
9.657	-57.364
9.747	-57.444
9.758	-57.454
9.771	-57.462
9.784	-57.468
9.862	-57.505
9.904	-57.514
9.990	-57.539
POLYLINE BLACK
9.887	-58.761
10.189	-58.804
9.683	-58.735
10.418	-58.794
10.482	-58.799
10.546	-58.813
10.609	-58.825
10.619	-58.827
10.629	-58.832
10.638	-58.836
10.773	-58.898
10.906	-58.965
11.043	-59.023
11.215	-59.097
11.313	-59.105
11.455	-59.198
11.567	-59.270
11.670	-59.355
11.782	-59.426
12.461	-59.858
12.126	-59.591
12.405	-59.820
POLYLINE BLACK
9.953	-57.521
10.048	-57.535
10.144	-57.549
10.239	-57.563
10.258	-57.570
10.279	-57.573
10.297	-57.583
10.578	-57.746
10.749	-57.964
11.015	-58.190
11.152	-58.305
11.300	-58.405
11.438	-58.519
11.535	-58.600
11.618	-58.697
11.719	-58.773
11.838	-58.847
11.957	-58.922
12.075	-58.996
12.135	-59.029
12.200	-59.054
12.256	-59.095
12.360	-59.171
12.452	-59.262
12.551	-59.345
POLYLINE BLACK
12.369	-59.765
12.463	-59.847
12.557	-59.929
12.651	-60.011
12.677	-60.033
12.708	-60.050
12.730	-60.076
12.862	-60.232
13.212	-60.673
13.379	-60.903
13.386	-60.913
13.390	-60.924
13.394	-60.935
13.420	-61.010
13.441	-61.086
13.468	-61.160
13.483	-61.199
13.522	-61.252
13.550	-61.279
13.703	-61.426
13.854	-61.457
14.057	-61.586
14.123	-61.628
14.178	-61.686
14.238	-61.735
POLYLINE BLACK
12.545	-59.357
12.643	-59.462
12.739	-59.567
12.838	-59.670
13.026	-59.868
13.225	-60.056
13.404	-60.261
13.903	-60.832
13.594	-60.572
13.884	-60.852
14.007	-60.971
14.129	-61.090
14.255	-61.205
14.279	-61.226
14.339	-61.271
14.379	-61.282
14.395	-61.286
14.411	-61.287
14.427	-61.289
POLYLINE BLACK
14.345	-61.185
14.556	-61.601
15.296	-62.765
15.365	-63.502
15.469	-64.604
15.331	-65.613
15.065	-66.676
POLYLINE BLACK
14.239	-61.673
14.176	-61.736
14.108	-61.795
14.050	-61.863
13.778	-62.182
13.693	-63.051
13.639	-63.315
13.247	-65.240
13.301	-64.472
13.309	-66.605
13.310	-67.010
13.309	-66.967
13.389	-67.233
POLYLINE BLACK
14.984	-66.637
15.034	-66.666
15.087	-66.691
15.135	-66.723
15.172	-66.747
15.221	-66.804
15.242	-66.842
15.397	-67.116
15.556	-67.389
15.699	-67.670
15.891	-68.047
16.142	-68.405
16.249	-68.815
16.456	-69.937
16.664	-71.058
16.871	-72.180
16.882	-72.270
16.885	-72.361
16.905	-72.449
16.931	-72.561
16.964	-72.673
17.011	-72.778
17.200	-73.200
17.310	-73.188
17.324	-73.611
17.333	-73.872
17.235	-74.100
17.203	-74.361
17.179	-74.560
17.172	-74.760
17.173	-74.960
17.175	-75.228
17.174	-75.190
17.285	-75.347
POLYLINE BLACK
13.349	-67.283
13.344	-67.410
13.321	-67.537
13.335	-67.662
13.378	-68.040
13.447	-68.414
13.518	-68.787
13.568	-69.045
13.671	-69.292
13.699	-69.554
13.879	-71.262
14.024	-72.974
14.141	-74.687
14.172	-75.150
14.154	-75.615
14.144	-76.079
14.131	-76.695
14.059	-76.010
14.136	-76.574
POLYLINE BLACK
14.150	-76.287
14.101	-76.404
14.044	-76.518
14.002	-76.638
13.981	-76.697
13.963	-76.759
13.961	-76.821
13.942	-77.736
13.922	-77.713
14.178	-78.513
14.251	-78.741
14.372	-78.909
14.384	-79.141
14.390	-79.243
14.383	-79.345
14.378	-79.446
14.354	-79.971
14.312	-80.496
14.299	-81.022
14.298	-81.069
14.324	-81.112
14.336	-81.156
POLYLINE BLACK
14.321	-80.893
14.338	-81.008
14.373	-81.121
14.374	-81.236
14.377	-81.658
14.320	-82.079
14.334	-82.500
14.346	-82.824
14.467	-83.116
14.547	-83.424
14.591	-83.598
14.627	-83.774
14.669	-83.949
14.689	-84.030
14.722	-84.108
14.733	-84.191
14.817	-84.834
14.892	-85.478
14.953	-86.123
14.990	-86.516
14.981	-86.914
15.025	-87.307
15.141	-88.354
15.116	-87.849
15.284	-88.495
15.326	-88.656
15.325	-89.026
15.513	-89.172
15.564	-89.212
15.644	-89.242
15.709	-89.240
16.268	-89.227
16.827	-89.190
17.386	-89.184
17.553	-89.182
17.719	-89.216
17.886	-89.216
18.225	-89.218
18.563	-89.191
18.901	-89.190
19.040	-89.189
19.178	-89.219
19.317	-89.211
19.498	-89.201
19.675	-89.144
19.856	-89.135
20.131	-89.120
20.406	-89.140
20.680	-89.138
20.922	-89.137
21.163	-89.130
21.404	-89.126
POLYLINE BLACK
19.096	-86.614
19.529	-86.862
19.410	-86.812
20.148	-87.038
20.254	-87.071
20.364	-87.091
20.475	-87.098
20.706	-87.115
20.939	-87.101
21.171	-87.110
22.081	-87.147
20.059	-87.213
22.297	-87.088
POLYLINE BLACK
22.327	-87.669
22.452	-87.607
22.576	-87.546
22.700	-87.485
22.711	-87.488
22.726	-87.487
22.731	-87.496
22.767	-87.557
22.628	-87.771
22.610	-87.799
22.519	-87.945
22.284	-88.217
22.396	-88.421
22.429	-88.480
22.495	-88.520
22.546	-88.560
POLYLINE BLACK
22.231	-89.460
22.170	-89.451
POLYLINE BLACK
22.238	-89.250
22.180	-89.336
22.118	-89.421
22.139	-89.529
22.144	-89.555
22.153	-89.600
22.180	-89.617
22.239	-89.655
22.322	-89.555
22.350	-89.517
22.376	-89.479
22.391	-89.443
22.401	-89.397
22.422	-89.305
22.320	-89.225
22.238	-89.219
22.198	-89.217
22.158	-89.229
22.125	-89.250
22.115	-89.256
22.109	-89.265
22.101	-89.273
22.052	-89.327
22.003	-89.382
21.954	-89.436
POLYLINE BLACK
19.115	-86.701
19.171	-86.072
19.274	-85.447
19.283	-84.816
19.241	-84.454
19.199	-84.092
19.157	-83.730
19.162	-83.719
19.163	-83.706
19.170	-83.697
19.208	-83.648
19.369	-83.698
19.384	-83.697
19.764	-83.680
20.143	-83.656
20.522	-83.619
22.465	-83.428
16.666	-83.374
23.438	-83.536
24.022	-83.550
24.604	-83.638
25.189	-83.646
25.411	-83.649
25.629	-83.590
25.850	-83.569
25.897	-83.564
25.944	-83.570
25.990	-83.570
26.045	-83.564
26.099	-83.558
26.153	-83.551
POLYLINE BLACK
27.063	-81.290
27.137	-81.238
27.207	-81.182
27.285	-81.135
27.435	-81.043
27.716	-80.968
27.805	-81.179
27.826	-81.229
27.842	-81.299
27.837	-81.353
27.829	-81.456
27.760	-81.720
27.791	-81.885
27.811	-81.994
27.888	-82.039
27.968	-82.122
POLYLINE BLACK
27.801	-83.485
27.651	-83.486
POLYLINE BLACK
17.253	-75.421
17.502	-75.489
17.755	-75.541
17.999	-75.624
18.150	-75.676
18.366	-75.839
18.508	-75.913
18.763	-76.047
19.018	-76.182
19.282	-76.298
19.410	-76.354
19.549	-76.383
19.682	-76.429
19.765	-76.459
19.846	-76.497
19.930	-76.528
20.027	-76.563
20.130	-76.586
20.224	-76.629
20.384	-76.703
20.530	-76.804
20.689	-76.880
20.746	-76.907
20.808	-76.921
20.869	-76.938
21.201	-77.027
21.538	-77.097
21.867	-77.198
22.869	-77.504
21.813	-77.447
23.576	-77.742
24.367	-77.875
25.177	-77.862
25.968	-77.994
26.294	-78.049
26.592	-78.217
26.912	-78.302
27.323	-78.412
27.533	-78.357
27.970	-78.330
POLYLINE BLACK
27.739	-78.229
27.846	-78.339
27.947	-78.453
28.058	-78.559
28.089	-78.588
28.127	-78.609
28.163	-78.630
28.385	-78.763
28.602	-78.903
28.832	-79.021
29.107	-79.163
29.389	-79.294
29.677	-79.409
29.903	-79.500
30.144	-79.550
30.372	-79.637
30.479	-79.678
30.571	-79.756
30.679	-79.793
31.396	-80.033
31.246	-80.018
31.685	-80.008
POLYLINE BLACK
3.136	-24.279
2.906	-24.382
2.664	-24.461
2.446	-24.587
2.402	-24.612
1.104	-25.546
1.062	-25.574
1.013	-25.606
0.958	-25.629
0.902	-25.646
0.684	-25.711
0.460	-25.755
0.241	-25.818
0.149	-25.845
0.036	-25.919
-0.031	-25.979
-0.266	-26.192
-0.293	-26.239
-0.466	-26.455
POLYLINE BLACK
0.486	-28.109
-0.540	-29.255
-1.520	-30.445
-2.592	-31.548
-3.975	-32.971
-4.815	-33.458
-6.619	-34.352
-6.892	-34.487
-7.190	-34.571
-7.488	-34.634
-7.806	-34.702
-8.134	-34.712
-8.458	-34.742
-8.587	-34.754
-8.724	-34.723
-8.839	-34.666
-9.085	-34.544
-9.019	-34.259
-8.927	-34.055
-8.664	-33.472
-7.700	-32.654
-7.565	-32.497
-6.887	-31.708
-6.966	-31.575
-6.303	-31.036
-5.051	-30.018
-3.773	-29.032
-2.516	-28.019
-0.509	-26.401
-1.445	-26.949
-0.424	-26.380
POLYLINE BLACK
8.074	-53.403
8.035	-53.553
8.024	-53.685
8.096	-53.823
8.111	-53.851
8.126	-53.881
8.148	-53.903
8.252	-54.007
8.374	-54.092
8.472	-54.200
8.609	-54.350
8.675	-54.524
8.838	-54.638
8.879	-54.667
8.925	-54.686
8.969	-54.710
POLYLINE BLACK
-0.553	-66.524
-0.523	-66.652
POLYLINE BLACK
3.424	-54.140
6.483	-54.015
5.008	-53.993
7.849	-54.174
POLYLINE BLACK
7.707	-54.144
7.788	-54.328
7.828	-54.486
7.956	-54.632
8.010	-54.693
8.071	-54.747
8.128	-54.804
8.143	-54.818
8.160	-54.829
8.173	-54.845
8.224	-54.907
8.271	-54.973
8.321	-55.037
POLYLINE BLACK
0.454	-28.113
0.458	-28.003
0.463	-27.941
0.515	-27.843
0.539	-27.799
0.573	-27.761
0.595	-27.717
0.620	-27.668
0.633	-27.614
0.656	-27.564
0.667	-27.538
0.696	-27.502
0.717	-27.483
0.729	-27.473
0.744	-27.466
0.757	-27.457
POLYLINE BLACK
0.652	-27.508
0.703	-27.497
0.790	-27.389
0.870	-27.391
1.022	-27.394
1.309	-27.396
1.497	-27.424
1.513	-27.426
1.541	-27.433
1.556	-27.446
1.581	-27.467
1.583	-27.512
1.585	-27.540
1.589	-27.587
1.587	-27.635
1.593	-27.682
1.598	-27.720
1.612	-27.756
1.618	-27.794
1.635	-27.907
1.588	-28.068
1.554	-28.173
1.549	-28.186
1.541	-28.197
1.535	-28.209
1.512	-28.247
1.486	-28.283
1.466	-28.323
1.437	-28.378
1.410	-28.434
1.387	-28.492
1.379	-28.512
1.376	-28.534
1.373	-28.556
1.362	-28.663
1.392	-28.752
1.451	-28.847
1.465	-28.868
1.492	-28.875
1.512	-28.889
POLYLINE BLACK
1.442	-28.812
1.639	-28.970
1.844	-29.144
1.936	-29.389
2.034	-29.652
2.088	-29.930
2.195	-30.189
2.278	-30.389
2.404	-30.568
2.502	-30.760
2.935	-31.615
2.426	-30.669
2.889	-31.709
3.102	-32.186
3.363	-32.640
3.562	-33.122
3.662	-33.365
3.701	-33.629
3.783	-33.878
3.820	-33.990
3.884	-34.090
3.918	-34.202
4.019	-34.535
4.097	-34.875
4.188	-35.211
4.192	-35.223
4.189	-35.242
4.201	-35.247
4.253	-35.271
4.311	-35.278
4.366	-35.293
POLYLINE BLACK
4.740	-38.566
4.739	-38.508
4.741	-38.451
4.736	-38.394
4.665	-37.547
4.648	-40.040
4.670	-37.013
4.673	-36.676
4.707	-36.339
4.727	-36.002
4.791	-34.887
4.685	-35.145
4.966	-34.350
4.977	-34.317
4.995	-34.287
5.014	-34.258
5.112	-34.120
5.105	-34.160
5.216	-34.042
5.228	-34.029
5.237	-34.014
5.246	-33.998
5.272	-33.955
5.288	-33.905
5.319	-33.865
5.402	-33.758
5.495	-33.658
5.589	-33.560
5.609	-33.538
5.634	-33.522
5.658	-33.507
5.801	-33.416
5.954	-33.341
6.091	-33.241
6.230	-33.139
6.364	-33.029
6.483	-32.904
6.685	-32.691
6.864	-32.458
7.049	-32.231
7.066	-32.210
7.075	-32.184
7.087	-32.159
7.132	-32.070
7.172	-31.978
7.220	-31.889
7.239	-31.854
7.270	-31.803
7.309	-31.777
7.366	-31.738
7.452	-31.743
7.514	-31.737
POLYLINE BLACK
5.191	-23.223
5.219	-23.258
5.237	-23.293
5.272	-23.318
5.388	-23.395
5.567	-23.318
5.706	-23.372
5.915	-23.454
6.133	-23.526
6.311	-23.666
6.442	-23.770
6.515	-23.866
6.599	-24.013
6.634	-24.073
6.670	-24.135
6.686	-24.203
7.080	-25.895
6.785	-24.665
6.916	-25.664
6.965	-26.033
7.047	-26.397
7.085	-26.767
7.144	-27.334
7.146	-27.906
7.205	-28.473
7.284	-29.233
7.422	-29.986
7.501	-30.745
7.528	-31.003
7.523	-31.264
7.524	-31.524
7.524	-31.566
7.482	-31.743
7.440	-31.771
7.432	-31.776
7.430	-31.755
7.429	-31.746
7.428	-31.719
7.434	-31.691
7.437	-31.664
POLYLINE BLACK
7.821	-49.748
7.821	-49.748
POLYLINE BLUE
10.504	-57.113
10.530	-57.265
10.571	-57.416
10.582	-57.570
10.595	-57.749
10.576	-57.929
10.576	-58.109
10.576	-58.770
10.563	-59.431
10.584	-60.092
10.593	-60.375
10.630	-62.993
10.785	-64.356
POLYLINE BLUE
7.816	-49.596
7.899	-49.619
7.980	-49.649
8.064	-49.664
8.270	-49.701
8.549	-49.677
8.739	-49.590
8.971	-49.485
9.182	-49.335
9.420	-49.242
9.515	-49.205
10.001	-49.049
10.204	-49.138
10.408	-49.228
10.458	-49.508
10.443	-49.703
10.387	-50.457
10.284	-51.209
10.246	-51.965
10.146	-53.917
10.416	-53.046
10.629	-55.554
10.795	-57.504
10.195	-56.777
10.750	-57.379
POLYLINE BLUE
4.646	-38.568
4.742	-38.566
4.840	-38.578
4.934	-38.562
5.541	-38.460
6.034	-38.155
6.460	-37.711
6.699	-37.462
6.906	-37.184
7.109	-36.905
7.239	-36.728
7.356	-36.540
7.458	-36.344
7.666	-35.946
7.831	-35.304
8.218	-34.959
8.334	-34.857
8.489	-34.811
8.638	-34.788
9.206	-34.702
9.754	-35.110
10.180	-35.412
10.690	-35.775
11.188	-36.154
11.689	-36.528
12.203	-36.912
12.748	-37.256
13.225	-37.685
14.322	-38.671
14.710	-39.417
15.496	-40.692
15.619	-40.893
15.722	-41.105
15.838	-41.310
15.852	-41.334
15.893	-41.346
15.918	-41.346
15.967	-41.346
16.022	-41.332
16.066	-41.323
POLYLINE BLUE
10.801	-64.375
11.165	-64.421
11.526	-64.484
11.892	-64.513
12.891	-64.592
13.891	-64.655
14.892	-64.700
15.056	-64.708
15.219	-64.685
15.383	-64.671
15.992	-64.622
16.599	-64.536
17.210	-64.512
17.542	-64.499
17.873	-64.540
18.205	-64.561
18.234	-64.563
18.264	-64.567
18.290	-64.580
18.464	-64.667
18.636	-64.758
18.801	-64.860
18.980	-64.982
19.159	-65.104
19.338	-65.227
19.398	-65.272
19.456	-65.321
19.518	-65.362
19.607	-65.420
19.746	-65.449
19.836	-65.476
POLYLINE BLUE
19.603	-65.435
19.947	-65.633
19.833	-65.555
20.325	-66.016
20.407	-66.092
20.487	-66.173
20.550	-66.266
21.090	-67.074
21.370	-68.011
21.778	-68.885
22.042	-69.451
22.151	-69.442
22.535	-70.112
22.731	-70.456
22.891	-70.819
23.073	-71.170
23.317	-71.640
23.552	-72.115
23.814	-72.575
23.882	-72.694
24.144	-72.945
24.245	-73.011
25.541	-73.865
25.125	-73.754
25.741	-73.903
POLYLINE BLUE
15.892	-41.194
16.088	-41.478
16.301	-41.752
16.480	-42.047
17.214	-43.257
17.885	-44.505
18.628	-45.708
19.263	-46.736
20.054	-47.668
20.615	-48.738
22.034	-51.444
23.267	-54.244
24.558	-57.014
25.249	-58.494
24.466	-57.259
25.290	-58.727
25.325	-58.790
25.391	-58.831
25.442	-58.884

