TRIP
DATE 2024-08-12
DECLINATION 0.0
DATA
0		61.56	4.04	3.223	>
0		61.73	3.93	3.221	>
0		61.73	3.97	3.222	>
0	1	61.67	3.98	3.222	>
1		122.96	-9.46	6.314	>
1		122.83	-9.61	6.291	>
1		122.83	-9.57	6.312	>
1	2	122.88	-9.55	6.306	>
2		41.36	-47.91	3.649	>
2		41.33	-47.89	3.642	>
2		41.31	-47.97	3.639	>
2	3	41.33	-47.92	3.643	>
3		208.76	27.03	4.184	>
3		210.50	4.92	1.612	>
3		148.88	13.40	2.364	>
3		138.86	38.98	4.714	>
3		147.18	65.55	4.595	>
3		74.98	11.94	3.544	>
3		138.98	-84.09	0.989	>
3		159.51	32.85	4.636	>
3		140.23	31.92	4.340	>
3		265.84	-80.46	1.026	>
3		266.68	-80.54	1.027	>
3		266.62	-80.56	1.026	>
3	4	266.38	-80.52	1.026	>
4		239.18	-5.23	0.430	>
4		23.46	-13.95	0.607	>
4		21.86	-15.91	1.390	>
4		314.65	-78.88	0.517	>
4		248.66	-35.11	3.817	>
4		249.14	-35.20	3.822	>
4		248.87	-35.19	3.823	>
4	5	248.89	-35.17	3.821	>
5		248.76	-35.19	3.824	>
5		155.10	-4.36	0.649	>
5		73.60	0.42	1.213	>
5		63.25	84.21	0.997	>
5		73.27	27.97	2.720	>
5		47.00	23.30	4.363	>
5		24.82	21.14	3.072	>
5		339.16	9.55	3.156	>
5		338.20	66.39	1.537	>
5		80.15	-80.90	9.387	>
5		113.82	-78.13	8.565	>
5		113.97	-78.11	8.564	>
5		113.42	-78.14	8.554	>
5	6	113.73	-78.13	8.561	>
6		23.86	87.97	2.639	>
6		172.75	3.62	0.855	>
6		26.58	14.02	2.420	>
6		85.69	-12.65	3.845	>
6		118.32	-16.22	2.572	>
6		100.59	-54.98	3.464	>
6		99.78	-38.58	3.031	>
6		100.02	-38.70	3.034	>
6		99.53	-38.31	3.034	>
6	7	99.78	-38.53	3.033	>
7		98.88	-38.39	3.023	>
7		244.42	-4.70	1.161	>
7		243.46	83.58	4.212	>
7		244.56	-81.51	1.256	>
7		199.34	-73.08	1.615	>
7		334.84	13.11	3.291	>
7		169.43	-6.81	1.629	>
7		212.54	-3.41	2.628	>
7		209.20	-52.77	4.079	>
7		215.00	-25.24	2.135	>
7		215.17	-25.16	2.119	>
7		215.11	-24.94	2.116	>
7	8	215.09	-25.11	2.123	>
8		125.77	-7.84	1.110	>
8		165.75	-15.97	1.484	>
8		201.90	-10.04	0.918	>
8		42.86	-12.85	1.682	>
8		147.68	78.62	1.546	>
8		137.19	-78.18	4.789	>
8		155.53	-75.66	6.977	>
8		155.64	-75.66	6.977	>
8		155.51	-75.68	6.981	>
8	9	155.56	-75.67	6.978	>
9		255.37	9.24	1.802	>
9		338.15	88.60	4.078	>
9		163.62	-3.76	0.923	>
9		79.91	1.35	0.896	>
9		95.06	0.04	1.527	>
9		90.94	11.38	3.038	>
9		147.69	-66.08	6.704	>
9		147.83	-65.99	6.694	>
9		147.88	-66.08	6.697	>
9	10	147.80	-66.05	6.698	>
10		54.07	-0.98	2.590	>
10		41.52	-4.30	4.806	>
10		19.70	-1.93	2.709	>
10		37.35	14.08	1.533	>
10		346.38	-54.66	0.176	>
10		334.45	8.97	2.766	>
10		297.81	-4.76	3.369	>
10		273.86	7.13	4.515	>
10		276.27	-0.10	4.558	>
10		276.05	0.16	4.558	>
10		275.97	0.05	4.558	>
10	11	276.09	0.04	4.558	>
11		1.39	16.47	0.810	>
11		347.66	77.38	2.347	>
11		162.88	5.71	1.252	>
11		115.46	-83.64	0.815	>
11		31.50	-62.26	1.221	>
11		29.50	-56.83	1.505	>
11		313.07	-60.39	1.472	>
11		195.88	16.36	4.427	>
11		195.97	16.23	4.418	>
11		195.96	16.19	4.420	>
11	12	195.94	16.26	4.422	>
12		324.47	11.55	4.020	>
12		55.92	4.35	2.534	>
12		95.11	70.26	2.655	>
12		82.96	18.26	3.822	>
12		121.34	14.68	3.464	>
12		57.06	-62.40	0.655	>
12		135.66	32.06	8.111	>
12		121.95	27.29	5.020	>
12		121.92	27.37	5.017	>
12		122.01	27.26	5.013	>
12	13	121.96	27.31	5.017	>
13		49.63	-12.82	3.994	>
13		49.57	-12.62	3.986	>
13		49.67	-12.88	3.995	>
13	14	49.62	-12.77	3.992	>
14		74.97	-17.97	2.616	>
14		74.90	-17.22	2.611	>
14		74.82	-17.27	2.618	>
14	15	74.90	-17.49	2.615	>
15		335.14	-17.64	6.284	>
15		335.15	-17.61	6.303	>
15		335.28	-17.74	6.301	>
15	16	335.19	-17.66	6.296	>
16		201.77	0.79	2.883	>
16		201.80	0.92	2.893	>
16		201.71	0.83	2.891	>
16	17	201.76	0.85	2.889	>
17		201.68	0.62	2.883	>

PLAN
STATIONS
0.000	0.000	0
2.829	1.525	1
8.052	-1.850	2
9.664	-0.017	3
9.495	-0.028	4
6.582	-1.152	5
8.194	-1.861	6
10.532	-2.264	7
9.427	-3.837	8
10.142	-5.410	9
11.591	-7.711	10
7.058	-7.227	11
5.893	-11.309	12
9.675	-13.668	13
12.641	-11.146	14
15.049	-10.496	15
12.531	-5.051	16
11.460	-7.734	17
SHOTS
0.000	0.000	2.829	1.525
2.829	1.525	8.052	-1.850
8.052	-1.850	9.664	-0.017
9.664	-0.017	7.871	-3.284
9.664	-0.017	8.849	-1.401
9.664	-0.017	10.853	-1.985
9.664	-0.017	12.075	-2.777
9.664	-0.017	10.695	-1.615
9.664	-0.017	13.013	0.882
9.664	-0.017	9.731	-0.094
9.664	-0.017	11.028	-3.665
9.664	-0.017	12.020	-2.848
9.664	-0.017	9.495	-0.028
9.495	-0.028	9.128	-0.247
9.495	-0.028	9.730	0.513
9.495	-0.028	9.993	1.213
9.495	-0.028	9.425	0.042
9.495	-0.028	6.582	-1.152
6.582	-1.152	3.669	-2.285
6.582	-1.152	6.854	-1.739
6.582	-1.152	7.745	-0.810
6.582	-1.152	6.672	-1.107
6.582	-1.152	8.882	-0.461
6.582	-1.152	9.512	1.580
6.582	-1.152	7.784	1.448
6.582	-1.152	5.475	1.756
6.582	-1.152	6.353	-0.581
6.582	-1.152	8.045	-0.898
6.582	-1.152	8.194	-1.861
8.194	-1.861	8.232	-1.776
8.194	-1.861	8.302	-2.708
8.194	-1.861	9.245	0.238
8.194	-1.861	11.935	-1.580
8.194	-1.861	10.368	-3.033
8.194	-1.861	10.148	-2.227
8.194	-1.861	10.532	-2.264
10.532	-2.264	12.873	-2.630
10.532	-2.264	9.488	-2.764
10.532	-2.264	10.111	-2.475
10.532	-2.264	10.365	-2.344
10.532	-2.264	10.376	-2.708
10.532	-2.264	9.169	0.637
10.532	-2.264	10.829	-3.854
10.532	-2.264	9.121	-4.476
10.532	-2.264	9.328	-4.419
10.532	-2.264	9.427	-3.837
9.427	-3.837	10.319	-4.480
9.427	-3.837	9.778	-5.220
9.427	-3.837	9.090	-4.676
9.427	-3.837	10.542	-2.635
9.427	-3.837	9.590	-4.095
9.427	-3.837	10.094	-4.557
9.427	-3.837	10.142	-5.410
10.142	-5.410	8.421	-5.860
10.142	-5.410	10.105	-5.318
10.142	-5.410	10.401	-6.294
10.142	-5.410	11.024	-5.253
10.142	-5.410	11.663	-5.545
10.142	-5.410	13.120	-5.459
10.142	-5.410	11.591	-7.711
11.591	-7.711	13.688	-6.192
11.591	-7.711	14.768	-4.123
11.591	-7.711	12.504	-5.162
11.591	-7.711	12.493	-6.529
11.591	-7.711	11.567	-7.612
11.591	-7.711	10.412	-5.246
11.591	-7.711	8.621	-6.145
11.591	-7.711	7.121	-7.409
11.591	-7.711	7.058	-7.227
7.058	-7.227	7.077	-6.451
7.058	-7.227	6.949	-6.726
7.058	-7.227	7.425	-8.418
7.058	-7.227	7.140	-7.266
7.058	-7.227	7.355	-6.743
7.058	-7.227	7.464	-6.511
7.058	-7.227	6.527	-6.731
7.058	-7.227	5.893	-11.309
5.893	-11.309	3.604	-8.104
5.893	-11.309	7.986	-9.893
5.893	-11.309	6.786	-11.389
5.893	-11.309	9.495	-10.864
5.893	-11.309	8.755	-13.052
5.893	-11.309	6.148	-11.144
5.893	-11.309	10.697	-16.225
5.893	-11.309	9.675	-13.668
9.675	-13.668	12.641	-11.146
12.641	-11.146	15.049	-10.496
15.049	-10.496	12.531	-5.051
12.531	-5.051	11.460	-7.734
11.460	-7.734	10.395	-10.413
POLYLINE BLACK
6.998	-0.774
7.017	-0.791
7.034	-0.810
7.055	-0.824
7.094	-0.851
7.137	-0.872
7.178	-0.896
7.264	-0.945
7.354	-0.990
7.437	-1.045
7.575	-1.137
7.703	-1.243
7.840	-1.337
7.921	-1.391
8.004	-1.427
8.100	-1.435
8.111	-1.435
8.122	-1.436
8.132	-1.432
8.180	-1.417
8.324	-1.379
8.391	-1.329
8.427	-1.302
8.461	-1.272
8.496	-1.244
POLYLINE BLACK
6.656	-1.262
7.245	-1.735
6.430	-1.070
6.976	-1.550
7.076	-1.637
7.172	-1.731
7.284	-1.801
7.422	-1.887
7.574	-1.945
7.720	-2.015
7.792	-2.050
7.908	-1.962
7.951	-1.932
8.016	-1.887
8.007	-1.904
8.019	-1.856
POLYLINE BLACK
8.300	-3.458
8.395	-3.463
8.490	-3.479
8.585	-3.473
8.725	-3.466
8.802	-3.443
8.915	-3.413
POLYLINE BLACK
8.489	-3.424
8.665	-3.494
8.636	-3.494
8.874	-3.514
8.911	-3.517
8.949	-3.509
8.986	-3.507
9.086	-3.500
9.187	-3.491
9.287	-3.486
9.340	-3.483
9.393	-3.486
9.445	-3.482
9.553	-3.474
9.730	-3.437
9.854	-3.465
9.926	-3.482
9.995	-3.508
10.065	-3.532
10.154	-3.563
10.234	-3.610
10.329	-3.614
10.626	-3.627
10.711	-3.589
10.993	-3.677
11.019	-3.685
11.032	-3.715
11.052	-3.734
POLYLINE BLACK
11.108	-3.689
11.135	-3.723
11.154	-3.764
11.188	-3.791
11.489	-4.035
11.811	-4.253
12.109	-4.501
12.269	-4.634
12.480	-4.928
12.600	-5.083
POLYLINE BLACK
12.071	-2.712
12.244	-2.881
12.162	-2.817
12.400	-2.970
12.465	-3.011
12.538	-3.040
12.595	-3.091
13.337	-3.743
12.628	-3.171
13.079	-3.614
13.300	-3.832
13.488	-3.918
13.770	-4.093
POLYLINE BLACK
8.468	-3.515
9.243	-3.071
10.018	-2.627
10.793	-2.183
10.940	-2.113
11.084	-2.036
11.234	-1.974
11.494	-1.869
11.764	-1.791
12.022	-1.684
12.280	-1.578
12.522	-1.365
12.718	-1.185
12.933	-0.987
13.038	-0.867
13.180	-0.637
13.220	-0.571
13.254	-0.501
13.291	-0.434
POLYLINE BLACK
6.668	-15.747
6.715	-15.726
POLYLINE BLACK
6.832	-15.409
6.805	-15.403
POLYLINE BLACK
12.955	0.671
11.683	0.612
12.930	0.715
11.138	0.335
10.662	0.234
10.175	0.191
9.699	0.088
9.436	0.031
9.063	-0.150
8.827	-0.282
8.742	-0.331
8.664	-0.390
8.583	-0.444
POLYLINE GREEN
9.547	-0.065
9.542	-0.064
POLYLINE BLACK
8.448	-1.223
8.532	-1.111
8.641	-0.992
8.670	-0.847
8.691	-0.743
8.656	-0.596
8.652	-0.515
8.651	-0.489
8.657	-0.463
8.660	-0.437
8.664	-0.405
8.675	-0.372
8.673	-0.340
8.671	-0.313
8.578	0.204
8.612	0.416
8.628	0.522
8.666	0.588
8.717	0.686
8.920	1.080
8.907	1.094
9.263	1.358
9.533	1.558
10.198	1.567
10.389	1.581
10.778	1.611
10.894	1.583
11.268	1.482
11.622	1.387
11.970	1.268
12.326	1.179
12.436	1.151
12.551	1.154
12.663	1.134
12.809	1.107
12.923	1.009
13.027	0.910
13.147	0.797
13.255	0.533
13.278	0.373
13.318	0.104
13.356	-0.209
13.312	-0.489
13.299	-0.572
13.274	-0.652
13.251	-0.732
13.182	-0.966
13.124	-1.204
13.034	-1.431
12.913	-1.736
12.608	-2.180
12.417	-2.419
12.412	-2.425
12.052	-2.779
12.003	-2.828
POLYLINE BLACK
8.051	-1.890
7.962	-2.012
7.892	-2.145
7.761	-2.228
7.696	-2.270
7.620	-2.294
7.552	-2.332
7.511	-2.355
7.464	-2.408
7.438	-2.444
7.422	-2.467
7.375	-2.536
7.360	-2.579
7.349	-2.610
7.350	-2.653
7.368	-2.682
7.426	-2.771
7.490	-2.856
7.547	-2.946
7.618	-3.059
7.644	-3.148
7.732	-3.239
7.817	-3.327
7.907	-3.366
8.026	-3.400
8.177	-3.443
8.331	-3.476
8.484	-3.514
POLYLINE RED
10.573	-2.330
10.579	-2.352
10.582	-2.374
10.590	-2.395
11.108	-3.848
10.487	-2.033
10.817	-3.094
10.854	-3.215
10.906	-3.332
10.944	-3.453
10.953	-3.482
10.958	-3.513
10.957	-3.543
10.955	-3.634
10.945	-3.725
10.935	-3.815
10.933	-3.835
10.929	-3.855
10.922	-3.874
10.913	-3.899
10.903	-3.924
10.887	-3.945
10.687	-4.214
10.478	-4.474
10.276	-4.741
10.216	-4.820
10.259	-4.800
10.215	-4.817
POLYLINE RED
0.000	-0.000
0.000	-0.000
POLYLINE RED
9.427	-2.749
9.429	-3.173
9.463	-3.287
9.352	-3.678
9.315	-3.809
9.250	-3.931
9.205	-4.060
9.153	-4.212
9.126	-4.373
9.060	-4.519
8.966	-4.729
8.829	-4.918
8.727	-5.125
8.648	-5.285
8.618	-5.636
8.608	-5.758
8.599	-5.875
8.602	-5.993
8.602	-6.110
8.602	-6.138
8.604	-6.166
8.610	-6.193
8.612	-6.204
8.621	-6.213
8.626	-6.223
POLYLINE RED
10.299	-4.706
10.233	-4.878
10.254	-4.802
10.223	-4.929
POLYLINE RED
10.232	-4.924
10.232	-4.952
10.228	-4.986
10.239	-5.015
10.244	-5.030
10.253	-5.044
10.260	-5.059
POLYLINE RED
10.282	-5.065
10.411	-5.058
10.393	-5.051
10.496	-5.065
10.518	-5.068
10.540	-5.074
10.562	-5.076
10.623	-5.081
10.630	-5.064
10.701	-5.068
10.792	-5.073
10.883	-5.085
10.973	-5.094
POLYLINE RED
11.030	-5.139
11.031	-5.131
POLYLINE RED
10.963	-5.088
11.233	-5.096
11.497	-5.186
11.758	-5.240
11.875	-5.264
12.186	-5.192
12.195	-5.191
12.245	-5.186
12.295	-5.187
12.345	-5.192
12.603	-5.218
12.614	-5.246
12.884	-5.347
12.951	-5.372
13.052	-5.393
13.116	-5.444
13.377	-5.652
13.258	-5.553
13.495	-5.829
13.589	-5.937
13.573	-5.894
13.659	-6.029
13.693	-6.082
13.716	-6.173
13.727	-6.227
13.740	-6.296
13.730	-6.377
13.712	-6.442
13.659	-6.629
13.604	-6.817
13.537	-7.000
13.516	-7.060
13.483	-7.115
13.446	-7.167
13.409	-7.219
13.191	-7.532
13.056	-7.624
12.843	-7.768
12.719	-7.800
12.451	-7.873
12.297	-7.915
12.180	-7.926
12.024	-7.927
11.901	-7.928
11.638	-7.813
11.614	-7.808
11.250	-7.739
10.881	-7.701
10.514	-7.648
10.439	-7.637
10.505	-7.652
10.409	-7.624
POLYLINE RED
8.599	-6.145
8.501	-6.161
8.515	-6.153
8.405	-6.200
8.372	-6.214
8.342	-6.237
8.308	-6.249
8.224	-6.279
8.133	-6.289
8.051	-6.326
7.868	-6.408
7.506	-6.554
7.312	-6.739
7.207	-6.838
7.166	-6.914
7.096	-7.047
7.084	-7.070
7.076	-7.096
7.069	-7.122
7.054	-7.173
7.038	-7.233
7.063	-7.284
7.090	-7.341
7.206	-7.411
7.226	-7.423
7.324	-7.480
7.427	-7.529
7.530	-7.577
7.558	-7.590
7.587	-7.600
7.618	-7.605
7.997	-7.669
8.374	-7.752
8.758	-7.784
9.196	-7.820
9.637	-7.818
10.076	-7.809
10.221	-7.806
10.360	-7.741
10.505	-7.747
10.927	-7.762
11.346	-7.830
11.767	-7.872
POLYLINE RED
10.301	-4.987
10.298	-4.987
POLYLINE RED
10.297	-4.989
10.298	-4.989
POLYLINE RED
10.277	-5.017
10.163	-5.039
10.047	-5.052
9.935	-5.084
9.664	-5.162
9.367	-5.295
9.149	-5.474
8.578	-5.945
8.654	-5.824
8.492	-6.217
POLYLINE BROWN
9.689	-5.138
8.976	-5.489
8.263	-5.841
7.550	-6.192
7.433	-6.248
7.310	-6.295
7.198	-6.361
7.031	-6.460
6.879	-6.583
6.714	-6.685
6.243	-6.977
6.764	-6.610
6.489	-6.807
POLYLINE BROWN
6.893	-7.052
7.995	-6.591
7.466	-6.823
9.613	-5.668
9.707	-5.618
9.807	-5.517
9.896	-5.448
POLYLINE BROWN
9.740	-13.586
9.738	-13.584
POLYLINE BROWN
9.906	-13.526
9.851	-13.550
9.795	-13.572
9.741	-13.600
9.566	-13.693
9.547	-13.853
9.724	-13.958
9.882	-14.052
10.020	-14.059
10.211	-14.125
10.247	-14.137
10.304	-14.170
10.335	-14.201
10.454	-14.322
10.507	-14.740
10.510	-14.750
POLYLINE BROWN
10.467	-14.652
10.464	-15.350
10.449	-14.766
10.725	-16.169
10.734	-16.215
10.736	-16.263
10.741	-16.309
POLYLINE BROWN
6.491	-6.831
6.198	-7.512
6.252	-7.338
5.991	-8.393
5.963	-8.506
5.967	-8.624
5.945	-8.738
5.937	-8.783
5.921	-8.826
5.901	-8.867
5.839	-8.998
5.769	-9.163
5.642	-9.254
5.506	-9.351
5.219	-9.203
5.122	-9.148
4.602	-8.857
4.687	-8.793
4.109	-8.359
3.920	-8.216
3.691	-8.097
3.456	-8.182
3.415	-8.197
3.362	-8.230
3.333	-8.260
3.162	-8.435
3.113	-8.541
3.053	-8.787
2.990	-9.050
3.042	-9.248
3.130	-9.505
3.146	-9.552
3.231	-9.751
3.292	-9.805
3.608	-10.088
3.925	-10.371
4.257	-10.634
4.331	-10.692
4.421	-10.725
4.505	-10.765
4.755	-10.883
5.014	-10.980
5.259	-11.108
5.823	-11.403
5.428	-11.316
5.760	-11.373
POLYLINE BROWN
5.446	-11.376
5.546	-11.364
5.658	-11.342
5.755	-11.383
5.945	-11.463
6.022	-11.760
6.080	-11.905
6.243	-12.313
6.354	-12.744
6.555	-13.134
6.784	-13.577
7.073	-13.987
7.363	-14.392
8.205	-15.571
7.291	-13.809
8.290	-15.656
8.486	-16.019
8.655	-16.398
8.819	-16.777
9.028	-17.260
8.817	-17.057
9.029	-17.234
POLYLINE BROWN
6.700	-10.531
6.699	-10.534
POLYLINE BROWN
8.320	-8.031
8.196	-8.038
8.259	-8.028
8.132	-8.064
POLYLINE BROWN
8.430	-7.906
8.307	-7.852
8.211	-7.859
8.086	-7.906
8.055	-7.918
8.024	-7.932
7.996	-7.951
7.650	-8.184
7.596	-8.528
7.541	-8.922
7.531	-8.991
7.533	-9.062
7.538	-9.132
7.548	-9.290
7.577	-9.445
7.678	-9.572
7.885	-9.831
8.122	-10.046
8.406	-10.225
8.602	-10.348
8.822	-10.430
9.026	-10.540
9.166	-10.614
9.276	-10.722
9.437	-10.736
9.788	-10.768
10.116	-10.419
10.354	-10.263
10.386	-10.241
10.432	-10.224
10.471	-10.219
10.515	-10.213
10.570	-10.222
10.612	-10.225
POLYLINE BROWN
10.409	-10.194
10.461	-10.245
10.510	-10.299
10.565	-10.347
10.694	-10.460
11.114	-10.601
11.129	-10.608
11.252	-10.663
11.289	-10.708
11.403	-10.732
11.488	-10.749
11.575	-10.732
11.658	-10.717
12.995	-10.474
12.525	-10.597
13.486	-10.289
POLYLINE BROWN
9.752	-13.556
10.008	-13.523
10.179	-13.512
10.440	-13.404
10.585	-13.344
10.719	-13.259
10.849	-13.171
10.963	-13.094
11.054	-12.986
11.170	-12.912
11.686	-12.586
12.210	-12.271
12.744	-11.975
12.960	-11.854
13.321	-11.761
13.554	-11.677
13.783	-11.595
14.006	-11.495
14.238	-11.421
15.791	-10.928
14.447	-11.418
15.111	-11.172
POLYLINE BROWN
13.615	-10.294
13.753	-10.288
13.891	-10.286
14.029	-10.277
14.062	-10.275
14.124	-10.267
14.160	-10.246
14.232	-10.204
14.260	-10.094
14.219	-10.021
13.699	-9.099
13.831	-9.478
13.705	-9.104
POLYLINE BROWN
14.955	-11.309
15.535	-11.172
15.336	-11.237
16.002	-10.981
16.021	-10.974
16.051	-10.948
16.064	-10.931
16.163	-10.802
16.116	-10.581
16.089	-10.450
16.043	-10.219
15.969	-10.099
15.852	-9.893
15.838	-9.868
15.821	-9.844
15.802	-9.822
15.746	-9.759
15.686	-9.699
15.628	-9.638
POLYLINE BROWN
15.717	-9.651
15.549	-8.871
15.622	-9.155
14.891	-7.666
14.730	-7.339
14.497	-7.051
14.328	-6.728
14.259	-6.596
14.231	-6.445
14.177	-6.306
14.116	-6.147
14.061	-5.986
13.984	-5.834
13.879	-5.626
13.755	-5.426
13.631	-5.228
13.608	-5.192
13.574	-5.163
13.544	-5.133
13.399	-4.985
13.251	-4.839
13.105	-4.692
POLYLINE BROWN
13.582	-9.277
13.479	-8.489
13.557	-8.887
13.085	-7.610
13.006	-7.397
12.900	-7.195
12.823	-6.981
12.740	-6.753
12.684	-6.516
12.607	-6.286
12.579	-6.201
12.575	-6.243
12.552	-6.188
12.538	-6.152
12.526	-6.115
12.512	-6.079
POLYLINE BROWN
8.283	-15.548
8.196	-15.193
8.099	-14.911
8.128	-14.535
8.170	-13.981
8.248	-13.431
8.336	-12.883
8.354	-12.768
8.393	-12.654
8.445	-12.550
8.631	-12.180
8.830	-11.816
9.048	-11.463
9.341	-10.988
9.365	-10.973
9.612	-10.716
POLYLINE GREEN
7.850	-0.607
7.799	-0.662
POLYLINE GREEN
7.778	-0.684
7.809	-0.790
POLYLINE GREEN
7.813	-0.772
7.728	-0.615
7.718	-0.412
7.585	-0.284
7.508	-0.210
7.359	-0.170
7.256	-0.174
7.041	-0.183
6.832	-0.221
6.667	-0.372
6.542	-0.486
6.494	-0.654
6.453	-0.813
6.416	-0.954
6.437	-1.082
6.476	-1.221
6.486	-1.258
6.499	-1.293
6.517	-1.327
6.549	-1.386
6.585	-1.444
6.624	-1.499
6.679	-1.576
6.802	-1.696
6.887	-1.734
7.065	-1.812
7.350	-1.671
7.481	-1.619
7.666	-1.546
7.785	-1.399
7.819	-1.203
7.832	-1.124
7.848	-0.960
7.831	-0.861
7.825	-0.822
7.812	-0.784
7.803	-0.746
POLYLINE GREEN
9.930	1.243
9.837	1.302
9.744	1.361
9.652	1.420
9.613	1.449
9.576	1.481
9.536	1.508
9.511	1.525
9.484	1.540
9.456	1.550
9.182	1.642
8.936	1.633
8.654	1.575
8.558	1.555
8.465	1.520
8.371	1.492
8.199	1.455
8.028	1.412
7.854	1.382
7.805	1.374
7.754	1.372
7.705	1.379
7.011	1.474
6.320	1.594
5.626	1.688
5.616	1.690
5.477	1.680
5.450	1.660
5.431	1.647
5.424	1.623
5.412	1.605
POLYLINE GREEN
5.555	1.681
5.521	1.699
5.457	1.741
5.426	1.692
5.415	1.674
5.402	1.657
5.396	1.638
5.337	1.470
5.227	1.220
5.252	1.018
5.259	0.965
5.262	0.910
5.281	0.860
5.575	0.094
5.922	-0.479
6.370	-1.219
6.459	-1.366
6.574	-1.496
6.678	-1.633
6.722	-1.691
6.768	-1.747
6.813	-1.805
6.871	-1.878
6.894	-1.907
6.983	-1.950
7.101	-2.009
7.334	-2.012
7.451	-1.987
7.953	-1.879
7.960	-1.871
8.252	-1.754

ELEVATION
STATIONS
0.000	0.000	0
2.829	0.224	1
8.052	-0.822	2
9.664	-3.526	3
9.495	-4.539	4
6.582	-6.739	5
8.194	-15.117	6
10.532	-17.007	7
9.427	-17.908	8
10.142	-24.669	9
11.591	-30.791	10
7.058	-30.787	11
5.893	-29.549	12
9.675	-27.248	13
12.641	-28.130	14
15.049	-28.916	15
12.531	-30.826	16
11.460	-30.783	17
SHOTS
0.000	0.000	2.829	0.224
2.829	0.224	8.052	-0.822
8.052	-0.822	9.664	-3.526
9.664	-3.526	7.871	-1.625
9.664	-3.526	8.849	-3.388
9.664	-3.526	10.853	-2.978
9.664	-3.526	12.075	-0.561
9.664	-3.526	10.695	0.656
9.664	-3.526	13.013	-2.793
9.664	-3.526	9.731	-4.510
9.664	-3.526	11.028	-1.012
9.664	-3.526	12.020	-1.232
9.664	-3.526	9.495	-4.539
9.495	-4.539	9.128	-4.578
9.495	-4.539	9.730	-4.685
9.495	-4.539	9.993	-4.920
9.495	-4.539	9.425	-5.046
9.495	-4.539	6.582	-6.739
6.582	-6.739	3.669	-8.943
6.582	-6.739	6.854	-6.789
6.582	-6.739	7.745	-6.730
6.582	-6.739	6.672	-5.747
6.582	-6.739	8.882	-5.464
6.582	-6.739	9.512	-5.013
6.582	-6.739	7.784	-5.631
6.582	-6.739	5.475	-6.216
6.582	-6.739	6.353	-5.331
6.582	-6.739	8.045	-16.008
6.582	-6.739	8.194	-15.117
8.194	-15.117	8.232	-12.480
8.194	-15.117	8.302	-15.063
8.194	-15.117	9.245	-14.531
8.194	-15.117	11.935	-15.959
8.194	-15.117	10.368	-15.835
8.194	-15.117	10.148	-17.954
8.194	-15.117	10.532	-17.007
10.532	-17.007	12.873	-18.884
10.532	-17.007	9.488	-17.102
10.532	-17.007	10.111	-12.821
10.532	-17.007	10.365	-18.249
10.532	-17.007	10.376	-18.552
10.532	-17.007	9.169	-16.260
10.532	-17.007	10.829	-17.200
10.532	-17.007	9.121	-17.163
10.532	-17.007	9.328	-20.254
10.532	-17.007	9.427	-17.908
9.427	-17.908	10.319	-18.059
9.427	-17.908	9.778	-18.316
9.427	-17.908	9.090	-18.068
9.427	-17.908	10.542	-18.282
9.427	-17.908	9.590	-16.392
9.427	-17.908	10.094	-22.595
9.427	-17.908	10.142	-24.669
10.142	-24.669	8.421	-24.380
10.142	-24.669	10.105	-20.592
10.142	-24.669	10.401	-24.729
10.142	-24.669	11.024	-24.648
10.142	-24.669	11.663	-24.668
10.142	-24.669	13.120	-24.069
10.142	-24.669	11.591	-30.791
11.591	-30.791	13.688	-30.835
11.591	-30.791	14.768	-31.151
11.591	-30.791	12.504	-30.882
11.591	-30.791	12.493	-30.418
11.591	-30.791	11.567	-30.934
11.591	-30.791	10.412	-30.359
11.591	-30.791	8.621	-31.070
11.591	-30.791	7.121	-30.230
11.591	-30.791	7.058	-30.787
7.058	-30.787	7.077	-30.558
7.058	-30.787	6.949	-28.497
7.058	-30.787	7.425	-30.663
7.058	-30.787	7.140	-31.597
7.058	-30.787	7.355	-31.868
7.058	-30.787	7.464	-32.047
7.058	-30.787	6.527	-32.067
7.058	-30.787	5.893	-29.549
5.893	-29.549	3.604	-28.745
5.893	-29.549	7.986	-29.357
5.893	-29.549	6.786	-27.050
5.893	-29.549	9.495	-28.352
5.893	-29.549	8.755	-28.672
5.893	-29.549	6.148	-30.130
5.893	-29.549	10.697	-25.244
5.893	-29.549	9.675	-27.248
9.675	-27.248	12.641	-28.130
12.641	-28.130	15.049	-28.916
15.049	-28.916	12.531	-30.826
12.531	-30.826	11.460	-30.783
11.460	-30.783	10.395	-30.752
POLYLINE BLACK
-0.225	-2.207
0.286	-2.118
0.155	-2.162
0.873	-1.812
1.099	-1.702
1.301	-1.548
1.528	-1.440
1.704	-1.356
1.889	-1.289
2.078	-1.237
2.693	-1.068
3.009	-1.236
3.741	-1.267
3.883	-1.273
4.025	-1.251
4.166	-1.234
4.427	-1.204
4.508	-1.152
4.723	-1.176
4.926	-1.198
5.084	-1.344
5.284	-1.374
5.619	-1.425
5.794	-1.373
6.186	-1.380
6.254	-1.382
6.321	-1.396
6.387	-1.412
6.687	-1.482
6.983	-1.563
7.281	-1.638
POLYLINE BLACK
0.050	2.270
0.726	1.948
1.118	1.752
1.992	1.465
2.212	1.393
2.447	1.374
2.677	1.357
3.403	1.300
3.049	1.447
3.671	1.306
6.200	0.730
1.456	1.637
6.077	0.769
6.733	0.646
6.611	0.772
7.444	0.462
7.927	0.282
8.064	0.135
8.386	-0.183
POLYLINE BLACK
8.388	-0.324
9.007	-0.006
9.622	0.318
10.244	0.630
10.292	0.654
10.399	0.678
10.458	0.675
10.821	0.659
11.176	0.505
11.483	0.317
11.627	0.229
11.761	0.126
11.907	0.042
12.007	-0.016
12.126	-0.041
12.219	-0.109
12.417	-0.252
12.769	-0.522
12.882	-0.799
13.117	-1.378
12.943	-2.740
12.889	-3.123
12.878	-3.204
12.735	-4.030
12.518	-4.293
12.452	-4.373
12.381	-4.447
12.313	-4.524
POLYLINE BLACK
12.726	-3.450
12.732	-3.541
12.751	-3.632
12.742	-3.723
12.720	-3.954
12.673	-4.182
12.633	-4.410
12.623	-4.472
12.547	-4.491
12.496	-4.493
12.386	-4.497
12.245	-4.487
12.136	-4.531
11.838	-4.650
11.584	-4.825
11.270	-4.877
11.218	-4.886
11.165	-4.887
11.112	-4.886
9.341	-4.869
10.058	-4.809
9.328	-4.877
POLYLINE BLACK
7.183	-1.676
7.387	-1.855
7.402	-1.867
7.653	-1.861
POLYLINE BLACK
7.798	-1.770
8.030	-2.622
8.240	-3.509
8.694	-4.280
POLYLINE BLACK
8.626	-4.209
8.090	-4.491
7.566	-4.796
7.019	-5.055
6.096	-5.492
6.548	-5.121
5.945	-5.509
5.826	-5.586
5.730	-5.677
5.649	-5.792
5.585	-5.882
5.539	-5.984
5.471	-6.072
5.405	-6.141
5.339	-6.210
5.273	-6.279
5.255	-6.298
5.234	-6.315
5.218	-6.336
5.138	-6.435
5.031	-6.731
5.023	-6.750
POLYLINE BLACK
9.378	-4.881
9.382	-4.934
9.390	-4.986
9.391	-5.039
9.392	-5.067
9.377	-5.138
9.362	-5.162
9.246	-5.341
9.148	-5.535
9.002	-5.690
8.691	-6.020
8.336	-6.304
7.999	-6.607
7.970	-6.634
7.934	-6.653
7.905	-6.680
7.828	-6.753
7.755	-6.867
7.697	-6.947
POLYLINE BLACK
5.131	-6.623
4.738	-7.150
4.334	-7.669
3.951	-8.204
3.869	-8.318
3.597	-8.668
3.627	-8.897
3.658	-9.135
3.861	-9.308
4.017	-9.474
POLYLINE BLACK
7.704	-6.891
8.064	-8.738
7.514	-5.825
7.932	-8.469
7.964	-8.675
8.057	-8.870
8.072	-9.078
8.106	-9.523
8.059	-9.971
8.079	-10.417
8.090	-10.652
8.151	-10.883
8.168	-11.118
8.219	-11.837
8.107	-11.840
8.312	-12.444
8.636	-13.399
8.489	-12.730
8.947	-13.682
9.062	-13.920
9.135	-14.176
9.230	-14.423
POLYLINE BLACK
3.965	-9.570
4.514	-10.232
5.082	-10.878
5.611	-11.555
6.021	-12.081
6.131	-12.636
6.467	-13.230
6.922	-14.037
7.436	-14.808
7.919	-15.598
8.002	-15.733
7.892	-15.621
8.116	-15.775
POLYLINE RED
9.258	-14.463
9.345	-13.862
9.298	-13.989
9.600	-13.256
9.678	-13.069
9.775	-12.919
9.910	-12.774
9.919	-12.763
10.030	-12.659
10.070	-12.654
10.128	-12.647
10.186	-12.659
10.244	-12.661
POLYLINE RED
10.314	-12.594
10.398	-12.745
10.467	-12.904
10.564	-13.045
10.645	-13.162
10.747	-13.261
10.844	-13.364
10.874	-13.396
11.175	-13.646
11.248	-13.794
11.280	-13.862
11.309	-13.931
11.332	-14.003
11.474	-14.459
11.586	-14.926
11.743	-15.378
11.785	-15.500
11.975	-15.847
12.064	-16.013
POLYLINE RED
7.936	-15.848
8.113	-15.960
8.068	-15.993
8.176	-16.201
8.292	-16.425
8.221	-16.217
8.348	-16.440
8.403	-16.536
8.438	-16.644
8.496	-16.738
8.549	-16.824
8.622	-16.896
8.680	-16.979
8.695	-17.000
8.707	-17.024
8.715	-17.049
8.766	-17.213
8.806	-17.380
8.856	-17.545
8.911	-17.727
8.946	-17.754
8.955	-17.922
8.979	-18.363
8.970	-18.806
9.014	-19.245
9.038	-19.481
9.128	-19.707
9.159	-19.942
9.282	-20.874
9.083	-20.128
9.225	-20.618
POLYLINE RED
9.211	-20.438
9.178	-20.841
9.161	-21.247
9.111	-21.649
9.090	-21.817
9.044	-21.981
9.000	-22.145
8.819	-22.818
8.609	-23.483
8.435	-24.158
8.405	-24.273
8.393	-24.393
8.391	-24.512
8.387	-24.895
8.397	-25.278
8.418	-25.660
8.426	-25.801
8.556	-26.232
8.569	-26.320
8.608	-26.574
8.612	-26.833
8.647	-27.087
8.834	-28.473
8.777	-27.673
8.808	-28.141
POLYLINE RED
11.890	-16.900
11.854	-17.574
11.890	-17.320
11.833	-17.667
POLYLINE RED
11.929	-15.982
11.919	-17.031
11.897	-16.630
11.936	-17.185
POLYLINE RED
11.860	-17.679
11.874	-18.074
11.888	-18.469
11.902	-18.865
11.915	-19.029
11.945	-19.192
11.939	-19.357
11.925	-19.748
11.847	-20.135
11.841	-20.526
11.833	-21.093
11.873	-21.660
11.898	-22.227
11.915	-22.591
11.940	-22.954
11.966	-23.318
11.969	-23.369
11.990	-23.425
12.042	-23.443
12.108	-23.465
12.275	-23.478
12.355	-23.451
13.444	-23.078
12.902	-23.197
13.440	-23.090
POLYLINE RED
11.740	-25.068
12.215	-24.905
12.297	-24.843
12.751	-24.791
13.473	-24.708
13.142	-24.829
13.438	-24.710
POLYLINE RED
13.522	-23.118
13.691	-22.819
13.607	-22.924
13.736	-22.777
POLYLINE RED
13.901	-22.622
14.124	-22.284
14.007	-22.421
14.234	-22.195
POLYLINE RED
14.442	-22.264
14.579	-22.374
14.586	-22.411
14.631	-22.574
POLYLINE RED
14.641	-22.878
14.625	-23.223
14.599	-23.076
14.676	-23.324
POLYLINE RED
14.570	-23.937
14.583	-24.427
POLYLINE RED
14.498	-24.637
14.412	-24.748
14.353	-24.784
14.229	-24.827
POLYLINE RED
13.956	-24.817
13.592	-24.860
13.779	-24.851
13.395	-24.838
POLYLINE RED
9.908	-30.846
10.819	-30.772
11.740	-30.696
12.650	-30.838
POLYLINE RED
8.794	-28.068
8.801	-28.241
8.841	-28.693
8.791	-28.905
8.778	-28.959
8.734	-29.001
8.705	-29.049
POLYLINE RED
8.745	-28.846
8.804	-29.004
8.824	-29.113
8.759	-29.271
8.721	-29.362
8.652	-29.433
8.627	-29.526
8.614	-29.573
8.608	-29.621
8.595	-29.667
8.567	-29.762
8.470	-29.872
8.383	-29.917
8.370	-29.924
8.356	-29.930
8.341	-29.933
8.125	-29.973
7.907	-30.008
7.691	-30.046
POLYLINE RED
9.937	-30.773
9.153	-31.026
9.847	-30.818
8.433	-31.110
8.385	-31.120
8.339	-31.134
8.295	-31.154
8.233	-31.182
8.177	-31.218
8.118	-31.251
POLYLINE BROWN
7.770	-32.139
7.767	-32.136
POLYLINE BROWN
7.845	-32.227
7.846	-32.227
POLYLINE BROWN
7.804	-32.295
7.665	-32.257
7.531	-32.211
7.388	-32.240
7.295	-32.258
7.207	-32.301
7.113	-32.303
6.686	-32.309
6.259	-32.281
5.832	-32.261
5.790	-32.259
5.748	-32.249
5.707	-32.239
5.666	-32.229
5.627	-32.214
5.588	-32.202
POLYLINE BROWN
8.082	-31.389
7.978	-32.250
8.104	-31.429
7.902	-32.239
7.884	-32.312
7.882	-32.388
7.872	-32.462
POLYLINE BROWN
5.523	-29.665
5.496	-29.932
5.510	-30.207
5.615	-30.458
5.658	-30.561
5.720	-30.656
5.760	-30.760
5.794	-30.850
5.813	-31.120
5.937	-31.220
6.185	-31.421
6.485	-31.368
6.786	-31.400
6.863	-31.408
6.936	-31.445
7.013	-31.445
7.541	-31.443
7.542	-31.434
7.882	-31.359
POLYLINE BROWN
7.602	-29.983
7.446	-29.985
7.289	-29.989
7.133	-29.990
7.067	-29.991
7.038	-29.910
7.027	-29.859
6.995	-29.716
6.966	-29.572
6.935	-29.429

