Pod_studnia_z_mlotkiem   (m, 360)

[1]: 2005/07/01     0.00  


     1.1         1.2      10.036  110.72  -80.94  [1]    
     1.1         1.2      10.028  110.79  -80.87  [1]    
     1.1         1.2      10.034  110.76  -80.90  [1]    
     1.2                   1.617  246.67    0.79  [1]    
     1.2                   1.361  290.63    5.44  [1]    
     1.2                   1.573  165.32   -5.08  [1]    
     1.2                   1.850  194.53   -4.42  [1]    
     1.2                   1.314  293.25    3.25  [1]    
     1.2                   2.043  264.19  -88.55  [1]    
     1.2         1.3       3.314  174.90  -16.38  [1]    
     1.2         1.3       3.319  174.98  -16.36  [1]    
     1.2         1.3       3.309  174.94  -16.55  [1]    
     1.3                   1.118   51.53   -0.70  [1]    
     1.3                   2.106   58.25  -70.57  [1]    
     1.3         1.4       2.509  104.38    7.51  [1]    
     1.3         1.4       2.510  104.34    7.56  [1]    
     1.3         1.4       2.510  104.37    7.57  [1]    
     1.4                   0.837  253.99   -0.81  [1]    
     1.4                   3.786  168.87    3.39  [1]    
     1.4                   0.947  120.51   -3.80  [1]    
     1.4                   1.450   94.65  -84.10  [1]    
     1.4                   4.938  246.44   79.93  [1]    
     1.4         1.5       1.608   54.91  -24.79  [1]    
     1.4         1.5       1.609   54.93  -24.61  [1]    
     1.4         1.5       1.615   54.83  -24.69  [1]    
     1.5                   0.794   22.33    3.91  [1]    
     1.5         1.6       2.674   59.63  -77.95  [1]    
     1.5         1.6       2.678   60.04  -78.31  [1]    
     1.5         1.6       2.682   59.47  -78.07  [1]    
     1.6                   1.939  175.35  -82.15  [1]    
     1.6         1.7       5.084  332.92    6.76  [1]    
     1.6         1.7       5.072  333.06    6.72  [1]    
     1.6         1.7       5.096  333.05    6.69  [1]    
     1.7                   1.648  322.67    0.27  [1]    
     1.7                   0.698  255.19    1.01  [1]    
     1.7                  11.515  100.99  -82.46  [1]    
     1.7                   2.954  276.25   70.23  [1]    
